344
346
348
340
346
354
350
350
356
356
352
352
360
350
354
368
362
360
370
370
364
368
374
372
372
372
376
368
370
374
366
372
380
374
372
376
378
376
380
376
374
384
382
378
384
376
380
380
386
388
386
382
384
382
386
390
384
382
386
384
382
384
384
382
386
380
384
382
388
384
382
384
378
384
386
380
384
380
374
384
382
384
388
380
382
394
384
384
392
382
382
390
384
384
390
384
384
386
378
386
382
380
376
380
376
376
376
372
376
374
372
370
374
370
366
372
370
362
364
362
360
362
362
358
364
360
354
362
358
356
358
354
352
362
352
356
358
352
360
362
350
358
356
350
356
348
354
352
348
346
350
342
348
352
338
340
346
336
340
342
334
352
358
348
346
350
354
354
364
354
344
366
362
356
360
360
358
362
362
362
358
364
368
360
368
368
366
364
370
366
372
378
374
376
378
376
376
382
382
382
382
382
378
382
384
368
362
370
378
374
380
378
376
382
382
384
384
382
386
382
386
392
380
384
392
382
382
390
384
388
388
386
390
384
384
386
382
384
386
382
384
382
384
382
382
388
384
382
386
384
380
386
378
378
384
380
378
384
380
382
384
376
380
380
376
376
380
376
376
380
370
378
380
372
376
376
364
372
372
362
370
370
362
366
368
358
364
366
356
360
362
356
358
354
350
360
354
352
350
350
346
354
352
350
354
352
346
354
346
346
352
342
346
346
342
342
344
338
342
344
342
334
342
346
350
344
342
348
352
354
360
352
350
360
362
358
352
362
356
358
366
364
362
368
366
364
366
368
370
364
372
378
368
364
376
376
376
384
370
376
388
376
380
384
380
378
380
376
380
370
376
382
382
378
382
376
384
388
378
384
386
386
384
386
388
382
384
388
384
388
390
384
390
392
386
390
388
380
384
382
378
390
382
380
390
382
378
388
386
384
388
386
382
384
380
380
386
378
380
384
382
382
380
376
380
378
380
378
376
378
372
372
380
374
370
378
370
368
372
366
368
366
358
364
368
358
366
368
358
360
362
352
364
360
356
360
356
352
354
354
352
352
350
354
356
352
356
352
350
356
348
344
346
344
340
346
342
340
342
336
338
342
330
338
350
342
350
350
342
352
356
346
356
362
350
358
366
356
358
360
358
364
364
366
364
364
366
366
366
370
374
362
366
372
374
376
374
370
374
378
376
378
384
386
380
382
382
382
382
380
378
378
382
384
380
384
376
378
386
382
382
376
380
386
382
386
386
380
386
392
384
382
388
386
388
388
388
386
384
388
384
384
384
386
388
396
398
410
410
406
412
406
404
412
402
402
410
398
394
398
390
384
390
384
382
394
384
384
386
376
378
382
372
374
376
372
370
372
368
368
368
366
362
364
362
366
368
362
354
356
358
358
358
352
362
360
352
356
356
350
356
354
350
354
356
348
352
350
346
352
356
346
350
344
340
340
340
338
342
338
334
336
336
326
342
350
342
340
352
354
354
350
364
358
350
358
360
354
358
358
352
364
368
362
366
368
370
366
376
368
372
372
364
370
374
374
374
372
372
378
368
374
380
378
380
382
358
372
384
376
376
378
378
384
382
382
380
376
384
382
376
382
384
376
382
386
386
382
386
386
386
386
392
382
384
392
382
386
390
386
388
390
392
408
400
382
356
316
284
258
248
234
220
234
218
206
222
252
274
298
330
340
354
364
352
356
354
344
352
358
360
368
374
374
388
388
382
394
378
374
382
364
364
368
360
364
370
360
368
360
364
370
366
354
362
360
348
354
354
346
352
356
348
358
356
346
350
348
348
352
346
346
350
344
338
344
336
340
342
338
338
332
332
336
322
340
350
350
334
344
352
354
356
354
354
358
356
356
360
354
358
364
362
360
368
366
364
372
370
368
370
376
364
368
376
370
372
374
378
372
372
376
378
380
380
380
378
372
382
374
364
384
384
378
392
382
378
386
382
382
386
380
380
382
388
390
384
390
390
380
384
390
380
386
384
386
386
384
388
394
406
406
386
342
306
212
150
118
86
86
88
88
88
110
116
90
106
124
166
172
186
164
146
212
196
162
196
168
154
160
154
176
166
162
202
218
230
268
288
306
318
344
358
376
380
374
370
362
358
364
362
360
360
354
356
356
356
356
352
350
354
348
346
352
348
352
352
346
354
350
342
348
346
340
348
342
334
340
338
334
344
340
330
342
334
320
348
352
342
346
344
342
348
354
348
350
354
356
358
354
358
360
352
358
364
358
352
370
366
368
374
368
368
368
370
370
376
374
372
374
372
376
370
374
378
376
376
384
376
376
384
374
380
388
384
386
386
380
380
382
382
378
384
384
384
388
388
388
382
386
386
390
384
386
394
388
386
396
400
398
372
324
252
172
104
68
62
62
86
100
114
124
146
162
214
210
220
284
254
234
250
238
234
240
182
206
256
174
162
246
184
132
172
164
126
140
108
104
136
108
100
140
124
142
192
252
306
336
370
376
370
364
354
350
358
352
356
354
348
350
350
348
354
354
346
350
354
346
354
354
342
354
354
342
350
346
334
344
342
330
344
342
332
338
332
332
322
332
348
352
346
348
350
346
352
350
352
356
346
350
360
348
352
360
352
358
366
362
364
372
368
362
370
374
372
374
380
370
372
380
374
372
376
372
372
378
376
380
378
384
386
378
384
382
378
380
388
376
382
390
380
382
388
382
388
390
384
386
380
384
394
388
388
394
388
394
396
412
392
342
250
166
110
74
62
68
78
88
120
168
186
204
230
236
264
240
264
252
188
204
284
260
202
248
294
212
200
256
240
232
240
174
150
66
92
140
238
152
104
220
172
114
152
112
82
96
90
92
130
180
236
300
336
352
374
364
356
356
350
354
352
346
352
352
348
352
354
348
352
348
348
354
346
348
348
338
340
340
334
342
340
330
334
338
328
326
334
316
336
352
356
372
380
366
368
370
354
354
358
352
352
356
356
356
356
354
360
360
366
368
356
360
374
362
372
372
368
364
372
368
374
374
372
372
376
374
376
380
380
380
382
384
382
380
380
382
380
382
382
380
378
384
380
376
388
390
384
386
384
378
388
390
390
396
404
404
408
368
292
176
110
88
98
112
142
158
180
202
218
228
258
270
224
244
280
240
198
250
284
258
232
256
268
290
270
236
266
320
252
200
312
294
194
186
160
72
102
270
240
186
226
202
148
214
176
98
172
138
82
124
92
72
106
124
166
232
306
354
370
362
350
348
356
348
346
356
346
350
356
348
348
354
344
350
352
328
338
348
336
336
350
334
338
334
326
330
334
322
326
336
306
232
210
244
280
288
308
344
368
376
376
366
352
354
358
352
354
358
354
358
366
362
360
366
366
370
360
368
374
370
374
372
362
372
380
368
374
382
374
376
382
382
382
380
374
378
374
376
382
382
382
386
382
384
386
380
384
392
392
396
408
418
412
398
390
366
336
306
188
132
140
160
196
216
242
242
212
224
272
226
202
252
266
242
214
230
298
328
228
208
304
302
240
252
302
312
256
240
318
298
262
272
296
322
336
320
210
274
330
188
204
336
234
150
242
244
154
164
190
138
176
114
80
112
90
72
82
96
142
226
308
346
372
350
342
352
350
350
356
348
346
354
346
348
354
344
346
348
336
344
348
332
342
340
332
334
330
328
334
326
338
288
204
142
96
84
74
80
106
150
208
262
322
374
376
372
370
358
352
356
358
360
358
366
364
364
368
368
362
366
370
366
370
380
376
366
376
382
370
378
384
374
380
384
374
376
378
382
380
386
382
380
384
382
386
394
404
410
400
372
336
300
274
254
234
208
198
192
208
228
196
180
244
214
186
224
228
226
206
210
270
314
224
220
332
276
206
222
296
278
242
226
296
290
280
256
304
354
286
246
292
362
310
250
292
364
282
220
330
350
266
248
318
282
266
254
174
124
214
202
116
200
146
126
154
78
76
96
64
58
62
86
140
244
334
362
356
348
350
346
346
346
344
350
348
342
352
348
342
344
342
338
348
340
332
344
330
334
342
328
334
332
308
236
166
118
96
86
84
70
62
50
56
88
140
192
250
310
368
388
356
350
366
350
346
364
358
364
362
360
370
366
366
372
370
370
374
374
376
380
380
376
386
378
380
378
382
380
384
384
382
378
384
396
394
386
360
322
282
248
202
160
146
154
174
168
160
210
204
192
220
238
224
212
266
286
206
218
328
270
216
262
330
272
254
248
280
298
248
238
340
374
272
244
364
330
264
264
360
300
228
284
352
328
282
304
304
316
328
330
252
232
386
316
150
232
330
174
100
254
238
154
122
136
190
156
110
96
104
70
60
74
70
62
52
118
222
316
354
358
350
348
336
342
338
336
348
344
338
342
334
338
344
336
336
342
330
334
332
330
328
332
338
318
270
166
110
92
84
76
72
66
62
64
52
46
42
52
70
144
226
318
374
376
378
368
358
362
368
366
368
366
364
366
370
370
370
374
374
376
376
376
380
376
376
384
378
382
386
382
386
392
396
390
340
282
248
202
178
160
162
176
186
188
154
152
230
194
186
288
238
176
264
286
230
256
308
264
246
252
292
340
330
272
364
354
256
268
414
296
210
282
380
272
250
308
312
278
282
248
298
334
328
252
270
376
374
288
230
410
370
202
176
404
336
186
186
252
230
206
212
170
176
144
170
230
112
96
112
76
58
50
58
86
88
66
56
58
96
154
228
316
336
354
356
344
336
342
336
340
342
336
340
336
328
332
334
332
332
328
334
330
330
350
310
164
104
110
96
94
84
76
62
56
56
54
56
60
56
54
42
40
78
148
244
320
376
392
366
366
374
362
360
366
370
370
370
370
372
360
360
376
372
378
382
370
378
386
382
388
402
382
348
284
262
206
182
176
174
176
196
198
144
158
134
66
116
256
246
224
248
274
266
228
286
332
266
274
372
328
256
290
408
314
256
322
330
262
286
270
274
288
200
222
342
350
230
236
394
370
274
236
412
380
288
230
358
340
286
256
300
298
264
296
258
264
282
340
264
148
226
338
176
104
184
130
182
146
94
120
128
56
78
106
110
112
132
114
82
70
64
72
108
144
236
322
354
346
342
338
336
336
332
332
334
330
322
332
332
328
330
328
324
332
334
338
232
154
116
100
92
86
78
68
60
56
58
62
62
58
58
56
58
50
40
42
78
164
268
356
384
364
364
368
358
364
372
366
370
372
368
372
374
378
376
374
374
376
384
398
372
302
236
206
158
166
176
168
224
208
152
176
208
198
176
188
246
240
230
342
304
252
338
360
268
296
388
286
248
348
306
264
270
288
304
344
222
228
392
328
180
312
428
286
204
370
402
302
230
366
378
280
218
330
314
258
296
282
244
288
340
136
124
322
422
246
168
182
396
334
148
138
250
228
212
262
190
164
174
114
232
164
54
134
112
50
102
138
122
112
114
104
86
90
90
90
108
160
230
306
342
350
336
326
332
336
324
320
328
322
334
332
324
326
326
334
356
288
182
144
110
96
86
82
72
64
60
56
58
58
62
60
58
62
58
56
60
56
56
70
120
202
304
362
378
372
364
360
368
370
368
370
378
368
374
384
382
384
396
366
294
230
166
170
160
152
186
222
194
162
220
256
166
232
360
250
240
370
304
250
336
318
268
302
294
276
298
264
270
302
220
278
382
254
182
384
378
214
202
416
320
210
272
382
316
246
318
324
274
262
244
256
264
370
312
250
308
436
338
246
242
416
256
138
222
448
436
284
190
292
388
274
192
260
330
242
144
278
362
214
102
142
102
124
140
16
78
132
132
94
96
94
96
80
82
96
98
80
58
74
126
182
250
342
336
330
334
332
320
328
328
318
322
326
320
326
326
340
354
234
162
116
104
92
78
70
68
64
70
66
66
64
60
54
58
56
60
58
60
66
74
56
36
72
138
234
326
364
376
376
378
382
386
380
394
380
374
360
330
294
178
100
192
192
134
252
240
146
272
276
186
284
340
274
272
282
272
268
254
274
304
244
274
318
220
238
382
280
184
364
346
188
290
388
242
208
316
328
232
258
290
276
308
322
244
246
360
362
236
264
414
300
254
302
472
408
340
280
464
460
358
240
344
396
250
216
364
318
298
316
384
342
258
250
418
336
164
140
148
238
214
186
194
92
188
36
56
138
114
112
128
126
80
72
68
72
92
110
98
92
94
78
96
96
214
338
322
312
324
326
320
316
330
328
318
324
330
334
340
344
310
246
192
154
128
108
106
88
68
58
64
68
74
74
64
62
62
58
56
58
60
66
66
82
100
110
122
132
184
236
242
270
278
250
294
258
190
154
120
114
208
218
166
250
276
216
244
254
238
214
228
284
222
242
348
230
158
360
266
150
352
348
214
328
368
204
242
362
236
226
308
292
238
266
266
280
310
214
218
336
384
254
200
400
394
276
204
434
426
328
260
468
456
342
246
414
468
318
222
350
400
324
354
354
262
252
356
382
208
190
422
440
288
186
180
260
296
244
222
242
248
172
148
138
180
128
26
134
120
116
128
136
136
102
66
70
66
88
112
94
88
94
60
50
86
102
148
150
120
222
340
326
326
328
322
328
316
320
334
334
340
348
336
182
136
118
114
112
106
102
100
92
84
78
76
72
68
66
58
60
58
62
66
176
214
238
220
252
224
182
144
136
268
278
194
238
248
226
192
224
216
150
292
342
190
276
344
184
266
370
172
240
378
234
228
364
240
200
320
266
214
286
286
268
262
264
298
268
208
296
364
226
218
370
286
162
344
392
284
198
394
438
334
234
376
456
324
234
398
458
328
274
394
418
362
350
352
350
340
404
386
278
284
476
424
276
224
360
412
262
266
316
400
342
304
208
182
244
264
254
280
296
242
92
142
220
20
56
162
110
142
158
168
144
112
84
70
80
94
128
80
102
126
62
64
66
84
66
80
102
130
210
304
332
324
326
314
316
330
322
330
340
342
348
220
148
144
116
96
96
86
88
78
72
84
84
94
86
84
80
74
76
100
180
248
256
226
232
282
360
284
268
286
218
326
326
176
308
328
204
314
290
164
282
332
216
294
312
204
252
318
242
254
268
288
276
202
270
316
188
248
350
218
238
370
248
202
398
322
192
346
412
254
216
412
314
174
290
432
314
200
318
434
338
328
350
358
322
346
366
320
318
440
426
388
382
472
424
334
274
500
488
402
276
404
480
326
292
356
394
354
376
354
346
332
296
190
190
262
310
238
274
272
292
134
244
124
4
74
174
114
140
176
186
152
128
102
76
98
108
120
88
86
68
70
26
54
72
84
102
140
140
126
144
222
322
318
322
318
314
340
332
334
334
346
358
236
118
126
132
146
150
134
128
120
110
102
90
94
90
84
84
76
122
236
264
228
232
248
260
382
278
340
266
202
284
286
202
258
304
250
252
248
254
258
256
322
298
238
346
272
190
322
290
168
328
366
204
308
404
246
290
406
240
262
430
284
210
386
332
208
280
394
258
248
320
296
252
280
270
290
290
314
298
318
424
358
232
290
470
332
270
318
474
414
410
336
460
416
342
258
380
496
396
292
342
398
394
366
374
264
296
408
352
258
240
310
230
182
246
306
294
184
152
160
208
240
40
12
52
168
112
128
158
198
176
144
130
100
126
114
110
100
106
108
76
52
70
76
86
138
162
140
140
180
138
222
320
316
318
308
330
340
354
340
342
350
322
176
112
106
94
86
78
84
88
78
90
100
100
102
108
104
94
86
164
274
264
242
252
246
288
304
214
250
320
210
238
322
204
210
366
260
192
344
304
206
364
308
194
364
326
200
336
352
210
294
362
230
278
366
252
264
346
262
252
324
286
284
274
272
302
274
228
298
392
274
226
380
324
194
226
394
290
252
256
426
354
288
278
450
372
296
278
430
452
374
308
362
418
308
296
298
322
324
360
400
286
262
378
410
306
246
408
404
268
210
260
328
278
216
236
242
264
214
130
296
284
22
24
30
148
128
128
130
176
178
176
162
130
142
144
104
110
100
128
140
116
78
92
138
170
162
180
176
226
190
252
320
312
316
306
346
332
338
346
350
334
342
354
316
304
272
232
216
198
192
184
156
130
106
110
106
98
88
100
238
224
336
174
256
214
272
322
176
262
362
212
198
342
226
174
338
274
198
314
304
218
284
266
230
278
278
286
272
262
288
276
226
302
312
258
322
356
228
298
336
216
306
384
242
214
400
302
200
296
414
300
236
368
356
234
206
362
322
256
238
380
408
286
264
354
410
302
310
338
408
380
372
336
280
324
450
358
258
212
402
466
376
262
302
410
336
298
244
282
262
270
264
224
322
378
268
270
306
250
142
294
274
12
22
32
154
152
150
154
152
176
196
184
164
146
172
126
126
136
104
98
102
92
154
174
196
186
202
222
214
170
296
310
308
308
300
326
322
334
324
336
344
336
344
350
348
328
312
292
270
250
236
202
158
112
88
92
94
94
94
188
272
324
246
242
258
270
286
312
272
246
264
274
214
246
292
216
228
330
282
200
316
246
218
354
256
222
380
272
208
360
298
202
356
344
236
354
372
238
286
380
280
316
384
258
200
368
354
242
230
362
328
224
282
338
270
274
302
294
292
344
290
266
314
352
284
284
302
398
332
258
268
428
402
356
284
378
394
324
216
256
372
354
242
210
228
288
284
228
208
240
424
390
242
254
390
300
244
312
246
124
288
304
24
16
40
158
168
156
208
174
166
190
194
190
172
154
138
144
144
108
88
120
206
212
190
206
194
180
172
170
200
304
308
308
304
298
330
326
322
334
338
332
336
348
254
138
124
120
104
104
104
100
106
100
108
122
130
118
106
76
192
244
204
308
252
286
318
212
364
292
158
304
360
194
250
388
240
194
374
300
198
374
286
230
374
266
242
362
268
230
356
304
216
338
358
238
284
360
244
234
352
304
254
326
268
238
270
300
276
306
238
256
324
324
224
272
382
310
226
282
406
320
246
270
416
354
298
244
402
392
322
208
318
396
352
240
242
306
270
250
262
222
222
246
288
218
200
356
376
242
164
406
440
286
204
304
318
254
308
176
100
236
298
40
12
38
154
188
162
190
220
200
188
192
186
164
134
150
158
148
136
144
184
202
168
182
198
204
178
118
90
242
320
298
304
308
294
320
332
340
334
336
336
336
344
342
314
204
122
102
104
124
116
98
104
100
102
96
96
104
98
166
262
270
306
298
270
350
224
316
340
232
282
348
256
252
336
276
244
308
328
254
272
294
250
290
284
274
276
284
270
326
308
280
270
296
274
240
254
284
264
220
292
312
212
236
358
282
198
286
374
270
188
328
364
256
220
380
346
242
230
370
350
276
218
328
338
262
224
284
342
268
262
262
250
238
318
294
214
182
346
380
270
162
274
396
280
178
276
370
246
210
272
310
258
298
256
252
378
338
188
98
182
256
128
6
22
142
204
186
170
188
210
192
164
160
148
168
186
170
174
158
168
170
140
140
188
176
130
116
184
216
278
290
296
298
294
296
326
334
342
334
328
334
340
342
340
358
304
216
246
204
144
108
126
140
146
144
134
112
98
90
130
254
274
290
280
256
282
350
272
218
332
304
186
272
316
190
256
340
198
238
338
202
236
352
214
284
346
212
198
290
328
336
374
282
200
332
312
196
282
344
212
240
358
254
186
320
310
200
204
310
266
200
256
314
260
242
280
308
256
266
244
252
262
276
232
234
262
312
276
240
256
370
344
242
192
362
340
266
168
272
356
260
184
222
254
208
228
224
182
226
370
248
168
324
370
242
184
330
334
162
96
182
262
310
138
4
82
194
216
182
164
180
186
154
146
160
192
206
174
174
176
174
184
186
166
122
126
184
264
300
296
290
292
284
288
302
294
344
340
334
338
336
330
336
344
336
340
358
336
266
160
116
116
100
90
82
74
72
86
80
80
130
274
306
314
248
276
242
354
292
160
294
338
172
244
350
220
232
354
224
204
336
248
220
322
240
252
334
246
200
270
340
314
316
298
198
262
306
210
210
274
216
190
246
242
204
204
234
222
248
202
216
326
278
192
246
364
290
224
278
332
246
206
268
392
316
224
248
388
328
240
190
326
344
246
186
236
270
210
210
238
192
182
264
298
202
166
352
338
236
238
442
370
280
264
362
244
202
174
160
114
128
196
310
324
348
208
42
156
230
226
168
144
154
158
172
166
180
194
196
190
192
150
108
94
106
190
266
300
290
282
282
284
282
288
292
288
298
330
332
328
330
336
336
344
344
340
344
224
120
106
96
82
80
72
70
80
78
76
80
78
72
112
254
252
292
280
280
258
258
240
232
222
222
252
244
214
242
256
216
232
242
184
226
226
174
246
226
186
226
254
200
266
286
194
214
230
194
176
228
242
152
198
316
222
172
296
264
176
244
352
246
180
342
336
222
212
348
324
232
244
298
238
220
276
328
282
214
242
292
266
214
260
252
208
196
318
268
202
196
346
322
248
176
334
400
284
190
312
374
300
270
314
320
272
244
208
202
170
158
186
230
226
196
286
306
286
318
250
120
152
212
226
192
162
174
188
182
190
192
158
100
80
94
148
206
272
292
280
278
280
282
284
284
280
284
290
288
292
332
338
330
334
336
334
336
348
342
352
234
126
108
122
118
92
68
68
74
84
92
86
76
78
90
202
252
284
234
304
290
276
160
264
278
186
280
294
170
236
302
170
208
302
188
226
276
164
252
290
162
218
312
212
218
310
226
164
288
274
158
216
328
214
160
298
272
174
246
286
198
216
300
254
202
248
260
228
268
240
234
242
292
258
222
278
328
280
232
268
360
272
210
222
376
320
242
212
386
354
264
206
348
334
260
240
268
288
260
324
274
222
326
412
278
230
314
310
204
186
226
258
174
168
174
182
244
264
232
220
236
250
134
146
216
248
218
196
184
164
124
74
58
102
188
274
288
292
282
272
278
284
276
284
292
282
282
284
284
290
292
326
334
336
330
338
340
342
344
340
214
128
106
78
72
70
82
94
100
94
80
74
68
74
76
82
202
216
290
278
256
260
256
216
244
212
232
234
196
218
214
192
216
220
184
206
198
174
196
194
188
196
214
224
196
172
220
208
180
202
226
196
234
226
196
262
234
190
260
250
192
246
328
224
182
318
292
214
230
366
292
198
224
362
302
210
258
340
270
200
234
322
274
202
224
306
284
240
254
264
248
248
302
272
208
236
342
288
192
298
424
362
280
344
448
416
348
316
374
332
246
264
200
116
156
188
202
218
236
238
230
232
254
242
154
180
216
172
136
86
46
64
136
244
290
290
276
280
278
276
284
278
278
284
280
278
290
282
280
286
282
294
322
326
328
326
336
336
332
348
204
54
76
98
106
114
106
86
72
62
64
74
72
64
68
68
68
144
216
246
206
220
210
238
210
190
160
186
186
160
188
194
158
192
218
188
252
262
224
266
252
166
230
280
176
172
256
172
138
254
228
154
224
298
194
160
336
286
172
298
320
198
236
354
276
174
282
324
230
204
288
280
204
216
256
242
236
260
246
200
240
270
230
184
252
340
262
206
242
354
286
202
286
372
324
230
272
384
332
298
346
344
320
350
366
320
316
352
324
278
296
224
172
154
170
188
206
234
272
278
266
252
228
216
226
148
100
70
44
54
102
176
246
296
288
272
280
280
274
276
280
278
280
284
274
284
290
280
284
282
272
284
292
318
332
324
328
336
332
314
224
168
192
192
124
88
68
64
68
74
72
64
62
58
66
70
68
76
80
92
90
78
94
104
110
144
174
228
248
258
276
260
266
266
226
210
230
210
188
194
166
222
276
242
218
228
228
256
234
184
256
274
184
184
238
218
222
260
232
220
260
248
232
258
234
208
250
246
206
212
298
244
184
220
298
228
178
264
290
224
166
260
332
270
190
244
306
270
242
266
300
282
280
276
274
248
306
310
270
264
376
382
326
266
340
328
268
202
298
270
216
184
146
132
122
176
244
298
364
308
264
250
204
178
144
90
62
84
118
172
236
276
290
278
276
278
268
276
274
274
280
278
280
280
280
280
280
280
286
276
278
286
280
286
318
326
332
328
330
328
340
330
306
246
150
82
62
78
78
70
52
54
64
70
64
62
60
70
74
76
68
64
74
72
94
182
278
302
304
304
326
322
324
338
298
238
266
266
232
164
144
142
166
220
238
214
230
300
208
196
304
250
178
218
274
196
182
312
266
174
278
292
192
234
328
258
184
260
288
222
220
276
262
214
212
228
214
202
206
204
202
238
206
174
212
282
248
192
210
294
302
248
182
260
310
278
208
292
328
280
268
342
310
294
310
332
300
232
182
176
172
150
110
104
124
202
276
330
370
300
214
192
144
94
64
68
118
212
276
298
292
288
280
266
270
278
276
276
278
274
276
284
278
278
278
278
276
280
282
274
282
286
278
288
298
326
328
320
326
332
330
300
168
116
90
74
82
82
56
42
50
64
66
56
56
60
56
58
62
56
54
62
58
56
122
240
302
296
296
320
326
328
322
326
334
284
222
236
216
192
186
174
146
124
126
158
202
182
220
242
216
338
310
202
234
296
234
200
252
234
234
224
206
242
248
214
214
264
244
204
228
284
220
190
244
248
190
192
252
226
182
210
252
236
208
226
240
232
240
224
220
248
236
208
242
254
228
262
330
308
264
368
366
292
314
332
278
228
170
136
106
90
104
140
180
242
284
264
250
194
134
94
68
68
116
190
246
288
294
280
284
282
276
276
280
274
274
276
274
274
278
276
276
278
278
278
278
280
282
282
288
292
286
292
292
292
314
326
326
322
326
332
228
168
180
100
64
52
58
72
62
62
54
52
62
60
62
58
50
50
58
56
40
66
164
282
300
310
322
330
334
340
334
328
334
336
232
198
198
204
208
170
134
144
140
120
114
114
154
204
204
276
270
270
272
294
214
198
276
224
186
264
232
182
238
250
216
232
262
248
230
236
238
256
268
248
240
246
246
206
206
226
210
186
198
218
202
186
196
186
160
184
206
210
268
294
318
286
328
398
386
372
382
384
356
324
234
140
102
84
80
106
142
178
186
178
166
138
96
70
66
92
144
204
252
290
294
286
292
280
284
282
272
280
280
268
276
284
270
274
276
270
272
282
272
278
286
280
282
288
286
288
296
294
288
292
294
316
322
312
322
328
330
280
156
66
56
72
78
76
66
62
62
58
54
54
62
60
58
54
56
46
40
106
234
320
314
332
334
332
344
340
330
334
338
338
328
220
216
214
222
186
166
166
142
112
126
118
112
152
168
184
230
254
194
226
242
212
182
194
188
210
210
198
220
220
194
212
248
204
182
222
252
242
244
248
232
218
210
202
180
184
176
178
196
220
226
230
234
246
234
232
240
240
250
240
232
274
298
292
300
266
298
290
224
168
124
96
62
76
90
100
100
94
86
78
80
84
106
144
186
234
278
300
300
290
292
282
282
286
284
280
280
278
276
278
276
282
272
280
278
270
274
276
276
282
278
280
284
286
284
290
292
292
294
294
294
292
308
314
314
316
330
224
74
94
128
94
78
58
48
56
72
58
50
48
62
62
62
54
48
38
92
212
314
330
340
340
338
334
340
340
336
342
340
334
340
334
216
204
208
194
172
186
158
128
124
142
138
152
162
174
178
170
152
132
148
122
128
148
140
144
148
144
154
154
152
152
158
148
144
114
92
130
168
202
234
252
256
262
262
260
260
258
266
268
256
246
230
196
164
146
132
120
110
90
58
64
74
82
106
108
120
130
100
74
62
48
44
62
72
72
100
132
160
198
230
248
274
296
298
300
298
288
286
292
284
282
280
284
280
278
282
278
274
282
280
276
288
278
272
284
280
274
282
286
276
288
286
278
282
290
286
290
302
294
294
298
288
302
322
312
320
306
216
206
184
110
64
48
52
52
54
52
58
56
54
58
60
44
38
68
190
294
338
336
336
336
338
332
336
336
340
340
336
336
340
348
298
184
198
192
180
164
154
138
142
148
166
176
156
160
174
154
138
122
134
180
230
284
304
300
308
310
308
308
306
306
312
312
310
312
294
230
186
150
116
104
96
114
124
108
100
100
100
94
68
48
44
44
52
54
62
80
98
102
110
142
132
114
114
104
104
102
68
60
84
118
138
168
206
232
256
286
300
308
314
302
304
300
286
284
284
280
284
288
280
282
284
276
282
286
274
276
278
274
278
280
280
282
276
278
280
278
284
286
276
288
292
282
292
290
288
296
294
290
298
298
294
288
308
310
310
318
304
218
128
80
70
54
54
52
52
52
52
46
46
54
42
30
76
176
280
336
334
334
326
334
336
334
336
334
328
338
328
330
338
336
330
186
144
168
138
136
144
120
118
152
156
158
148
146
152
170
198
226
244
284
314
308
308
302
304
308
308
320
314
316
320
314
316
318
322
330
332
338
330
312
292
268
196
126
140
152
150
128
94
84
92
102
116
140
164
214
262
294
296
314
316
306
312
308
296
300
230
200
238
268
290
304
310
312
310
304
298
298
290
302
298
292
292
292
288
284
284
282
284
284
280
276
282
284
278
278
278
272
278
280
270
280
280
276
276
284
280
282
290
288
282
290
288
284
296
298
286
296
300
286
298
300
284
302
310
316
324
270
180
104
72
66
60
52
40
38
42
52
46
34
44
88
176
290
330
346
326
324
338
334
334
332
338
336
332
334
336
330
336
334
336
284
116
142
178
158
140
138
114
162
170
156
176
202
222
258
292
312
318
316
314
310
316
310
308
316
318
316
326
316
316
326
316
316
324
316
324
320
316
322
332
348
254
138
146
174
172
164
146
156
170
198
218
244
276
312
322
312
308
306
308
298
302
308
298
298
302
302
316
316
294
298
302
290
296
302
292
296
296
294
298
292
292
292
292
290
290
280
288
290
280
288
288
276
282
286
278
282
276
272
280
284
278
278
278
278
282
284
288
282
286
290
284
290
298
294
292
302
296
286
294
296
288
294
312
318
312
290
184
108
74
68
64
50
38
34
34
40
50
70
130
226
302
338
330
330
322
328
330
328
322
340
338
322
332
338
328
334
332
332
330
330
326
266
246
264
262
272
278
284
316
290
302
308
320
322
320
316
318
316
314
320
320
318
318
322
324
320
324
320
316
324
324
320
322
318
316
322
318
316
326
266
166
114
144
166
192
184
200
228
250
282
298
318
318
316
316
310
312
310
302
310
300
298
306
302
296
302
302
298
296
298
298
290
294
294
290
296
302
292
296
300
290
298
298
286
290
294
282
284
286
284
288
282
282
284
276
284
282
274
284
284
272
282
282
276
288
284
276
286
286
282
284
292
290
298
292
296
294
292
294
288
298
302
290
304
320
308
188
122
88
52
42
32
22
28
54
104
162
224
290
318
336
332
330
326
326
330
324
322
326
326
330
324
328
332
324
334
336
328
340
334
330
340
354
348
348
348
346
344
348
342
332
340
332
324
328
326
320
322
324
320
326
322
328
330
328
330
328
326
330
328
328
328
326
324
324
328
324
322
330
252
140
160
216
234
254
274
290
308
314
318
322
318
316
306
312
314
310
306
312
302
298
302
308
300
300
308
304
292
300
298
292
296
296
288
294
296
290
298
294
292
292
292
290
290
292
294
284
286
290
288
286
294
286
280
286
284
280
280
282
276
282
286
282
278
288
288
280
290
286
282
288
288
284
290
290
286
294
296
290
290
296
294
290
308
294
318
288
144
50
28
38
76
112
152
212
270
316
332
336
326
334
328
316
324
328
318
320
322
322
328
322
328
322
314
326
326
328
332
328
328
326
334
336
334
338
338
334
340
340
330
340
336
330
336
332
328
326
328
334
324
332
330
320
332
332
322
336
330
322
332
324
328
324
328
336
326
326
328
326
320
312
314
324
320
328
322
312
322
322
314
320
316
312
310
310
310
308
308
306
302
306
306
302
304
304
298
304
308
302
300
296
296
296
296
298
296
286
294
298
288
296
292
286
296
296
288
294
292
278
284
290
288
288
286
284
282
280
286
284
276
282
288
280
294
290
280
290
290
278
288
292
286
290
292
282
290
292
286
290
292
284
294
296
290
298
298
310
300
234
174
200
252
290
314
330
326
332
326
318
318
324
318
318
320
314
316
324
326
318
326
328
318
328
324
318
330
322
326
326
324
326
324
326
328
326
328
330
332
340
338
332
340
330
334
338
330
338
334
326
340
334
330
336
330
326
334
330
328
320
328
326
320
328
326
320
326
322
326
324
322
328
326
328
334
322
322
324
318
318
318
316
318
310
316
318
304
316
308
300
314
308
300
304
302
302
302
300
306
304
302
306
298
300
298
300
292
300
298
296
296
302
296
294
296
296
288
294
294
282
290
290
278
290
288
276
280
290
280
282
286
282
288
288
288
290
286
292
290
288
296
298
286
298
294
282
288
294
284
296
292
282
294
296
286
294
300
314
326
316
328
342
340
330
314
318
312
314
312
314
308
310
304
310
312
300
310
310
306
318
316
322
322
328
332
332
332
336
336
340
334
334
338
336
334
328
330
320
322
324
326
320
316
316
318
314
324
324
326
322
328
334
330
338
330
330
344
336
338
352
336
338
336
338
338
330
338
336
326
334
336
320
330
330
320
322
308
310
314
310
314
308
308
312
308
308
316
312
312
314
316
314
310
312
312
304
310
316
298
306
308
294
298
296
294
294
286
288
294
288
296
276
292
304
296
292
302
296
292
298
296
290
296
296
292
286
292
288
282
288
292
280
282
286
280
284
286
278
282
284
282
286
290
290
286
292
298
288
300
300
294
296
298
296
294
306
288
302
