368
390
376
388
376
386
382
382
388
370
386
378
392
382
392
390
386
396
390
398
380
404
388
392
388
394
398
380
406
384
404
384
404
394
398
400
402
406
384
400
384
404
394
412
394
394
398
398
406
386
416
392
410
396
412
400
404
400
402
416
394
416
398
418
394
416
396
402
398
406
406
404
406
404
408
394
418
398
414
390
412
394
402
398
406
402
406
404
404
406
396
402
392
398
374
410
386
410
394
408
396
406
398
398
402
396
404
394
406
396
398
382
410
400
412
390
406
390
402
390
400
392
402
392
398
398
396
398
392
402
390
400
390
398
392
398
384
398
386
396
388
392
384
390
386
384
386
380
380
372
384
380
380
374
382
370
376
368
376
370
366
364
386
368
378
376
382
386
374
390
378
376
372
392
382
384
390
386
398
380
398
384
396
384
394
388
382
402
388
404
382
412
394
396
394
400
402
390
410
394
402
386
410
398
406
402
404
402
384
408
396
410
388
410
392
406
400
406
406
398
408
402
418
394
414
396
414
398
412
400
402
404
412
408
404
412
398
410
394
412
392
408
398
428
410
414
396
402
396
398
410
414
432
424
428
408
420
398
410
390
398
394
408
398
406
400
402
400
398
402
398
408
398
408
394
406
390
408
394
410
398
404
394
404
394
402
388
398
396
398
398
396
394
390
402
384
394
384
398
382
392
384
394
384
388
384
388
382
382
378
378
374
372
378
374
374
370
376
366
372
362
376
370
380
376
386
384
374
384
374
386
372
398
378
386
388
388
392
380
400
384
396
382
398
392
390
394
390
400
380
404
386
404
394
400
398
394
404
396
406
388
412
394
408
398
410
400
398
412
394
408
392
412
396
410
394
414
400
402
406
404
412
396
416
396
414
398
414
400
410
396
410
402
400
408
404
408
396
410
390
406
404
426
364
286
208
168
146
146
122
128
150
166
196
232
300
356
382
390
432
416
424
396
406
394
404
396
402
396
400
398
404
408
394
404
404
408
388
408
390
406
392
408
388
406
390
404
388
402
392
402
392
398
400
392
394
390
400
386
394
382
398
384
392
380
392
384
386
376
384
378
376
374
374
374
370
378
374
374
366
376
364
374
370
390
380
372
388
378
384
368
394
372
386
384
388
390
382
398
386
398
380
400
386
388
394
396
392
380
402
390
404
382
408
398
396
400
398
404
386
412
396
408
392
408
400
402
406
404
410
390
412
394
410
394
414
400
408
400
408
406
394
412
398
414
396
412
396
420
394
408
400
406
400
404
404
400
412
400
414
404
390
274
232
128
62
60
60
64
56
54
62
62
68
62
64
68
94
98
114
202
280
346
382
414
408
422
410
420
408
412
400
402
398
402
402
392
398
394
410
388
406
396
404
386
402
388
402
382
394
388
400
386
398
394
394
394
394
396
386
396
384
398
382
396
382
390
374
388
376
386
374
380
370
378
366
374
372
372
370
372
374
364
374
370
384
386
386
388
374
400
376
390
378
394
378
380
394
384
396
380
402
384
394
390
396
386
384
396
388
396
382
408
388
400
394
400
402
388
408
392
408
388
408
392
402
400
408
404
390
410
396
408
390
416
390
408
398
412
400
400
408
398
410
394
416
400
416
396
416
394
408
396
408
404
402
406
422
434
406
364
276
142
60
52
64
60
58
62
58
54
56
58
56
62
66
78
76
84
90
76
60
78
112
158
194
236
262
268
294
316
342
358
396
406
416
410
408
410
392
404
390
404
390
404
390
404
388
402
380
398
390
400
388
398
388
396
392
396
394
392
396
386
398
384
394
386
394
380
390
374
390
374
384
370
382
372
376
370
378
372
370
370
368
372
376
384
382
374
394
376
390
376
396
382
380
384
382
392
376
398
384
394
384
400
390
388
394
386
400
378
406
386
398
390
404
394
390
402
396
410
390
412
394
404
396
408
400
390
404
400
412
390
418
396
410
388
412
394
406
404
402
404
398
410
394
416
394
412
394
412
394
412
414
430
424
414
398
304
244
238
150
94
84
86
84
82
74
70
74
78
80
86
88
108
114
108
112
134
120
106
136
158
130
116
132
128
100
118
138
126
116
148
174
192
224
270
316
346
380
396
412
406
414
396
406
390
404
390
402
390
404
388
406
386
406
390
398
388
394
390
392
394
390
392
386
392
382
392
384
394
376
388
374
388
370
380
368
380
368
378
370
374
370
372
364
384
376
390
374
388
372
400
376
384
388
388
386
376
398
378
398
382
398
382
384
390
392
398
376
406
384
400
382
408
388
390
390
390
398
382
408
388
404
392
402
392
388
394
400
404
388
414
396
414
390
414
390
406
396
408
398
406
406
400
412
394
414
396
418
410
436
406
416
346
278
230
204
186
128
98
128
124
122
124
122
114
132
150
124
108
132
150
150
144
164
148
140
128
144
142
140
130
134
140
142
144
138
140
140
138
146
136
138
140
128
126
126
136
152
176
212
254
284
338
370
406
406
418
400
406
390
402
386
408
390
402
388
402
388
398
388
396
388
388
390
386
388
386
390
386
390
378
384
374
386
368
382
366
382
366
378
372
376
364
374
364
388
380
386
370
396
378
390
380
390
386
378
396
382
392
378
402
380
386
390
392
390
380
404
386
398
376
406
386
396
390
394
394
384
400
380
402
386
404
392
390
388
396
394
388
402
398
408
390
414
394
408
390
408
388
402
408
416
420
410
434
408
418
392
372
310
276
210
214
170
110
110
146
160
150
134
140
152
136
150
150
142
126
132
150
160
122
96
192
194
116
114
172
152
102
132
176
150
108
160
180
146
120
178
178
112
132
186
164
108
148
182
150
106
160
166
104
98
140
142
158
228
272
334
378
412
410
410
392
402
388
402
384
400
390
402
388
402
386
398
390
390
386
386
388
390
386
380
382
374
388
370
384
372
384
372
374
362
376
364
374
362
390
366
392
376
386
376
396
382
380
388
384
396
374
400
380
390
384
394
386
382
398
386
398
378
402
378
390
388
396
392
390
402
392
398
380
410
386
400
392
404
382
392
402
384
402
392
412
402
428
408
416
400
414
398
412
370
316
328
320
284
214
194
184
152
152
138
156
158
152
162
154
126
140
148
112
110
134
122
110
120
130
126
142
130
136
142
148
148
144
152
138
104
128
196
166
156
164
204
214
170
168
222
196
148
168
212
174
148
168
188
152
154
168
166
148
136
84
96
124
114
124
126
120
166
244
306
370
402
424
396
400
384
398
384
402
388
398
386
398
386
396
386
388
388
386
384
384
382
378
380
374
380
376
374
366
376
366
370
362
378
366
392
372
388
378
392
386
386
390
384
386
376
404
380
392
380
400
388
388
396
382
394
380
392
376
398
382
400
382
378
400
396
402
388
408
388
404
388
410
396
402
396
398
402
392
406
392
414
328
320
314
368
358
386
374
364
212
88
76
90
86
100
128
158
154
142
152
150
122
116
124
128
136
110
122
152
114
86
162
174
118
92
202
234
182
108
192
188
128
116
200
184
108
116
226
188
132
144
234
212
148
180
252
198
116
194
260
200
118
208
240
156
120
216
206
128
118
112
64
50
176
180
104
140
172
102
108
172
210
288
346
412
406
406
388
402
382
396
386
398
382
394
388
392
382
388
378
384
378
382
374
376
378
378
372
376
376
368
370
366
374
364
390
372
396
378
384
384
388
386
376
394
376
392
376
400
380
386
390
392
394
382
402
378
390
372
402
384
398
392
394
402
384
402
392
412
386
408
390
396
392
398
400
394
402
394
414
400
400
290
224
160
158
110
120
138
138
132
130
142
152
158
172
144
112
142
146
90
136
166
100
88
202
148
92
138
174
104
96
168
150
106
104
154
210
186
116
142
152
140
130
144
158
158
156
164
158
186
194
192
184
200
232
186
154
188
220
184
184
188
244
200
166
164
198
166
192
226
184
102
82
162
168
150
154
178
142
118
164
112
68
158
224
294
382
408
414
390
398
382
400
382
396
380
394
382
390
376
390
380
384
376
382
368
382
372
376
368
374
372
368
366
362
398
368
390
382
390
386
378
388
378
392
376
398
372
386
384
394
392
382
400
386
392
370
400
382
400
386
398
396
392
404
388
402
386
410
386
406
390
398
392
396
396
386
396
396
360
168
130
194
226
204
162
98
106
170
162
132
170
160
90
110
168
106
80
144
138
92
130
142
104
100
124
134
130
100
110
180
144
96
124
214
162
114
150
256
186
130
150
262
196
144
164
282
238
194
158
282
266
212
164
288
300
214
178
312
318
196
156
298
324
188
142
278
286
166
174
306
234
128
194
298
178
152
294
174
118
234
172
96
152
138
86
80
156
240
332
388
414
394
396
384
400
384
392
378
392
372
388
372
384
370
386
372
386
370
376
366
374
364
372
370
362
390
376
394
382
386
394
390
406
390
414
390
408
390
402
388
392
398
382
398
378
400
376
398
388
392
388
396
402
392
402
384
404
380
402
384
404
382
400
390
388
384
378
398
396
338
150
138
108
92
90
126
106
126
136
102
100
98
120
136
98
90
160
130
84
150
160
84
140
214
118
92
236
188
100
130
262
146
86
140
232
136
94
126
196
148
104
134
202
134
100
138
186
138
110
144
194
138
112
150
204
176
176
168
232
202
158
166
212
168
140
148
198
214
168
162
180
164
148
182
230
212
152
202
196
140
194
186
102
210
202
96
132
146
60
100
188
304
388
418
392
396
382
394
380
394
376
390
370
390
376
390
370
384
366
384
368
376
364
374
366
370
396
380
388
378
378
382
350
340
306
318
304
328
330
352
366
374
402
398
424
398
424
394
414
394
402
392
390
394
388
400
376
398
384
400
380
402
384
386
392
382
388
384
378
354
308
232
178
142
136
128
98
172
132
62
190
182
74
158
220
96
104
236
140
88
202
172
92
154
188
98
110
164
124
112
122
126
116
154
116
104
120
188
136
92
116
202
186
158
144
238
182
134
130
224
222
188
144
214
312
246
190
236
300
244
194
216
320
280
192
154
274
292
208
190
318
288
150
184
380
246
130
280
290
156
228
246
124
172
172
102
118
138
116
76
80
134
88
154
296
388
414
388
392
378
394
376
388
372
392
374
384
368
386
370
382
364
378
368
376
364
376
404
250
142
140
140
142
108
80
62
50
44
56
60
72
90
106
136
170
214
234
276
288
334
338
352
376
382
402
396
424
392
408
384
414
392
406
380
388
332
254
252
186
192
150
64
174
148
72
196
144
78
184
126
90
146
132
110
134
134
132
130
110
122
138
108
124
172
114
100
190
150
76
162
254
146
86
216
266
148
78
210
304
188
102
150
330
270
166
164
342
266
184
140
356
318
232
140
320
402
312
162
282
446
358
196
232
396
344
206
196
372
360
258
178
356
400
224
170
358
316
172
226
370
220
196
282
174
174
270
148
122
204
148
70
50
70
54
44
52
144
290
380
414
394
386
378
388
376
384
368
382
368
380
368
384
366
378
364
376
366
380
400
264
124
110
82
66
54
54
50
40
38
40
36
34
32
30
26
30
26
30
40
50
58
70
92
110
112
174
200
260
296
330
298
292
270
228
236
188
84
164
132
56
156
122
80
124
118
96
102
114
124
82
142
192
110
140
244
172
142
274
218
118
228
272
136
200
288
146
140
312
186
84
218
302
164
82
226
270
140
84
194
276
162
100
154
288
256
148
158
256
248
146
164
242
268
144
134
242
278
196
146
226
326
270
172
216
294
254
178
198
254
228
212
262
264
284
256
280
246
194
202
260
226
200
220
212
182
198
174
138
220
194
92
44
48
66
100
90
78
68
72
130
252
364
408
390
386
376
382
370
378
370
378
370
378
368
378
364
374
364
378
386
366
290
234
168
108
68
68
58
54
50
48
42
40
40
42
42
40
42
42
42
46
48
48
46
56
60
62
84
72
122
116
80
158
104
52
146
128
94
106
124
150
78
132
190
88
162
210
94
194
236
96
192
282
134
144
288
184
142
260
194
94
246
266
128
184
258
112
134
256
150
108
158
218
122
158
146
152
128
218
150
130
134
238
214
142
178
256
280
156
148
218
330
164
136
168
318
218
138
152
308
308
172
166
286
396
262
148
230
354
238
172
200
432
378
204
160
380
398
194
168
422
314
140
338
384
186
230
278
90
162
122
44
50
62
76
84
84
74
82
80
70
68
120
254
368
402
388
380
374
382
380
374
372
374
372
374
364
372
364
374
378
338
112
60
60
58
54
52
42
44
42
40
38
36
36
38
36
38
38
40
38
38
42
34
64
116
132
108
158
94
160
134
104
120
138
164
92
118
240
114
142
250
102
164
232
100
168
216
110
172
194
114
156
184
142
154
170
170
186
140
132
176
158
160
202
170
136
188
196
108
156
256
146
98
200
294
160
88
208
336
168
90
186
368
218
128
150
378
258
174
118
336
348
208
116
228
424
254
162
140
404
344
202
138
350
404
274
138
234
440
268
162
164
408
388
182
164
310
366
224
216
354
316
222
230
310
282
186
118
116
54
52
58
66
80
94
98
90
76
68
70
72
74
76
96
156
288
382
390
382
372
382
370
374
374
372
366
368
370
362
368
368
388
254
138
80
58
50
48
48
46
46
44
42
42
40
38
36
36
38
42
42
42
38
40
98
122
146
106
136
142
86
172
200
72
134
240
120
114
216
128
116
166
112
126
128
152
142
106
212
164
120
234
144
116
264
192
116
270
256
104
214
300
126
184
336
170
124
306
238
108
216
326
182
106
254
294
172
106
222
340
202
116
206
352
226
138
180
342
250
182
142
314
354
222
132
226
398
268
168
190
368
360
242
208
332
356
228
214
262
336
270
162
202
302
252
164
320
312
230
238
352
246
246
362
268
268
392
174
104
96
68
70
66
84
112
136
156
146
120
100
70
62
68
66
98
114
120
184
326
402
380
380
370
380
368
374
366
370
368
366
366
364
396
390
384
238
200
170
150
128
108
78
54
50
46
40
40
42
42
42
44
46
44
40
48
104
126
206
94
166
192
78
154
196
106
114
128
148
160
94
172
194
90
192
160
110
290
166
150
308
162
188
296
148
162
306
192
132
284
248
138
268
284
146
208
324
182
136
288
220
124
196
266
152
152
198
238
142
168
212
268
194
202
208
232
200
230
246
218
240
212
362
306
264
224
308
348
290
246
282
396
288
286
286
398
298
234
250
418
370
204
220
218
274
256
216
312
456
320
206
344
450
286
310
462
358
344
262
138
164
62
84
106
122
158
192
204
234
216
178
148
88
78
72
72
94
102
88
76
110
236
364
404
374
382
364
372
364
376
364
366
362
368
390
366
392
388
368
258
150
98
52
36
34
34
38
36
36
40
40
40
40
42
40
42
48
92
124
176
126
130
130
172
128
92
214
158
70
216
220
76
200
228
94
220
160
124
240
138
176
236
136
184
250
170
174
240
184
180
210
230
194
200
222
182
192
208
168
172
170
176
212
180
158
230
238
144
132
234
280
194
162
268
318
216
162
242
366
268
190
164
354
420
284
172
330
448
360
258
258
452
392
290
186
380
418
304
190
326
482
422
288
134
234
358
326
236
312
478
390
264
352
470
350
312
442
406
212
106
172
92
76
118
154
206
224
254
252
258
302
232
144
96
86
84
110
104
92
84
70
64
60
138
284
378
392
362
376
362
376
362
370
356
360
386
370
374
374
382
382
354
378
320
180
76
80
78
66
50
56
56
52
58
56
52
52
56
88
114
116
184
132
118
254
128
78
212
158
88
176
186
130
164
146
134
136
150
144
136
200
148
156
218
160
184
260
184
144
266
244
144
242
274
156
196
286
186
146
270
222
124
228
302
188
154
322
286
204
142
324
302
226
130
312
332
260
172
258
382
318
222
150
370
424
328
240
364
454
372
306
264
442
386
294
184
380
426
336
316
324
476
478
380
214
296
304
276
244
280
462
410
308
328
450
366
312
370
338
180
114
160
78
112
148
194
216
234
248
254
270
276
230
168
108
90
114
188
162
98
90
94
82
68
66
94
174
350
380
376
364
376
366
370
358
362
384
378
386
380
376
386
388
400
376
196
100
100
94
86
62
62
66
72
76
66
60
58
58
70
134
130
178
148
118
172
132
124
120
144
184
126
158
230
122
202
216
124
268
174
212
284
140
222
286
158
210
318
218
180
322
252
164
276
272
172
248
320
206
166
306
226
140
246
296
194
150
276
272
178
148
258
278
186
174
264
318
226
208
256
370
322
250
284
308
406
348
280
352
410
338
270
304
388
418
346
368
430
442
394
362
334
388
462
396
396
430
320
226
350
426
378
386
356
368
376
382
412
328
356
336
184
162
120
148
160
184
230
248
252
230
266
264
246
202
170
110
132
222
150
92
80
74
70
138
112
66
82
146
342
404
374
376
362
372
358
360
388
372
376
384
380
384
374
394
382
366
202
116
90
90
74
72
78
84
88
84
76
68
70
112
140
156
116
186
178
70
204
202
88
180
268
126
190
250
104
218
206
146
248
160
190
230
144
224
248
156
192
264
182
162
244
204
174
218
220
186
194
220
164
164
204
162
158
182
224
188
196
172
200
214
212
162
182
234
262
216
216
278
344
274
264
312
400
380
240
258
304
340
340
298
352
426
412
314
308
418
468
446
378
368
490
456
316
306
424
492
420
304
276
456
472
348
304
424
452
364
378
424
346
404
390
226
216
160
128
182
192
214
250
264
276
274
270
244
222
170
112
148
218
146
110
78
58
88
144
140
70
92
84
114
238
338
392
368
370
356
364
380
376
378
384
374
390
372
390
374
404
328
298
204
120
106
102
102
88
80
72
66
58
70
116
154
204
84
204
178
86
198
180
100
156
198
118
154
186
138
170
194
156
162
194
148
174
222
168
198
242
184
184
242
210
158
244
236
146
226
274
156
154
262
194
126
214
244
158
152
284
246
158
176
314
272
208
160
294
310
264
172
326
390
328
228
228
410
364
268
220
292
352
312
288
340
466
418
306
206
432
464
414
334
326
500
472
368
272
402
504
446
354
234
410
484
402
336
446
472
396
376
430
384
276
346
240
208
214
106
186
228
226
202
250
302
288
270
264
240
196
120
144
216
192
130
130
98
74
20
76
78
72
78
58
48
104
236
364
370
360
370
378
376
374
388
372
388
372
394
370
406
302
248
164
100
68
66
64
58
52
56
62
56
72
108
132
168
136
168
160
168
134
138
192
140
136
218
150
176
232
146
234
212
164
256
164
190
278
156
202
292
192
196
292
220
162
278
236
164
266
272
180
194
292
200
130
268
272
174
154
296
230
166
174
308
266
208
202
308
306
232
200
316
370
290
266
312
368
330
264
326
362
410
368
298
322
456
416
306
306
386
432
398
310
352
472
484
422
332
398
498
468
390
320
396
458
412
374
422
488
440
350
434
404
248
260
182
134
240
134
198
250
282
264
212
256
290
268
260
258
194
106
198
206
214
156
136
160
126
90
88
94
86
88
82
88
74
80
308
376
364
372
372
382
368
388
370
388
366
398
368
252
106
70
64
60
64
66
66
60
58
54
56
50
76
104
132
116
212
276
132
208
178
164
262
226
194
276
212
196
262
216
234
256
214
226
192
184
242
198
210
236
150
162
216
146
148
202
182
166
200
190
152
170
216
164
148
194
206
160
168
198
200
214
204
198
228
230
228
228
270
266
338
256
262
296
392
334
268
274
388
382
296
316
374
340
320
336
354
392
454
354
322
346
418
424
358
410
418
452
448
398
436
420
480
384
322
388
448
394
376
410
394
372
294
456
396
206
188
258
168
186
242
258
310
286
242
242
262
286
286
166
98
216
218
212
174
174
174
168
122
86
96
114
142
142
116
112
234
386
362
366
374
360
386
368
386
366
398
374
406
264
96
78
74
62
58
56
54
60
56
54
48
54
56
56
96
150
160
170
244
232
210
218
240
212
246
234
220
266
222
226
276
224
278
246
184
264
176
170
278
184
148
176
126
138
220
196
126
210
236
146
178
244
172
126
206
230
146
156
258
214
146
188
304
226
166
194
318
262
192
168
336
344
252
172
284
414
376
320
256
426
394
352
248
368
440
368
250
262
480
440
366
226
328
500
402
318
226
198
210
184
174
194
342
430
378
286
358
504
418
338
350
492
414
292
354
334
156
166
276
216
166
288
268
280
294
306
280
242
264
252
214
144
206
234
212
184
178
160
154
172
160
150
174
166
152
134
142
208
308
362
370
376
364
380
360
388
364
384
382
312
94
68
68
62
56
58
58
52
50
50
52
50
48
52
50
66
80
90
100
126
166
192
226
260
236
234
210
188
140
184
216
208
184
186
190
226
240
212
178
264
234
164
206
152
130
264
224
130
236
268
148
176
310
198
114
246
274
180
144
282
262
200
184
302
258
190
190
308
302
198
182
296
336
282
218
284
356
348
286
326
382
372
310
296
416
448
390
284
298
454
440
386
278
368
490
458
386
224
174
156
132
118
108
116
138
168
198
324
448
456
410
406
504
484
336
162
130
92
190
354
278
184
212
282
300
302
308
288
274
254
242
252
216
210
272
232
222
210
212
244
260
274
308
276
202
202
190
178
216
334
358
372
380
356
388
366
380
362
408
312
98
66
74
62
54
50
50
50
48
54
54
48
46
48
50
56
52
50
62
66
90
164
304
306
358
330
342
288
220
146
148
156
118
84
60
56
104
160
232
198
178
212
174
204
176
166
180
200
170
170
196
164
160
200
194
160
188
224
170
152
206
234
204
192
198
198
204
254
224
218
222
254
206
218
256
334
288
206
238
348
380
290
268
296
384
376
350
358
366
392
316
346
360
408
378
346
422
382
414
356
292
292
254
302
210
98
74
64
92
120
172
210
260
310
336
188
100
70
104
108
198
272
270
240
258
324
330
308
304
308
266
236
302
308
252
258
280
272
280
294
326
330
342
350
318
312
298
288
314
312
372
350
368
386
358
378
362
390
378
368
130
54
70
58
48
32
52
72
66
60
56
48
44
46
48
50
54
58
64
68
134
294
346
392
358
380
334
348
284
206
150
152
144
116
96
86
74
66
64
102
164
186
160
214
146
210
242
114
178
272
162
132
258
224
140
186
272
206
164
210
246
182
168
248
232
186
152
276
284
218
164
278
290
248
168
258
352
314
218
212
400
374
296
188
352
424
364
244
246
422
402
314
186
362
450
400
286
228
408
442
406
284
292
418
412
364
260
316
262
142
78
82
86
78
82
96
108
120
126
142
132
208
350
316
274
270
326
326
326
300
304
306
292
314
338
306
282
330
322
294
302
312
320
312
312
318
298
322
296
352
354
368
354
370
376
356
386
368
378
400
232
56
56
44
30
84
132
160
98
52
46
42
48
44
44
42
46
58
48
54
226
330
394
360
386
352
378
340
346
280
214
138
126
122
98
78
70
62
72
80
58
62
116
156
164
158
188
238
154
190
282
228
164
272
292
204
188
312
270
200
234
298
244
202
246
250
198
170
242
284
256
212
254
286
268
212
250
294
320
304
286
300
346
292
304
346
386
390
312
354
422
440
378
294
362
430
416
340
330
426
486
438
348
340
448
482
420
368
412
502
418
306
284
306
202
158
174
222
290
316
308
296
352
408
410
398
328
328
364
374
406
404
398
386
370
358
344
330
334
334
326
312
326
306
312
280
320
310
354
356
372
362
366
354
364
392
358
378
372
394
224
60
50
90
174
214
216
116
44
34
46
46
42
40
44
38
44
46
38
124
266
400
364
386
360
388
360
386
344
344
308
200
130
146
138
130
122
100
84
72
68
70
68
66
78
102
170
160
172
256
244
202
246
268
222
206
244
244
228
232
242
244
230
236
276
226
218
236
272
218
210
238
272
218
180
204
256
234
200
238
316
334
224
204
318
334
272
208
272
366
402
320
284
350
424
328
216
294
372
378
308
320
364
416
448
382
360
366
434
422
392
404
486
450
404
378
274
188
278
366
396
386
380
394
408
404
432
422
334
348
360
384
398
412
418
412
390
356
344
330
288
288
274
300
310
326
350
364
368
370
362
366
364
362
358
358
376
366
380
384
330
176
218
306
288
232
114
30
26
42
42
38
52
54
36
36
42
48
92
198
372
380
390
366
388
360
398
368
378
348
356
290
162
130
126
108
102
80
72
76
78
80
82
76
70
74
92
110
154
166
236
264
262
266
310
268
226
296
300
230
222
282
242
230
252
318
274
242
266
314
272
226
248
296
258
212
222
274
246
218
214
238
266
256
218
310
310
274
254
330
356
348
300
226
318
392
318
168
270
404
396
350
232
330
448
450
386
306
400
450
432
328
406
504
436
344
464
402
312
360
364
394
414
422
426
424
406
420
434
416
362
344
344
368
376
368
360
310
292
278
276
306
328
356
354
370
370
374
364
366
362
364
362
364
360
362
356
374
370
368
382
368
350
250
146
68
24
28
44
42
40
38
36
58
56
28
26
76
172
346
382
390
368
384
360
398
370
384
366
390
358
350
292
170
130
134
138
128
114
102
82
82
94
76
78
82
104
136
158
154
152
140
176
200
202
182
206
238
264
286
290
306
292
294
310
318
298
312
316
308
304
310
310
288
278
286
286
280
260
272
252
224
246
228
242
256
234
240
222
284
278
246
242
188
270
316
244
204
290
322
300
344
336
394
416
340
384
422
432
394
420
422
406
410
416
392
416
374
398
408
412
388
448
412
424
428
402
398
376
400
400
362
336
292
298
292
280
272
302
298
342
348
382
372
378
364
372
360
370
358
366
360
366
358
366
356
362
346
368
374
370
398
284
88
46
40
48
48
44
44
40
38
42
40
30
18
60
154
330
382
396
374
388
358
392
368
388
368
394
372
380
354
360
262
154
138
142
138
124
106
92
86
120
116
98
104
120
140
158
188
188
258
252
290
262
294
246
238
204
224
198
210
214
228
232
244
246
256
254
268
276
282
296
306
300
302
304
304
304
306
340
258
186
208
208
200
208
206
200
194
188
180
176
158
124
178
244
230
276
404
356
334
300
328
384
430
384
344
462
456
382
338
424
426
368
344
446
418
346
438
418
404
400
370
414
374
380
356
358
358
326
316
280
300
270
302
288
346
336
372
360
384
362
374
360
380
360
374
358
372
356
370
356
364
350
368
352
364
346
358
382
364
398
200
54
56
54
46
46
44
44
40
42
34
18
56
162
336
380
396
368
384
358
392
360
384
360
394
374
386
370
386
364
358
228
138
140
146
142
124
114
130
122
120
116
136
164
204
260
266
326
300
362
336
362
330
346
324
346
324
332
290
292
258
256
224
238
210
202
184
190
172
166
158
172
148
146
150
164
162
168
204
190
192
222
210
190
180
182
174
160
160
158
156
160
176
158
180
222
328
416
388
382
386
382
362
374
390
390
388
416
418
412
390
378
392
374
384
416
430
398
378
402
390
364
344
346
304
306
280
294
262
300
270
334
324
372
358
380
360
380
358
378
360
374
358
378
358
374
358
372
352
370
352
368
346
366
350
362
344
354
376
362
340
106
56
50
58
50
44
44
40
26
14
64
156
318
380
392
372
382
356
374
358
384
360
396
372
386
362
378
376
384
374
378
354
310
302
292
262
234
270
238
196
198
268
262
330
322
380
352
386
350
372
344
364
342
366
334
354
330
356
330
348
326
352
328
342
324
334
308
312
288
286
258
258
228
222
206
196
180
162
144
164
180
182
170
166
166
180
192
180
162
160
178
188
166
180
222
244
290
326
334
348
354
354
348
334
340
340
340
330
348
346
330
326
344
346
332
338
340
326
312
312
288
302
268
292
248
306
290
342
324
372
358
380
362
380
362
378
362
378
360
378
358
374
356
374
356
376
352
370
354
374
352
366
350
368
348
362
346
344
382
368
318
72
66
58
60
44
28
22
32
116
212
344
380
394
368
382
360
382
364
370
360
386
372
390
364
386
374
380
366
376
380
384
380
376
392
370
378
358
374
332
366
350
394
366
392
354
386
344
378
350
368
346
380
348
374
344
366
344
366
340
358
332
352
326
340
324
340
312
330
314
328
308
316
292
312
296
310
290
202
140
172
206
224
218
206
186
172
174
186
214
194
162
166
196
202
198
228
202
218
198
254
228
242
224
272
236
250
220
264
234
248
222
278
240
266
234
286
242
280
238
300
268
322
296
344
338
370
358
382
366
382
366
382
362
378
360
376
360
376
362
378
362
374
360
380
356
372
356
374
352
366
354
368
350
364
348
360
346
346
376
352
374
136
42
42
40
60
116
220
308
378
382
390
368
386
360
374
364
384
360
380
362
380
368
384
370
380
370
376
386
386
380
374
386
368
384
364
382
366
386
362
396
368
388
358
388
358
380
350
396
356
378
346
388
360
374
342
376
354
370
348
370
344
348
332
354
334
344
324
346
318
330
316
330
304
316
292
310
216
138
158
184
196
174
174
166
190
218
228
222
182
168
194
206
212
238
220
296
280
290
260
282
246
282
252
282
254
292
268
298
270
302
276
308
280
320
302
340
320
354
340
368
352
376
366
382
366
378
362
376
366
378
364
378
368
378
360
374
364
376
362
370
364
376
360
372
362
372
358
370
356
364
356
364
354
364
350
356
348
348
380
360
378
324
256
272
266
326
386
398
384
376
366
378
350
382
360
378
354
378
356
382
362
382
366
378
364
372
374
374
380
378
392
374
382
366
394
376
382
360
402
370
390
356
396
368
384
352
394
358
384
354
392
366
386
356
384
358
378
350
378
348
358
342
372
342
346
332
360
338
346
324
344
328
334
318
342
308
252
156
162
178
192
208
230
234
246
250
222
202
192
214
216
224
270
240
306
312
366
340
372
346
366
342
370
344
362
348
376
352
370
354
376
354
374
358
382
362
380
364
380
366
378
362
378
366
378
370
380
362
378
366
378
368
378
366
374
368
376
366
372
366
368
364
368
368
368
364
366
360
366
362
362
358
356
354
354
356
352
348
354
370
358
372
372
392
386
388
386
372
378
364
378
362
372
350
384
358
374
352
378
366
374
354
376
368
372
372
382
378
370
384
376
376
360
388
374
388
364
394
372
390
360
392
368
390
358
396
364
388
352
384
362
384
358
392
366
384
356
384
360
366
342
366
344
366
340
364
336
354
336
354
332
342
332
354
330
340
294
278
264
216
148
144
170
194
198
186
162
162
182
208
238
290
254
312
308
374
344
378
344
358
348
384
342
368
348
376
356
372
354
382
362
374
352
378
362
380
362
384
370
378
366
378
368
374
362
374
368
370
366
374
372
374
368
374
372
370
366
366
368
370
366
362
364
368
366
364
366
362
362
360
360
358
360
356
356
352
358
346
352
354
366
366
370
364
366
368
366
376
358
376
356
372
352
380
356
376
354
380
358
368
350
370
360
372
368
370
364
364
372
366
386
370
378
370
388
352
392
374
392
366
400
364
384
354
394
370
392
360
396
368
396
354
392
360
386
362
390
364
378
348
376
348
366
342
372
342
362
346
368
340
356
334
364
338
358
332
346
290
306
210
112
110
112
104
98
94
98
142
222
252
314
274
326
298
376
356
386
354
382
346
374
360
380
346
380
362
374
358
384
368
380
360
376
360
376
358
380
374
382
366
376
374
372
364
372
370
374
366
368
366
368
372
370
372
366
370
366
372
362
370
364
372
362
364
362
368
354
364
360
368
354
364
352
360
348
358
346
360
344
354
358
366
364
356
368
366
368
350
378
364
376
346
380
358
372
344
384
362
374
350
370
358
370
360
374
372
356
366
370
376
364
386
376
384
360
386
360
392
362
392
368
392
362
398
368
388
358
392
368
398
364
392
362
394
356
390
368
386
360
376
358
372
350
368
338
376
348
368
344
362
342
366
342
364
344
370
342
354
310
250
110
90
96
94
116
158
186
280
288
348
282
336
308
372
350
388
358
384
352
388
360
384
360
384
366
378
362
384
374
378
366
384
368
376
366
376
368
378
372
380
374
374
368
372
372
374
372
366
370
370
370
366
376
366
370
364
376
368
374
360
368
360
372
360
374
360
368
354
368
352
366
352
370
348
364
346
360
340
356
338
360
366
350
370
360
368
346
378
354
376
348
372
350
372
346
378
358
376
350
380
362
372
358
380
368
368
364
362
386
366
382
370
390
366
380
360
368
352
390
366
386
356
386
368
402
368
400
366
394
366
398
366
384
356
388
360
394
364
386
354
382
352
378
356
370
346
374
346
368
350
364
338
368
350
372
346
378
348
374
338
294
252
302
270
290
254
326
304
350
298
350
328
382
362
392
356
390
360
390
358
388
364
384
368
384
366
382
368
382
368
384
374
380
374
378
372
378
376
378
380
378
378
370
378
374
374
364
372
368
374
362
374
362
378
364
378
362
376
358
374
356
374
356
374
356
374
358
372
354
370
350
370
348
362
348
364
344
358
340
356
338
356
376
356
372
346
372
360
376
350
378
360
376
344
372
360
372
362
380
360
376
366
378
370
372
374
378
378
364
380
368
386
366
378
360
392
358
388
358
394
366
390
358
396
358
394
362
398
366
392
354
396
358
392
352
380
358
382
358
390
352
368
346
386
356
370
346
362
334
356
344
380
350
362
340
380
346
368
346
386
348
396
364
408
368
390
344
382
348
384
348
398
360
388
358
392
354
388
352
384
352
382
362
386
362
378
368
376
362
374
374
380
374
380
372
376
370
372
380
376
380
370
380
372
382
368
376
368
382
362
378
370
380
358
376
362
384
360
378
358
382
360
378
356
380
360
370
350
374
356
372
352
372
356
366
352
366
352
360
344
360
344
358
