320
322
316
330
322
322
318
332
320
328
324
336
328
338
334
342
330
338
326
332
324
336
330
336
328
342
332
340
346
344
338
338
344
348
346
342
348
352
348
344
348
346
346
344
344
350
350
346
350
340
342
342
342
340
342
344
336
346
344
352
332
344
340
354
340
348
344
358
336
352
350
364
336
354
340
360
338
346
338
354
346
344
340
346
342
332
336
318
326
314
332
304
326
314
328
306
326
320
332
308
318
314
334
320
322
328
328
336
312
332
312
336
308
338
316
336
310
326
316
330
322
312
320
306
332
308
326
306
332
296
328
302
326
300
326
308
318
314
324
318
306
318
310
332
296
328
306
338
296
322
296
328
298
314
310
320
312
294
302
330
394
320
322
326
326
318
332
324
326
316
332
324
328
322
340
330
338
326
342
332
338
332
342
334
348
336
342
340
344
334
340
340
346
342
340
342
348
342
344
344
346
334
344
344
340
336
346
342
350
344
348
344
346
346
348
342
348
342
354
342
348
338
350
334
358
348
354
338
352
344
366
336
350
332
350
342
346
338
354
320
250
248
236
252
230
254
262
292
298
328
326
340
316
328
316
326
304
322
306
316
310
324
312
316
316
318
324
302
322
306
330
300
320
300
332
306
320
312
328
316
308
314
316
322
294
322
316
334
298
324
308
336
304
326
306
328
304
318
312
320
314
314
324
312
330
312
336
306
332
304
330
300
324
296
330
316
308
302
308
318
290
300
328
320
328
322
328
326
326
330
326
326
324
338
328
334
324
340
332
336
326
340
334
338
332
348
334
342
332
342
338
348
338
352
344
350
340
348
342
356
336
350
344
350
342
354
346
354
338
348
342
354
340
344
334
352
338
352
334
354
334
350
340
354
338
354
336
352
336
358
338
352
336
374
356
354
342
322
310
284
196
92
96
82
102
90
116
90
128
138
196
200
228
254
294
280
314
300
328
312
324
318
328
324
324
324
322
330
316
334
308
326
300
330
298
314
308
320
310
310
310
320
316
300
318
308
326
296
324
304
326
294
326
316
332
298
320
310
322
312
310
312
320
322
304
326
314
330
300
332
304
338
304
328
310
322
290
312
306
310
310
298
316
328
318
326
326
334
324
332
330
330
328
332
330
332
336
334
336
330
336
334
330
328
340
338
344
332
342
334
340
336
346
344
352
336
354
346
350
340
352
340
354
340
354
346
354
338
352
340
354
338
348
336
350
336
350
334
354
332
348
340
356
340
354
342
354
346
354
340
350
340
366
358
320
210
152
150
126
118
82
84
70
68
70
74
80
78
74
74
60
82
68
88
82
108
124
154
158
182
190
200
194
188
200
218
240
234
260
266
300
284
318
312
336
312
326
314
320
310
312
310
304
316
306
318
298
316
302
318
292
322
304
328
292
322
306
324
304
308
312
322
314
300
318
316
328
302
328
308
338
290
322
304
328
296
314
300
316
302
300
310
308
312
320
316
334
320
326
322
334
320
328
326
334
326
336
330
338
334
340
332
336
334
340
334
334
344
336
336
336
340
338
346
338
354
342
346
340
354
344
354
342
358
342
354
338
352
346
358
346
356
340
352
336
348
338
352
340
348
338
358
340
352
344
356
344
354
342
364
354
348
336
292
182
64
34
34
40
42
38
46
48
54
54
62
66
64
72
82
82
98
92
66
62
54
58
52
62
64
62
68
72
80
68
86
76
96
90
120
98
120
128
162
166
188
200
236
248
272
294
316
324
312
322
306
316
294
314
294
318
300
320
296
324
302
326
302
314
306
316
308
316
318
314
320
304
326
316
332
296
328
304
330
296
318
298
324
300
306
304
314
306
286
312
320
324
318
318
334
320
326
318
336
326
336
328
338
328
338
328
338
334
346
336
340
334
340
336
338
340
346
340
340
350
348
346
340
350
344
342
340
356
346
354
344
358
344
350
342
352
338
352
342
354
340
350
338
348
342
354
340
348
342
360
348
350
358
376
370
342
238
152
106
52
36
42
50
50
42
44
46
52
48
48
52
50
58
66
66
72
74
66
76
82
56
72
84
94
62
62
78
60
40
46
66
58
42
56
64
58
54
70
72
78
78
88
88
80
98
110
130
148
180
224
270
282
316
308
326
292
304
294
322
292
312
304
322
300
312
308
318
314
312
320
312
326
312
322
310
322
304
330
288
322
302
330
298
320
302
328
308
304
302
304
312
320
326
326
332
326
326
336
328
330
322
336
328
338
326
344
332
340
328
342
332
342
332
344
336
346
336
344
340
348
344
348
348
348
342
344
346
348
348
346
356
350
350
342
346
350
356
346
352
338
348
344
350
342
350
348
352
346
350
350
360
366
362
296
244
180
108
64
60
62
62
62
52
48
46
42
40
42
38
38
34
36
36
32
40
50
52
64
62
68
72
82
100
120
138
106
116
126
116
114
122
124
84
78
72
46
54
56
38
34
46
48
50
58
60
72
72
82
78
82
70
92
120
166
198
252
278
316
292
314
292
312
284
302
296
314
296
304
302
312
312
302
324
316
320
304
324
306
324
292
320
296
324
300
330
310
320
312
316
308
302
314
316
344
334
338
328
336
326
326
332
334
330
324
336
334
336
328
344
330
340
332
346
330
344
336
346
336
348
338
348
348
350
342
346
342
356
346
350
348
354
350
350
346
358
344
350
348
346
344
344
352
350
342
342
348
350
346
356
368
358
282
250
230
182
130
108
74
74
64
54
50
48
40
44
44
44
44
48
42
40
42
56
58
52
72
68
66
86
80
78
90
128
144
84
120
136
132
96
160
156
150
88
140
164
106
52
102
112
70
40
92
66
32
30
54
40
28
40
60
60
60
72
76
78
74
88
104
152
204
270
284
316
296
322
286
300
294
312
300
304
312
318
316
292
316
318
330
290
322
300
336
292
318
310
334
302
312
308
324
310
300
314
320
284
268
292
314
340
332
350
342
344
330
340
334
334
336
342
336
332
342
334
336
330
346
338
342
332
350
338
348
334
350
344
354
344
354
336
350
346
356
342
354
344
354
348
354
344
350
344
354
340
350
350
350
344
360
364
344
224
136
76
54
44
54
56
64
68
60
52
50
52
58
58
54
62
60
50
54
52
58
78
70
58
114
106
72
62
142
106
60
92
162
138
86
116
142
142
94
132
160
138
88
118
144
118
90
116
100
76
106
96
60
60
78
58
30
60
72
28
24
28
34
46
62
74
80
72
68
66
88
118
170
222
288
302
314
288
298
298
308
304
298
322
308
316
292
314
306
332
292
320
302
332
294
318
306
322
304
308
316
322
314
310
122
94
114
136
174
164
188
226
272
312
354
348
350
336
338
336
344
336
334
338
340
338
338
346
342
342
334
348
336
348
338
352
346
352
338
356
342
354
342
356
346
352
340
354
344
356
348
356
344
352
342
354
360
326
222
116
56
58
64
60
54
54
58
60
64
64
64
68
68
64
66
72
56
62
108
74
54
76
112
98
84
136
136
106
78
106
128
120
80
96
156
128
94
144
154
136
120
126
144
144
120
80
108
154
122
56
106
206
104
32
84
192
84
24
130
152
44
28
80
58
26
22
38
40
48
62
72
76
74
64
68
100
164
236
284
310
294
294
300
296
304
294
310
302
312
292
318
298
324
296
324
302
326
300
316
304
324
308
296
316
302
148
102
82
74
70
64
58
60
68
102
158
230
310
344
364
344
344
336
344
336
338
340
346
340
336
342
346
342
338
348
344
346
340
354
348
350
340
354
348
356
344
354
344
354
348
358
342
356
350
362
354
342
230
120
82
70
72
66
60
62
66
68
66
66
76
64
44
76
88
56
76
98
70
52
94
100
78
66
58
124
202
120
84
134
118
74
78
186
134
78
112
198
138
100
132
208
158
82
156
234
156
80
140
220
154
90
100
230
162
66
60
120
88
42
74
96
46
48
70
44
30
38
36
28
24
28
32
42
50
62
74
80
64
68
116
212
258
298
304
298
298
290
304
298
312
288
308
292
316
292
320
298
320
298
322
306
318
308
314
310
334
282
242
188
142
98
82
74
74
68
60
42
42
74
144
244
304
360
350
346
332
344
338
342
338
346
340
346
338
344
338
342
348
350
350
342
350
346
350
344
354
346
352
346
360
344
352
346
368
354
334
262
124
50
58
80
74
70
80
70
56
60
58
50
46
66
70
52
48
82
72
66
74
92
66
52
80
152
110
32
144
274
138
68
170
164
114
96
196
168
110
100
190
168
140
130
180
192
132
98
176
212
144
108
146
154
106
138
128
86
70
42
26
28
92
100
28
40
140
72
30
50
102
42
24
38
44
26
26
30
28
34
50
64
76
72
54
82
166
228
280
304
300
300
280
296
290
318
288
310
294
318
292
314
296
326
302
316
306
318
314
324
168
108
106
108
94
88
76
70
72
74
66
74
66
44
26
70
176
264
340
342
352
338
344
342
348
334
346
338
344
340
348
342
348
350
348
346
346
350
348
346
342
348
352
350
344
366
352
302
206
116
70
58
72
74
74
74
66
58
86
68
50
76
90
56
54
124
82
52
72
84
72
62
100
90
82
96
166
176
86
166
196
130
104
118
140
150
136
98
152
152
146
90
144
180
144
98
144
164
128
100
128
164
166
86
52
170
276
110
56
80
76
36
10
154
238
72
36
144
126
44
38
88
48
28
44
56
30
30
38
34
26
24
24
36
64
72
76
56
60
118
188
260
302
294
304
278
302
288
310
286
308
296
322
292
312
298
324
304
306
310
328
170
66
62
60
66
70
72
70
74
76
66
62
62
62
68
60
30
44
118
198
302
332
350
328
340
336
348
338
346
342
352
342
348
342
354
342
348
344
350
344
352
348
348
362
366
324
196
100
76
78
80
92
88
60
64
98
72
58
114
88
52
72
80
76
90
98
94
78
60
84
110
84
68
104
178
208
142
156
238
190
112
174
172
128
70
218
242
120
82
200
272
136
64
210
264
134
54
234
292
154
52
200
328
176
70
186
334
198
98
94
128
36
14
66
140
76
38
76
60
32
66
50
26
26
34
32
30
30
32
26
26
34
34
26
24
28
50
66
76
68
60
88
150
250
310
300
296
278
302
294
314
284
308
294
318
296
308
306
324
304
332
316
210
124
52
48
44
44
52
58
68
64
60
56
60
62
68
68
64
46
38
58
140
274
314
350
334
338
334
352
344
350
342
356
342
354
342
356
340
350
344
360
360
348
272
190
100
70
82
98
94
60
78
102
64
50
60
80
64
52
94
88
46
74
194
150
80
170
146
74
112
228
144
78
130
312
274
160
178
282
164
80
202
290
178
76
238
292
168
82
194
288
186
110
220
264
154
92
176
262
172
108
140
258
230
134
134
196
162
116
240
194
68
66
144
80
28
152
174
22
66
198
74
24
102
94
36
28
48
36
24
22
46
54
28
24
20
20
34
42
58
80
90
64
80
144
246
308
284
294
280
306
290
308
288
310
298
318
298
306
310
326
344
350
318
256
234
190
164
114
76
56
52
54
52
54
54
56
60
62
68
76
72
46
58
110
238
302
338
334
336
334
348
342
348
342
358
348
362
352
364
338
316
236
150
86
68
72
78
66
56
92
82
34
74
152
76
48
176
152
66
170
170
78
120
268
168
102
186
178
116
126
238
182
120
136
270
320
196
144
274
240
130
156
214
218
148
150
190
168
142
140
184
236
178
146
148
160
158
130
130
198
188
158
98
152
166
272
170
68
156
448
260
60
164
382
144
34
206
284
78
56
120
66
32
68
86
44
36
36
28
24
22
32
26
16
18
20
26
30
26
24
28
48
76
92
68
80
154
266
306
280
300
282
310
292
306
294
314
298
314
306
332
342
334
342
306
250
214
212
188
154
110
70
54
52
50
50
52
54
56
62
72
70
80
70
54
54
90
214
288
330
340
348
344
350
336
330
302
280
254
204
174
110
88
80
104
112
72
132
100
42
102
150
84
92
162
128
98
160
184
122
166
178
122
112
186
174
144
138
150
148
136
146
156
174
152
150
266
242
156
156
200
226
152
130
184
262
174
108
132
288
210
110
134
276
240
142
116
274
252
132
64
250
340
178
52
192
406
256
110
136
340
336
170
130
310
228
110
86
126
82
54
52
34
36
50
36
32
38
44
38
22
16
20
22
18
22
22
24
22
22
22
22
22
30
48
78
90
58
100
212
284
306
274
300
290
314
292
310
300
314
302
336
332
332
342
330
304
128
32
32
46
56
58
62
62
62
56
56
52
56
56
58
76
76
78
70
66
46
36
70
122
160
188
194
192
164
130
102
84
62
78
86
56
108
78
82
104
58
84
110
94
68
116
146
112
108
160
156
112
136
154
116
132
186
128
104
210
206
118
134
284
198
112
156
292
180
112
168
322
210
106
180
344
214
104
156
364
254
134
120
366
296
172
100
346
342
204
124
340
362
196
76
222
358
226
94
118
290
262
150
132
154
174
222
190
104
70
98
182
74
40
158
126
30
66
170
74
36
68
64
38
20
20
26
36
32
28
26
26
24
24
26
24
24
20
24
28
46
82
86
56
132
236
290
304
272
294
294
312
292
300
302
334
332
342
330
336
354
324
194
114
80
74
60
60
66
66
66
64
62
60
56
58
50
84
120
114
90
68
64
48
54
46
54
58
50
66
60
52
72
94
60
102
98
58
102
76
76
156
92
92
236
158
92
248
208
102
206
274
124
164
294
148
130
318
212
102
254
288
148
132
332
224
110
158
312
192
120
152
286
212
128
144
302
196
108
142
284
206
140
134
266
224
152
122
226
234
190
130
204
256
168
114
172
168
158
126
182
204
178
156
298
202
46
92
374
212
46
90
354
174
46
166
234
90
70
150
94
52
54
58
24
18
24
34
44
46
36
32
28
24
24
22
22
32
34
32
26
22
26
62
92
86
60
144
274
296
308
280
298
298
310
292
338
334
338
334
344
332
344
354
270
120
92
90
76
70
72
70
70
64
62
56
54
58
92
130
122
130
104
128
98
122
154
70
158
160
64
192
112
114
224
74
154
190
74
206
156
96
252
160
118
284
228
128
248
246
130
200
292
166
174
280
186
144
250
200
138
190
228
140
158
196
188
162
176
170
180
172
196
164
180
166
216
216
180
186
226
130
170
202
236
160
144
178
280
196
114
174
260
192
98
156
280
270
110
90
212
370
232
86
118
452
378
172
74
374
392
132
62
242
240
114
66
104
92
72
66
44
64
94
52
18
24
28
30
38
32
32
30
32
30
24
22
26
30
42
38
36
24
22
24
36
68
78
80
106
204
282
294
308
284
300
294
340
330
342
340
342
330
348
352
222
96
104
112
100
86
82
80
72
74
68
62
54
58
90
134
122
146
106
174
138
150
232
108
156
208
94
146
156
124
160
118
120
144
108
146
156
106
152
148
156
188
192
206
218
182
218
208
170
210
210
168
190
216
152
162
226
156
132
232
244
134
148
292
224
132
138
316
258
148
124
302
294
188
136
344
314
160
90
292
344
182
104
220
426
270
132
140
412
306
160
72
334
408
228
102
206
468
318
172
120
356
450
270
98
210
308
204
122
118
144
110
178
152
72
92
112
62
48
68
30
22
36
32
34
36
38
38
30
30
32
26
28
36
32
42
40
36
24
22
26
30
38
50
62
72
88
118
174
284
292
306
294
338
338
338
338
342
344
344
340
326
208
130
110
116
90
74
78
80
88
78
66
62
64
86
144
152
108
148
90
142
164
142
178
158
114
196
140
142
212
90
182
178
88
186
126
108
214
144
136
274
204
146
308
294
200
324
308
174
242
350
200
232
344
178
182
360
206
112
312
336
186
146
370
294
174
134
384
330
208
110
332
390
272
140
340
394
246
138
330
434
256
166
320
456
340
182
196
400
398
218
158
256
438
280
146
168
328
304
310
298
254
292
316
220
296
152
92
190
348
166
72
190
234
100
52
60
78
46
16
30
36
28
30
42
50
56
54
56
48
32
28
36
32
32
36
40
36
30
24
26
32
34
42
32
64
82
66
80
150
274
308
298
334
342
336
342
340
340
342
342
354
282
184
110
98
86
88
86
94
96
84
74
68
66
80
128
142
116
198
74
156
224
96
200
250
120
256
234
146
302
162
206
284
120
254
258
130
296
246
140
326
326
186
300
366
240
274
368
242
246
404
270
216
388
242
168
370
270
124
242
366
204
120
290
322
172
134
296
344
204
134
244
396
300
178
232
384
282
140
246
346
312
144
218
272
328
232
186
266
326
290
188
308
324
302
182
276
194
210
264
372
450
412
236
214
450
328
144
126
374
288
110
72
148
166
122
68
34
42
42
36
30
30
42
48
66
88
84
66
62
44
36
42
34
36
30
36
46
38
40
38
30
40
48
52
48
56
52
72
92
202
306
304
330
344
334
346
336
342
344
342
346
348
340
230
128
126
134
126
126
120
112
100
92
76
80
98
114
130
112
108
144
176
128
142
206
152
166
220
136
196
184
132
220
144
166
234
136
198
250
146
204
300
214
216
304
272
214
268
218
176
314
288
184
280
244
162
258
260
162
198
260
202
210
214
218
184
254
214
222
208
252
258
230
292
306
320
240
268
254
356
208
194
234
358
202
132
184
342
298
146
294
348
464
316
238
278
426
320
272
194
304
484
360
190
106
360
412
232
144
222
286
192
116
130
252
224
130
44
58
62
50
48
40
46
72
96
120
112
90
64
50
46
46
36
40
38
42
46
86
80
32
22
26
54
60
42
38
40
54
76
220
312
280
334
344
338
338
338
348
336
348
346
248
164
130
106
98
90
84
84
84
84
78
74
64
90
128
122
174
92
184
218
102
182
216
96
172
200
108
198
182
128
186
130
176
224
122
200
224
146
234
232
168
260
272
194
278
302
162
202
294
186
230
330
228
190
298
222
150
288
298
166
180
346
266
156
178
384
260
144
176
382
284
172
158
384
336
208
140
364
394
230
112
254
472
302
144
94
406
428
254
200
334
480
348
232
206
418
440
252
136
150
374
336
178
212
202
290
272
252
142
160
320
228
152
232
210
118
76
100
88
76
58
64
78
106
126
122
168
110
50
48
54
50
46
46
46
40
44
60
70
52
44
52
56
52
42
46
56
48
46
236
312
292
346
338
340
342
344
342
342
358
200
106
92
88
82
86
82
84
80
74
74
72
62
60
92
130
132
166
110
162
220
98
170
260
118
186
294
130
200
272
120
258
184
174
312
150
244
300
152
296
300
178
286
326
214
272
376
226
232
390
224
196
378
256
174
350
280
156
296
358
214
164
356
304
196
160
370
322
200
156
378
334
216
152
380
362
240
140
288
440
302
184
166
414
388
224
126
296
472
378
226
260
428
378
236
214
280
394
328
168
228
294
308
300
390
228
124
258
362
196
142
340
328
200
124
122
40
84
134
92
74
68
88
110
144
150
132
114
82
56
56
64
56
56
62
46
44
50
30
64
74
48
62
54
54
52
66
56
46
190
304
306
294
336
334
348
338
340
344
358
320
120
104
90
82
74
68
68
72
70
68
68
72
56
60
90
134
164
106
162
150
118
154
154
180
180
158
230
188
186
210
144
198
188
140
250
172
202
284
186
234
322
224
238
344
242
200
332
282
190
324
272
170
316
314
170
260
316
178
198
342
242
172
264
342
216
160
276
372
246
178
274
354
256
212
286
364
302
214
246
340
354
230
248
248
346
260
290
262
306
346
306
308
272
310
332
396
278
230
236
236
368
408
288
292
460
412
224
188
368
318
186
246
288
192
86
46
46
96
118
78
66
92
114
134
136
114
114
104
90
64
54
64
64
52
60
50
44
68
82
58
48
42
46
50
60
78
62
80
214
332
310
320
306
340
338
342
332
348
340
344
164
78
82
78
82
76
74
74
70
70
66
64
60
54
60
90
136
202
116
194
188
92
244
232
114
202
260
138
222
238
126
244
166
162
228
128
224
200
158
244
214
204
256
228
202
250
262
172
240
264
182
218
256
200
202
232
220
220
248
246
210
242
296
202
198
240
310
240
236
270
322
232
218
282
354
254
192
228
322
308
186
206
328
382
268
194
270
418
338
220
176
364
358
252
158
294
440
384
304
156
182
320
252
216
198
374
426
296
180
260
328
210
172
154
190
232
106
48
84
94
92
92
92
104
128
138
136
132
104
78
64
68
80
74
46
58
58
58
62
96
90
72
60
52
68
108
138
176
284
322
324
306
322
316
338
332
346
338
342
356
274
74
94
82
68
68
68
66
70
68
66
60
56
58
52
60
86
124
160
168
190
176
146
202
218
126
196
260
136
200
270
132
270
224
186
308
176
264
268
156
290
266
144
286
310
190
270
342
194
220
330
210
200
338
228
166
312
270
168
296
328
220
238
374
312
196
250
382
284
168
274
392
302
216
280
414
364
232
134
362
414
316
182
322
414
364
236
202
412
386
284
176
308
390
310
232
204
360
406
374
240
196
230
218
216
198
250
310
250
194
184
242
296
254
176
262
328
238
70
78
110
114
122
110
118
110
132
146
132
102
84
74
82
104
66
58
70
76
74
76
78
68
70
88
120
184
234
310
328
336
306
332
314
330
308
334
342
340
338
352
306
118
74
76
68
66
58
62
70
66
66
64
62
66
54
52
50
76
124
166
178
276
166
170
204
130
198
224
158
170
190
194
176
194
218
182
222
202
192
246
186
230
264
178
216
290
192
186
280
224
188
274
236
192
294
270
172
274
296
190
240
340
256
186
320
322
212
188
350
328
202
200
360
338
246
212
344
380
246
162
238
396
344
226
262
362
332
212
172
300
400
320
248
286
344
302
236
202
208
328
324
252
258
236
198
240
384
326
210
208
364
324
234
342
338
232
194
256
216
90
110
114
98
96
112
146
140
126
124
130
116
102
100
120
100
58
74
104
124
104
94
86
100
126
186
250
314
324
338
308
336
316
336
312
326
312
334
342
332
348
354
188
46
58
52
64
114
154
168
126
78
72
64
52
52
46
50
50
52
68
100
112
156
188
192
226
238
276
274
208
252
264
158
248
230
188
268
170
220
238
138
256
216
174
274
222
176
264
252
164
252
270
174
234
276
178
196
250
212
200
200
198
230
240
250
210
234
222
218
204
250
230
230
258
288
270
280
224
270
242
284
194
218
278
268
282
278
270
282
326
240
238
294
382
388
316
232
314
376
274
208
228
376
378
296
184
202
422
410
294
214
380
416
300
260
294
262
156
146
114
86
166
136
116
100
128
144
164
186
170
142
132
118
112
132
94
78
102
144
166
166
158
158
210
254
310
324
340
316
334
318
334
312
336
316
340
314
332
342
340
356
286
88
118
186
240
270
240
156
80
54
60
62
58
52
56
50
48
54
58
62
54
58
96
180
266
330
354
352
348
352
338
330
320
278
254
244
270
274
266
270
200
240
266
168
278
284
154
270
314
174
234
328
202
232
346
234
184
334
240
150
286
288
190
254
360
252
176
304
346
286
186
288
368
316
208
312
398
272
172
236
394
306
218
188
286
336
312
286
344
416
322
178
222
446
434
350
216
314
448
402
278
190
322
414
332
228
180
310
390
304
222
242
310
286
208
230
190
248
310
150
74
176
218
150
112
126
152
150
166
178
182
182
170
154
150
156
174
184
180
198
236
262
284
326
326
346
318
336
322
338
320
336
322
340
318
334
324
340
340
338
344
294
286
312
274
196
108
36
28
44
54
64
54
48
54
54
48
54
52
44
58
122
234
306
358
356
364
354
360
360
368
364
370
378
308
204
194
178
164
166
134
220
228
188
266
250
192
172
160
204
186
200
216
216
212
230
210
180
266
258
168
240
306
202
188
320
288
188
240
354
318
222
256
382
354
218
244
396
340
198
216
346
348
226
254
302
348
348
280
260
402
350
226
242
302
384
334
256
270
346
376
262
142
118
126
110
92
126
102
126
168
252
216
182
182
256
258
200
158
156
116
90
172
242
178
148
116
148
172
176
184
192
196
206
230
216
222
252
278
276
298
310
344
332
350
328
344
322
338
324
338
318
338
322
342
324
334
320
346
330
342
350
306
182
94
44
30
34
50
46
54
56
60
48
42
44
40
42
34
74
158
276
354
376
358
360
356
360
350
368
352
360
358
368
368
260
118
128
136
110
90
84
94
148
206
248
260
192
212
174
118
238
284
146
214
302
172
196
304
198
174
254
230
192
216
272
232
216
276
266
208
258
280
250
234
260
288
288
226
252
302
328
230
230
298
366
284
240
280
338
268
232
242
314
348
236
204
224
362
332
248
214
204
190
150
110
96
88
80
64
52
56
84
94
104
98
176
216
172
80
50
50
60
84
144
212
226
208
172
190
254
274
268
258
264
308
316
308
312
324
330
360
328
352
330
346
322
346
324
342
322
342
322
338
326
346
324
344
318
338
336
350
340
134
34
46
50
48
50
58
52
54
48
52
48
34
28
56
122
222
314
372
368
362
356
358
360
352
362
358
362
352
366
356
362
368
272
100
102
126
138
132
110
86
82
96
136
196
212
212
204
168
198
232
196
186
274
224
160
306
274
150
260
322
210
212
350
286
194
292
346
230
168
322
342
222
154
322
378
248
154
300
412
340
230
292
428
350
240
222
418
370
250
162
318
406
324
212
190
374
390
320
220
222
304
254
200
148
132
114
96
88
66
52
46
36
32
44
56
60
56
70
84
104
118
182
326
304
330
320
274
264
306
318
314
328
336
328
346
338
354
330
354
332
352
326
350
334
344
320
344
330
352
322
336
322
348
318
340
322
342
342
350
266
72
44
54
64
54
50
54
54
50
38
28
36
96
184
288
346
376
362
358
352
360
358
362
354
360
364
356
362
338
358
356
372
346
170
86
98
116
114
96
86
80
82
66
60
86
128
180
178
200
274
154
174
286
186
170
226
204
200
214
230
266
252
206
270
326
266
222
292
268
212
284
340
262
190
226
296
278
232
264
278
264
244
292
306
296
242
266
324
336
278
260
278
276
272
270
314
278
280
272
300
328
296
266
258
300
282
246
198
264
320
276
212
210
254
222
164
166
224
310
350
342
326
340
348
336
340
364
342
328
318
316
324
320
348
338
354
334
358
336
360
332
352
330
352
324
344
328
354
322
348
328
352
320
340
324
346
318
336
336
354
196
54
62
60
60
54
46
40
30
30
80
158
266
344
380
364
360
354
354
354
354
364
354
364
362
366
358
358
360
360
358
362
370
360
310
244
198
154
130
106
96
82
70
70
76
64
68
90
146
186
224
230
238
296
280
208
276
292
224
222
318
276
218
282
288
222
250
296
212
174
278
348
256
186
300
298
200
176
316
366
224
162
300
372
278
182
254
380
306
216
196
352
354
260
170
266
390
346
250
202
322
368
332
248
250
330
332
318
310
330
354
332
358
384
318
278
288
204
240
326
380
396
372
368
364
350
332
326
342
346
356
338
360
332
356
328
352
340
360
332
360
340
352
326
350
334
354
320
350
326
350
326
348
326
348
320
340
318
330
344
348
268
64
38
44
38
40
68
102
160
246
326
364
374
358
356
350
356
350
358
358
358
358
356
366
358
362
360
366
354
364
358
360
362
366
380
380
378
346
266
222
164
118
120
120
108
102
106
130
152
158
168
232
302
302
288
300
308
272
254
270
286
280
264
272
294
274
274
292
230
188
254
308
294
234
260
292
262
220
272
292
292
270
290
290
286
268
290
308
324
272
280
324
314
294
292
306
260
240
288
338
278
262
246
310
364
304
252
264
354
338
290
258
350
356
294
284
296
254
294
290
298
328
312
318
340
332
354
344
358
340
356
342
362
340
360
338
356
336
358
344
360
334
350
334
352
330
356
328
352
328
344
330
352
326
346
326
344
318
338
338
334
342
226
184
176
198
254
306
346
360
368
354
358
348
352
354
352
356
352
360
350
356
356
360
360
358
362
358
366
360
366
356
364
360
368
362
368
368
372
386
380
358
318
302
282
272
270
292
312
332
324
332
350
358
368
368
364
354
346
326
346
332
308
316
318
294
296
338
324
298
306
342
260
176
170
160
132
128
206
216
164
160
258
274
208
170
280
302
244
230
302
352
326
252
226
320
318
224
184
292
340
314
250
258
310
304
296
318
320
302
304
330
332
298
284
342
332
284
318
330
328
352
342
362
346
362
346
364
348
368
344
360
340
366
348
360
346
366
342
360
342
358
336
362
336
360
332
354
334
356
336
350
328
348
326
352
324
348
322
338
336
340
342
348
366
358
366
362
356
352
348
356
348
354
348
356
350
354
356
354
356
354
362
356
360
356
362
360
360
370
360
364
358
368
354
368
364
370
364
370
372
372
380
382
388
380
388
382
390
376
382
376
376
368
374
368
364
362
370
376
374
380
378
386
374
382
388
386
364
380
378
382
372
352
220
152
174
202
192
178
170
154
142
130
128
140
146
148
140
124
142
178
166
192
166
208
274
230
224
352
342
296
274
284
336
338
308
304
364
362
334
316
364
354
350
338
358
350
370
352
370
358
370
356
370
354
364
348
368
348
368
350
368
344
358
342
366
344
358
344
366
344
356
338
362
338
356
338
360
334
352
334
356
328
346
326
352
326
348
324
344
332
342
342
342
342
338
348
344
348
346
352
344
346
356
344
354
348
358
350
358
358
358
360
356
364
356
362
362
364
360
362
366
358
364
362
370
360
366
364
374
366
372
370
370
372
372
376
370
374
368
376
366
376
372
378
370
380
368
376
368
372
376
372
376
378
378
364
380
376
384
372
386
380
396
384
342
270
246
234
218
210
204
198
178
176
172
168
168
164
160
152
156
164
178
216
224
256
286
338
374
370
364
364
364
356
354
370
362
356
358
368
364
366
362
372
360
370
356
374
360
368
354
370
354
368
352
368
354
366
352
370
350
368
354
372
346
364
346
366
348
364
344
368
336
362
342
362
336
360
336
356
328
352
332
354
330
350
328
354
318
342
336
344
336
340
340
344
342
342
350
342
348
342
354
354
348
352
352
354
352
364
350
356
358
360
364
356
366
354
360
360
366
360
362
364
364
366
364
372
364
370
366
376
364
374
372
372
368
372
374
372
376
372
382
372
380
372
382
370
376
370
378
372
380
380
376
374
376
378
372
376
382
386
372
382
382
400
382
370
324
292
252
184
178
216
200
188
212
200
162
170
238
304
338
352
364
376
374
380
372
370
372
370
370
368
372
372
372
370
374
366
376
366
368
362
368
358
372
356
374
366
370
352
370
358
368
354
366
354
370
354
362
354
374
350
364
350
370
344
366
348
364
340
366
344
358
338
356
342
362
328
352
336
352
328
350
330
354
326
352
322
336
340
340
334
348
342
342
338
348
346
340
352
346
348
348
358
348
350
356
350
358
350
364
356
360
360
362
360
354
366
356
364
358
368
360
364
368
368
370
364
374
364
370
366
378
368
372
370
374
374
372
374
372
382
374
380
368
376
370
378
370
376
372
382
370
380
376
378
370
376
380
378
378
384
388
374
380
380
390
378
398
362
294
308
258
166
148
156
162
228
334
372
392
376
384
370
380
370
382
372
376
368
372
368
374
372
374
372
374
370
376
376
372
372
370
372
362
370
362
366
370
374
360
366
358
368
358
368
356
370
358
366
352
370
354
370
350
364
346
368
344
366
350
366
336
358
346
362
332
354
340
356
334
360
336
350
324
350
330
356
322
336
340
338
346
346
336
346
338
342
336
350
350
344
354
348
350
348
358
352
352
354
356
356
354
362
356
362
360
360
364
358
370
360
366
360
372
362
366
366
368
368
366
376
368
372
368
378
368
374
368
374
370
374
376
370
374
372
378
372
378
374
382
368
376
374
384
366
376
372
376
374
382
378
386
380
378
372
376
382
374
380
374
404
272
112
148
208
278
366
386
392
370
382
370
380
372
382
368
380
368
376
368
374
372
380
370
380
372
382
372
376
374
372
370
370
370
368
372
364
370
362
366
358
370
362
364
360
364
360
370
358
370
356
368
352
366
350
368
350
370
350
366
338
368
342
364
338
356
342
358
334
352
338
358
326
356
336
356
326
352
326
334
338
338
342
340
342
344
334
346
338
348
346
350
350
344
352
348
356
348
352
346
350
360
360
362
352
368
358
360
362
362
364
360
370
364
366
360
372
362
370
370
370
372
370
380
370
376
368
378
370
376
372
378
374
370
376
378
378
366
378
370
378
378
380
368
380
376
382
368
376
368
380
374
382
382
384
374
380
380
378
378
386
368
190
218
332
386
384
386
370
384
370
378
370
384
366
382
374
382
364
380
370
382
370
378
368
378
370
378
374
382
366
362
376
374
368
374
370
370
372
366
370
366
372
366
368
364
368
362
366
358
370
356
372
360
370
350
370
352
372
350
370
346
364
338
362
340
356
332
358
340
358
332
360
336
354
334
358
336
356
324
338
336
336
342
342
344
342
344
342
342
350
344
350
346
356
348
348
358
352
352
344
358
350
356
358
358
362
356
362
358
364
360
360
364
360
364
362
366
362
372
362
370
364
370
370
368
376
368
372
370
380
370
374
370
378
376
376
376
376
378
380
378
380
384
374
384
382
386
380
388
374
382
380
390
380
384
384
386
380
382
382
386
360
348
396
384
378
374
388
376
382
370
384
368
382
372
384
370
382
376
382
370
380
366
382
370
384
370
382
370
378
370
378
364
372
368
376
370
372
368
370
366
368
372
372
370
364
364
362
370
358
370
360
370
354
366
352
370
352
368
354
370
346
366
350
368
338
350
336
358
340
358
338
360
338
364
342
352
332
354
334
