318
332
324
328
332
326
318
326
330
324
332
326
312
332
332
324
328
330
332
334
330
336
326
336
336
336
338
338
338
342
342
336
350
350
344
352
350
350
348
334
338
350
352
356
356
358
362
356
362
364
352
356
362
362
360
356
352
358
356
358
356
352
362
360
352
360
350
352
358
350
356
356
352
362
356
356
360
354
352
356
350
352
352
352
352
352
352
350
346
352
350
344
352
348
344
356
346
344
360
354
348
352
346
346
352
344
340
342
344
340
342
346
338
334
344
340
332
342
340
330
340
336
324
334
330
324
334
332
324
334
334
322
332
330
320
324
320
314
318
320
310
320
320
308
318
316
310
318
314
302
310
318
310
314
316
304
310
312
304
306
304
314
318
324
320
320
322
318
320
324
326
332
336
324
326
330
332
336
326
342
334
334
340
340
334
340
340
338
342
340
338
340
340
346
348
342
350
348
346
354
348
348
354
350
352
354
352
350
354
354
354
350
352
352
356
356
356
354
360
356
356
364
352
358
362
358
360
362
356
356
350
360
360
356
362
360
354
358
352
360
358
356
358
354
350
360
356
350
360
354
354
356
354
356
354
348
352
356
356
358
352
356
356
346
354
354
348
352
350
342
350
346
342
348
344
342
342
346
342
338
348
342
336
338
338
330
338
332
328
338
332
328
332
328
322
332
330
318
322
318
314
330
320
316
326
322
312
322
318
312
322
322
308
314
320
306
318
316
308
316
316
298
310
310
320
326
324
322
326
320
322
326
328
328
334
332
326
334
338
334
338
336
334
338
340
340
342
336
342
340
338
342
344
340
344
342
346
354
352
348
350
348
352
362
356
354
354
352
360
354
356
358
340
348
360
356
356
362
350
354
358
354
360
356
360
360
356
362
360
352
360
354
358
362
354
360
366
358
364
352
356
364
354
356
354
354
358
352
354
356
352
360
364
360
364
362
358
360
358
358
356
354
354
356
354
356
352
350
350
354
348
354
342
348
352
340
348
346
338
346
350
336
344
346
332
338
336
332
338
336
328
332
334
328
328
330
326
326
322
322
322
320
322
322
326
324
322
324
314
320
320
316
314
320
314
318
318
312
312
316
308
308
302
314
316
326
326
326
324
322
328
330
330
328
330
324
328
334
334
334
334
330
336
336
338
340
338
346
348
340
346
342
342
346
338
344
350
350
348
342
350
354
348
350
358
352
356
358
342
350
354
356
356
360
346
354
358
354
358
350
354
356
358
362
352
354
362
354
362
360
350
360
362
356
358
360
366
364
360
368
358
360
364
360
358
358
358
368
378
380
374
368
362
350
344
342
342
334
330
340
348
362
358
368
376
366
370
372
362
370
370
362
362
360
356
354
350
350
346
342
344
338
338
346
338
336
338
328
334
340
332
336
338
330
336
332
322
334
332
324
332
326
320
326
322
320
326
324
318
326
324
316
326
322
314
318
320
310
316
318
308
314
318
302
324
318
324
328
326
326
322
326
332
330
330
332
328
338
330
324
336
332
334
340
330
334
344
340
342
344
344
348
348
348
344
346
352
352
346
352
352
346
350
354
348
354
360
354
356
338
350
348
346
354
350
352
366
354
354
362
358
358
364
356
358
360
360
358
362
364
356
356
366
358
356
366
362
362
366
362
362
358
364
366
366
378
380
366
326
272
234
190
160
148
136
128
120
124
106
92
112
154
168
194
216
224
264
280
254
272
280
258
274
296
290
306
328
332
346
360
354
360
358
350
352
346
338
336
338
334
336
338
336
326
322
330
330
332
332
328
328
326
324
328
330
322
328
324
318
326
324
322
326
320
316
326
322
314
320
316
308
316
318
308
304
322
320
322
328
322
330
328
324
330
326
328
330
328
332
338
334
330
334
330
332
334
338
334
330
348
344
342
346
348
350
350
352
350
356
352
352
354
356
352
346
350
354
354
356
358
352
354
352
334
356
362
356
364
360
358
356
358
358
352
358
362
356
360
372
360
364
364
358
364
364
366
362
358
370
364
358
364
372
380
376
328
286
214
166
90
62
58
62
78
82
92
112
148
138
156
204
178
174
198
182
158
146
154
160
162
140
120
156
138
100
142
150
128
150
178
186
212
246
266
274
312
322
340
354
346
344
344
330
338
330
330
342
338
328
336
334
324
324
326
322
330
330
324
326
330
320
328
330
318
324
322
314
324
320
316
316
316
310
314
314
302
324
316
322
332
332
334
338
332
330
336
328
328
340
334
324
338
332
328
336
340
332
338
344
340
344
356
340
344
350
346
352
352
352
348
352
354
350
350
356
348
346
350
356
352
362
356
360
358
354
356
360
360
366
354
356
356
354
358
358
356
360
362
366
368
362
360
360
362
372
362
364
368
366
364
376
382
376
318
260
178
112
74
52
52
70
100
132
148
172
186
198
220
206
228
216
172
202
236
200
150
220
236
148
164
230
180
152
204
158
126
100
106
112
138
114
76
114
128
82
104
128
120
156
216
264
314
340
346
354
338
336
340
332
326
328
328
328
332
318
322
328
322
326
328
322
328
324
320
324
326
316
316
316
310
318
314
306
314
314
304
316
330
322
316
308
286
298
334
346
352
354
352
346
336
336
334
330
334
336
330
332
342
334
344
346
340
338
346
346
342
346
350
346
342
346
352
352
354
346
354
356
350
354
358
358
360
362
362
358
362
362
362
356
362
362
358
358
356
358
360
364
368
356
360
368
352
358
372
362
364
370
370
370
370
394
346
268
192
132
106
102
124
132
170
176
184
212
250
214
180
240
232
186
180
234
202
198
204
206
200
240
218
180
216
256
196
150
240
226
144
124
100
50
50
168
194
122
126
176
122
100
126
82
72
86
80
104
158
216
266
312
338
346
338
326
328
326
328
328
330
326
326
328
322
324
324
322
320
326
326
322
324
320
316
318
316
308
312
316
310
316
320
318
330
326
258
154
114
118
146
162
182
230
290
334
348
354
346
332
336
334
332
334
330
336
336
342
342
338
344
348
340
344
352
342
348
354
346
348
350
352
352
356
360
352
358
366
362
356
364
360
364
364
354
360
362
360
358
356
360
360
360
364
366
372
376
376
388
388
382
394
384
384
386
350
270
166
138
162
176
196
238
194
184
234
228
206
208
226
222
234
188
182
266
274
186
168
278
232
194
202
266
252
198
206
264
244
204
224
230
238
228
244
160
130
236
178
130
188
194
108
122
200
130
92
148
114
74
96
74
72
120
166
234
292
326
350
334
324
334
322
330
336
322
322
328
320
320
330
320
324
324
318
320
322
312
312
314
310
312
316
310
316
322
324
322
282
194
136
96
78
68
58
54
68
108
158
236
308
344
354
350
342
336
332
340
340
338
342
344
344
346
348
346
346
348
352
348
348
358
350
350
358
356
354
362
354
356
364
362
358
356
358
360
356
366
366
362
368
362
364
376
374
382
374
324
294
242
220
222
216
228
264
246
214
230
196
168
206
222
202
184
180
236
232
166
176
300
244
170
220
284
200
186
204
256
250
236
236
266
276
260
240
272
318
272
246
258
314
278
222
232
302
254
190
226
302
242
162
234
258
212
150
178
156
108
142
134
110
150
88
66
86
68
62
94
148
236
298
340
338
326
330
324
324
326
322
322
328
320
318
322
316
320
326
300
304
314
312
310
318
306
306
324
322
326
318
292
252
140
88
80
72
72
72
72
50
44
44
72
116
186
260
336
362
342
326
346
338
328
340
340
344
342
344
356
346
346
350
348
350
354
352
354
352
364
358
360
364
354
358
364
358
358
370
364
362
362
366
374
372
362
338
290
266
230
168
154
160
148
154
164
154
164
202
208
168
206
260
176
190
302
210
156
240
268
222
228
244
270
292
224
206
308
300
230
248
348
314
236
250
326
280
246
244
310
284
256
274
294
298
266
276
280
284
266
308
294
220
258
338
244
170
260
230
106
106
232
160
100
142
118
116
128
68
62
82
58
54
96
166
264
318
338
324
324
320
320
324
326
324
328
322
318
322
318
310
316
314
312
314
312
306
312
312
308
316
330
238
140
126
112
86
76
68
60
50
56
54
52
48
46
36
48
106
192
296
356
358
348
350
344
344
346
350
350
350
344
350
350
350
354
350
356
362
350
358
362
358
360
362
356
356
368
364
366
362
370
376
372
336
284
228
208
184
166
156
158
172
154
104
102
230
218
164
230
254
190
194
262
264
230
234
292
292
224
212
350
318
210
252
360
260
206
300
306
216
202
258
278
250
248
268
270
300
276
244
294
344
324
270
240
338
344
300
214
318
388
282
168
280
368
248
142
192
216
172
144
190
148
158
100
132
168
112
92
84
84
62
54
62
54
68
126
252
334
334
330
314
316
326
320
320
326
318
316
320
318
312
318
316
312
314
306
304
318
320
326
328
264
166
116
98
88
80
74
64
56
54
48
52
64
58
52
50
44
38
66
142
244
326
360
362
348
348
348
344
344
346
352
350
348
356
354
344
342
356
354
352
360
358
356
362
368
358
368
378
368
340
292
262
186
184
206
186
158
190
202
160
156
138
120
174
204
274
268
208
264
326
234
226
362
284
212
318
334
248
224
314
286
278
244
240
304
314
216
222
360
292
208
278
392
314
248
276
388
330
256
236
358
318
246
230
298
278
248
270
248
220
252
268
270
242
234
254
272
210
132
222
242
116
102
118
138
188
104
76
88
68
52
46
56
68
56
46
60
144
252
320
326
332
320
312
320
310
310
326
318
310
318
312
308
318
310
308
314
318
312
312
334
292
210
174
114
94
82
76
70
60
50
54
52
52
56
56
54
54
52
44
40
40
94
178
292
358
370
348
344
352
342
344
358
350
358
354
352
354
352
360
358
354
358
360
356
370
370
350
292
232
190
162
198
192
174
182
208
200
150
224
300
196
184
334
276
190
312
316
244
284
324
266
266
296
284
286
258
290
336
304
216
324
398
276
170
380
364
220
222
394
336
226
242
354
302
222
228
294
276
228
276
274
234
240
340
282
214
252
356
194
66
200
374
356
230
166
216
356
242
110
162
222
154
148
206
120
120
126
90
134
122
48
76
88
76
96
90
66
52
64
122
202
280
324
332
324
320
316
308
312
316
318
308
312
310
302
314
312
298
320
318
320
328
246
166
118
96
78
70
68
64
62
58
56
56
52
56
54
52
52
52
50
52
60
62
86
142
230
328
356
354
354
354
352
354
356
354
350
362
356
372
380
372
376
378
360
324
270
208
146
186
230
148
158
278
194
166
284
296
230
254
288
248
250
280
282
294
274
276
330
284
254
354
300
218
332
378
240
272
396
276
196
316
346
222
208
296
286
236
274
252
240
240
318
254
212
286
300
226
224
330
394
322
268
302
432
392
314
222
360
376
208
174
296
424
334
250
210
290
298
224
188
218
254
192
144
248
256
152
92
176
122
54
126
102
80
118
106
86
74
66
56
62
96
152
244
330
334
312
312
316
310
314
314
308
312
308
296
310
306
326
318
322
324
288
204
168
134
118
88
80
70
60
54
58
64
62
62
52
50
50
58
56
56
60
70
64
34
44
92
176
284
344
358
376
360
356
370
364
354
342
310
286
250
222
260
222
128
196
260
178
200
252
220
210
238
258
284
250
276
352
230
196
362
292
196
356
348
220
322
380
224
228
364
246
206
304
306
212
246
268
240
276
224
216
274
340
246
184
320
378
270
184
330
410
318
220
356
450
382
280
292
452
400
286
220
406
414
324
270
288
302
264
184
340
298
232
278
340
336
290
204
256
374
270
134
110
160
246
178
114
110
68
126
130
96
144
132
88
78
82
82
66
56
62
66
90
142
214
294
324
314
314
314
304
310
314
300
300
308
296
318
318
324
320
326
314
188
140
122
112
112
104
90
80
68
64
62
60
58
58
58
58
54
52
62
58
58
88
108
120
126
110
160
208
212
264
286
230
232
266
202
178
148
146
158
152
256
304
200
234
340
258
208
350
274
166
308
334
202
268
348
196
222
334
236
214
294
262
242
258
260
260
240
214
264
324
224
214
334
266
164
330
368
268
190
356
416
318
214
332
434
326
214
328
454
352
238
294
440
356
254
292
354
348
246
318
316
268
274
388
376
262
236
268
364
234
156
226
422
340
210
166
170
262
220
190
164
154
172
136
152
146
94
160
110
118
126
116
108
94
68
66
50
48
58
86
82
56
58
102
192
278
322
316
312
308
308
310
302
308
300
326
312
318
330
330
328
172
108
120
98
78
76
72
78
82
80
86
80
78
70
64
54
58
62
78
70
170
212
226
214
250
260
206
156
148
218
298
286
220
198
322
268
198
310
256
144
270
344
214
248
324
212
222
304
254
220
228
266
278
230
204
288
268
176
274
310
184
262
348
218
220
398
284
188
364
376
228
236
406
292
170
314
410
300
194
312
410
312
252
316
354
302
268
356
334
284
280
394
320
278
336
442
310
254
312
464
336
244
234
432
430
268
262
284
416
290
298
276
342
298
264
264
168
172
198
224
208
228
218
150
70
104
174
138
102
102
108
122
134
122
64
64
50
50
62
96
96
74
62
54
64
112
176
300
324
316
316
298
302
306
296
320
324
322
316
320
346
312
172
124
124
122
132
118
98
84
74
70
70
78
78
72
76
70
72
102
194
220
250
212
228
250
358
262
278
304
176
210
328
216
168
314
266
214
254
248
226
238
248
304
294
220
318
306
180
256
332
188
218
392
274
192
384
332
204
344
350
192
320
390
226
236
390
274
194
310
362
226
252
310
262
246
276
274
266
280
310
296
304
406
358
230
242
438
354
254
212
408
450
342
270
396
456
328
298
268
478
408
302
232
344
452
346
310
392
378
318
334
390
332
318
250
214
128
170
230
248
198
278
266
224
76
178
170
136
110
142
146
162
152
128
86
58
58
56
68
96
84
76
60
70
46
60
70
144
214
272
304
306
328
300
310
328
318
326
342
324
334
352
246
104
86
92
96
98
102
122
118
110
108
96
94
90
88
80
68
114
222
272
216
230
246
240
356
280
286
244
248
230
230
262
254
184
270
340
216
198
346
272
190
356
304
174
332
342
192
264
366
226
230
346
256
222
330
292
228
302
292
236
276
298
262
288
254
250
312
240
226
320
380
236
246
394
288
180
252
398
276
250
274
442
340
286
274
448
350
296
252
400
470
398
350
352
486
476
360
316
402
454
384
352
394
358
344
394
396
286
294
374
378
238
234
250
260
148
188
244
270
212
162
168
190
148
194
178
152
118
162
184
188
166
128
106
64
66
72
96
108
68
74
152
86
54
58
76
62
48
80
170
296
304
302
310
324
332
322
326
340
338
320
342
312
244
220
170
128
102
86
76
62
62
66
76
92
100
92
82
82
174
248
272
218
248
222
236
302
174
176
358
240
144
290
312
148
224
358
218
204
320
272
220
284
244
250
270
256
300
286
228
284
324
216
262
358
264
270
384
294
224
368
284
228
370
342
198
290
396
264
200
370
376
274
258
416
312
228
242
392
320
272
300
406
396
296
300
406
418
334
374
414
458
470
418
456
432
382
398
474
392
296
322
494
438
328
264
388
436
306
312
354
420
278
244
262
294
272
218
210
210
190
182
114
102
244
218
172
150
116
162
196
214
176
142
120
80
86
92
100
102
72
68
94
78
68
42
68
66
66
68
72
174
314
306
304
320
312
314
326
320
328
330
322
346
368
366
344
324
314
288
280
268
206
168
122
114
94
88
74
114
236
222
328
162
242
234
234
320
232
240
292
264
222
238
238
248
254
212
262
340
238
216
346
238
234
374
256
224
386
290
206
358
330
212
326
384
260
292
400
294
242
380
336
272
384
326
208
260
400
310
226
294
392
294
250
344
344
264
318
348
326
334
390
320
316
346
390
346
388
344
448
392
338
332
444
462
410
302
408
454
398
322
242
424
464
406
308
308
390
346
352
292
306
324
346
320
238
246
318
286
220
250
246
154
196
370
250
144
122
116
132
188
224
194
168
142
108
114
142
120
86
80
92
60
46
34
42
56
58
84
92
88
146
296
300
308
316
324
312
312
324
324
326
328
306
198
174
174
156
146
136
126
124
116
100
86
88
96
96
92
98
182
266
292
244
228
260
278
212
306
306
178
210
354
240
158
346
310
174
250
378
236
228
388
252
250
380
250
248
356
268
230
350
324
224
320
382
264
254
374
298
230
322
358
276
304
318
244
274
306
302
316
298
258
304
376
304
242
352
404
302
230
364
414
316
258
346
430
362
326
292
464
414
374
254
354
454
432
358
284
396
394
318
278
310
368
364
278
276
250
334
370
328
264
246
398
440
298
224
314
316
238
234
274
154
252
390
258
160
138
138
144
158
204
206
200
162
132
130
140
112
88
80
92
118
96
66
68
66
80
102
98
102
220
308
298
300
318
318
324
326
324
322
330
320
320
226
160
118
102
90
110
126
120
118
110
112
116
114
100
86
72
218
212
194
296
246
254
334
186
280
360
204
208
370
292
196
308
328
234
260
328
304
260
286
286
276
280
292
296
262
274
278
322
314
318
292
286
304
286
252
302
324
240
270
358
256
212
332
348
242
238
386
340
238
250
414
330
238
316
428
318
236
312
434
360
288
282
422
376
304
270
366
436
360
292
308
366
360
324
350
310
296
300
398
346
264
232
360
386
290
226
386
448
324
190
332
482
348
244
228
318
240
238
274
106
230
400
274
140
140
160
210
164
164
206
214
190
166
148
126
104
112
108
90
90
106
64
82
110
128
138
142
124
166
270
302
296
322
328
326
336
326
320
336
330
336
358
302
152
148
156
140
98
86
100
104
110
116
116
112
112
106
154
252
266
280
300
224
310
270
266
280
276
302
226
238
316
234
208
326
284
182
322
316
180
304
344
196
340
334
208
202
312
336
340
394
300
208
340
346
222
268
380
254
216
368
302
198
288
368
262
206
312
348
236
234
348
336
260
278
360
322
266
306
332
332
326
304
294
318
316
342
324
342
326
378
382
288
252
382
424
330
256
238
458
420
320
214
348
432
322
230
310
406
300
272
310
366
326
282
322
288
286
364
234
102
156
306
258
136
144
170
212
216
182
182
198
196
186
160
128
122
130
114
82
68
82
120
144
152
162
164
184
154
136
258
300
312
322
336
324
328
332
318
328
334
338
330
336
350
316
240
158
134
142
144
146
138
126
110
88
82
80
134
240
254
278
246
238
228
342
322
156
238
372
206
174
360
272
182
328
308
178
282
326
212
270
318
224
292
340
234
228
300
348
314
338
306
208
280
338
238
228
306
256
208
260
288
224
230
268
254
272
252
240
290
334
232
230
338
354
280
262
348
328
264
224
352
398
320
242
326
430
368
292
242
400
432
362
234
286
402
344
250
242
348
322
244
276
296
272
240
322
286
216
256
422
330
212
282
394
306
204
262
382
280
112
142
236
244
160
136
182
192
216
230
196
184
176
170
132
106
140
136
122
104
110
154
200
178
178
182
180
154
106
178
290
298
282
324
328
320
324
328
326
338
328
334
344
302
228
174
126
100
82
74
60
66
68
72
80
88
82
80
134
252
290
308
250
254
242
272
310
212
212
278
236
226
238
254
252
240
244
256
216
208
262
206
212
282
212
220
276
260
212
300
288
206
246
262
216
204
260
272
176
210
330
246
186
290
300
204
232
366
292
194
312
386
272
196
332
402
314
238
328
310
252
246
350
400
334
250
286
394
356
270
268
316
338
274
290
312
260
242
266
364
276
226
242
414
358
252
226
458
398
308
280
474
418
338
268
372
312
210
198
232
164
94
150
284
344
266
154
174
194
188
204
202
158
150
150
148
160
152
168
150
140
162
164
160
156
164
126
98
138
242
284
284
288
288
322
330
318
328
334
328
332
346
336
350
244
110
96
100
108
106
94
86
82
78
72
74
72
78
76
126
224
222
268
246
278
250
264
184
222
286
182
246
334
206
196
332
224
166
314
252
192
304
228
188
324
244
162
308
296
204
282
320
218
192
332
274
172
256
350
232
168
332
298
190
262
330
230
212
334
308
210
250
320
262
250
282
302
276
286
306
290
258
326
348
320
270
302
366
308
270
264
400
360
270
226
420
410
332
214
376
446
376
282
260
462
434
310
256
390
426
362
342
374
410
348
292
270
240
196
162
140
140
156
154
226
308
316
276
204
172
176
178
190
170
148
152
172
192
166
168
174
168
164
144
110
78
96
140
220
278
294
274
274
286
276
318
326
328
322
328
332
332
330
350
304
186
134
102
108
98
78
70
74
80
88
90
88
78
72
74
82
200
246
278
222
280
296
276
210
226
276
228
234
252
220
208
222
216
208
198
206
196
184
194
196
198
206
216
234
240
188
204
260
216
194
246
256
218
250
254
224
258
248
226
258
256
228
242
316
254
212
290
302
240
228
348
328
258
220
354
354
300
230
374
372
326
236
344
406
342
254
256
410
386
326
272
384
418
340
284
352
370
304
306
350
314
328
338
416
304
280
398
456
322
266
348
352
226
182
172
156
162
152
166
162
168
280
288
268
258
208
158
152
152
174
180
164
176
186
186
188
176
120
68
62
108
182
246
284
282
280
272
270
280
276
268
318
318
320
320
328
328
332
352
264
104
90
94
84
88
92
94
96
90
80
72
70
70
68
72
68
82
216
200
280
270
262
242
276
228
250
218
218
252
180
206
246
186
212
274
210
232
296
234
250
282
186
176
298
222
158
244
224
158
194
280
200
172
280
284
178
204
366
284
184
324
316
206
246
382
300
180
296
370
284
206
320
360
274
208
312
336
276
260
320
314
250
262
288
294
256
262
346
322
292
276
380
338
266
286
410
380
282
248
414
428
308
250
454
488
428
354
416
506
452
350
304
354
274
200
182
156
132
132
150
164
184
248
262
240
208
216
210
176
192
200
192
186
186
180
168
124
78
90
152
216
280
286
274
276
274
272
276
270
272
270
268
320
324
322
320
332
328
302
232
134
108
130
110
110
106
96
68
66
64
72
70
70
60
54
60
60
66
120
194
198
160
190
192
212
194
160
164
174
174
188
190
194
198
208
206
204
220
214
222
240
252
264
244
238
244
208
258
272
200
204
324
250
176
234
268
208
222
292
262
212
290
296
238
246
278
256
230
252
262
230
266
262
238
208
292
274
236
250
340
314
250
220
382
374
292
194
354
416
340
260
316
436
386
296
316
436
420
350
324
434
448
378
392
386
356
304
294
276
258
244
176
138
140
128
112
110
126
172
214
232
234
248
260
276
250
236
234
220
208
184
190
188
162
124
76
54
100
206
276
280
286
274
264
276
278
264
278
280
268
270
274
268
316
318
334
322
324
328
326
290
296
288
216
108
58
58
66
80
82
68
58
52
54
58
58
52
54
76
74
76
76
82
82
80
92
158
210
254
276
286
298
302
326
268
232
238
224
200
164
134
132
198
266
268
202
208
312
234
208
268
282
242
214
254
234
194
240
314
234
190
310
278
206
266
342
260
192
290
314
224
210
320
316
238
212
304
294
228
232
300
268
238
250
292
308
274
280
294
296
302
338
356
334
316
362
366
324
268
318
308
266
246
214
196
148
138
134
124
108
90
90
96
102
82
102
106
110
148
254
278
270
270
304
296
282
260
242
204
208
206
144
116
78
56
80
144
228
282
288
268
274
276
258
272
280
264
272
284
258
274
282
258
278
322
316
322
328
326
324
316
250
154
106
74
80
86
78
64
46
48
60
66
58
54
52
50
58
64
72
74
68
74
82
70
134
218
298
302
300
302
312
318
318
326
244
236
232
224
180
136
124
116
140
162
194
258
216
234
276
176
306
338
224
184
320
298
204
230
294
246
210
272
264
236
248
278
258
240
250
258
246
272
242
224
242
254
208
196
240
260
258
246
298
314
248
198
292
338
290
222
242
334
362
306
206
278
356
348
202
174
152
140
124
114
114
144
108
130
114
130
142
154
208
210
168
178
228
214
256
380
344
318
370
380
286
252
234
196
182
150
96
66
104
164
240
264
284
288
268
270
276
266
268
272
266
270
274
268
274
274
274
266
272
276
316
320
326
316
324
312
158
122
152
110
78
60
54
52
52
62
64
56
50
56
56
62
54
56
66
62
54
60
52
70
168
282
302
296
286
316
320
318
322
332
308
238
240
222
202
190
176
138
120
114
122
142
160
194
230
226
262
272
300
284
288
252
220
244
256
216
232
288
214
186
286
264
202
216
300
264
210
228
292
254
228
244
272
248
228
258
252
242
240
246
262
260
268
262
240
248
278
254
240
258
256
238
266
264
242
292
376
356
246
318
298
198
152
230
288
272
242
214
208
244
254
260
262
300
360
366
314
304
332
328
230
210
194
152
110
70
72
128
224
276
286
282
274
280
260
264
268
264
264
270
260
266
280
268
272
282
270
272
272
268
274
324
312
318
322
324
314
250
180
90
58
58
70
80
70
54
54
54
52
54
54
62
66
60
56
58
50
42
44
120
238
312
294
300
320
324
332
334
332
326
336
296
224
212
212
218
192
150
146
144
132
116
104
114
140
202
214
268
304
250
250
292
262
204
256
268
222
246
260
222
242
246
232
250
282
258
256
272
270
244
266
288
270
248
254
274
252
228
224
228
232
224
222
242
244
218
222
232
224
226
232
224
294
316
332
296
348
448
432
414
436
398
342
346
288
258
272
256
230
222
246
274
318
324
298
332
338
268
252
222
170
126
88
64
70
106
176
248
284
288
272
276
274
270
276
266
262
268
266
272
266
262
274
270
268
276
272
272
280
264
270
284
316
310
318
318
308
176
78
66
96
90
86
72
58
56
60
56
50
48
54
58
56
66
60
52
48
36
92
194
306
308
320
324
334
334
338
340
328
334
338
336
272
230
232
220
198
180
172
154
128
110
116
112
120
156
174
170
184
198
162
192
220
182
170
142
142
176
198
184
198
212
208
194
218
226
212
210
220
216
208
210
198
194
192
190
182
196
222
222
222
228
224
202
204
210
206
206
208
208
210
208
210
248
274
272
302
314
328
310
360
372
310
310
372
304
244
270
248
224
238
222
202
200
192
168
138
130
100
66
54
56
88
132
202
252
278
294
276
272
276
270
278
280
264
270
268
268
268
268
270
268
268
274
266
276
276
270
278
274
268
276
280
324
310
320
320
226
140
190
178
120
76
48
48
52
60
56
54
56
52
56
56
58
54
42
44
104
192
300
330
326
334
340
334
336
340
336
342
340
340
334
346
284
222
216
212
190
170
168
148
124
122
134
136
150
150
154
174
176
160
162
150
118
154
194
208
204
194
176
168
170
162
170
160
160
154
146
158
160
154
152
150
156
156
158
156
150
166
198
194
194
196
202
200
196
196
202
208
210
206
198
194
186
240
226
134
140
166
172
166
156
162
158
154
154
136
124
108
88
82
70
62
76
62
18
24
22
20
72
162
202
248
282
278
290
284
272
270
270
284
272
274
276
264
272
276
264
270
270
262
276
274
268
268
272
274
270
278
276
272
276
280
276
318
306
318
324
266
184
128
88
64
58
52
54
52
58
62
56
48
50
58
46
38
48
98
204
300
340
330
342
344
334
334
336
334
340
344
346
326
340
346
344
270
214
212
192
168
164
156
142
146
146
152
138
124
150
174
162
152
160
142
182
244
306
314
320
314
322
322
318
326
316
322
322
322
326
320
326
324
330
332
324
334
334
330
342
330
228
174
180
194
186
180
192
202
206
208
212
204
200
210
210
250
236
84
58
68
54
54
68
72
72
74
78
78
100
110
122
152
160
192
154
82
58
90
172
102
84
198
312
292
304
276
282
282
270
278
284
274
278
280
274
274
276
276
270
270
280
264
272
278
264
270
276
264
276
282
272
282
280
276
288
280
314
314
326
272
210
144
94
74
60
52
50
44
50
48
46
40
46
42
32
54
118
234
308
334
324
336
328
330
334
332
340
334
330
338
334
330
334
340
346
308
208
192
162
140
138
144
136
140
146
140
150
150
156
150
150
186
238
210
254
308
316
304
308
314
304
312
320
314
318
312
320
316
324
326
318
332
322
332
328
320
330
324
332
338
262
192
182
188
202
202
194
178
184
200
222
218
216
226
228
270
214
70
120
284
280
264
258
264
276
272
270
286
282
300
302
304
312
316
306
142
68
84
164
218
188
112
228
290
280
290
280
284
280
274
282
276
280
284
272
280
276
272
280
278
272
280
274
274
272
276
274
272
280
280
276
284
290
272
286
292
274
318
314
322
236
142
80
66
68
60
44
40
40
44
48
40
34
48
94
168
262
332
336
328
326
324
334
328
338
334
332
338
332
330
330
328
336
336
334
336
220
160
174
168
122
136
128
94
126
150
140
156
164
172
208
270
308
310
312
320
310
312
310
306
310
314
322
318
326
326
318
324
324
324
332
322
332
324
334
338
328
332
328
342
270
196
178
204
206
196
174
180
210
214
196
216
230
218
252
282
184
74
146
294
318
308
316
314
306
312
302
306
312
298
310
306
298
308
288
152
74
90
140
176
128
142
162
270
286
278
284
280
286
282
274
282
278
282
288
274
284
278
272
280
272
276
284
270
278
280
272
282
284
276
286
290
288
286
286
284
286
284
324
310
188
128
90
68
54
50
46
36
32
32
44
72
112
172
246
300
342
332
334
334
322
336
334
328
326
336
336
324
332
336
330
332
328
336
330
328
338
254
200
190
224
204
188
198
210
244
208
200
232
270
298
318
308
310
310
312
314
316
324
316
318
324
322
324
320
326
324
320
330
322
326
334
322
330
334
330
332
334
342
348
314
198
186
160
164
174
196
214
198
182
198
226
208
210
274
272
168
92
192
308
320
316
298
310
308
298
308
304
304
298
300
306
290
304
316
178
70
110
120
126
142
142
88
190
294
274
282
286
272
286
284
272
286
282
282
284
278
284
274
278
280
274
282
284
272
278
280
280
286
280
286
292
284
294
288
282
292
294
278
326
264
132
78
30
18
28
40
52
76
116
166
220
278
314
342
340
332
334
334
332
326
332
336
324
334
338
330
328
332
338
330
336
344
332
340
338
334
336
338
332
320
328
340
336
350
348
330
328
330
324
312
312
318
308
314
322
326
322
322
326
320
332
332
326
336
326
322
326
328
328
318
320
332
332
336
330
326
326
324
350
320
192
146
182
134
126
178
212
204
214
234
234
222
256
270
212
136
118
220
328
320
312
314
312
316
304
310
312
302
308
304
296
304
298
314
266
120
100
166
138
102
170
158
136
252
298
286
286
278
284
280
278
288
296
270
282
286
272
280
276
274
280
284
282
276
280
282
274
286
288
276
286
290
282
290
288
288
294
290
290
326
280
154
100
116
150
196
232
266
296
324
342
334
336
328
328
320
316
324
326
324
326
322
332
326
330
330
334
336
322
334
334
332
336
334
334
330
340
338
334
344
342
340
340
342
340
330
336
338
322
328
328
320
326
326
328
324
330
334
324
332
338
334
332
338
340
328
338
334
328
336
332
332
330
330
336
326
330
334
342
290
154
134
160
162
162
216
232
236
252
266
258
250
252
206
164
112
156
252
324
326
312
318
316
316
322
308
312
310
302
308
302
300
304
294
314
232
138
166
160
162
142
158
126
222
296
296
278
286
286
276
292
290
288
286
284
284
274
280
286
270
282
286
270
282
282
274
288
284
282
286
288
290
280
286
292
282
292
290
280
294
316
328
326
334
330
328
334
332
330
324
328
330
320
322
322
322
322
326
326
320
326
336
326
328
330
332
330
326
336
326
336
332
332
336
326
330
332
328
328
334
338
330
336
342
334
338
340
334
336
336
338
326
332
340
330
336
334
336
338
334
342
334
330
336
330
334
330
338
336
334
340
332
342
334
330
338
334
336
334
230
124
162
216
248
214
204
244
250
244
238
236
200
184
150
130
138
196
292
328
320
322
306
320
316
308
322
314
310
308
298
308
294
304
306
292
306
258
186
156
168
182
172
158
196
292
292
294
288
294
288
292
296
282
290
294
280
288
284
282
282
284
284
278
290
288
272
286
294
276
292
298
278
292
292
284
292
292
286
286
294
292
312
316
328
326
320
322
330
314
320
328
320
318
330
328
316
328
336
324
330
330
326
328
328
336
322
330
336
320
330
334
336
340
330
330
326
336
336
328
334
328
326
326
332
336
330
336
334
332
338
332
334
332
336
338
332
340
330
336
336
332
342
338
338
338
328
338
332
336
340
340
340
334
342
336
336
344
330
342
330
282
288
312
328
330
334
340
276
208
168
158
158
150
154
140
192
262
312
340
320
316
322
312
318
312
314
314
304
316
312
306
314
296
296
300
294
300
286
230
182
204
188
172
226
304
294
298
292
290
292
280
294
296
286
294
288
286
294
282
294
294
282
284
290
282
290
292
294
288
290
294
282
294
300
278
294
296
276
294
298
280
296
304
310
304
312
312
306
306
310
318
308
312
320
314
324
318
318
318
322
330
318
322
334
320
328
334
334
324
334
336
328
342
344
338
344
338
342
344
342
346
344
346
346
344
350
342
348
340
338
344
334
350
346
346
348
340
352
344
342
344
334
342
342
338
338
332
346
332
340
338
332
338
324
330
332
334
336
328
332
332
336
348
328
334
336
324
256
158
168
150
164
162
164
234
286
326
342
330
326
320
324
324
316
324
324
316
324
316
316
306
310
316
298
310
306
292
306
304
302
286
272
282
284
306
308
284
298
296
286
296
292
286
292
290
288
280
280
288
274
284
280
276
286
276
280
288
280
286
286
284
288
290
284
286
290
292
284
290
296
282
294
302
