328
336
330
326
334
332
330
336
330
332
338
340
338
340
346
348
348
344
344
354
350
344
364
348
350
354
356
352
348
356
358
356
338
342
364
356
356
364
352
352
354
350
362
356
362
360
360
368
368
376
364
368
372
364
364
366
364
362
358
366
362
362
364
362
372
360
364
382
364
364
370
372
364
360
366
358
362
366
364
366
360
362
362
360
362
364
378
360
360
376
358
360
368
360
358
354
360
350
356
356
350
360
358
350
360
356
356
356
362
358
350
356
350
350
354
342
352
348
340
350
340
344
338
346
344
330
352
344
336
350
344
334
344
332
338
338
336
336
328
330
324
330
324
312
326
326
314
328
322
316
336
326
322
332
322
320
316
316
318
312
320
322
332
332
332
334
332
336
336
336
336
332
338
340
332
336
338
340
344
344
342
352
358
342
350
358
346
350
354
352
356
356
350
346
346
354
360
364
356
358
372
360
356
368
360
362
360
366
366
360
368
366
368
366
366
370
362
362
372
362
364
358
366
362
362
372
364
366
362
368
374
362
368
368
364
368
364
368
362
362
368
356
368
362
360
366
360
364
358
362
360
354
370
354
356
364
352
360
360
360
358
358
358
354
360
350
346
360
352
350
356
346
350
350
352
346
346
358
344
350
356
340
348
354
340
342
340
344
332
340
340
330
342
332
336
346
328
332
338
326
332
336
330
328
324
322
324
324
324
312
312
320
314
328
318
318
330
320
320
324
320
320
316
326
334
330
336
332
334
338
338
340
338
344
334
344
356
338
342
346
344
354
344
348
350
348
348
348
360
350
350
360
354
356
356
360
366
354
362
358
358
358
362
366
360
358
372
366
362
360
360
370
358
358
368
360
364
366
370
360
362
370
358
364
366
360
366
364
366
362
364
368
362
372
360
364
376
362
370
368
364
362
364
368
358
366
372
368
388
376
374
368
364
370
366
384
374
378
382
366
366
362
354
358
358
360
352
356
358
346
352
356
346
354
346
348
352
348
348
344
352
344
344
352
338
342
350
336
340
340
334
340
342
338
332
342
338
328
344
330
328
338
326
332
338
322
330
328
324
322
322
314
322
324
322
316
328
324
316
332
318
316
348
322
330
328
326
328
330
334
332
346
342
336
356
304
220
296
350
366
344
342
348
344
348
344
348
356
348
350
354
356
352
354
360
356
356
360
358
360
356
362
368
358
362
362
362
364
362
366
364
360
366
360
366
364
362
368
362
364
364
362
364
366
366
358
362
364
356
370
364
364
368
360
366
362
368
364
364
376
360
362
364
360
380
378
380
350
310
250
196
160
154
154
156
156
168
194
214
252
276
312
330
356
372
364
374
372
368
374
366
364
354
354
354
342
352
346
346
350
344
348
344
344
346
338
348
336
340
344
330
344
342
330
340
334
332
338
334
336
324
336
332
322
332
326
326
334
322
326
328
312
328
326
318
326
322
314
322
324
326
318
330
328
316
328
334
328
324
330
338
334
232
152
172
250
298
248
198
204
280
356
372
350
344
352
348
346
352
348
356
352
350
356
358
356
352
360
362
354
360
356
358
360
360
362
360
362
368
362
364
360
362
364
364
368
362
362
366
362
366
362
364
372
362
364
366
368
364
362
370
362
366
370
362
370
362
360
364
362
364
362
374
378
370
310
228
168
120
84
76
70
72
90
84
70
72
84
86
82
96
98
120
146
158
194
220
230
226
256
274
270
302
324
330
356
358
366
358
364
354
342
356
340
340
366
340
344
344
342
334
332
350
330
334
340
330
344
338
328
322
326
342
330
320
326
328
328
326
322
330
318
324
328
310
326
324
314
324
320
316
326
318
324
312
326
334
332
334
336
330
346
326
214
146
100
64
118
176
196
162
114
148
244
352
368
354
348
350
344
344
350
350
354
350
350
360
354
358
362
356
360
358
362
366
360
358
364
370
362
364
368
360
360
372
366
368
362
368
366
364
364
358
360
362
358
370
360
366
370
362
368
362
370
366
362
364
362
372
374
376
390
374
352
272
172
92
84
88
90
118
132
122
124
138
154
132
130
158
170
140
152
150
156
140
126
130
122
114
120
126
110
120
134
130
148
168
174
212
244
276
312
336
356
348
360
352
336
350
334
338
344
336
338
334
340
330
336
346
324
334
326
328
346
330
322
332
326
330
324
316
326
320
322
322
324
324
318
330
322
310
322
324
316
324
308
336
332
334
338
332
330
344
294
114
154
160
118
64
52
74
92
98
78
52
112
212
338
364
350
348
348
352
346
348
352
354
356
354
358
358
354
366
360
360
362
364
366
362
366
364
364
364
364
366
366
362
368
368
368
366
364
368
356
360
366
358
368
364
368
360
360
370
368
378
382
386
382
376
358
318
298
256
220
170
128
132
156
178
156
168
176
168
172
158
158
166
150
166
148
156
164
208
166
164
162
194
166
148
174
172
132
136
164
138
124
142
116
88
102
96
84
114
142
166
218
270
310
340
352
344
348
338
334
344
330
334
332
330
332
328
332
324
324
332
316
326
326
320
332
318
318
328
316
322
326
320
324
324
324
320
322
328
314
322
322
302
326
334
326
330
334
332
320
328
232
90
78
112
136
114
58
42
52
64
74
62
40
82
222
352
366
350
356
346
348
356
352
356
354
354
360
362
358
358
364
360
358
362
358
362
364
366
370
362
362
368
368
364
362
372
366
360
366
364
364
366
362
368
366
376
380
384
372
360
346
304
272
222
192
170
162
136
128
140
130
144
164
148
152
152
154
150
156
138
150
196
200
126
128
160
214
164
172
186
214
186
188
210
222
196
186
172
202
182
140
182
206
130
122
178
106
86
132
76
64
110
82
96
154
236
294
340
344
352
332
328
338
324
328
336
322
330
326
322
322
324
326
322
326
328
314
322
322
316
330
316
320
330
314
324
326
314
322
320
316
314
302
322
314
322
332
322
330
334
324
292
234
128
74
58
88
88
68
48
38
50
60
66
48
22
96
264
358
366
346
352
350
350
352
352
360
354
358
362
358
358
360
358
364
356
362
364
358
360
368
372
364
368
380
374
358
368
372
368
362
372
374
370
384
366
334
292
258
216
178
160
134
126
126
148
140
138
170
148
108
180
176
114
162
212
152
120
180
200
102
134
190
206
136
148
178
234
184
208
208
224
202
230
218
242
236
240
226
234
194
186
202
224
170
142
186
160
140
166
122
84
96
92
58
74
74
82
126
216
292
330
346
338
322
336
330
332
336
320
326
330
314
326
326
318
320
320
320
320
322
320
316
320
316
314
330
312
320
330
310
320
322
296
326
342
330
330
330
328
332
342
234
184
148
100
74
52
46
54
68
70
48
34
46
70
68
30
24
120
290
362
362
348
352
354
354
354
350
360
356
356
368
358
356
370
360
360
362
370
366
360
364
364
370
356
368
368
366
374
384
382
374
354
340
270
204
158
122
138
150
104
122
188
128
106
196
152
136
200
144
146
186
176
158
190
186
172
176
146
166
190
190
134
168
202
202
156
212
254
270
230
244
244
284
240
228
266
292
266
232
226
264
260
190
166
222
206
128
172
190
102
80
116
78
64
108
76
46
70
80
76
126
202
284
324
344
342
338
324
322
330
322
324
330
314
318
324
312
322
324
316
326
318
314
322
318
320
318
326
318
316
324
302
324
326
338
334
338
332
334
352
350
272
118
128
110
70
62
54
46
56
58
52
48
50
40
56
76
62
18
30
174
326
364
356
352
354
368
352
358
364
360
362
360
362
358
360
364
358
360
364
360
366
362
372
374
374
378
362
352
314
272
226
214
164
144
152
158
134
146
164
174
158
178
194
180
176
208
206
166
200
240
160
174
274
214
134
204
274
152
124
252
254
144
162
252
282
186
206
264
300
246
228
260
280
294
246
240
282
294
234
224
258
272
194
180
252
206
126
144
168
104
88
128
86
66
92
80
58
74
70
48
50
68
80
134
234
306
340
338
322
324
328
326
322
322
326
316
322
336
312
324
324
314
326
318
316
324
312
320
318
322
316
310
324
336
330
334
336
342
346
336
342
338
118
100
124
118
96
70
46
44
54
60
56
60
74
52
40
68
82
50
28
66
212
340
362
344
362
354
356
352
358
362
356
360
366
362
356
354
364
368
376
390
374
362
348
316
264
204
166
152
166
120
126
198
192
152
178
228
170
178
254
188
158
258
228
178
262
218
152
212
232
176
192
238
208
162
186
222
164
178
164
188
154
202
176
208
192
208
202
248
250
252
268
266
272
220
260
308
290
276
314
288
246
238
298
258
180
184
242
134
96
210
188
72
92
138
64
62
92
62
54
68
66
44
46
56
98
186
296
334
338
322
326
322
318
324
322
320
320
322
324
314
324
320
300
322
318
306
320
312
318
318
314
314
332
332
330
338
336
340
342
342
352
230
106
114
90
92
104
114
106
80
62
56
52
64
78
90
62
66
84
66
42
30
94
258
346
364
354
364
356
358
360
360
370
370
374
388
376
368
328
286
244
196
176
142
122
150
128
118
156
214
150
150
198
196
192
206
212
212
204
226
214
214
230
222
210
198
196
226
202
212
266
242
190
222
258
200
150
262
278
160
122
248
296
186
186
266
334
258
226
254
318
310
264
240
286
352
260
240
282
358
270
200
230
342
240
110
174
272
144
96
172
174
106
106
142
90
76
88
72
56
94
62
48
56
48
42
48
80
194
318
332
324
316
316
328
314
320
326
314
320
320
320
314
314
322
306
314
316
308
316
310
310
326
340
322
330
344
332
336
340
334
352
314
110
136
140
120
96
78
80
90
102
106
78
66
50
64
80
80
60
68
82
76
70
68
130
214
264
314
330
346
336
322
316
300
262
256
262
194
138
150
120
112
136
142
158
166
168
218
192
158
228
246
160
194
294
192
190
300
218
176
284
242
190
238
228
172
260
300
190
190
322
254
172
238
314
222
162
294
270
174
132
262
294
180
132
252
310
200
146
228
312
264
206
250
298
292
234
246
300
296
248
266
322
316
288
236
188
180
186
154
156
110
96
182
176
76
82
120
58
66
96
58
50
50
38
42
50
38
32
104
252
338
326
326
320
310
324
312
314
322
308
316
320
310
316
308
310
312
314
306
302
312
318
332
340
340
330
338
348
330
336
344
334
154
94
104
116
126
144
136
120
88
80
80
88
92
74
56
56
98
124
142
148
158
152
142
94
120
130
130
164
168
162
140
148
172
138
132
216
212
148
220
262
166
164
276
190
140
292
228
142
278
254
142
214
256
158
232
294
188
190
290
188
182
238
198
176
254
248
178
196
248
214
202
236
224
192
210
222
208
160
226
168
164
192
230
196
172
166
212
244
208
224
256
284
234
234
282
320
296
250
266
300
356
282
264
242
304
242
156
162
288
174
64
192
206
68
82
142
72
62
100
64
50
54
36
38
44
56
54
42
58
158
266
324
328
314
316
308
314
316
314
318
310
316
318
302
316
314
300
310
308
310
300
336
324
332
340
336
332
336
338
328
350
266
130
136
108
94
86
84
96
104
102
94
94
86
76
76
68
128
166
210
184
224
166
218
200
136
238
188
104
230
238
108
170
292
176
156
260
230
170
232
258
164
166
244
174
172
200
198
216
184
172
220
178
160
216
188
170
224
204
160
198
208
162
188
242
170
154
240
242
166
208
308
216
136
232
300
170
116
252
328
186
124
208
360
246
158
164
346
316
248
196
288
370
280
220
202
350
374
260
226
320
396
300
220
234
312
288
162
174
264
246
142
130
172
138
116
98
114
68
64
92
84
56
46
46
68
72
88
82
66
50
70
138
246
304
328
314
312
314
312
312
312
316
306
306
318
300
310
314
300
312
298
334
328
336
328
330
344
330
334
340
346
308
120
104
118
126
152
138
128
112
98
88
90
86
82
76
80
122
160
200
170
224
168
246
222
180
226
190
172
200
184
166
194
168
206
224
128
154
228
146
120
226
212
114
218
280
124
210
330
154
196
346
164
196
338
166
168
350
216
132
322
244
126
246
296
146
138
330
238
132
274
348
196
126
270
304
176
104
244
376
228
126
188
388
286
170
152
352
358
240
170
262
406
340
210
168
328
392
312
260
304
340
330
264
296
298
308
282
280
310
218
166
202
236
146
88
114
136
90
82
92
112
78
40
64
62
64
76
80
78
68
66
58
72
126
226
284
326
314
304
308
304
312
308
306
310
304
308
300
308
314
290
330
330
334
334
336
330
336
342
328
332
354
246
88
72
62
62
70
84
102
108
98
86
78
82
78
88
124
164
218
154
178
246
162
264
238
112
194
310
206
140
294
226
106
240
288
116
136
296
152
104
300
254
112
242
308
144
226
322
154
214
330
166
214
340
168
188
330
188
132
320
226
146
266
260
140
176
286
228
160
230
298
190
172
220
242
146
166
238
256
204
186
252
230
248
204
246
218
256
214
254
314
240
284
234
334
336
268
252
346
380
256
238
290
392
358
250
194
312
350
162
96
210
244
112
84
94
108
106
100
86
102
74
48
76
54
76
66
54
58
64
64
56
54
58
74
104
178
272
318
314
302
314
302
306
306
300
310
304
306
308
298
328
324
332
332
334
332
330
334
340
334
328
334
282
214
158
118
108
84
70
82
82
80
76
80
80
96
140
184
242
162
224
262
142
276
246
114
206
296
166
128
268
236
166
198
232
166
188
196
182
188
206
208
188
210
206
234
234
202
236
222
188
238
238
208
238
240
202
214
256
184
208
278
184
170
270
266
146
184
314
200
148
208
330
200
136
166
352
260
144
156
354
314
156
140
306
378
198
132
194
404
318
182
184
278
432
280
194
190
410
374
232
180
230
426
302
168
194
274
334
214
204
198
222
204
190
140
122
136
142
82
98
76
78
88
78
64
58
60
54
50
50
46
48
64
68
64
52
86
180
280
320
304
294
308
300
298
308
296
308
302
294
320
320
326
322
330
326
328
342
330
330
346
352
366
376
372
338
320
282
184
148
140
132
122
112
106
150
152
218
232
218
210
236
250
202
204
220
184
188
188
216
166
188
286
212
122
240
298
164
222
316
166
182
346
204
170
350
242
174
348
236
174
344
224
168
354
254
150
316
316
152
278
330
168
154
368
254
152
194
358
216
120
240
366
210
138
200
392
258
174
166
394
322
200
160
320
398
246
198
206
414
392
330
212
244
456
338
218
158
368
406
228
208
308
374
298
284
264
218
286
274
256
184
218
220
196
142
168
152
122
94
54
96
92
78
80
64
70
92
82
54
48
50
50
74
76
66
68
64
72
122
190
298
318
318
294
298
306
296
306
296
298
334
322
324
326
330
326
328
330
326
346
316
228
216
214
204
194
204
204
204
200
198
194
178
168
146
140
144
228
170
264
206
208
322
180
176
312
182
96
262
296
164
136
322
224
126
224
298
194
266
326
164
212
358
198
186
362
230
200
360
236
196
352
248
192
350
274
154
308
304
154
254
324
174
160
328
284
176
212
332
228
128
220
346
226
152
222
364
306
170
188
332
380
216
206
282
380
306
240
314
364
446
392
320
396
384
448
302
336
344
354
278
356
402
274
254
336
274
220
222
250
256
182
174
206
178
120
124
106
114
80
94
140
88
74
90
110
118
116
108
72
50
54
54
70
66
62
100
100
46
60
88
140
172
238
304
306
292
298
300
286
302
314
326
338
320
326
326
326
324
340
324
168
102
84
72
76
66
64
66
62
60
68
74
70
74
72
100
196
196
172
274
232
198
322
210
182
306
208
144
214
274
186
168
230
222
174
210
210
244
220
236
222
220
250
242
226
256
248
218
248
238
228
254
236
226
256
256
246
222
232
222
206
248
244
266
206
226
286
314
210
208
302
252
190
220
296
268
202
248
284
336
222
248
264
376
322
230
268
328
408
306
304
322
434
426
302
224
348
460
334
274
230
408
432
304
182
226
288
260
240
212
256
272
206
210
198
168
130
82
90
76
152
154
88
78
108
144
152
102
78
66
60
70
66
74
62
48
116
112
40
26
68
64
52
66
122
268
304
284
288
288
302
314
324
328
320
330
320
318
334
300
174
108
92
80
76
82
88
78
78
82
76
88
90
88
88
88
80
132
166
210
182
194
238
214
232
232
162
188
268
190
132
222
264
154
194
310
204
172
336
220
174
342
242
150
324
298
174
292
286
154
296
298
162
266
330
186
240
358
208
176
328
252
204
330
334
192
188
380
330
168
214
394
266
172
230
414
286
196
166
364
362
234
180
294
446
344
252
220
376
414
344
270
302
434
380
298
204
304
450
406
272
188
290
418
334
238
204
210
300
262
236
232
280
290
238
194
154
142
110
70
112
204
192
104
88
108
136
136
110
82
60
68
76
80
62
56
60
54
40
42
36
48
52
48
62
58
84
232
302
294
288
294
316
314
320
318
322
344
344
338
312
248
182
106
84
82
92
94
88
98
96
90
66
62
76
76
70
68
122
160
232
226
212
290
136
192
292
142
124
288
248
126
228
312
166
168
324
218
180
306
224
180
338
270
168
328
316
194
324
322
182
302
334
176
278
340
182
240
360
220
202
318
254
198
306
356
218
198
308
236
112
186
386
288
174
232
404
336
200
192
342
406
268
194
260
398
334
236
220
314
374
342
260
268
352
374
264
232
278
342
372
250
294
270
292
292
264
260
180
218
272
284
190
184
244
252
154
160
164
132
76
144
204
104
116
100
96
116
144
142
112
76
74
82
82
60
58
72
76
50
40
44
46
52
64
78
58
66
208
310
284
288
308
314
318
322
314
324
314
276
182
142
122
100
74
62
66
66
54
52
64
54
54
58
54
56
56
48
94
190
212
210
218
230
194
164
194
174
180
230
182
214
222
218
234
206
206
186
220
224
186
244
236
198
256
244
222
266
250
250
280
246
248
264
266
266
252
262
268
250
274
258
214
256
284
210
248
244
246
186
162
224
242
248
264
258
276
290
328
278
298
230
310
300
294
270
264
328
264
318
290
280
316
298
292
260
298
304
356
356
262
284
316
400
314
204
226
390
316
168
146
316
386
234
178
208
260
158
130
164
138
72
138
190
78
120
114
140
130
136
150
130
86
80
90
78
66
58
68
88
92
78
60
66
78
110
130
108
84
190
308
288
290
290
310
316
314
312
326
330
228
144
148
148
134
104
66
66
72
80
74
66
66
64
66
66
64
56
50
62
212
200
222
166
250
198
174
276
162
180
320
218
166
278
242
172
288
278
140
242
304
158
270
278
158
274
322
176
210
338
218
202
336
224
176
352
266
184
346
314
188
318
306
164
254
370
224
172
308
306
176
166
358
292
180
206
368
320
248
224
346
360
276
220
296
412
340
240
214
350
426
356
260
266
402
412
316
224
274
428
402
284
210
282
418
352
212
200
336
266
206
232
278
378
308
180
182
242
208
134
146
106
80
142
204
66
116
120
174
164
126
132
142
104
104
110
82
72
66
66
54
62
56
68
102
144
176
166
156
136
158
286
286
294
282
304
314
316
322
312
254
216
166
124
94
84
78
74
76
74
72
76
70
60
58
60
56
54
50
48
46
126
160
208
204
256
242
232
218
188
244
228
224
254
200
194
220
210
210
212
200
222
234
276
224
210
256
292
186
222
334
222
168
320
252
192
330
304
218
336
304
204
278
324
216
258
356
282
204
288
314
206
174
326
338
220
196
348
360
284
210
296
384
312
226
254
392
380
294
200
314
424
388
314
246
360
408
340
268
274
342
356
264
258
316
312
280
208
294
198
158
208
300
260
184
244
254
230
168
172
224
178
94
70
142
236
78
114
126
140
152
150
130
124
110
122
110
90
80
84
66
60
68
98
146
164
192
198
194
176
124
190
288
280
288
274
314
318
310
334
332
262
220
160
138
146
146
116
80
66
56
54
60
52
48
46
44
46
44
48
52
54
50
62
78
94
112
120
158
170
172
218
196
198
230
200
194
258
212
200
284
244
234
286
288
230
292
208
188
278
242
210
242
234
218
250
280
228
260
304
334
268
296
232
216
304
276
216
262
300
246
218
234
248
210
254
250
288
306
304
266
294
280
282
270
268
294
272
324
266
288
326
320
324
268
306
298
290
272
308
370
266
252
270
388
384
242
192
330
396
246
178
250
416
336
222
194
338
284
172
154
190
138
84
88
148
262
244
138
156
146
144
150
150
132
114
112
108
110
98
114
82
76
120
166
176
186
192
168
140
130
118
242
280
284
280
270
314
318
292
226
166
154
140
104
84
68
52
48
40
48
48
52
50
44
44
42
44
44
40
46
48
48
52
54
52
76
126
186
230
264
276
268
276
280
266
268
266
252
246
230
206
212
256
238
266
240
260
262
176
314
274
168
272
310
196
208
368
232
202
350
366
286
334
258
170
330
314
192
212
370
268
164
262
348
224
150
260
362
296
222
244
382
306
230
216
358
358
260
208
286
414
354
276
248
316
410
326
228
194
378
452
350
246
302
466
412
292
218
344
474
360
268
260
350
426
318
244
228
262
210
150
94
100
126
110
102
160
262
192
170
158
152
156
166
152
116
108
118
150
124
144
146
136
154
164
138
110
86
90
148
242
278
278
272
272
268
272
316
318
138
48
48
40
38
44
46
42
46
44
40
40
38
44
38
36
42
38
34
34
32
22
22
32
74
114
198
266
316
324
322
322
328
332
324
324
344
336
338
324
320
286
244
186
130
130
188
252
204
196
236
224
238
238
256
252
192
222
294
266
262
320
362
290
286
256
196
266
322
246
218
304
298
214
222
314
264
186
240
336
324
214
220
336
310
210
194
320
370
296
212
254
400
368
308
254
312
418
370
286
220
290
392
412
340
326
352
404
312
308
284
300
362
338
344
232
270
288
270
196
166
172
110
74
82
104
78
144
238
238
210
160
172
176
146
126
130
140
128
160
184
176
178
174
142
96
86
118
152
206
254
296
278
278
272
262
274
268
272
322
232
140
136
138
116
102
82
56
44
40
36
34
30
38
36
36
32
24
18
22
40
74
118
170
240
286
310
324
316
316
314
324
324
328
322
326
330
324
330
340
312
250
228
222
160
126
118
112
140
182
180
208
234
148
312
290
162
244
330
232
256
346
266
280
320
234
232
304
228
188
274
286
196
204
278
262
190
200
278
268
208
242
254
278
226
218
222
266
232
246
242
248
272
242
260
260
284
296
272
294
316
322
268
240
284
370
356
266
220
332
428
338
256
270
404
390
258
166
148
140
112
92
86
80
94
110
126
140
194
278
240
232
188
158
180
206
168
154
176
186
188
186
172
114
64
82
146
228
270
290
282
278
278
270
280
266
270
280
262
282
320
218
164
166
134
80
56
46
38
38
36
34
30
22
22
22
32
52
88
134
196
242
302
326
332
332
324
324
318
322
324
324
328
326
332
330
328
332
328
332
334
298
222
204
212
172
122
94
88
90
114
148
176
200
244
266
286
226
270
308
272
292
336
284
262
332
282
220
336
302
188
256
344
242
172
264
322
218
162
290
298
204
152
270
340
232
152
244
348
252
184
174
328
350
246
176
212
370
338
250
180
300
392
328
228
172
374
460
380
278
338
378
298
208
144
118
100
60
56
48
48
56
66
76
90
126
212
242
260
268
242
206
202
186
172
154
194
222
200
184
162
120
78
62
110
220
260
284
274
266
272
264
270
264
272
280
264
270
270
266
276
326
192
46
32
24
30
26
28
30
34
44
62
84
114
150
192
246
296
314
334
346
340
334
328
334
328
326
326
324
334
324
324
328
324
330
332
328
334
326
336
308
218
184
204
188
152
116
116
110
114
130
132
156
180
250
216
212
306
274
210
284
282
214
268
272
206
244
282
228
236
262
240
228
236
254
214
194
210
218
192
194
200
228
214
246
224
210
210
252
264
204
208
244
296
278
228
238
280
290
258
250
296
304
276
252
280
282
284
236
158
116
66
48
40
40
40
46
58
74
70
72
92
92
86
116
168
236
268
276
290
276
254
218
206
190
168
138
158
124
76
56
72
136
220
274
278
268
270
248
260
270
262
272
262
266
266
264
270
262
266
268
318
300
260
216
198
190
192
202
208
232
266
276
304
320
330
342
342
336
322
328
322
324
332
322
330
322
330
332
326
338
334
328
326
326
332
328
330
338
334
340
266
158
160
174
184
168
110
110
122
120
124
132
140
140
144
170
198
242
262
216
262
276
240
280
292
222
232
316
262
188
286
296
222
202
324
304
200
220
278
232
156
218
292
224
170
226
302
242
162
166
286
288
202
154
194
284
264
194
138
198
302
280
234
172
268
254
104
54
46
44
44
34
46
68
74
66
84
108
124
130
126
132
170
192
180
276
324
322
288
260
226
212
202
188
160
116
72
64
86
148
204
254
288
270
272
258
262
264
260
268
260
266
274
258
268
260
260
272
264
268
260
312
316
330
328
332
338
334
336
332
336
326
320
334
318
322
322
320
322
320
326
324
322
322
318
324
324
328
328
328
332
324
334
332
324
330
326
332
330
344
306
182
164
176
180
164
128
122
124
114
128
128
110
114
124
130
126
122
124
132
152
140
146
206
230
228
272
272
250
270
284
258
268
290
312
286
282
290
292
254
258
272
258
228
218
248
270
274
276
234
230
238
250
216
212
190
206
234
192
158
174
200
214
192
146
184
206
174
180
202
160
142
184
196
182
184
280
262
192
202
252
240
190
198
240
218
244
246
214
204
198
170
150
108
70
56
84
160
232
268
296
272
270
270
262
270
258
264
264
260
274
268
268
260
262
276
258
268
272
260
270
256
310
308
314
310
310
310
316
318
308
312
320
316
320
314
326
322
318
322
318
326
324
320
326
318
328
322
330
324
326
330
326
332
326
322
330
324
336
316
250
160
158
192
182
158
144
152
154
140
112
98
96
96
114
130
164
166
204
252
282
290
276
244
212
164
144
154
154
174
202
224
230
246
266
276
274
276
292
280
272
292
298
268
252
272
300
260
236
250
268
284
236
208
244
260
236
220
218
188
184
188
162
150
156
176
226
186
166
240
242
188
158
264
266
196
200
340
334
226
226
242
236
202
186
214
210
194
176
148
112
78
60
74
104
160
222
258
288
278
268
266
260
272
256
262
272
258
270
260
266
272
262
272
264
268
266
266
272
258
264
272
252
312
302
308
312
314
314
310
312
322
318
314
308
312
310
316
316
320
324
318
322
318
316
320
326
332
318
328
326
328
326
324
330
330
328
328
328
344
220
128
150
184
190
158
120
130
148
124
110
112
110
130
170
222
270
288
308
320
314
320
300
310
324
324
322
306
290
268
250
208
182
166
156
156
140
150
146
148
148
154
174
168
166
186
200
192
192
224
236
230
236
234
248
236
218
224
234
226
226
224
240
260
248
248
228
232
230
244
228
204
214
224
232
246
252
234
200
226
236
210
188
180
174
150
124
94
74
62
72
92
142
196
250
272
282
280
268
276
260
270
268
256
266
264
270
254
264
274
260
268
264
260
266
262
278
268
266
274
266
272
266
258
304
300
312
308
306
314
310
316
314
310
304
310
310
310
314
308
318
316
318
320
318
320
318
320
320
326
328
324
326
332
324
326
330
334
326
326
332
304
268
262
280
282
234
202
236
244
206
218
250
278
296
316
330
314
314
332
320
310
324
318
316
310
320
322
320
326
324
338
326
324
324
312
308
294
282
250
244
236
208
200
188
192
168
156
172
188
216
222
216
186
184
192
190
174
170
160
154
158
198
242
188
182
182
184
190
194
198
186
186
194
200
186
180
180
148
124
112
94
84
78
64
56
70
90
108
146
206
246
274
288
288
282
274
274
266
274
272
264
274
258
266
270
258
266
262
268
258
262
272
254
264
272
264
272
266
272
270
266
282
272
266
306
298
302
304
306
300
304
312
306
308
314
308
306
310
316
312
314
308
316
318
314
310
320
324
326
320
328
318
330
324
328
330
316
324
326
332
324
326
350
340
328
324
322
332
328
328
324
332
324
320
314
304
310
322
306
310
314
322
318
318
326
318
322
316
322
324
312
314
314
316
312
316
328
316
328
324
332
336
320
328
334
342
276
232
220
214
206
200
202
208
208
186
174
164
162
162
152
146
216
154
56
46
54
64
52
62
64
60
70
66
60
54
68
60
68
90
96
120
146
158
194
222
244
282
280
286
280
276
280
266
278
282
266
274
270
274
266
268
274
264
274
262
260
266
254
266
264
258
262
262
274
258
264
274
260
270
272
272
272
264
284
302
300
306
298
302
298
308
308
300
314
308
306
314
316
312
310
316
314
314
312
310
320
312
312
320
320
318
312
326
322
322
322
322
332
320
324
328
324
326
320
322
320
312
326
320
324
316
328
324
314
314
316
322
316
312
326
322
318
326
324
318
318
330
316
322
322
318
314
308
322
320
318
318
316
318
316
324
312
312
330
322
280
232
216
178
174
182
174
176
182
184
186
182
166
172
174
164
200
146
78
184
208
210
206
192
202
196
210
202
194
214
218
230
246
258
272
274
292
298
290
300
294
294
286
276
278
272
274
276
270
282
266
272
276
258
270
270
272
270
264
276
262
262
262
262
270
258
268
266
258
270
266
264
260
262
274
260
268
278
264
280
296
294
296
302
304
298
304
302
304
306
302
312
310
308
316
314
326
322
316
316
314
314
316
320
312
312
316
318
320
316
328
326
320
322
324
328
322
326
322
318
324
320
324
318
320
326
318
320
326
322
318
318
324
328
322
320
324
330
316
320
328
322
320
318
334
314
318
312
316
318
316
326
318
320
316
316
324
316
308
334
286
220
216
190
162
168
170
170
164
172
186
192
188
196
176
176
196
128
92
222
318
306
308
310
302
314
304
318
308
300
310
296
300
292
280
290
282
280
274
274
284
266
280
282
278
280
268
280
278
266
274
270
272
264
266
272
254
270
274
262
266
262
268
260
264
270
260
266
264
268
268
262
272
272
272
270
270
278
262
268
284
294
302
306
300
302
300
304
300
302
310
308
308
306
310
308
310
320
308
312
308
316
318
312
316
310
316
310
312
316
314
322
316
328
326
320
326
324
326
320
324
328
312
322
322
322
320
320
330
318
320
328
326
324
324
326
330
324
324
320
328
322
318
318
314
322
318
324
314
314
316
314
324
312
318
316
306
324
326
340
272
184
164
152
146
152
162
160
164
164
174
184
198
216
192
220
204
108
114
246
302
298
284
294
294
286
294
286
290
286
292
290
282
286
276
282
290
272
284
278
272
272
272
290
264
274
280
266
276
266
272
276
264
274
266
266
266
264
274
250
264
278
256
268
264
264
264
262
272
258
266
272
268
274
264
280
272
262
278
268
268
270
294
298
294
298
300
300
306
296
300
300
300
306
308
308
306
316
304
300
308
304
310
312
314
314
308
314
316
312
312
316
320
312
316
316
322
320
314
322
320
320
324
318
320
312
316
326
316
314
328
328
314
316
320
324
322
328
330
324
318
326
322
324
312
322
318
310
322
314
304
312
310
288
292
320
308
320
332
308
226
128
122
146
176
148
144
162
164
166
168
166
182
206
216
238
168
104
142
266
310
292
294
290
296
292
296
296
284
290
286
288
284
280
294
280
288
284
280
286
270
282
278
270
282
272
274
264
272
276
262
272
276
272
274
264
272
264
262
268
258
266
258
268
278
258
268
262
258
266
258
266
262
264
276
266
270
264
266
282
264
274
272
290
298
290
292
300
298
298
296
306
304
300
304
302
310
308
304
306
302
306
304
312
310
310
308
312
318
310
314
320
314
314
306
318
314
316
322
312
318
320
324
316
316
320
318
322
320
320
324
312
320
312
316
310
318
326
310
316
316
318
320
322
330
316
314
312
320
316
312
320
308
308
282
290
320
306
322
276
168
120
180
242
276
248
144
176
180
190
194
186
188
212
212
190
122
110
178
282
314
298
300
290
284
300
286
292
288
286
290
274
286
286
284
278
276
290
276
278
282
274
278
272
282
276
260
276
270
272
270
268
274
258
270
268
260
270
262
270
270
260
276
270
268
272
268
272
254
266
264
258
272
260
264
266
268
274
264
270
280
272
270
256
282
286
290
294
288
294
304
300
300
298
300
302
298
308
306
298
296
298
310
298
302
304
310
306
312
318
316
320
314
312
320
308
314
310
318
312
314
326
310
314
310
318
318
320
326
314
316
320
310
322
316
320
312
312
314
308
310
314
312
316
316
318
312
320
314
314
312
316
318
306
320
324
312
310
306
322
250
238
288
310
330
314
194
178
196
200
204
204
202
202
178
120
122
128
220
296
302
304
282
292
288
286
292
286
298
288
284
282
282
288
270
284
282
272
278
274
276
274
272
282
268
272
270
272
272
256
272
272
264
270
266
270
260
266
276
254
270
270
260
266
266
274
270
262
268
260
266
256
268
272
254
268
266
268
266
262
274
260
268
270
258
294
296
282
292
296
294
290
282
296
296
298
300
300
298
304
312
310
312
308
310
312
304
306
312
304
304
298
304
296
302
306
306
320
312
326
324
324
320
322
326
306
306
316
308
304
298
310
310
312
314
314
326
328
326
318
316
324
316
322
310
312
322
304
310
296
304
306
304
310
310
316
308
322
324
310
322
334
334
312
314
316
308
288
188
152
160
148
156
136
134
124
154
198
282
320
304
294
298
296
300
276
286
282
272
286
272
288
284
284
298
284
282
280
282
288
268
280
274
272
268
264
264
262
266
268
272
276
268
282
276
266
282
270
272
262
264
286
250
262
270
256
266
256
266
264
260
280
276
266
268
272
278
262
274
272
260
264
254
262
260
250
