312
318
320
322
318
324
318
316
326
330
328
336
332
330
334
338
334
338
340
336
342
344
346
340
344
348
340
346
348
346
346
354
350
346
352
352
354
348
354
350
352
360
354
350
360
356
352
360
362
348
350
354
352
358
354
360
358
358
358
356
360
356
356
364
358
360
364
356
356
358
356
362
358
360
360
356
356
358
356
360
358
356
358
352
358
360
354
360
356
354
358
358
360
356
354
362
358
360
362
354
356
364
350
356
362
350
352
354
348
354
354
356
348
348
350
344
348
352
342
344
354
342
336
346
338
334
348
336
340
348
338
334
342
336
332
336
334
322
330
328
324
330
330
320
328
326
320
328
326
320
322
324
318
318
324
318
316
322
314
312
312
316
314
320
326
316
320
324
320
324
328
322
330
326
326
334
332
332
336
328
334
342
338
342
344
340
340
342
344
344
342
342
340
344
352
350
348
350
352
350
358
358
360
362
358
358
362
358
360
358
354
350
360
360
358
358
362
354
360
366
360
360
364
358
360
360
360
362
354
362
362
358
366
360
362
364
360
366
360
358
362
358
354
362
356
358
358
354
360
356
358
368
358
362
364
354
356
362
360
356
356
356
356
356
358
354
350
352
350
348
354
348
348
356
348
346
352
346
344
346
344
344
342
344
338
336
340
336
334
338
332
330
340
330
328
334
326
318
328
320
318
334
320
316
330
322
318
326
322
314
324
318
318
312
318
310
318
314
310
314
310
306
318
324
322
324
324
310
324
326
330
330
324
326
330
332
328
334
332
332
332
334
336
338
340
344
344
348
344
342
350
344
344
348
346
350
352
348
346
354
350
354
350
358
360
360
350
344
354
362
354
354
362
354
360
360
360
356
358
356
360
362
354
360
356
362
360
360
362
354
362
368
360
364
366
362
366
364
368
360
358
364
358
358
366
358
366
376
376
380
378
380
378
370
372
372
366
372
372
374
380
368
370
378
362
364
366
354
364
364
356
356
350
350
352
348
354
346
344
352
346
340
350
342
338
344
336
334
344
342
336
338
340
334
332
332
330
332
326
328
328
330
326
326
326
326
326
328
322
320
320
320
316
324
316
316
322
318
310
318
312
302
322
312
326
326
324
324
324
318
326
324
330
328
326
334
334
330
332
336
334
334
334
338
340
336
344
342
344
348
344
352
348
346
354
352
350
352
352
354
352
352
358
352
356
362
358
350
352
352
342
354
358
354
362
362
358
358
362
362
362
364
360
360
368
360
362
366
364
364
364
364
364
358
370
366
362
368
362
360
372
364
364
370
376
384
370
340
304
266
226
200
190
180
174
166
170
150
144
172
206
216
254
282
292
318
324
316
326
334
324
334
354
348
356
368
360
364
364
356
354
348
346
342
340
346
338
336
340
340
334
340
336
328
338
328
324
338
336
328
338
330
324
330
324
322
330
324
320
332
326
322
326
322
322
322
318
316
318
316
314
314
316
314
306
324
322
328
330
328
326
332
328
328
326
332
334
328
334
332
326
334
340
330
338
340
328
346
352
342
344
348
350
346
352
354
348
352
352
346
348
356
350
350
352
352
356
360
358
358
358
350
350
360
366
360
362
362
352
356
364
354
358
366
360
366
368
372
366
362
364
364
364
372
362
364
370
366
364
360
370
380
382
376
334
292
238
178
98
76
60
62
68
68
78
96
122
106
128
158
134
158
168
162
126
136
174
160
150
154
144
154
148
148
178
190
192
226
258
274
296
330
336
338
364
358
356
350
340
336
340
338
338
328
326
336
336
334
328
328
332
326
328
328
332
326
330
324
322
332
326
322
330
320
314
326
328
316
322
318
306
316
316
308
322
314
312
322
322
336
354
354
350
348
340
334
334
340
332
328
338
332
334
336
338
338
340
346
340
344
346
346
344
350
350
342
352
350
348
360
356
348
352
352
350
352
354
360
358
362
368
354
358
362
356
362
366
356
358
360
358
362
358
364
360
362
370
364
364
366
360
362
368
370
368
366
370
366
366
386
386
364
314
254
176
110
70
44
50
66
96
120
142
158
162
186
210
204
208
210
186
216
218
190
166
228
212
124
190
218
150
144
200
150
110
122
122
102
118
98
92
124
134
130
162
196
212
260
314
338
362
356
340
344
336
330
348
338
328
336
330
324
330
326
324
326
324
320
328
330
324
324
326
318
324
324
320
320
322
316
312
316
308
308
318
318
326
330
278
182
152
174
214
244
254
296
338
350
352
346
334
332
338
332
328
338
336
336
340
344
336
336
350
340
346
346
346
342
344
348
352
350
346
354
354
354
358
350
358
362
358
362
360
358
364
360
362
358
364
370
356
356
362
350
364
370
358
360
362
360
362
368
376
368
366
376
372
374
390
380
322
248
176
120
96
104
116
132
160
162
180
216
230
188
200
246
208
166
196
242
184
160
214
208
202
206
214
192
208
216
180
172
228
192
126
110
46
50
86
182
154
82
144
156
92
96
106
72
76
114
148
200
264
314
346
350
350
336
326
330
332
324
332
330
320
330
324
320
328
324
320
332
322
314
328
326
320
322
316
314
320
318
310
314
308
310
318
318
326
288
192
138
88
72
62
64
78
116
182
242
304
346
360
344
338
340
332
330
342
340
340
350
344
340
348
348
344
350
352
350
350
350
348
350
354
354
352
362
352
358
364
362
362
362
358
364
358
356
364
364
366
362
356
362
360
364
364
364
380
380
372
384
378
380
384
384
388
382
368
320
222
146
144
164
176
218
212
176
198
248
206
190
216
228
214
198
192
208
276
212
170
208
282
194
188
222
276
222
160
240
266
216
174
244
230
194
190
190
92
96
214
172
136
168
162
110
126
164
92
90
122
70
62
98
112
152
220
274
328
346
344
338
330
326
334
328
328
326
330
322
322
328
324
322
328
324
318
326
324
318
324
318
300
316
320
304
318
332
326
316
298
254
140
90
84
78
76
68
62
44
46
82
140
202
276
328
358
354
338
324
346
338
328
344
344
342
346
348
344
350
350
344
346
354
352
348
354
356
354
358
362
358
358
364
364
356
356
364
360
366
366
364
366
362
368
376
378
378
372
330
276
244
202
196
198
198
238
256
208
212
210
168
176
218
202
186
184
202
236
182
156
234
284
184
174
270
240
174
180
238
244
218
200
252
246
256
226
246
278
280
248
242
268
276
244
210
266
284
236
170
242
280
182
134
248
218
138
136
194
148
100
150
122
98
122
78
56
84
92
130
192
268
334
342
342
330
320
330
330
322
332
326
320
328
332
322
326
324
316
322
320
312
310
316
312
312
316
312
310
314
328
258
186
154
112
84
74
66
58
54
56
54
48
38
34
48
100
194
282
342
352
342
342
340
330
340
350
346
348
354
348
348
352
352
350
350
358
358
358
362
356
356
368
354
356
362
364
364
364
366
366
360
366
380
374
360
322
284
240
220
180
150
160
156
146
162
156
152
184
208
170
172
246
206
154
258
250
152
188
272
222
202
228
258
264
246
206
244
296
236
236
296
344
270
236
294
314
270
236
282
318
268
246
282
318
290
230
252
286
272
228
278
288
236
236
288
240
210
226
176
106
118
190
116
116
166
92
84
100
60
56
68
74
130
212
296
342
346
328
320
328
332
316
326
330
320
328
326
316
328
328
304
312
316
308
314
320
306
304
316
316
326
260
136
92
96
86
80
72
62
54
52
50
52
58
56
50
40
34
54
138
246
330
362
360
346
346
346
356
350
342
346
354
348
350
360
346
350
354
352
354
358
362
356
360
362
360
364
374
364
368
374
376
370
322
270
220
192
186
174
164
150
164
154
104
76
186
230
172
192
256
204
178
228
258
236
218
264
284
244
192
290
342
254
200
340
304
212
246
340
246
200
228
306
248
230
252
276
258
272
246
272
296
316
284
258
272
336
328
278
234
358
360
248
170
350
354
188
134
258
210
124
138
224
158
124
106
120
156
122
72
68
88
56
44
56
86
164
254
340
338
324
326
328
324
328
326
328
322
324
322
314
322
320
316
316
316
308
310
314
304
314
326
286
214
168
110
92
80
74
66
58
50
52
48
54
60
54
54
52
48
36
38
88
186
284
346
364
360
338
342
352
340
344
356
350
354
356
354
338
352
360
354
360
362
354
358
374
360
372
378
350
316
256
246
188
174
208
186
154
162
202
170
152
142
130
168
186
242
282
214
224
322
264
194
324
314
218
256
348
264
212
270
310
256
252
226
276
294
258
202
292
310
214
222
334
344
274
238
338
358
304
218
310
358
310
228
260
324
286
240
252
296
290
244
232
284
288
252
206
218
190
172
206
186
116
140
92
168
172
84
86
86
68
56
48
58
56
50
62
160
282
336
340
316
320
328
310
320
326
316
324
324
318
320
318
314
312
312
310
306
308
308
322
316
224
164
118
92
78
74
68
64
56
56
52
52
52
54
54
56
52
50
50
46
42
70
150
256
328
362
350
344
348
348
352
352
360
354
352
362
350
356
366
354
358
368
366
376
362
318
264
210
184
158
182
200
168
156
200
222
150
186
302
214
168
304
298
194
260
330
242
252
314
266
256
276
282
274
254
268
306
314
230
256
384
326
182
276
404
272
174
334
388
272
202
330
350
274
202
290
322
264
220
278
268
228
246
312
232
224
282
310
100
136
264
364
262
198
172
304
328
172
104
256
222
108
138
148
110
152
102
78
94
80
46
48
62
72
58
50
46
78
168
260
312
338
322
322
322
310
316
326
316
314
320
310
308
318
308
310
320
300
312
318
328
262
174
140
112
102
74
64
60
60
58
60
60
54
54
50
50
52
54
54
50
60
74
60
40
90
200
284
348
364
360
358
352
356
354
356
364
366
374
380
368
358
352
336
266
230
206
134
162
242
160
136
266
212
164
252
296
238
234
262
246
252
254
270
292
276
252
316
292
230
322
320
220
270
384
274
218
376
314
206
248
372
262
184
260
320
238
236
258
262
224
264
282
228
224
280
230
222
242
358
332
268
242
360
402
314
246
272
404
204
144
234
412
384
260
198
242
340
234
164
154
200
204
178
214
174
168
124
110
186
112
44
100
86
80
104
86
66
50
46
68
124
212
286
320
334
326
314
312
316
318
314
310
316
308
302
314
308
298
316
326
316
316
288
194
146
130
112
114
98
82
56
56
58
64
62
60
54
54
54
52
56
56
54
56
48
54
56
90
164
260
308
336
330
324
328
328
332
286
248
216
176
162
200
202
140
178
248
210
200
226
238
218
200
248
286
236
254
348
242
166
350
304
180
310
360
230
264
386
242
194
342
266
190
264
318
216
220
266
236
246
236
212
238
310
278
192
246
374
298
196
224
402
338
240
260
432
374
318
254
416
426
360
236
324
468
394
300
242
344
342
202
214
346
318
276
266
288
320
290
230
282
332
238
138
124
282
266
130
90
128
78
90
122
90
116
128
98
76
68
62
54
54
66
98
180
286
314
326
314
312
314
314
306
308
312
304
300
304
302
304
312
330
326
308
138
106
108
92
84
82
82
88
86
82
80
72
64
56
58
56
54
56
66
50
96
158
176
182
196
154
118
138
118
208
274
210
186
230
212
192
158
190
188
130
254
338
202
210
342
240
186
346
274
154
284
336
208
236
328
206
206
298
246
206
262
254
232
242
250
250
250
198
236
318
242
190
292
294
166
254
382
276
196
274
430
340
234
252
430
360
246
238
444
396
298
228
428
424
308
232
340
400
300
222
314
318
298
298
378
272
254
198
316
334
198
168
356
408
306
190
156
284
322
188
146
116
154
184
158
156
116
80
142
98
132
166
114
90
78
76
72
54
50
58
68
72
84
148
238
304
318
312
310
304
314
308
302
302
302
298
322
312
312
326
344
264
146
136
118
110
112
94
78
68
64
70
78
86
78
72
68
64
70
86
130
212
236
212
212
248
318
252
210
228
202
248
322
232
162
336
266
182
296
256
148
238
312
226
248
290
218
224
260
246
232
210
238
288
234
182
290
288
172
258
328
192
228
356
238
182
368
316
186
308
400
248
196
378
324
182
246
416
326
206
250
412
344
250
274
368
348
240
310
366
330
244
324
356
304
272
390
360
278
268
380
406
248
218
338
474
332
260
238
352
334
242
218
280
370
278
248
206
154
208
212
224
192
212
178
108
120
108
126
114
96
116
118
120
116
84
66
62
44
52
62
96
84
62
48
60
130
222
300
314
310
304
304
310
296
298
314
316
324
334
320
334
348
180
74
90
102
114
116
122
122
114
100
92
82
84
78
74
70
64
118
224
224
224
212
224
232
362
246
292
278
176
208
286
208
186
262
266
244
224
226
264
246
218
320
304
198
324
320
176
248
344
198
204
384
286
184
362
340
200
310
358
194
276
398
244
202
368
294
190
276
370
240
226
302
278
224
268
270
276
250
302
300
300
348
398
250
222
362
416
272
224
304
470
366
286
312
476
350
296
244
422
446
310
252
260
456
366
280
314
400
382
314
382
362
350
274
256
210
152
180
222
212
222
262
228
132
64
152
152
104
102
116
124
136
146
106
58
62
50
56
66
90
88
74
60
56
60
82
116
254
328
314
310
300
296
298
294
330
314
328
336
324
324
318
238
168
150
106
80
64
70
56
62
76
80
88
96
98
90
76
88
172
276
210
230
222
224
282
282
216
198
300
222
174
280
268
144
248
354
200
180
344
264
174
336
288
170
308
322
194
258
344
226
228
314
250
224
310
284
230
288
284
236
262
280
256
288
246
238
300
254
212
286
382
254
216
366
318
184
202
380
300
250
238
412
374
280
246
404
400
288
256
308
488
396
364
304
464
456
404
278
350
472
430
300
336
396
398
332
418
346
318
306
398
290
282
264
266
152
128
216
284
232
218
230
254
170
130
166
134
102
138
154
166
178
154
118
82
60
62
52
78
100
72
74
78
66
34
54
70
102
154
236
292
308
310
296
308
310
312
316
322
322
320
320
350
356
340
306
278
262
234
224
194
148
120
98
100
90
88
74
116
208
208
294
164
248
192
232
302
154
198
346
236
152
272
284
164
226
310
214
240
288
238
242
250
220
284
256
226
320
286
202
292
334
200
256
366
254
260
380
298
212
360
298
216
352
350
206
252
406
268
192
330
390
280
236
392
336
234
208
376
330
274
274
384
412
304
278
374
434
332
344
386
458
476
428
412
450
456
388
422
440
356
338
424
480
344
292
328
466
322
298
302
446
330
232
216
288
274
204
200
214
232
156
122
102
134
172
198
174
114
150
182
196
196
158
138
94
66
80
78
106
98
62
76
150
74
66
58
74
60
42
58
150
296
296
298
310
312
302
306
318
312
322
326
290
248
234
230
220
210
196
188
184
160
128
90
88
86
86
70
118
200
270
302
172
226
232
242
260
268
260
220
234
270
212
192
288
258
168
268
346
208
218
358
220
244
370
240
226
374
270
208
362
316
208
318
378
256
272
390
292
228
362
342
268
362
334
214
232
396
312
218
262
384
304
232
322
354
266
286
342
338
312
372
338
324
328
366
356
390
358
400
430
354
366
402
480
444
332
350
484
410
352
234
378
490
422
344
284
424
370
338
326
338
336
292
314
260
262
276
250
232
204
230
206
98
240
274
170
152
104
148
190
228
222
174
150
120
90
102
112
112
88
72
74
50
68
48
38
62
64
68
70
72
212
314
300
300
320
318
316
322
316
316
326
272
144
116
106
92
88
100
108
102
98
98
108
116
120
104
92
86
212
200
220
274
210
270
276
174
330
288
152
220
372
228
164
356
300
170
258
370
236
242
366
242
254
360
240
252
338
258
224
336
318
224
306
372
258
242
354
296
224
304
350
272
288
310
242
266
288
294
300
304
248
290
360
316
236
314
404
314
234
320
424
324
262
302
432
350
344
278
438
422
372
272
312
460
426
398
292
386
410
354
266
286
392
412
314
280
268
336
364
316
266
288
344
410
318
222
268
378
246
240
244
226
138
334
320
142
120
108
128
164
232
222
198
180
134
110
128
142
106
82
80
98
76
52
36
48
54
56
82
90
94
222
302
296
308
320
330
326
318
324
328
324
332
354
216
110
110
122
120
98
86
90
92
92
96
86
88
88
94
214
222
222
296
232
254
314
190
286
326
220
242
314
262
230
270
278
254
256
274
306
258
238
290
280
234
302
290
230
258
280
312
306
330
276
254
306
286
230
290
326
232
254
352
252
198
312
352
242
222
372
346
244
222
400
336
242
288
420
326
246
280
432
366
300
250
410
394
320
260
342
444
390
302
270
382
396
338
312
316
334
310
336
346
280
270
292
354
288
240
320
442
340
232
244
478
402
276
210
292
270
208
260
230
124
348
344
172
128
130
160
148
192
220
226
202
162
140
132
118
98
94
84
94
112
108
66
68
74
90
94
80
120
224
288
298
292
326
324
326
320
318
326
340
326
332
316
294
280
210
146
118
128
144
146
142
136
122
104
98
88
144
250
246
268
256
218
262
314
258
192
296
316
168
222
344
204
188
348
254
162
328
296
172
316
320
192
350
316
196
198
306
334
342
384
290
200
334
338
216
256
372
248
204
352
304
194
272
362
258
200
292
348
238
220
336
338
256
254
356
334
256
284
338
346
316
292
296
330
304
314
324
346
350
332
378
296
270
324
430
334
274
214
410
432
344
220
284
458
372
254
248
448
382
262
240
402
398
270
262
304
302
258
296
148
96
278
356
182
122
146
202
208
154
186
222
216
192
174
142
126
104
116
108
78
80
90
64
92
120
132
126
122
108
198
302
292
288
312
322
318
324
326
326
326
326
336
312
258
198
134
108
102
90
74
78
74
66
74
76
74
66
184
242
284
264
218
238
218
346
274
144
256
330
180
200
326
242
202
314
268
184
268
278
212
256
276
220
272
306
220
232
282
334
288
312
286
200
264
314
228
222
276
240
204
244
276
218
224
252
244
264
246
230
272
330
230
218
312
346
280
258
326
342
264
218
314
386
316
244
292
414
366
302
248
374
436
372
264
260
418
364
296
204
332
390
306
242
272
320
286
254
282
272
262
308
368
250
270
332
342
252
224
366
340
186
90
200
252
184
122
162
194
226
216
184
186
204
186
188
138
122
124
126
104
84
74
96
146
154
152
150
164
136
122
260
294
290
290
304
314
320
322
326
330
336
326
322
172
96
94
88
90
88
76
72
76
76
72
74
76
78
76
162
222
258
270
252
246
234
242
224
226
216
200
248
252
188
234
276
190
214
280
188
202
274
176
212
290
192
194
286
240
196
298
268
192
230
266
202
184
260
270
164
202
332
242
174
286
294
196
218
358
286
182
292
378
272
186
310
396
318
228
312
318
246
236
320
410
348
256
256
398
378
288
234
294
366
316
254
278
272
282
220
306
296
240
218
320
368
256
196
356
408
280
212
404
426
304
234
350
360
240
180
286
290
148
84
206
268
264
144
160
204
198
226
226
182
174
170
160
120
112
146
138
124
114
130
164
182
166
168
150
122
146
236
278
286
288
274
310
324
318
324
326
318
332
344
280
166
114
100
118
104
88
70
70
68
76
82
84
72
74
70
138
206
238
234
226
290
268
258
146
258
270
180
268
294
184
216
300
192
180
290
214
196
276
192
194
294
214
168
304
272
188
278
296
204
190
326
262
160
260
336
214
170
320
284
180
254
312
222
206
322
300
200
238
312
258
238
272
302
276
268
296
288
250
294
342
322
276
268
342
312
284
242
354
356
272
210
352
414
320
218
294
436
372
296
218
420
452
348
220
352
468
382
310
364
466
398
308
288
320
218
194
152
142
110
110
194
324
352
248
168
182
200
194
212
188
146
148
144
162
162
148
162
150
146
164
154
146
122
102
100
212
276
282
276
274
278
272
312
322
314
318
328
334
336
216
102
100
86
76
76
74
78
86
88
84
80
70
68
66
68
62
116
216
216
274
242
254
264
238
210
236
208
228
226
190
220
214
176
210
222
166
202
210
160
202
204
162
184
224
208
204
182
196
228
200
194
226
228
222
244
226
214
270
232
206
260
246
214
238
314
244
204
276
292
232
216
332
318
246
212
336
348
298
224
356
370
332
244
320
408
338
270
220
408
394
340
250
364
434
376
262
310
414
352
306
308
342
392
320
342
324
314
360
408
348
280
320
318
242
174
172
148
154
170
168
194
160
236
290
284
252
198
168
170
176
184
166
150
146
172
182
160
162
176
166
136
108
78
104
192
262
276
270
280
262
272
278
262
306
318
324
318
322
274
214
72
80
98
102
108
110
94
72
64
60
62
68
66
62
58
62
56
102
196
222
242
222
222
232
246
218
208
178
194
188
160
190
196
170
222
232
194
246
264
232
260
258
176
206
294
202
154
266
212
140
210
282
190
164
286
262
164
208
356
266
178
328
298
194
246
370
286
170
286
356
272
192
314
348
270
194
300
338
278
246
312
316
254
238
276
304
274
238
306
324
314
270
340
340
302
276
352
374
304
244
328
418
324
224
348
480
402
298
316
496
452
346
318
406
338
234
204
184
146
138
126
146
142
202
286
250
238
220
186
154
154
164
190
178
170
176
176
184
174
124
62
64
102
190
266
280
272
268
274
268
266
276
264
268
326
324
318
318
334
268
244
272
246
164
80
62
56
64
74
76
68
58
52
50
52
58
56
58
68
92
120
94
94
116
124
134
136
162
194
216
218
240
234
238
236
218
206
186
184
186
194
198
238
270
232
210
230
224
250
250
198
228
306
222
172
228
248
202
230
272
236
214
282
272
228
240
262
242
226
244
248
220
254
248
230
202
272
266
232
234
326
312
254
206
346
358
298
196
316
420
336
266
270
424
384
292
272
440
422
354
254
404
470
402
358
432
474
436
404
416
418
430
354
236
246
260
198
148
138
128
136
162
178
198
226
244
246
228
200
226
194
174
186
196
186
182
172
146
104
74
106
174
232
270
286
264
264
278
266
270
278
262
264
268
268
312
320
326
314
328
316
248
172
114
84
78
76
76
66
52
48
56
56
56
54
52
46
56
64
76
68
62
72
68
68
92
180
264
292
288
308
304
312
314
322
284
236
242
236
200
156
132
128
186
244
248
202
228
308
210
190
286
266
206
204
270
224
176
250
304
214
186
312
258
192
272
324
242
178
288
300
216
206
314
302
226
206
302
288
224
220
296
276
224
216
296
326
278
248
290
318
310
316
330
352
346
352
348
346
322
348
374
336
320
306
322
276
202
178
164
162
126
116
102
112
110
116
110
98
102
128
194
242
262
254
260
278
280
236
250
206
218
188
160
168
138
92
62
62
110
204
270
284
276
276
266
264
276
272
268
278
270
266
268
262
268
324
310
316
324
228
110
124
114
80
72
70
56
46
48
58
62
58
50
50
48
50
52
60
64
58
60
58
58
64
152
276
290
290
294
302
306
308
318
316
310
232
232
218
196
164
152
138
124
120
130
180
236
182
232
248
190
326
304
206
208
310
266
190
238
268
232
212
254
238
230
242
262
244
234
244
246
240
264
232
218
232
238
202
194
234
248
230
210
288
296
226
182
264
330
290
218
230
334
364
316
216
278
360
356
214
182
198
162
140
150
144
110
106
122
126
122
122
124
116
110
102
100
126
128
144
272
342
294
274
344
356
270
266
232
196
182
186
138
82
64
70
114
174
238
286
282
266
270
270
270
262
264
268
262
268
278
256
266
270
256
276
316
312
316
316
254
204
154
82
58
56
62
68
62
58
58
48
50
54
54
62
58
52
50
54
52
46
42
94
226
284
296
294
306
312
324
334
314
322
326
296
218
196
202
208
198
158
126
124
114
128
120
134
184
210
214
270
258
278
276
292
228
198
258
244
200
238
272
194
190
288
246
192
220
288
246
196
226
282
244
216
240
262
236
218
254
256
248
236
284
292
254
252
252
244
248
264
250
240
268
266
218
240
270
278
256
238
192
136
152
156
130
132
144
130
132
122
120
108
136
186
196
194
234
302
284
362
318
326
358
354
258
228
222
186
152
118
64
70
132
208
252
288
280
272
268
258
270
272
256
266
272
262
270
272
264
268
268
266
260
268
270
312
310
324
254
142
60
60
76
82
82
72
56
52
54
50
52
48
56
54
60
62
52
54
48
34
62
178
272
306
302
314
314
328
330
324
326
328
328
332
250
184
198
210
194
164
144
160
140
106
104
100
112
138
198
196
262
272
218
244
270
242
202
252
242
222
246
242
220
242
236
222
256
272
248
248
266
258
236
260
278
258
238
252
258
220
224
230
232
224
224
234
264
238
212
224
244
226
228
228
216
270
306
312
260
302
440
424
348
366
352
264
212
222
226
252
236
212
200
216
266
280
322
282
346
390
334
276
300
274
210
176
140
100
64
60
90
172
242
282
286
264
266
276
266
260
260
266
262
262
266
256
264
278
262
272
278
260
268
266
260
270
320
310
266
120
142
178
146
92
58
44
46
56
60
52
50
52
52
52
52
60
54
42
42
72
162
274
314
324
326
322
332
326
330
328
330
334
328
330
330
236
200
220
210
188
178
164
138
118
120
120
120
144
166
164
162
168
162
142
198
182
152
150
126
132
164
168
166
178
194
186
180
204
204
196
198
210
206
196
198
196
192
190
188
216
214
218
222
236
236
222
210
218
222
210
202
202
210
202
216
222
264
280
288
330
324
362
352
394
430
360
338
394
346
252
268
266
238
244
248
246
250
272
254
226
230
208
168
136
104
74
54
72
106
164
230
270
282
268
274
266
270
276
260
266
272
260
268
270
266
268
268
272
266
268
278
266
272
274
256
266
280
314
324
286
206
162
116
72
50
48
52
48
50
56
52
54
48
52
54
52
34
34
88
186
286
322
340
328
330
330
326
332
326
334
332
334
334
330
330
336
206
186
202
192
168
162
158
138
124
124
138
148
138
144
170
174
164
160
154
126
134
198
226
232
230
214
204
184
182
178
180
172
166
162
156
162
162
154
156
148
154
154
154
150
192
200
200
206
206
208
202
196
192
196
202
210
208
210
206
190
182
230
240
168
172
208
214
212
206
228
218
204
232
222
190
190
166
148
152
144
118
100
82
64
56
62
96
106
80
114
158
206
248
276
288
272
268
274
270
272
274
274
274
264
270
268
264
272
264
268
274
264
270
274
270
274
272
276
268
266
276
274
322
280
224
156
98
76
62
52
52
48
48
52
52
40
42
50
40
30
44
114
210
298
322
342
322
328
334
334
328
332
334
330
336
338
320
330
336
346
290
172
194
182
174
156
150
144
144
142
156
142
136
144
164
150
144
156
144
168
246
288
320
314
310
312
318
326
318
324
318
322
328
322
328
322
326
326
326
330
324
330
330
330
320
194
174
176
190
188
186
194
200
204
212
216
206
206
198
206
200
236
248
102
40
46
46
50
58
60
52
62
58
52
58
62
66
74
84
90
94
104
120
126
134
40
72
136
234
282
292
290
282
272
274
272
264
270
274
274
278
270
272
270
268
274
264
264
270
266
274
270
266
268
272
270
274
272
274
272
272
280
276
332
260
174
106
66
64
60
50
42
38
40
44
42
38
32
44
80
152
252
306
340
324
318
328
330
332
326
328
346
330
332
332
332
324
332
340
334
314
158
140
170
138
122
140
132
116
130
140
146
150
144
144
156
202
258
256
260
300
318
304
304
306
306
302
310
320
310
316
308
314
316
316
322
316
324
320
330
324
322
326
324
334
300
186
174
180
188
198
198
186
176
188
204
226
212
216
228
228
258
220
76
84
240
238
216
200
212
224
220
220
218
228
242
252
264
276
276
290
288
288
298
312
228
48
110
170
252
288
282
270
274
274
268
268
264
278
264
270
284
264
274
272
268
274
268
272
266
268
276
264
268
274
264
272
276
268
278
276
268
282
272
212
134
90
70
60
54
52
42
36
32
34
42
58
88
154
222
292
324
336
330
318
324
328
328
318
332
336
324
326
330
334
320
330
328
326
328
336
270
122
152
190
174
136
142
106
130
172
144
156
186
210
242
278
318
308
314
312
312
314
310
310
302
314
316
312
322
318
324
314
318
320
320
330
322
330
326
330
330
322
328
334
328
208
178
186
202
200
188
182
188
210
200
198
212
224
236
264
278
178
68
118
272
318
306
320
310
308
316
306
310
312
308
308
306
300
292
296
300
286
292
296
290
136
56
120
198
270
282
268
270
278
262
270
274
266
276
280
272
272
272
274
264
272
280
260
274
272
264
272
268
270
272
274
276
272
282
280
264
276
284
264
152
104
50
28
22
24
28
40
62
100
142
206
260
310
330
338
338
326
328
322
328
330
324
324
322
326
324
326
332
322
328
328
326
330
330
326
328
326
268
232
262
266
258
268
276
296
270
268
282
294
318
318
304
304
310
318
308
314
318
316
314
314
324
316
318
324
320
324
318
324
320
324
330
318
324
334
322
332
328
340
350
254
148
180
196
188
188
200
204
202
196
200
208
204
228
282
258
152
80
174
298
316
308
296
310
302
300
302
300
302
296
298
302
286
296
294
292
300
296
294
296
266
78
74
134
240
272
278
272
266
272
272
272
266
274
284
270
280
280
268
272
268
268
272
272
278
264
274
276
264
282
286
272
280
288
276
282
282
278
282
270
132
68
74
96
140
178
208
246
282
316
328
344
324
328
324
320
318
324
326
318
318
326
320
330
326
330
326
320
332
324
328
334
328
332
322
334
326
332
346
342
344
342
348
346
338
338
330
334
328
314
314
312
318
310
316
328
314
322
320
324
328
326
326
324
330
322
316
326
318
318
318
322
334
326
328
330
318
326
330
350
280
162
132
102
122
162
208
214
198
222
232
224
238
264
266
198
120
110
222
326
314
306
310
306
314
302
306
306
298
306
296
300
302
294
306
298
294
298
288
292
306
224
60
100
160
268
272
278
268
268
270
264
280
282
278
276
272
284
272
274
276
266
276
284
272
282
274
272
278
278
280
276
284
284
270
284
286
270
288
286
266
306
306
306
308
322
330
330
326
330
332
318
318
326
322
318
320
326
320
324
328
324
322
324
334
322
330
336
318
328
328
332
330
330
328
318
334
334
328
336
328
332
326
332
334
326
334
328
330
330
326
328
320
328
330
320
326
328
328
318
330
332
320
334
332
326
326
326
328
320
332
332
320
332
322
328
324
324
334
334
240
130
144
126
156
208
228
232
242
268
268
256
248
248
196
150
98
162
264
320
320
308
310
312
314
316
300
308
306
296
304
298
294
296
294
300
288
296
302
290
294
308
166
70
122
208
288
274
280
262
268
274
270
288
282
280
278
270
282
274
272
274
276
280
276
276
280
274
280
284
274
284
276
278
282
276
282
280
282
286
278
280
318
322
320
312
324
308
314
320
316
320
322
322
314
324
332
322
328
322
324
324
328
332
322
328
338
326
326
336
336
330
332
334
324
330
334
328
320
328
336
322
330
336
332
332
336
336
330
332
334
322
336
334
328
326
328
336
326
338
332
334
332
328
334
326
328
334
328
334
328
334
328
328
334
322
332
330
332
322
180
128
188
190
170
208
230
250
254
256
248
234
192
170
140
114
146
214
304
330
312
316
302
316
312
304
320
308
304
296
296
304
290
300
300
288
294
292
292
294
288
302
252
106
98
178
280
280
272
272
268
274
276
276
288
274
282
282
268
282
272
278
278
276
280
268
272
278
270
284
278
276
286
278
282
276
278
286
278
278
286
282
280
314
314
314
304
310
308
314
314
314
312
318
322
314
316
318
318
328
322
324
324
320
326
320
324
320
324
328
326
332
334
330
326
328
332
332
332
336
330
328
332
334
334
332
336
328
336
334
330
334
334
338
332
334
338
332
340
330
336
330
336
340
332
334
330
332
336
328
338
332
338
334
328
340
334
332
328
334
322
268
294
310
320
328
316
272
186
174
168
150
156
132
140
148
210
288
320
330
318
312
320
310
314
306
310
312
298
314
308
298
308
292
294
298
296
296
280
292
294
292
300
144
100
186
272
284
264
276
276
264
284
286
276
284
280
284
274
276
284
268
282
280
266
282
278
276
276
276
284
270
282
286
268
286
282
270
284
280
272
282
284
280
310
310
310
302
312
306
312
314
312
318
314
320
314
312
316
316
314
310
314
326
320
320
324
324
322
324
330
326
328
330
332
332
326
332
330
330
334
332
332
328
332
334
328
334
332
332
324
330
340
328
338
332
336
334
338
340
332
334
334
332
336
326
334
328
342
336
332
338
328
328
330
328
340
336
336
334
334
344
340
346
334
334
322
218
176
144
156
152
146
164
188
248
298
328
338
320
324
318
316
324
306
316
318
312
312
304
310
300
304
308
290
302
300
290
296
296
302
290
302
214
142
212
296
280
280
278
278
278
278
286
274
288
288
274
286
286
278
280
282
286
266
276
286
268
284
290
274
284
284
276
278
280
280
272
280
286
266
282
284
264
290
316
314
320
322
324
318
322
326
324
326
322
328
328
320
314
326
328
326
328
332
332
338
328
334
342
334
336
330
330
330
332
340
334
340
340
332
334
336
344
330
340
350
334
336
328
338
336
334
348
340
344
344
338
334
340
340
330
342
346
330
340
342
342
334
332
342
330
338
334
336
332
330
342
326
332
336
328
336
328
332
326
324
260
154
180
182
208
224
264
302
314
340
330
316
324
316
316
314
308
314
302
310
304
308
312
294
298
292
294
300
288
296
284
288
296
286
292
276
286
266
258
296
286
278
284
278
288
290
280
290
284
284
284
282
288
274
286
286
272
284
284
278
284
286
286
278
288
288
276
292
290
276
292
292
282
286
286
284
278
286
292
