510
510
508
510
510
510
510
510
510
510
510
510
508
508
508
508
426
332
342
348
338
346
354
350
348
348
354
350
346
350
356
354
350
356
358
358
354
350
354
350
346
348
354
342
340
352
356
354
350
354
352
350
350
358
356
352
350
352
362
354
348
352
356
354
344
354
356
358
344
348
354
356
352
350
354
352
352
346
354
360
356
346
352
352
288
296
344
370
358
282
308
366
358
352
346
348
352
344
344
340
350
348
348
338
346
348
352
336
344
350
344
338
342
338
346
346
336
342
340
348
338
336
334
344
330
340
330
342
336
336
326
340
330
338
330
334
330
340
322
330
326
330
328
328
318
330
324
334
324
326
326
334
320
326
318
326
322
316
312
322
322
510
508
508
510
508
510
508
510
508
510
508
508
506
508
504
422
332
348
340
348
346
346
348
344
346
346
348
346
352
354
348
352
352
352
350
352
356
350
362
352
354
352
342
348
350
356
352
350
354
352
352
350
354
354
348
354
352
352
352
352
356
354
354
356
354
352
352
350
358
352
350
354
350
352
346
348
346
354
352
350
356
362
352
246
170
156
174
262
350
260
124
228
330
356
350
350
336
346
346
352
346
348
348
346
344
342
342
350
344
346
344
342
346
342
342
342
342
348
342
336
344
338
344
338
334
332
340
330
340
332
340
334
336
328
340
330
334
330
336
328
338
328
332
326
330
328
328
324
334
326
328
324
324
320
324
318
322
322
322
320
320
508
508
508
510
508
510
508
508
508
508
508
510
506
506
424
340
342
350
348
354
352
348
348
348
356
348
346
350
354
352
354
354
354
350
354
356
358
352
358
354
350
354
346
354
354
350
354
352
352
350
354
350
354
354
354
352
352
350
354
352
358
356
348
360
354
350
348
350
354
352
352
352
352
356
350
348
358
348
352
354
358
338
240
148
138
166
162
118
156
252
126
70
168
304
346
344
348
342
348
344
344
344
350
342
346
342
346
346
342
342
350
348
346
344
344
350
346
342
344
344
342
346
336
342
336
340
340
342
336
344
336
340
332
338
334
336
330
338
332
336
330
336
330
332
324
328
326
328
324
330
322
326
322
326
326
322
322
324
322
320
322
508
510
510
508
508
510
508
510
508
508
508
508
506
428
332
342
346
346
348
350
354
350
348
348
344
344
350
352
350
354
352
356
348
348
354
350
358
358
356
354
348
358
354
362
356
352
364
356
352
350
354
354
352
352
350
352
348
350
354
350
354
350
354
352
352
350
354
352
354
350
354
358
352
356
350
352
352
350
348
356
352
246
162
172
144
118
148
178
124
82
76
78
82
192
302
348
350
350
342
350
346
350
346
344
342
352
344
348
346
344
350
350
344
346
348
344
346
338
344
342
344
342
342
336
344
334
342
336
344
340
346
338
346
336
338
338
338
334
340
328
332
330
330
334
332
328
334
332
326
324
326
326
324
324
324
324
320
324
318
322
320
508
508
508
508
508
510
508
508
508
510
506
506
430
338
346
352
352
350
350
350
354
352
356
356
340
328
352
352
352
356
352
348
350
352
358
350
354
356
350
352
356
356
356
356
358
352
356
358
354
356
354
358
356
356
354
348
352
342
354
354
352
354
354
358
348
350
354
356
356
354
356
360
358
348
354
352
352
346
358
354
258
152
122
128
146
154
126
116
144
108
80
84
70
84
172
270
352
346
348
344
350
344
352
340
340
348
344
340
352
342
346
348
346
352
350
346
346
348
340
344
340
348
344
336
336
346
338
344
342
342
338
344
342
344
336
340
340
338
334
338
334
336
328
334
334
332
334
336
330
324
332
330
326
326
326
322
324
316
324
318
324
510
508
508
510
508
510
508
508
508
508
506
430
336
354
352
352
350
352
352
350
352
352
356
356
350
348
352
350
350
350
354
352
356
354
360
354
352
352
350
356
354
354
356
354
358
354
354
352
354
358
358
362
356
358
358
352
352
350
350
350
352
352
352
348
354
352
354
350
348
358
352
356
350
352
356
354
350
362
344
226
136
150
148
128
102
112
146
128
102
120
110
114
106
92
70
112
256
338
358
364
356
364
362
366
354
356
356
352
356
350
346
350
348
348
348
340
348
342
346
344
344
340
346
340
342
342
348
340
344
336
346
342
342
338
340
336
344
338
338
342
340
334
336
332
336
332
332
332
330
328
328
332
328
330
326
330
320
322
322
330
316
510
508
508
508
508
508
508
508
506
506
434
338
350
352
352
346
340
340
352
348
350
354
350
350
350
352
350
348
354
356
352
350
356
356
356
356
354
356
354
354
358
352
358
356
358
358
354
360
360
358
356
358
360
350
358
354
360
356
348
356
354
356
354
354
352
354
354
354
354
354
354
350
360
356
356
352
364
316
210
138
116
106
104
116
134
108
90
116
120
92
100
102
102
98
92
62
74
164
254
260
262
262
254
268
290
286
300
304
324
336
344
354
354
354
362
360
358
358
350
350
342
344
342
348
342
350
342
344
340
346
344
348
336
342
342
340
342
342
336
340
336
336
340
334
334
334
334
328
334
328
330
328
334
326
330
318
330
322
328
318
324
510
510
510
510
508
508
508
508
506
438
342
344
350
348
354
352
346
346
352
350
348
350
346
346
348
350
354
356
354
352
356
356
358
356
352
356
356
356
352
356
360
356
356
354
360
354
358
356
356
360
358
360
358
352
356
358
356
360
358
360
360
354
358
356
364
358
354
366
360
356
354
356
360
360
362
356
264
152
108
122
112
106
106
88
84
102
94
68
90
92
72
74
70
80
88
88
84
94
98
86
84
92
88
88
94
104
100
112
126
138
150
174
190
202
212
246
284
310
332
352
364
352
356
352
348
348
346
340
346
342
342
346
342
340
350
342
340
346
342
338
336
336
336
336
330
336
332
332
330
332
326
336
328
332
320
332
326
332
318
326
320
510
508
508
508
506
506
506
506
438
342
348
348
352
350
354
362
364
358
358
352
352
346
342
348
352
348
350
354
352
352
356
358
356
356
354
358
354
350
356
360
358
356
356
356
354
356
358
358
356
354
360
358
354
354
358
356
356
362
358
356
352
356
362
360
356
364
364
362
366
358
362
356
364
348
294
198
126
116
98
98
102
90
92
96
78
80
94
84
96
88
76
96
100
84
86
88
86
88
94
88
78
92
98
84
86
104
96
82
80
94
88
78
80
84
84
74
90
116
132
168
226
268
302
340
354
360
360
350
344
342
340
342
344
344
344
342
338
346
344
338
340
334
340
336
334
330
338
328
336
332
338
330
338
326
334
326
330
326
326
318
328
510
510
510
508
510
508
508
440
340
346
350
348
352
352
358
314
290
314
340
358
360
368
360
354
348
346
350
352
354
356
356
354
352
358
356
358
352
354
360
352
354
356
358
360
354
362
356
360
354
356
360
356
358
358
358
356
360
358
360
356
350
358
358
362
356
366
364
372
370
368
370
348
262
190
138
110
110
116
108
102
106
108
106
98
108
122
100
90
104
112
92
86
112
90
78
112
96
74
104
104
70
84
104
90
84
94
118
100
72
82
114
98
90
108
110
90
92
108
96
72
68
88
106
138
178
232
286
328
354
364
352
346
344
340
340
346
342
342
338
338
338
342
336
344
336
334
334
338
330
342
330
336
328
334
328
334
322
328
328
328
320
508
508
508
508
506
506
440
338
348
352
356
350
352
354
334
226
156
174
206
250
242
232
280
326
354
366
362
354
352
356
354
350
352
354
354
354
358
358
360
352
352
358
354
360
358
358
356
354
360
354
356
354
358
356
356
360
358
360
358
354
362
366
360
358
364
370
374
318
234
200
200
188
158
128
126
132
120
110
124
116
100
92
116
164
120
102
122
98
90
120
100
84
102
96
88
94
98
92
84
104
112
86
90
138
114
78
94
98
56
50
106
122
104
100
130
124
108
110
122
100
84
110
110
74
72
90
94
116
170
234
300
342
362
352
342
340
344
340
342
334
338
336
336
338
342
328
336
332
340
332
338
330
338
332
336
332
328
326
332
330
320
508
510
510
508
508
444
346
346
348
348
346
350
350
348
332
286
214
154
134
134
100
76
78
108
170
246
318
358
364
356
354
354
350
352
354
350
354
356
356
356
350
354
354
356
354
358
354
352
360
356
356
356
360
360
360
356
360
360
360
360
360
370
372
370
356
346
276
180
144
128
104
106
122
114
104
110
108
86
84
120
134
102
124
140
108
96
102
140
106
88
148
130
86
142
130
82
144
144
84
108
148
92
88
116
118
130
122
104
116
112
96
122
168
128
112
162
144
108
128
170
140
104
126
144
118
94
92
94
68
70
90
148
230
314
348
358
346
342
340
342
332
342
336
338
330
338
332
340
332
338
332
336
332
336
328
334
334
326
328
330
328
508
506
506
506
440
342
352
352
350
352
346
350
348
344
340
328
304
256
204
142
84
66
56
60
58
56
86
156
264
346
366
356
356
352
354
352
354
354
352
356
356
354
352
352
354
352
356
356
358
352
354
364
356
362
356
360
358
360
368
370
354
330
286
242
198
162
128
116
98
108
106
74
82
88
90
80
90
128
154
130
156
156
102
132
168
102
118
166
104
90
146
122
96
120
106
92
92
104
120
102
92
138
146
102
130
224
158
94
156
178
104
106
160
132
96
122
148
126
110
148
148
122
136
154
128
92
106
110
76
66
60
34
46
100
188
262
332
354
358
338
336
336
342
330
334
332
342
336
338
330
338
332
338
330
334
334
336
336
328
334
324
508
508
508
442
346
350
354
354
356
354
350
348
352
354
324
176
120
128
120
122
108
78
68
66
54
52
50
46
56
122
218
324
370
362
352
352
352
354
356
360
358
358
360
358
354
358
354
354
356
356
360
358
352
356
362
368
374
348
288
234
198
154
128
128
96
80
94
94
100
92
114
108
70
132
154
84
100
206
210
138
146
150
96
98
132
136
102
96
140
138
104
160
164
106
168
192
114
126
204
130
78
154
162
96
88
98
106
122
88
100
152
136
100
154
174
124
132
236
198
102
134
234
192
122
70
50
58
56
44
38
40
48
54
58
42
54
108
196
276
338
354
344
336
340
334
346
336
342
332
332
328
338
330
334
334
330
336
330
332
328
342
508
504
440
346
348
352
352
354
358
356
356
354
352
362
296
106
70
60
58
62
58
60
60
56
52
48
52
54
60
54
52
100
194
298
362
360
346
350
352
356
356
354
358
354
358
354
350
352
352
358
356
362
362
366
358
340
282
198
136
106
100
102
82
90
120
86
82
166
136
86
146
114
80
120
124
106
98
126
196
144
88
162
178
98
134
222
136
116
212
162
102
172
164
100
150
158
94
102
112
90
104
104
108
176
178
112
140
252
198
116
192
248
154
144
196
172
136
142
170
186
172
168
132
86
60
58
74
76
62
52
52
48
46
46
44
40
30
28
56
126
220
306
356
348
346
336
338
332
340
334
334
336
332
330
332
334
332
338
330
338
328
508
444
342
352
356
350
356
356
352
340
340
340
342
346
346
216
94
76
70
52
48
50
48
50
50
50
50
50
54
52
64
58
44
68
174
308
362
356
346
346
350
354
356
356
356
356
348
354
360
362
368
366
346
250
188
148
100
98
134
82
84
154
98
106
146
88
92
130
120
102
90
152
154
82
140
206
114
92
198
162
88
162
176
90
112
144
104
110
114
112
140
106
116
158
106
102
188
168
96
168
230
150
110
220
246
154
120
166
150
126
126
134
170
176
124
156
248
210
144
218
218
110
52
48
60
66
78
76
66
62
54
50
46
42
44
72
84
60
58
40
38
84
170
276
334
346
338
336
336
340
332
338
334
330
338
332
334
328
338
330
336
452
344
346
354
352
356
350
318
314
318
318
314
312
320
336
288
184
198
206
180
120
78
62
56
52
50
46
48
50
52
54
60
62
60
36
62
190
314
358
358
360
362
366
370
374
372
368
358
326
310
264
214
174
92
82
116
80
86
108
106
96
104
120
90
104
166
108
98
210
144
92
206
176
86
126
160
102
108
104
114
132
122
128
180
132
98
204
184
106
208
266
146
174
272
168
116
248
208
100
128
196
130
118
138
126
146
198
142
112
228
246
132
178
310
214
130
144
152
120
86
64
56
68
96
126
138
134
122
106
84
70
64
74
80
74
94
98
76
72
48
38
36
46
82
182
298
350
344
342
338
334
332
334
336
332
336
336
344
332
336
330
352
352
354
350
356
346
284
210
186
188
190
246
286
286
292
302
316
298
256
214
170
106
74
58
52
56
48
52
52
52
48
60
82
98
84
68
56
104
198
260
304
314
286
274
254
230
188
166
124
104
94
78
92
134
96
112
170
94
118
206
108
126
208
106
124
206
116
106
156
118
110
100
128
166
108
98
208
184
88
178
252
166
168
284
186
122
256
232
102
166
242
130
132
214
162
136
172
146
142
144
88
128
246
222
106
144
292
222
116
206
248
126
120
178
208
204
152
66
62
68
52
58
106
144
180
206
200
190
182
150
130
126
124
142
146
136
118
100
80
66
54
54
56
56
52
102
196
286
342
352
340
332
334
328
334
328
338
332
338
330
338
348
354
352
352
348
300
218
168
146
114
84
96
128
112
140
196
176
100
56
50
42
44
46
50
54
52
58
56
56
58
66
86
120
132
116
116
114
114
96
108
114
114
104
104
102
86
112
90
124
98
154
134
116
204
120
130
184
102
120
162
118
118
128
134
124
104
160
142
90
204
212
108
184
268
148
116
264
226
106
156
276
190
136
210
182
138
162
158
152
146
108
172
202
100
158
280
212
116
236
242
112
94
232
232
110
120
172
154
144
156
150
220
218
242
380
340
184
72
76
78
90
98
130
150
160
198
230
192
164
158
160
150
146
156
162
158
150
148
134
100
92
86
74
68
60
44
48
76
148
256
330
352
338
340
330
334
330
338
328
340
332
352
354
352
350
330
258
216
192
164
116
78
68
56
58
52
52
50
44
52
54
48
44
44
46
48
48
50
52
56
64
92
138
158
126
114
114
116
130
110
122
106
108
112
118
108
108
118
106
138
96
116
108
110
114
138
150
124
186
164
112
200
196
136
242
196
134
268
208
106
234
246
120
140
222
150
122
160
164
152
164
144
194
224
138
172
264
164
110
274
220
96
226
294
148
160
290
202
124
178
228
132
100
146
166
194
228
114
154
280
198
178
354
330
236
290
268
102
72
76
84
114
124
124
134
146
180
186
142
100
102
118
118
96
116
138
132
144
134
82
52
96
146
118
80
90
104
78
58
48
62
134
236
324
342
342
330
336
328
338
332
334
356
352
352
352
346
314
274
230
176
136
94
68
58
54
56
58
54
60
58
54
50
44
42
38
36
40
42
44
46
62
86
142
150
120
124
118
134
120
136
104
136
110
134
106
130
114
112
124
104
160
112
166
214
132
218
240
162
242
234
142
250
252
144
232
202
110
210
184
114
154
160
158
166
106
162
236
130
118
262
206
110
236
250
124
172
290
178
116
244
236
122
178
266
204
174
194
196
222
182
126
134
166
180
164
246
290
218
174
318
298
186
290
338
248
116
58
62
78
80
90
108
130
150
134
160
202
184
162
106
74
84
82
80
136
120
76
88
110
80
68
96
94
68
72
60
90
94
84
76
58
46
56
118
252
322
344
334
336
330
334
336
358
352
354
352
346
348
344
318
266
200
132
80
62
52
50
50
50
54
56
58
58
54
52
52
44
40
42
46
58
78
102
108
116
102
104
132
120
136
162
142
190
140
196
140
196
140
170
184
136
218
134
166
230
138
178
208
150
160
160
124
170
182
176
158
146
190
138
136
242
166
108
242
226
114
180
286
160
126
264
216
120
204
240
148
162
224
196
174
168
178
214
202
148
218
234
138
178
298
258
160
98
186
194
152
182
290
232
142
246
304
216
256
264
306
224
64
50
84
108
104
112
128
190
212
226
316
266
178
118
98
92
80
78
132
118
82
80
102
104
78
60
34
66
84
54
52
52
46
56
66
68
58
30
62
212
292
324
334
330
334
332
354
350
352
352
352
352
344
344
340
322
268
176
98
66
60
50
46
48
46
46
50
52
58
60
60
60
56
68
92
114
140
140
128
126
158
114
136
118
110
128
122
130
124
108
124
116
134
128
136
146
138
146
132
178
162
152
228
156
124
240
156
152
284
174
154
278
166
144
278
192
114
216
222
116
140
236
186
148
170
190
198
168
144
204
244
152
208
286
204
176
296
242
150
226
262
166
156
274
290
212
150
174
178
194
212
214
214
206
248
242
284
312
288
400
348
156
72
78
98
116
130
116
146
188
262
278
268
286
162
126
116
82
68
80
110
136
114
116
116
104
98
88
78
90
88
72
66
78
98
98
92
78
62
78
188
274
278
322
336
332
334
352
354
352
352
354
354
350
350
350
348
344
312
248
160
102
70
56
50
44
48
46
46
48
50
56
62
86
106
148
174
144
124
120
144
124
124
184
110
176
156
128
190
120
166
126
192
176
142
224
142
218
196
136
248
204
162
270
214
160
272
184
150
274
198
142
224
172
132
180
176
164
134
148
190
180
142
218
240
154
194
286
218
130
232
296
202
232
318
242
164
270
258
176
200
252
194
160
172
226
232
244
204
156
228
308
236
180
284
320
238
276
342
312
312
342
252
84
76
88
136
164
178
166
140
190
248
316
382
298
162
144
74
88
102
156
186
162
142
142
150
140
128
90
70
82
84
96
98
82
74
88
118
148
180
250
278
268
308
332
334
328
354
356
354
352
352
350
348
354
356
352
348
340
330
310
258
196
128
86
58
50
50
46
50
50
50
56
114
134
184
214
136
150
136
100
146
130
126
124
170
142
148
164
122
180
128
192
166
170
216
142
208
204
154
218
198
148
194
208
166
178
178
168
162
176
168
136
188
214
138
200
268
182
154
268
228
148
238
276
182
178
278
234
144
182
280
232
176
252
200
170
180
224
268
272
230
222
260
204
138
216
298
258
190
176
290
300
222
232
320
294
262
326
386
272
174
182
94
92
96
124
174
180
206
192
164
180
202
292
342
274
202
82
146
172
170
142
166
170
172
146
140
158
148
130
152
164
146
116
118
142
190
242
252
256
272
272
280
320
334
326
336
356
354
354
354
356
354
348
358
356
354
356
350
344
342
334
324
296
258
208
150
104
70
60
56
54
54
76
142
162
168
168
166
126
168
208
116
156
194
124
174
152
132
156
126
152
134
160
160
150
182
160
178
202
154
188
230
146
196
236
140
210
246
138
208
244
148
208
270
178
188
278
204
142
220
214
142
176
232
196
174
190
212
212
170
148
196
220
222
242
276
198
160
276
298
228
202
294
292
204
166
278
288
216
180
238
276
228
238
292
262
254
284
320
248
320
308
160
108
124
96
164
190
192
204
194
206
186
158
172
216
180
118
142
204
206
176
162
182
168
186
196
190
214
266
306
282
228
212
226
258
294
280
274
280
272
282
312
334
326
334
330
354
354
352
354
348
354
354
354
352
352
356
356
354
356
352
346
340
340
332
310
284
244
200
142
100
88
74
82
106
192
226
138
174
166
150
148
206
164
136
212
136
182
188
158
218
154
220
180
164
246
158
190
264
174
198
268
166
196
242
154
204
244
154
184
218
144
166
212
170
156
168
178
180
144
158
216
204
166
246
250
158
170
274
226
144
156
258
280
278
306
246
158
210
290
242
182
232
268
220
192
220
238
218
264
250
176
202
294
262
210
230
348
316
212
242
264
152
86
156
132
92
156
186
196
212
220
208
194
188
162
156
188
188
192
220
220
204
212
222
222
246
258
288
294
262
254
260
260
274
294
264
260
266
262
284
320
330
324
334
326
328
354
354
352
352
352
358
356
350
356
358
356
356
358
360
356
356
354
344
352
344
342
340
334
300
262
250
214
170
144
142
162
166
202
170
204
224
148
170
178
162
156
182
170
170
186
154
190
172
172
208
158
168
206
164
160
180
180
172
174
196
168
150
192
166
146
192
170
148
232
222
140
212
278
208
168
262
254
178
230
284
190
148
236
232
184
206
254
292
238
220
230
206
190
176
202
242
212
176
192
260
226
176
178
258
288
214
180
242
298
280
252
316
388
334
236
116
86
72
116
158
122
88
108
166
212
214
216
218
216
208
196
236
260
250
222
230
252
252
240
222
218
228
236
244
256
258
268
276
268
256
264
268
276
310
318
336
322
330
326
334
326
352
356
350
354
354
350
354
354
362
358
356
358
364
360
354
358
356
350
356
360
358
354
354
352
348
338
326
310
288
254
240
236
212
228
212
222
208
240
204
178
240
168
210
192
162
208
144
192
202
152
226
202
154
240
216
152
254
212
162
268
216
156
252
192
138
248
220
144
222
232
150
176
250
200
166
220
238
188
176
208
212
214
164
196
262
232
188
244
252
172
174
268
250
172
158
272
268
188
152
240
284
236
192
222
286
246
238
302
288
282
280
304
292
306
238
116
86
66
66
120
226
210
168
146
174
234
248
230
230
250
266
272
272
282
286
266
248
254
256
248
240
248
260
272
262
262
248
242
250
258
278
300
332
328
334
318
332
324
326
328
334
352
356
350
354
356
352
358
358
356
356
354
356
358
360
360
358
352
356
356
362
358
356
356
354
352
354
344
340
334
322
316
298
274
258
242
242
254
236
246
236
230
228
232
236
226
234
176
206
220
160
240
214
144
242
208
146
220
196
158
216
182
146
202
178
140
182
180
156
170
182
208
188
150
212
222
148
162
262
230
138
210
292
240
212
284
274
202
226
296
222
154
230
282
210
166
226
264
232
222
248
252
234
232
272
244
216
264
292
244
216
236
262
264
172
126
114
104
108
132
178
280
310
318
298
248
240
260
290
320
338
336
338
336
324
312
306
290
278
272
262
260
254
236
222
234
216
228
260
272
296
328
336
320
334
326
328
326
328
326
326
324
350
354
354
356
356
352
356
354
354
354
356
362
356
356
358
358
354
352
358
356
356
352
358
354
352
354
350
344
348
344
334
328
312
306
292
280
268
256
264
272
232
212
198
208
230
176
212
190
176
212
180
160
144
138
168
192
156
170
208
150
174
216
144
162
226
168
166
248
204
148
250
250
154
188
280
196
124
238
278
180
170
252
234
192
230
244
194
208
256
230
206
204
192
200
242
232
188
172
194
190
162
144
170
174
154
142
158
166
146
108
98
122
104
90
102
120
176
240
276
280
294
320
352
346
364
346
296
298
286
302
306
316
322
322
318
314
298
276
250
224
188
188
184
194
222
268
286
296
322
312
320
316
320
326
334
324
326
330
328
326
330
344
350
350
356
354
350
356
354
356
356
356
362
362
358
354
358
356
354
356
354
352
356
356
356
358
356
354
354
352
346
342
336
334
332
324
310
300
284
276
248
208
182
176
148
124
106
154
164
166
218
184
160
172
104
162
262
160
166
264
172
168
272
176
144
254
216
150
224
256
186
194
234
186
196
236
206
170
164
180
210
226
160
158
244
236
176
204
250
202
156
232
268
196
150
246
298
246
156
96
88
86
78
70
68
56
48
40
36
38
44
52
60
72
108
124
130
170
248
312
336
342
340
344
350
370
356
368
342
320
308
278
258
262
270
258
250
224
186
158
138
168
182
230
268
280
296
294
306
308
314
306
318
314
324
322
324
326
328
330
322
334
354
356
354
354
352
348
350
352
354
356
356
356
360
358
352
354
356
348
350
352
354
356
358
360
360
362
356
358
352
344
348
348
346
340
338
330
322
316
286
164
128
158
154
106
84
68
70
120
164
160
184
176
186
162
164
184
176
170
180
170
166
174
180
184
202
208
206
198
200
220
192
152
202
262
196
160
256
230
144
186
272
216
152
228
252
186
172
256
250
172
200
262
246
204
208
212
210
222
178
130
126
152
162
142
122
124
140
122
110
132
170
166
162
206
266
202
184
234
260
308
356
364
348
340
324
358
322
336
324
298
278
256
236
210
180
150
118
132
152
210
246
266
282
274
286
280
296
294
310
302
312
310
318
316
328
326
318
324
324
336
324
354
348
350
350
354
354
348
350
352
356
358
358
354
354
350
346
350
348
352
354
354
352
358
356
358
358
360
358
358
352
356
352
350
350
346
338
332
332
244
122
120
138
140
128
108
90
76
70
88
142
158
180
172
186
228
124
176
252
156
174
256
190
180
278
254
192
256
264
184
222
232
154
164
250
232
182
226
262
222
196
212
222
218
206
182
202
224
188
180
210
250
216
178
218
262
182
126
220
258
212
160
182
238
220
196
224
254
220
204
226
232
232
234
228
254
340
332
332
358
340
360
368
326
338
306
298
298
284
262
236
194
166
138
110
126
134
184
218
248
260
262
272
268
280
270
290
288
298
294
310
310
314
312
312
324
322
332
322
330
328
334
352
350
348
352
356
356
350
352
354
354
358
358
354
356
354
346
350
352
354
360
352
358
356
356
360
358
360
356
358
358
362
352
352
352
348
338
316
244
170
144
140
128
114
104
96
88
86
74
62
72
110
138
162
180
216
186
202
256
240
220
260
258
226
250
272
252
244
264
256
250
224
214
246
226
204
240
248
188
206
280
240
198
234
268
200
164
240
218
172
198
232
216
170
178
208
172
156
188
202
198
194
222
208
192
232
270
244
218
258
264
228
238
284
286
304
374
350
322
370
328
324
312
308
296
274
242
204
162
124
112
98
134
160
198
220
240
254
254
264
252
264
262
270
272
282
278
296
294
302
302
312
310
316
318
310
324
320
332
328
334
324
354
348
352
350
352
348
352
358
350
354
356
356
358
362
356
354
354
354
356
356
358
356
358
354
356
356
360
356
358
360
356
358
356
356
346
342
306
216
164
162
152
140
128
114
100
92
88
86
74
70
76
94
140
166
166
240
280
244
254
298
258
224
274
264
218
252
248
208
248
302
260
246
294
290
246
256
286
268
238
268
296
296
306
294
246
226
238
208
176
174
180
184
158
152
174
142
200
270
232
212
212
232
252
262
266
276
280
280
290
284
274
288
316
304
316
344
320
304
294
278
260
220
184
154
118
102
112
114
158
188
222
232
256
256
252
254
250
262
256
264
256
270
262
278
278
286
282
294
294
296
304
302
314
310
320
316
330
318
330
328
326
352
350
356
354
350
350
346
352
350
356
362
356
360
360
360
358
356
358
352
358
358
358
350
352
358
356
354
354
354
356
356
360
354
344
344
342
338
322
300
258
236
240
180
120
114
118
110
100
94
102
112
124
130
114
122
158
188
200
218
236
244
240
272
282
270
272
272
270
292
296
296
306
312
300
308
318
302
284
240
222
238
260
274
270
274
272
260
244
214
192
196
198
172
146
154
182
242
332
320
300
296
292
286
296
288
276
284
286
276
262
254
240
236
218
212
188
186
164
144
128
112
112
110
146
162
200
212
242
250
260
248
252
254
252
256
252
266
256
272
264
270
268
282
276
292
284
284
296
292
300
300
314
304
318
310
320
320
326
318
328
328
350
350
354
350
348
354
348
350
354
354
354
350
360
358
356
358
358
356
356
360
360
354
358
358
360
356
354
356
354
356
354
356
350
348
344
340
328
318
304
296
292
288
264
236
234
216
202
182
178
186
182
188
210
204
180
198
216
206
224
228
226
230
234
240
236
244
226
226
230
242
224
218
228
236
220
218
214
234
200
194
206
202
212
220
228
230
218
206
188
172
156
154
170
182
184
216
168
174
206
222
220
216
216
212
196
176
168
166
136
134
136
138
130
142
146
148
154
154
182
180
206
218
242
232
248
240
242
242
246
242
250
256
250
264
252
266
258
270
266
280
276
282
278
288
288
288
292
296
306
296
318
306
308
310
326
310
322
324
322
326
324
352
348
352
354
352
354
354
354
352
348
352
352
360
360
354
360
354
358
360
358
362
356
360
360
356
354
360
356
358
356
354
352
352
348
350
338
330
326
308
292
284
280
278
280
270
274
276
272
270
270
270
272
248
266
268
260
256
258
256
250
244
254
250
252
254
246
248
244
240
244
240
236
244
236
234
230
234
222
188
192
202
212
200
202
192
202
208
190
166
164
160
178
196
192
212
146
88
68
78
164
188
172
172
178
178
174
178
198
204
216
218
236
238
248
238
246
242
244
242
254
238
246
240
238
242
244
244
246
252
248
258
254
264
258
274
264
276
268
276
276
282
280
286
286
288
296
286
296
300
312
298
314
308
318
318
312
316
324
330
318
332
354
352
344
354
350
354
354
352
350
350
358
358
354
356
356
364
352
356
360
362
362
352
350
346
344
354
360
356
354
354
356
352
352
348
344
340
338
330
320
314
310
304
296
294
292
286
294
288
290
292
286
288
278
290
294
284
286
282
282
272
268
270
266
264
268
262
264
266
260
264
262
268
268
260
258
264
266
224
176
182
188
198
198
190
180
176
176
196
204
182
200
200
198
218
144
86
82
102
194
246
248
240
250
246
244
244
248
240
246
240
252
240
248
242
250
242
254
236
246
242
250
248
254
252
250
258
260
254
256
262
258
274
264
270
272
278
268
278
276
280
284
280
286
286
292
294
306
298
304
302
304
306
322
314
320
324
316
318
316
326
326
356
350
344
344
350
354
356
350
352
356
352
344
354
360
354
358
358
358
354
356
362
352
344
338
342
352
358
358
358
354
356
356
354
350
346
352
346
340
334
332
328
328
324
322
320
318
316
320
318
324
320
320
326
320
320
320
314
316
308
306
300
296
290
286
290
286
280
284
278
276
278
270
274
270
266
272
276
214
168
190
198
212
204
174
164
180
202
196
194
228
204
204
210
144
114
110
122
210
254
248
246
250
248
250
242
252
242
246
244
254
246
250
244
254
250
250
246
252
248
248
256
252
258
256
262
256
272
258
262
262
266
266
286
274
280
278
276
274
286
288
286
294
288
300
296
300
298
310
308
310
312
316
314
310
314
320
320
314
328
318
330
350
354
354
352
354
350
360
354
360
354
352
354
354
364
356
356
358
356
362
358
356
356
350
354
348
354
356
356
356
352
356
360
356
350
354
356
352
346
342
336
344
340
340
338
336
336
338
338
342
342
340
336
336
334
334
338
330
328
326
320
328
318
312
310
310
304
302
304
298
294
292
292
288
290
286
284
286
220
174
194
192
184
192
212
214
194
188
216
242
210
210
212
150
132
132
142
228
268
262
258
266
254
260
258
262
250
262
246
258
258
260
252
256
248
256
252
258
260
262
260
262
262
258
264
256
268
262
276
268
280
270
278
278
284
282
290
290
284
296
296
298
292
306
298
312
296
304
314
312
308
316
312
314
324
308
322
314
324
312
320
318
348
356
356
346
356
348
346
356
350
356
350
356
350
352
348
354
362
354
362
356
354
354
352
356
352
354
352
352
354
354
356
358
358
358
354
356
346
352
352
350
346
352
348
346
346
348
344
346
346
346
342
340
344
350
344
348
342
338
336
332
336
330
330
326
326
324
320
316
308
310
308
308
306
298
296
284
302
254
190
210
226
216
218
200
190
220
270
254
222
226
196
162
152
150
172
248
276
280
272
276
270
268
266
274
260
268
260
264
258
266
260
268
264
270
264
264
268
266
266
262
274
268
274
274
284
272
282
278
284
280
288
288
292
292
284
292
294
298
298
312
304
308
298
306
310
306
304
314
314
308
320
316
320
316
320
308
320
314
318
316
318
352
352
352
344
354
348
354
354
352
350
352
354
352
354
352
358
358
354
362
358
350
354
350
352
352
354
358
354
352
356
356
354
354
358
362
358
360
354
358
350
348
350
350
352
354
354
352
354
356
350
354
354
350
352
350
348
348
342
344
344
338
338
340
334
332
332
328
328
324
320
320
312
310
308
310
308
308
276
214
234
238
230
236
264
278
264
234
220
208
176
172
164
166
210
274
288
284
280
288
278
278
280
286
280
284
274
280
272
274
278
272
268
274
274
276
278
274
272
264
272
266
282
276
288
282
290
286
296
286
288
294
294
300
304
300
296
308
300
306
302
308
302
310
302
310
310
298
306
314
318
312
330
314
326
318
318
320
320
318
312
322
352
350
348
354
352
348
358
358
350
350
354
356
356
356
358
356
358
358
358
352
354
356
350
350
354
356
358
354
354
358
354
364
356
356
356
362
362
356
360
352
352
354
354
352
354
352
362
358
358
358
352
350
356
356
358
350
352
352
350
350
344
344
342
340
336
332
328
332
328
326
322
324
324
318
312
312
306
308
282
262
250
256
268
270
244
208
188
186
176
178
180
204
250
298
292
296
292
294
290
298
290
298
292
298
288
288
282
292
288
292
286
274
282
284
288
276
282
274
288
272
280
282
300
286
290
292
292
296
296
300
296
306
296
304
302
308
306
312
306
314
310
306
302
310
312
308
312
312
320
316
322
318
326
318
326
320
318
322
320
320
314
352
350
352
348
352
352
346
362
358
356
348
358
356
346
352
364
360
352
354
362
350
348
354
356
356
350
366
356
350
356
360
356
356
348
362
354
362
358
356
346
362
368
354
352
364
362
354
358
364
366
352
352
360
358
348
356
360
352
344
348
354
346
342
348
342
330
334
334
334
318
326
322
316
316
318
318
314
304
306
302
294
278
248
204
200
190
192
194
212
238
268
300
312
292
300
294
304
294
298
306
310
300
308
300
306
296
300
304
246
254
292
292
288
296
284
294
290
302
280
294
292
302
292
292
304
310
310
296
310
300
298
290
298
312
324
304
314
312
314
312
312
308
322
324
306
316
318
320
316
320
312
334
326
318
314
326
330
324
320
310
332
