326
322
328
344
342
332
338
326
316
320
324
336
318
314
326
322
310
316
334
344
332
302
300
316
334
342
310
314
312
296
336
336
322
340
342
332
324
328
324
330
356
348
338
352
336
338
358
346
352
352
332
320
312
310
312
312
318
320
322
330
340
330
316
310
292
304
322
316
318
328
322
320
340
336
328
328
332
340
328
296
292
304
302
298
296
306
304
292
288
302
320
318
316
306
292
312
326
316
298
346
314
334
324
340
354
326
308
326
326
330
342
322
338
322
322
336
312
336
334
312
302
296
294
314
330
294
294
280
284
322
316
322
330
346
340
324
332
324
320
364
358
326
360
334
340
352
330
360
352
346
332
294
314
330
316
330
322
312
330
316
320
332
318
298
294
312
312
300
344
330
298
354
348
326
336
322
340
346
290
290
296
290
300
288
304
308
294
288
298
302
298
304
302
302
302
312
312
282
366
324
318
336
362
346
336
340
346
348
340
350
344
342
338
342
336
312
322
338
330
302
304
306
292
304
286
294
298
266
314
328
310
328
330
344
336
324
334
350
370
368
344
356
364
346
350
348
344
364
364
344
334
324
342
344
330
330
318
310
316
322
330
322
294
306
314
312
318
326
330
318
330
340
334
326
332
344
338
314
300
310
310
296
306
310
302
302
292
304
308
304
312
310
306
324
324
292
284
364
342
302
330
372
346
346
356
350
348
328
334
340
322
328
342
320
306
300
328
330
280
284
288
262
268
270
280
286
266
306
314
294
310
324
338
322
324
338
358
356
354
344
342
378
346
350
360
336
366
354
346
348
316
332
334
332
342
326
312
326
336
326
316
304
320
332
326
310
306
328
330
330
334
326
314
328
344
332
314
302
310
308
292
306
310
300
296
288
306
316
312
320
316
302
322
324
298
302
360
346
330
328
368
374
356
356
372
356
340
342
336
340
326
336
326
308
308
318
310
276
272
256
244
248
242
250
248
262
286
282
296
306
334
342
316
334
340
348
376
368
338
354
364
350
354
348
354
366
354
352
336
330
340
312
334
348
328
328
330
344
326
308
320
326
340
332
300
324
332
314
336
338
318
322
334
352
344
308
316
318
308
306
302
316
316
298
290
310
316
312
322
318
306
306
314
318
318
350
326
350
336
352
376
358
346
366
350
346
348
324
346
330
320
312
290
298
290
274
262
250
228
224
224
206
218
224
222
250
258
282
308
318
338
322
322
332
338
360
364
336
336
358
360
354
344
346
360
360
344
334
350
350
312
318
344
332
324
330
332
318
306
318
328
324
320
328
344
336
310
306
334
330
334
362
366
348
316
324
328
318
306
300
312
314
308
304
320
316
308
322
322
314
316
320
318
326
340
334
326
332
346
360
364
340
330
342
340
342
318
318
348
332
302
292
284
278
270
242
224
214
200
198
198
204
208
210
244
244
252
294
306
330
316
318
330
332
328
332
324
306
348
352
354
344
326
362
350
336
346
344
344
318
300
334
332
316
322
308
312
312
310
322
306
312
340
324
330
318
286
324
334
322
360
362
338
318
314
322
316
298
298
308
310
308
306
314
310
298
312
318
304
324
328
312
326
314
330
326
338
352
360
364
342
334
356
352
344
324
322
356
348
308
288
276
270
262
234
224
212
182
188
200
188
188
210
230
230
238
268
310
332
308
314
314
298
310
320
328
330
332
350
368
338
324
354
352
348
354
348
334
306
308
328
328
334
308
304
330
324
318
322
316
320
320
326
348
330
322
348
350
344
358
358
344
324
330
324
312
320
312
310
318
308
312
326
322
316
324
316
312
334
332
324
330
310
322
352
348
362
378
354
346
362
356
352
340
324
342
332
322
310
276
264
246
216
212
212
192
180
214
234
210
192
184
180
194
220
242
284
310
296
294
292
272
300
318
316
334
320
334
348
314
310
334
340
332
330
328
314
304
312
310
318
334
324
326
334
322
308
314
312
312
312
334
356
330
324
354
360
358
354
346
346
324
334
314
296
332
312
302
314
310
316
328
328
322
322
306
302
318
318
308
318
332
336
340
350
364
362
344
346
364
350
336
346
346
348
334
300
280
260
238
214
178
184
188
186
232
320
368
340
276
204
168
172
208
230
238
266
280
276
274
272
294
318
306
308
328
320
332
320
312
352
342
332
328
310
312
322
304
312
328
318
340
332
332
330
310
328
326
324
330
330
356
348
320
348
360
346
340
330
340
336
316
310
314
324
324
316
316
326
312
314
322
318
322
316
294
302
312
290
306
318
316
306
340
346
310
320
334
346
346
322
346
348
322
316
290
250
234
214
186
176
188
198
240
348
490
564
536
432
292
196
166
194
210
200
226
254
250
246
242
252
282
290
288
298
304
322
312
302
330
336
326
320
314
300
306
318
322
330
328
326
324
332
324
312
322
338
334
308
316
340
340
330
330
334
334
322
316
330
334
306
306
324
312
316
316
312
318
312
322
314
318
334
318
302
300
304
300
308
324
318
324
330
352
330
316
346
356
346
344
356
336
314
292
276
248
218
200
184
210
228
250
338
494
670
758
738
626
442
268
180
176
186
192
206
218
224
234
230
238
240
252
280
266
288
296
284
300
300
310
300
304
326
304
292
326
322
320
344
310
312
326
310
310
296
324
332
296
316
324
320
332
316
320
340
326
324
336
322
314
298
302
314
282
306
318
294
312
324
302
308
330
306
298
296
296
312
314
334
322
338
324
340
352
326
342
344
326
346
350
318
314
292
258
230
194
192
226
284
326
374
484
660
838
924
920
834
646
416
274
210
176
190
194
194
210
220
216
218
212
214
250
274
280
280
284
300
306
298
298
314
324
314
302
316
318
322
338
314
310
320
314
316
308
324
330
314
318
324
328
324
324
340
348
330
314
318
312
296
282
288
288
266
294
304
292
300
298
296
306
328
320
304
306
310
312
314
334
324
324
328
308
322
344
342
336
334
340
346
310
288
290
250
214
210
242
326
420
498
574
698
862
996
1054
1052
996
842
608
442
322
212
188
180
184
200
194
184
196
202
194
222
258
254
270
272
270
300
290
298
314
300
296
292
286
296
306
296
296
296
308
316
316
328
324
310
302
294
312
316
284
306
330
322
306
280
280
292
268
264
276
258
268
286
284
300
292
280
298
308
318
312
290
298
308
296
302
344
352
340
312
302
320
350
354
344
346
346
360
320
272
266
228
210
268
348
458
606
718
814
928
1032
1110
1134
1130
1106
1012
822
666
530
366
266
200
174
174
170
168
170
176
184
202
222
230
244
254
262
276
276
274
286
298
292
282
278
276
274
272
270
284
312
320
320
314
308
298
286
300
306
302
296
304
310
310
294
272
270
270
262
256
260
254
266
280
276
286
290
296
308
322
322
292
288
298
302
302
298
348
362
372
304
312
362
346
346
354
338
350
366
312
266
242
216
246
348
486
632
806
932
1012
1086
1150
1192
1176
1158
1146
1114
1010
888
768
598
448
314
208
164
170
178
164
158
170
182
200
210
216
240
260
262
256
246
260
292
286
278
276
262
258
262
268
284
298
292
286
284
284
284
280
298
290
284
302
294
286
300
282
262
270
262
252
246
238
234
254
262
262
276
280
302
320
332
330
294
298
308
300
296
284
338
350
378
352
334
366
374
362
368
362
348
366
322
256
232
238
322
454
620
800
972
1078
1124
1164
1190
1224
1222
1188
1172
1178
1146
1072
972
824
688
508
320
240
230
248
248
202
180
184
182
188
200
220
232
226
224
232
236
248
256
254
238
234
232
226
246
258
260
254
252
268
272
272
280
288
288
278
272
262
256
274
258
238
250
240
226
230
220
214
236
240
256
282
272
298
332
316
316
316
296
300
302
284
278
334
342
364
372
334
326
368
370
366
378
342
344
312
230
206
268
418
582
762
940
1092
1178
1200
1200
1188
1220
1248
1236
1226
1240
1242
1204
1134
1026
916
714
490
386
358
386
378
298
256
238
194
182
186
200
212
202
210
224
218
218
224
224
230
230
218
220
236
238
230
232
238
240
254
266
272
274
272
278
268
246
240
252
238
222
220
204
198
204
204
204
206
208
240
272
268
300
326
306
310
316
294
292
300
286
282
350
354
380
358
340
350
350
374
382
370
366
328
264
212
196
316
528
708
892
1052
1160
1214
1216
1188
1196
1224
1232
1260
1280
1300
1308
1286
1264
1212
1124
934
702
556
526
562
546
462
410
388
306
240
210
212
232
240
262
274
258
254
258
250
290
320
314
314
296
266
238
228
222
212
234
258
258
250
246
266
258
230
230
236
224
216
208
198
198
190
194
204
194
194
226
256
262
300
312
312
314
288
290
300
304
296
292
336
352
374
342
354
364
354
382
370
340
348
298
228
198
208
390
612
792
992
1118
1168
1198
1190
1152
1162
1194
1222
1274
1354
1392
1360
1338
1336
1330
1292
1128
896
732
694
734
742
654
580
574
494
382
312
288
298
324
366
380
352
346
356
328
376
442
474
490
440
364
294
260
230
200
206
226
230
232
246
254
230
206
212
212
202
202
196
186
182
176
188
202
188
186
208
226
246
294
316
306
302
294
292
300
308
308
308
330
354
354
342
356
346
362
380
354
336
312
262
218
200
242
458
670
854
1066
1158
1166
1180
1178
1164
1170
1182
1224
1292
1406
1450
1404
1380
1362
1368
1358
1238
1058
924
892
924
950
878
782
754
664
526
438
384
386
450
498
506
492
490
466
388
436
546
636
676
606
500
402
356
314
266
232
218
206
204
224
222
196
180
186
180
174
176
172
168
178
216
252
250
222
208
210
208
228
274
306
298
294
302
292
294
300
302
304
330
352
348
338
352
356
362
374
366
346
308
248
216
242
318
530
746
938
1126
1178
1172
1176
1196
1226
1256
1240
1244
1324
1426
1464
1460
1442
1406
1392
1348
1274
1194
1108
1090
1098
1104
1082
1002
932
826
700
616
526
486
552
624
664
672
668
622
494
522
672
806
844
754
644
554
512
470
420
352
286
230
196
188
184
176
168
172
168
170
166
162
188
244
348
420
400
350
302
260
236
244
272
290
320
320
290
300
310
306
306
302
322
338
348
322
342
350
330
354
362
318
298
252
230
312
434
640
848
1038
1186
1190
1180
1190
1234
1290
1314
1308
1300
1338
1410
1450
1470
1466
1426
1396
1338
1286
1278
1242
1208
1210
1212
1210
1160
1080
998
920
830
716
642
658
714
774
812
828
788
652
664
814
962
986
882
774
692
654
618
570
482
378
296
248
220
206
198
196
202
208
224
218
214
272
370
524
632
614
558
470
368
294
262
270
280
320
324
290
294
304
312
314
308
346
350
354
338
338
336
340
346
354
320
264
262
306
414
568
770
956
1128
1228
1204
1206
1220
1256
1316
1326
1330
1348
1352
1370
1388
1416
1436
1408
1380
1340
1300
1318
1330
1302
1306
1314
1308
1268
1184
1116
1086
1014
898
802
760
772
806
856
916
900
784
788
920
1032
1016
914
824
776
762
730
668
582
470
370
328
302
268
258
284
306
330
362
362
358
426
554
718
838
840
780
664
522
408
322
272
276
300
308
304
290
304
314
310
310
356
358
348
348
332
340
362
344
346
332
260
294
414
550
714
904
1062
1190
1260
1246
1242
1264
1294
1334
1356
1354
1372
1364
1346
1346
1370
1410
1406
1382
1342
1322
1364
1392
1384
1386
1386
1372
1342
1266
1198
1194
1158
1054
912
832
816
810
848
914
926
856
860
950
996
950
868
806
792
816
798
738
672
566
464
422
396
370
380
428
478
526
556
550
550
628
762
904
1008
1030
980
866
724
578
426
310
286
304
314
308
294
314
322
316
312
352
358
348
338
342
354
352
360
362
326
316
388
540
722
888
1042
1160
1246
1280
1260
1252
1274
1334
1394
1418
1418
1406
1366
1348
1354
1362
1396
1412
1394
1366
1368
1406
1440
1426
1410
1410
1398
1382
1330
1264
1246
1234
1162
1018
904
842
810
830
878
900
876
906
946
938
892
834
796
796
836
830
800
750
650
588
568
560
560
582
630
690
742
756
738
740
838
958
1056
1122
1142
1120
1036
920
768
566
392
304
304
320
310
304
314
330
332
320
344
342
340
328
336
348
350
364
362
304
344
490
662
878
1056
1178
1260
1284
1256
1238
1260
1288
1338
1404
1434
1454
1446
1406
1380
1366
1368
1388
1418
1420
1396
1398
1422
1440
1424
1398
1392
1390
1394
1382
1332
1288
1272
1244
1156
1010
908
860
830
852
870
858
900
932
892
842
818
806
822
870
876
866
826
738
718
744
774
782
808
868
908
930
930
920
924
1014
1110
1152
1174
1176
1170
1130
1058
946
738
504
350
312
320
310
302
318
334
334
332
338
336
342
332
308
336
366
362
364
310
376
590
770
980
1172
1260
1300
1282
1214
1220
1254
1288
1332
1384
1430
1472
1492
1470
1446
1422
1410
1428
1456
1454
1424
1416
1422
1434
1420
1380
1376
1386
1410
1422
1390
1334
1296
1300
1260
1140
1044
964
886
850
834
834
860
882
832
810
856
864
856
904
954
956
924
850
842
894
944
972
1022
1090
1104
1088
1066
1068
1088
1140
1186
1186
1174
1156
1156
1162
1150
1076
880
620
416
326
312
302
286
310
322
320
328
332
350
350
324
306
330
350
364
354
296
446
688
866
1094
1250
1294
1290
1254
1192
1196
1238
1264
1324
1406
1472
1526
1544
1518
1506
1492
1460
1458
1464
1458
1440
1446
1454
1450
1424
1372
1366
1406
1432
1430
1400
1348
1324
1328
1294
1224
1168
1104
1014
922
854
844
852
846
796
830
956
986
948
978
1062
1074
1052
986
970
1022
1074
1132
1198
1250
1244
1208
1158
1154
1196
1228
1230
1208
1172
1138
1128
1150
1192
1164
1006
742
480
328
300
310
310
318
312
314
312
328
360
348
310
338
330
314
352
346
278
484
768
962
1174
1268
1296
1288
1240
1194
1206
1238
1254
1322
1422
1504
1578
1596
1564
1542
1502
1436
1402
1398
1420
1442
1478
1502
1476
1442
1408
1396
1412
1430
1430
1414
1370
1336
1350
1344
1296
1270
1262
1174
1064
958
888
876
844
804
886
1040
1102
1080
1088
1166
1194
1186
1120
1100
1136
1182
1256
1310
1328
1294
1252
1198
1198
1258
1286
1266
1232
1194
1158
1128
1140
1206
1196
1078
850
558
352
306
320
318
324
322
322
308
334
358
346
330
348
340
340
354
354
298
496
820
1008
1172
1242
1268
1272
1260
1250
1272
1300
1296
1326
1416
1502
1560
1584
1554
1514
1452
1376
1340
1330
1380
1440
1488
1512
1506
1502
1468
1430
1428
1448
1442
1418
1376
1344
1368
1378
1356
1356
1358
1284
1194
1092
982
930
870
840
950
1082
1164
1172
1164
1228
1288
1304
1236
1212
1210
1232
1316
1366
1358
1288
1248
1232
1266
1336
1346
1310
1260
1230
1192
1138
1128
1182
1192
1124
934
636
392
324
328
306
328
338
328
320
332
336
334
332
324
328
344
344
324
294
524
838
1004
1170
1220
1250
1282
1284
1288
1318
1364
1346
1336
1396
1462
1496
1512
1470
1424
1368
1310
1294
1302
1364
1448
1504
1522
1520
1512
1486
1446
1452
1462
1434
1404
1382
1376
1378
1368
1378
1386
1378
1330
1280
1206
1086
996
936
934
1024
1116
1200
1214
1176
1236
1322
1360
1318
1288
1254
1248
1332
1372
1332
1262
1236
1248
1310
1384
1380
1350
1310
1276
1240
1188
1134
1138
1178
1144
970
682
426
324
314
306
322
316
310
318
332
334
330
320
332
336
328
328
310
300
558
856
1018
1174
1216
1248
1290
1310
1314
1338
1366
1348
1346
1382
1432
1448
1432
1370
1330
1300
1272
1260
1290
1382
1490
1538
1508
1492
1482
1480
1460
1432
1426
1414
1400
1386
1384
1370
1350
1370
1378
1372
1336
1328
1286
1176
1090
1052
1070
1114
1164
1232
1242
1186
1210
1292
1350
1338
1300
1270
1262
1314
1336
1286
1250
1242
1264
1340
1410
1404
1376
1340
1292
1266
1216
1146
1136
1174
1146
980
714
464
334
310
320
320
318
316
306
336
336
342
330
350
358
332
322
304
336
600
878
1052
1210
1266
1276
1294
1336
1350
1350
1362
1362
1370
1376
1400
1396
1356
1304
1278
1278
1286
1298
1334
1416
1498
1520
1468
1444
1452
1462
1458
1432
1398
1364
1348
1352
1386
1362
1316
1332
1356
1346
1314
1352
1352
1270
1206
1174
1176
1188
1206
1254
1276
1230
1222
1286
1332
1316
1294
1282
1262
1268
1282
1278
1278
1270
1284
1364
1434
1426
1376
1320
1284
1270
1204
1154
1166
1184
1150
986
742
502
364
330
326
330
340
330
306
340
334
364
346
348
354
334
324
316
418
668
906
1110
1280
1328
1314
1310
1334
1352
1338
1344
1374
1394
1374
1364
1356
1330
1318
1294
1292
1322
1376
1434
1462
1492
1480
1420
1402
1404
1432
1452
1434
1378
1316
1296
1328
1412
1392
1312
1312
1338
1316
1286
1352
1378
1322
1282
1254
1240
1232
1232
1270
1316
1290
1260
1286
1308
1304
1292
1266
1248
1252
1254
1276
1310
1310
1310
1364
1406
1386
1340
1316
1318
1288
1208
1160
1184
1208
1152
998
780
552
398
340
322
332
328
318
314
332
336
364
334
334
350
334
334
368
516
750
962
1166
1314
1348
1344
1316
1300
1322
1332
1352
1384
1396
1386
1386
1362
1334
1342
1328
1344
1400
1448
1496
1506
1484
1424
1356
1356
1374
1412
1428
1404
1368
1332
1316
1332
1404
1400
1328
1318
1340
1324
1312
1384
1412
1362
1330
1314
1300
1290
1284
1302
1352
1344
1282
1266
1292
1288
1266
1254
1244
1240
1232
1252
1308
1332
1334
1348
1346
1332
1308
1304
1304
1270
1214
1160
1178
1234
1196
1054
850
628
450
358
338
332
330
322
306
326
324
338
318
330
354
334
338
430
612
834
1048
1238
1346
1360
1358
1322
1302
1330
1338
1348
1388
1432
1440
1440
1422
1388
1388
1390
1434
1494
1496
1498
1472
1406
1346
1324
1360
1378
1384
1404
1424
1408
1362
1344
1358
1392
1388
1350
1340
1348
1352
1366
1420
1436
1390
1350
1334
1326
1324
1324
1332
1376
1382
1308
1246
1284
1278
1248
1260
1244
1226
1216
1250
1306
1324
1318
1314
1316
1306
1292
1290
1268
1252
1214
1170
1188
1242
1232
1128
954
738
520
370
330
318
328
322
296
352
324
336
342
346
362
346
344
484
708
920
1144
1320
1396
1384
1354
1320
1318
1366
1380
1384
1422
1468
1500
1508
1520
1506
1484
1458
1478
1508
1468
1450
1416
1364
1340
1358
1408
1404
1394
1408
1434
1432
1374
1344
1366
1392
1402
1406
1402
1388
1398
1422
1440
1436
1394
1330
1290
1284
1294
1314
1344
1396
1416
1344
1264
1280
1290
1284
1290
1274
1264
1258
1268
1282
1292
1308
1310
1314
1312
1314
1314
1296
1276
1218
1182
1192
1220
1240
1204
1086
882
614
386
304
316
322
322
322
362
340
340
346
338
350
340
356
548
784
998
1234
1362
1386
1364
1330
1296
1310
1366
1400
1424
1460
1494
1550
1566
1576
1584
1542
1462
1442
1468
1420
1386
1376
1358
1366
1394
1432
1424
1402
1404
1416
1416
1348
1316
1354
1374
1404
1462
1472
1442
1446
1470
1462
1444
1402
1314
1256
1258
1278
1314
1364
1418
1442
1360
1284
1292
1306
1336
1372
1346
1320
1318
1286
1242
1248
1306
1328
1326
1356
1348
1328
1320
1294
1246
1206
1186
1190
1248
1258
1180
986
686
408
302
324
332
334
330
334
352
348
340
350
350
330
370
616
856
1056
1290
1374
1346
1328
1324
1308
1330
1368
1388
1422
1474
1526
1570
1570
1566
1556
1504
1410
1392
1428
1400
1378
1370
1362
1382
1408
1442
1442
1396
1384
1402
1378
1306
1280
1340
1390
1416
1484
1502
1462
1438
1452
1464
1450
1406
1324
1276
1282
1302
1336
1366
1410
1438
1364
1300
1314
1336
1358
1386
1376
1376
1372
1314
1250
1240
1316
1360
1354
1376
1376
1368
1344
1314
1280
1238
1204
1192
1256
1282
1214
1030
738
438
308
330
342
334
314
322
336
358
340
354
358
330
364
626
902
1088
1298
1356
1324
1332
1350
1352
1360
1396
1420
1426
1448
1484
1510
1518
1506
1460
1412
1356
1348
1380
1390
1384
1374
1356
1368
1370
1396
1430
1386
1352
1362
1344
1294
1274
1346
1422
1424
1432
1414
1406
1374
1348
1422
1456
1390
1316
1304
1304
1316
1354
1360
1384
1408
1368
1326
1320
1350
1370
1364
1362
1394
1404
1348
1284
1260
1328
1380
1358
1346
1364
1374
1366
1342
1310
1274
1222
1206
1256
1278
1218
1054
776
460
312
338
348
336
322
324
322
360
336
332
346
324
344
590
896
1096
1284
1322
1310
1340
1342
1358
1406
1446
1434
1408
1396
1410
1448
1446
1424
1396
1350
1328
1326
1336
1358
1364
1362
1294
1266
1250
1302
1408
1372
1328
1328
1312
1292
1300
1344
1390
1412
1364
1286
1278
1224
1222
1356
1420
1372
1324
1320
1318
1322
1356
1356
1368
1410
1384
1334
1316
1346
1378
1384
1384
1402
1418
1372
1314
1296
1352
1408
1368
1342
1338
1346
1372
1354
1334
1312
1268
1238
1246
1246
1196
1052
770
450
316
328
332
332
324
330
352
372
354
360
350
324
346
554
860
1080
1252
1306
1314
1330
1326
1358
1432
1464
1422
1408
1384
1376
1402
1370
1358
1350
1314
1310
1300
1286
1310
1368
1364
1226
1128
1098
1208
1378
1368
1320
1310
1296
1300
1330
1344
1360
1396
1322
1196
1128
1050
1114
1288
1356
1354
1348
1348
1356
1352
1356
1332
1344
1418
1416
1380
1362
1366
1364
1358
1366
1396
1406
1360
1326
1332
1380
1418
1372
1330
1316
1330
1348
1346
1342
1310
1280
1252
1230
1208
1154
1016
730
422
312
310
308
320
320
330
364
358
344
364
338
316
336
486
792
1044
1192
1278
1320
1332
1332
1382
1440
1450
1426
1396
1372
1368
1362
1336
1336
1318
1308
1318
1298
1288
1306
1348
1308
1138
1032
1002
1130
1338
1378
1354
1350
1358
1346
1346
1342
1336
1348
1276
1142
1050
978
1040
1228
1312
1318
1342
1382
1394
1370
1360
1324
1322
1394
1416
1408
1404
1384
1340
1314
1336
1382
1394
1376
1368
1364
1390
1400
1360
1308
1294
1312
1326
1338
1334
1300
1262
1242
1216
1182
1108
952
666
392
310
310
314
324
326
336
354
368
354
358
336
316
326
410
712
998
1126
1246
1330
1354
1344
1402
1452
1412
1376
1342
1354
1372
1364
1364
1364
1366
1362
1354
1352
1336
1320
1312
1234
1064
980
964
1092
1310
1380
1398
1404
1410
1402
1380
1330
1298
1298
1258
1150
1048
994
1046
1214
1298
1310
1348
1390
1400
1358
1348
1330
1316
1368
1394
1416
1436
1420
1362
1322
1344
1384
1400
1412
1396
1364
1392
1406
1386
1340
1306
1300
1314
1310
1292
1296
1258
1234
1220
1182
1078
886
602
372
318
318
322
324
322
332
342
388
384
374
348
320
338
374
642
944
1086
1250
1372
1398
1384
1400
1390
1330
1310
1324
1352
1392
1418
1444
1454
1458
1454
1430
1406
1370
1336
1306
1220
1072
986
976
1110
1304
1382
1394
1392
1418
1420
1382
1330
1278
1280
1270
1172
1082
1066
1128
1206
1272
1340
1358
1376
1396
1370
1358
1334
1310
1342
1382
1436
1476
1466
1412
1372
1384
1406
1418
1422
1372
1340
1392
1428
1436
1404
1338
1308
1316
1294
1262
1274
1238
1226
1242
1194
1062
836
548
352
322
320
322
324
320
326
346
368
374
388
356
332
356
356
592
902
1076
1276
1430
1460
1410
1382
1342
1292
1298
1330
1364
1438
1510
1548
1562
1552
1538
1512
1468
1426
1390
1352
1268
1178
1118
1096
1196
1344
1388
1366
1374
1414
1406
1344
1316
1294
1290
1276
1218
1182
1178
1226
1244
1268
1354
1362
1360
1376
1364
1376
1362
1316
1316
1372
1452
1492
1470
1424
1404
1418
1428
1444
1432
1366
1342
1372
1398
1430
1436
1374
1320
1304
1280
1258
1244
1210
1236
1266
1202
1052
804
506
326
310
314
322
330
328
356
354
362
378
388
354
340
358
346
592
902
1088
1314
1466
1492
1414
1364
1330
1288
1298
1320
1380
1468
1552
1612
1612
1588
1552
1530
1530
1508
1488
1450
1364
1308
1286
1274
1300
1394
1392
1320
1356
1406
1386
1330
1332
1348
1298
1276
1296
1284
1282
1298
1292
1310
1384
1374
1330
1336
1330
1362
1368
1316
1304
1358
1446
1496
1486
1442
1408
1404
1426
1458
1454
1400
1362
1336
1326
1382
1414
1384
1330
1286
1256
1254
1242
1212
1270
1302
1220
1068
802
506
338
306
324
334
346
346
376
344
364
392
384
344
330
356
372
628
912
1096
1342
1472
1484
1402
1330
1300
1288
1312
1326
1376
1456
1538
1600
1592
1568
1548
1536
1554
1556
1550
1522
1464
1418
1394
1376
1362
1430
1382
1250
1308
1402
1378
1310
1334
1372
1314
1284
1318
1320
1344
1348
1312
1340
1406
1374
1306
1312
1324
1342
1344
1302
1284
1328
1408
1488
1520
1484
1420
1384
1404
1456
1478
1440
1376
1310
1290
1348
1378
1370
1344
1296
1262
1262
1258
1228
1280
1326
1254
1098
836
530
352
314
322
330
338
336
374
362
360
392
394
336
338
380
414
664
918
1108
1352
1448
1446
1366
1310
1312
1328
1352
1350
1352
1410
1498
1524
1504
1508
1522
1502
1490
1502
1520
1538
1528
1508
1480
1428
1396
1430
1356
1230
1276
1390
1392
1320
1348
1400
1376
1336
1322
1336
1370
1358
1336
1356
1400
1392
1334
1326
1332
1328
1328
1298
1288
1324
1386
1482
1542
1502
1408
1350
1378
1450
1480
1464
1402
1316
1258
1282
1334
1348
1334
1292
1258
1250
1242
1218
1256
1318
1280
1120
884
552
340
320
312
328
330
320
356
366
352
378
376
312
332
370
414
684
952
1134
1332
1400
1406
1372
1352
1374
1386
1394
1384
1358
1372
1422
1428
1396
1404
1426
1406
1386
1408
1448
1498
1520
1524
1532
1502
1444
1420
1360
1274
1284
1372
1380
1330
1382
1436
1422
1390
1352
1350
1372
1356
1364
1396
1414
1398
1362
1342
1322
1316
1320
1318
1334
1352
1380
1470
1532
1488
1392
1332
1350
1424
1476
1482
1438
1348
1264
1246
1298
1332
1328
1300
1270
1258
1244
1216
1242
1294
1272
1138
910
568
340
324
324
334
340
328
362
354
364
380
372
338
336
366
404
654
944
1134
1296
1360
1380
1366
1372
1412
1428
1422
1396
1380
1374
1358
1350
1328
1326
1332
1328
1328
1348
1376
1424
1466
1474
1508
1524
1460
1424
1386
1308
1292
1354
1362
1328
1384
1430
1434
1432
1386
1362
1384
1370
1370
1400
1428
1418
1386
1350
1316
1318
1326
1348
1368
1364
1390
1476
1526
1476
1388
1334
1320
1390
1490
1498
1448
1386
1314
1262
1276
1308
1322
1328
1318
1306
1280
1232
1236
1260
1238
1142
900
544
334
324
326
322
332
324
378
360
370
388
390
364
348
386
410
612
906
1104
1246
1320
1358
1346
1356
1392
1432
1436
1388
1376
1364
1328
1328
1330
1320
1300
1302
1310
1306
1312
1350
1402
1408
1448
1492
1426
1398
1398
1316
1264
1318
1356
1340
1362
1392
1424
1446
1396
1364
1388
1356
1322
1366
1432
1432
1368
1306
1300
1310
1324
1360
1380
1386
1422
1504
1536
1476
1394
1340
1320
1380
1476
1492
1476
1452
1386
1320
1284
1280
1298
1326
1330
1320
1296
1238
1224
1238
1212
1124
864
490
322
332
324
328
328
314
368
374
360
382
394
350
354
384
386
552
832
1040
1190
1286
1348
1360
1380
1398
1434
1452
1408
1372
1340
1324
1342
1374
1376
1354
1358
1354
1330
1312
1314
1340
1352
1406
1452
1386
1344
1356
1298
1246
1290
1322
1298
1292
1350
1420
1440
1398
1372
1370
1308
1262
1340
1424
1402
1302
1212
1230
1250
1284
1352
1386
1400
1432
1512
1536
1478
1412
1366
1318
1362
1474
1502
1502
1494
1444
1378
1312
1274
1282
1304
1304
1296
1288
1246
1220
1226
1180
1052
778
438
320
342
320
324
314
296
354
356
372
378
378
368
364
376
372
476
700
934
1132
1246
1312
1344
1396
1430
1432
1438
1422
1368
1332
1346
1370
1420
1446
1448
1458
1438
1412
1378
1332
1306
1316
1376
1410
1372
1330
1320
1284
1262
1288
1286
1252
1232
1308
1414
1446
1420
1404
1374
1300
1256
1326
1400
1356
1242
1130
1126
1156
1214
1334
1396
1388
1414
1498
1528
1472
1408
1368
1294
1322
1452
1508
1514
1500
1440
1368
1304
1254
1270
1294
1294
1286
1284
1258
1220
1204
1116
930
646
398
324
330
328
326
316
300
356
338
392
382
370
400
384
366
372
430
584
802
1032
1174
1256
1332
1406
1446
1432
1414
1416
1388
1358
1370
1400
1468
1512
1546
1556
1530
1518
1470
1398
1348
1350
1390
1386
1346
1318
1312
1306
1312
1336
1314
1264
1230
1286
1382
1418
1418
1418
1384
1316
1280
1322
1362
1304
1168
1048
1044
1082
1172
1304
1364
1358
1392
1492
1530
1474
1398
1352
1284
1282
1394
1484
1524
1496
1416
1344
1274
1242
1260
1282
1298
1276
1260
1240
1194
1158
1028
800
536
354
318
318
320
326
320
302
364
366
390
396
398
398
406
384
372
406
500
682
932
1106
1218
1338
1428
1464
1446
1410
1408
1404
1378
1374
1404
1494
1568
1602
1610
1584
1566
1520
1456
1414
1416
1416
1378
1334
1326
1326
1324
1370
1418
1384
1312
1282
1322
1372
1394
1426
1428
1386
1328
1308
1344
1358
1288
1130
998
984
1030
1152
1272
1324
1330
1358
1468
1526
1484
1408
1352
1298
1278
1352
1448
1486
1456
1386
1310
1258
1252
1258
1272
1282
1262
1258
1218
1160
1100
902
640
440
326
320
322
306
316
308
294
358
366
364
398
414
384
388
376
362
384
420
540
822
1050
1178
1338
1458
1498
1454
1394
1380
1376
1366
1378
1408
1478
1564
1576
1568
1564
1536
1498
1470
1436
1442
1422
1370
1350
1352
1360
1354
1398
1436
1396
1346
1344
1370
1360
1366
1434
1442
1410
1376
1362
1386
1366
1282
1164
1052
998
1044
1156
1250
1312
1326
1338
1442
1520
1490
1428
1366
1314
1278
1296
1374
1418
1396
1342
1274
1242
1244
1256
1288
1288
1290
1306
1246
1152
1016
748
486
366
334
330
326
318
318
308
310
364
342
362
400
406
398
370
354
372
372
370
438
692
956
1114
1336
1502
1514
1444
1374
1360
1370
1374
1396
1410
1442
1514
1524
1498
1506
1480
1456
1450
1422
1434
1412
1376
1376
1378
1402
1408
1418
1424
1394
1374
1378
1378
1352
1360
1434
1462
1466
1456
1432
1430
1376
1294
1246
1192
1124
1136
1190
1226
1286
1322
1340
1438
1528
1506
1458
1404
1344
1286
1266
1314
1374
1366
1314
1270
1230
1224
1244
1286
1318
1332
1320
1268
1132
890
602
400
342
336
312
310
314
308
304
314
364
350
366
400
402
400
384
364
378
386
374
398
598
860
1058
1304
1486
1482
1426
1388
1390
1408
1412
1416
1394
1398
1450
1484
1446
1430
1410
1388
1388
1378
1402
1392
1372
1392
1408
1422
1434
1426
1410
1406
1408
1402
1398
1384
1378
1428
1476
1514
1510
1472
1460
1424
1372
1354
1326
1254
1224
1236
1244
1280
1322
1324
1408
1510
1514
1492
1434
1374
1318
1274
1284
1348
1350
1302
1288
1264
1252
1252
1260
1318
1348
1316
1250
1094
798
492
360
340
332
302
304
312
310
308
306
360
368
352
390
408
382
390
382
362
384
392
378
524
748
976
1252
1440
1450
1418
1414
1430
1444
1442
1430
1374
1364
1396
1428
1412
1376
1370
1358
1350
1364
1412
1424
1406
1404
1396
1412
1446
1428
1396
1416
1432
1414
1418
1410
1384
1410
1462
1508
1498
1464
1476
1480
1458
1444
1412
1340
1280
1268
1268
1286
1328
1306
1356
1460
1498
1502
1452
1408
1366
1314
1288
1332
1332
1300
1318
1334
1322
1282
1262
1312
1340
1330
1254
1060
728
414
330
330
320
302
308
308
308
304
288
378
370
356
386
412
390
382
378
374
374
398
400
448
626
866
1160
1390
1430
1402
1402
1420
1430
1424
1412
1350
1348
1378
1382
1392
1360
1360
1386
1380
1380
1424
1460
1464
1444
1412
1436
1474
1438
1388
1408
1426
1412
1422
1440
1432
1416
1420
1434
1430
1436
1488
1496
1480
1494
1476
1418
1354
1316
1290
1300
1340
1316
1322
1414
1472
1478
1456
1418
1384
1334
1306
1314
1298
1302
1330
1356
1336
1284
1268
1294
1302
1302
1230
992
638
376
326
328
312
298
304
306
314
308
294
372
356
362
374
396
394
374
374
372
370
398
402
398
526
742
1020
1292
1380
1370
1370
1386
1394
1376
1382
1358
1352
1368
1350
1356
1366
1388
1432
1436
1422
1440
1484
1492
1466
1450
1464
1490
1466
1416
1414
1420
1430
1458
1480
1482
1440
1394
1372
1368
1380
1416
1442
1474
1516
1510
1464
1430
1392
1346
1340
1360
1328
1302
1390
1464
1454
1428
1394
1364
1334
1330
1314
1280
1314
1342
1342
1342
1314
1280
1278
1292
1262
1146
894
566
366
328
332
322
304
300
310
328
318
314
360
352
342
362
394
384
378
386
362
386
414
398
394
432
594
862
1148
1292
1316
1332
1342
1358
1364
1386
1384
1354
1342
1314
1338
1400
1424
1468
1488
1486
1490
1508
1494
1472
1482
1484
1482
1474
1466
1454
1432
1456
1498
1494
1500
1466
1396
1350
1326
1330
1350
1378
1436
1500
1510
1482
1464
1438
1394
1366
1362
1334
1300
1370
1446
1438
1404
1356
1328
1338
1352
1346
1304
1318
1356
1350
1352
1324
1284
1274
1268
1198
1020
760
488
344
320
316
316
300
296
306
314
310
314
356
350
342
356
392
378
374
380
360
382
400
384
380
392
484
698
980
1184
1252
1290
1310
1316
1348
1378
1378
1346
1324
1300
1328
1400
1420
1464
1510
1498
1482
1480
1454
1464
1500
1512
1500
1490
1510
1498
1458
1468
1488
1482
1514
1494
1414
1352
1322
1326
1330
1322
1354
1426
1472
1502
1516
1502
1452
1386
1376
1376
1328
1342
1404
1420
1388
1310
1282
1324
1348
1362
1330
1316
1334
1328
1320
1288
1270
1252
1188
1074
866
608
400
334
328
302
308
306
304
306
304
308
316
350
340
358
360
394
390
368
382
374
372
396
386
366
384
404
528
800
1044
1164
1246
1290
1302
1352
1398
1392
1350
1314
1288
1302
1352
1384
1430
1456
1442
1436
1424
1406
1454
1504
1500
1504
1516
1548
1546
1506
1478
1438
1456
1524
1526
1472
1412
1384
1358
1310
1286
1304
1350
1404
1478
1536
1542
1494
1430
1430
1416
1354
1334
1368
1380
1356
1286
1264
1320
1340
1350
1342
1344
1336
1310
1302
1280
1258
1200
1088
928
714
492
348
350
344
302
318
326
314
308
308
310
316
342
354
362
372
390
380
382
392
376
384
396
384
376
378
376
426
632
866
1028
1170
1234
1304
1414
1446
1408
1340
1284
1272
1298
1332
1354
1380
1374
1374
1404
1386
1372
1454
1500
1460
1470
1498
1542
1564
1538
1488
1414
1424
1476
1510
1520
1492
1468
1420
1358
1316
1298
1314
1352
1430
1500
1532
1520
1456
1430
1412
1366
1352
1362
1348
1338
1308
1296
1316
1314
1330
1362
1388
1362
1320
1290
1252
1200
1092
940
746
542
398
326
350
340
302
322
322
310
308
308
308
310
336
354
344
364
370
352
370
368
342
370
380
366
368
360
372
384
468
654
858
1050
1168
1296
1448
1448
1386
1334
1286
1284
1318
1340
1338
1342
1348
1352
1362
1352
1362
1430
1468
1442
1450
1478
1518
1562
1552
1490
1414
1388
1380
1434
1504
1530
1532
1480
1422
1368
1318
1298
1312
1386
1460
1498
1494
1426
1388
1392
1376
1366
1352
1320
1334
1354
1352
1340
1332
1344
1370
1392
1372
1336
1276
1206
1106
946
764
562
394
324
304
324
312
290
308
300
300
304
300
300
300
354
350
352
356
360
354
350
362
352
362
382
364
344
350
362
366
384
478
682
908
1082
1256
1412
1424
1388
1360
1330
1324
1344
1354
1330
1310
1326
1344
1320
1320
1356
1396
1436
1436
1452
1478
1500
1550
1548
1476
1414
1380
1344
1392
1468
1532
1576
1532
1462
1408
1358
1302
1284
1340
1410
1440
1418
1386
1364
1348
1364
1370
1330
1280
1326
1398
1404
1388
1382
1372
1356
1354
1352
1340
1254
1128
962
752
564
410
314
290
298
326
314
292
306
302
308
308
300
298
296
366
350
370
358
358
368
352
370
366
362
388
368
342
362
368
364
374
380
522
760
962
1186
1362
1396
1374
1356
1346
1340
1348
1360
1344
1302
1302
1330
1316
1298
1326
1376
1406
1412
1444
1480
1476
1518
1526
1456
1416
1378
1332
1366
1422
1508
1584
1554
1490
1440
1404
1338
1296
1316
1362
1392
1374
1338
1306
1296
1328
1366
1364
1316
1326
1398
1422
1408
1392
1364
1334
1318
1316
1312
1196
994
772
550
400
332
304
296
304
334
324
302
314
312
308
304
304
300
296
364
360
370
380
378
384
388
376
348
378
398
372
374
368
370
368
358
354
420
620
834
1066
1280
1340
1330
1344
1364
1350
1330
1344
1362
1340
1350
1366
1330
1278
1286
1336
1368
1392
1442
1488
1452
1480
1502
1444
1424
1378
1320
1340
1384
1476
1540
1506
1478
1446
1424
1372
1326
1316
1330
1348
1326
1290
1260
1270
1290
1338
1386
1362
1350
1374
1386
1384
1364
1334
1318
1298
1272
1246
1100
840
606
424
336
332
318
308
302
308
306
306
322
314
296
290
298
294
292
354
366
376
370
374
380
390
382
350
372
384
366
372
358
370
374
354
356
370
494
680
896
1136
1248
1286
1340
1378
1362
1344
1346
1368
1382
1406
1392
1320
1266
1270
1322
1356
1380
1448
1492
1428
1442
1476
1416
1386
1358
1338
1360
1368
1436
1488
1432
1408
1410
1394
1366
1342
1318
1316
1320
1306
1296
1262
1262
1274
1310
1380
1384
1370
1366
1354
1346
1334
1310
1298
1274
1212
1134
956
682
470
362
328
340
334
316
304
312
318
310
320
310
292
298
304
296
288
354
360
368
356
382
374
354
376
372
354
374
380
374
368
366
376
368
342
346
406
534
746
972
1128
1218
1278
1330
1354
1356
1364
1400
1426
1442
1406
1320
1270
1280
1348
1372
1364
1450
1510
1420
1388
1406
1362
1348
1338
1354
1390
1376
1408
1426
1382
1360
1358
1350
1354
1364
1358
1354
1328
1320
1324
1296
1282
1280
1304
1382
1408
1366
1346
1336
1332
1330
1296
1256
1206
1112
984
786
540
380
338
334
332
328
320
308
326
338
314
302
306
296
290
298
292
284
374
382
372
384
394
376
370
386
382
358
366
382
388
372
364
384
378
352
352
372
442
604
794
964
1076
1168
1268
1320
1320
1350
1436
1472
1474
1430
1340
1276
1298
1372
1386
1376
1442
1492
1414
1348
1328
1320
1332
1322
1346
1376
1374
1390
1358
1340
1330
1296
1308
1338
1368
1408
1420
1360
1346
1364
1352
1338
1310
1314
1372
1396
1372
1342
1306
1284
1258
1210
1160
1092
974
816
624
436
344
332
336
322
308
324
318
330
336
326
306
308
308
284
292
294
296
376
382
378
376
358
362
380
390
380
364
362
370
372
360
374
372
358
362
352
356
380
454
604
770
886
1030
1178
1244
1294
1354
1436
1464
1452
1424
1372
1324
1354
1404
1386
1380
1440
1468
1394
1340
1300
1272
1286
1302
1344
1382
1384
1378
1338
1310
1308
1296
1304
1330
1356
1408
1432
1372
1368
1410
1400
1374
1342
1324
1368
1372
1366
1358
1282
1218
1148
1072
1012
936
804
636
472
368
332
324
324
310
316
330
318
340
338
328
320
298
308
302
294
298
300
374
376
388
362
360
358
354
402
400
368
382
370
356
370
378
370
356
354
360
360
358
376
446
570
700
854
1014
1122
1230
1340
1410
1440
1432
1410
1392
1366
1390
1412
1386
1372
1444
1470
1362
1314
1302
1268
1276
1306
1348
1396
1400
1360
1326
1294
1310
1338
1320
1334
1362
1396
1414
1376
1374
1422
1418
1390
1354
1312
1338
1324
1328
1340
1238
1128
1012
908
832
744
610
464
358
336
340
328
326
316
328
332
304
326
336
316
314
294
298
298
286
288
286
374
372
372
366
384
358
344
400
400
370
384
374
362
366
364
370
350
332
350
358
362
360
370
416
514
666
832
958
1076
1222
1332
1402
1406
1382
1396
1380
1380
1386
1360
1374
1434
1460
1394
1328
1324
1348
1354
1358
1368
1376
1380
1338
1314
1310
1324
1358
1340
1348
1380
1392
1404
1396
1388
1392
1402
1406
1356
1286
1276
1272
1282
1250
1104
960
828
724
642
556
448
354
312
316
330
320
326
324
318
328
312
318
320
318
320
306
298
294
304
304
298
368
366
346
376
376
356
376
396
388
386
378
386
384
350
362
372
344
340
336
348
366
340
344
360
394
502
650
770
902
1040
1162
1270
1294
1314
1374
1378
1362
1360
1342
1376
1420
1434
1426
1388
1380
1388
1384
1392
1384
1368
1374
1346
1322
1340
1360
1390
1386
1382
1388
1372
1384
1390
1362
1342
1372
1376
1310
1244
1224
1222
1184
1082
904
736
610
528
462
406
350
320
322
306
306
300
308
314
302
310
318
318
290
314
330
302
292
288
304
310
308
362
366
366
390
382
370
384
408
394
378
384
386
376
356
356
362
348
348
346
350
370
346
334
344
352
382
464
572
704
834
954
1060
1108
1180
1282
1312
1310
1340
1352
1372
1392
1400
1408
1412
1428
1396
1370
1376
1356
1348
1346
1350
1354
1348
1364
1396
1398
1392
1372
1344
1364
1360
1302
1284
1318
1322
1256
1180
1142
1108
1030
894
702
526
418
370
336
326
330
326
324
308
308
308
302
304
304
298
306
320
300
300
318
300
292
290
292
304
306
356
362
372
372
384
372
366
412
394
340
366
362
344
352
332
346
344
320
332
340
348
338
326
328
320
318
350
412
504
614
740
846
918
1002
1108
1164
1198
1264
1314
1348
1374
1408
1432
1434
1432
1398
1370
1364
1328
1308
1298
1318
1366
1352
1344
1372
1360
1354
1356
1324
1322
1322
1260
1212
1218
1226
1164
1070
1002
932
840
694
512
386
336
316
302
308
324
312
290
294
300
302
302
294
292
296
296
302
306
298
304
294
290
296
294
304
302
368
366
356
370
380
384
394
400
376
344
356
374
370
356
350
354
334
314
328
338
334
330
342
352
322
324
342
342
370
408
510
636
730
812
912
990
1046
1114
1186
1248
1294
1324
1350
1384
1406
1388
1356
1348
1312
1288
1284
1284
1318
1314
1312
1346
1322
1310
1326
1284
1240
1226
1168
1090
1070
1064
990
904
844
762
646
500
378
326
316
300
300
310
308
304
286
298
314
300
300
300
290
298
292
286
290
302
304
282
284
288
288
296
298
372
370
354
376
382
394
406
388
356
344
354
372
378
364
360
338
316
324
328
322
336
348
344
340
324
332
336
320
310
308
360
436
514
594
708
798
856
926
1008
1070
1116
1138
1158
1220
1300
1326
1306
1284
1232
1210
1212
1220
1232
1228
1254
1288
1270
1246
1214
1178
1126
1056
998
928
892
870
800
722
658
570
452
366
330
316
312
302
308
318
320
316
296
314
334
310
296
300
298
294
282
286
288
298
306
288
286
288
288
288
290
366
374
358
354
376
378
376
408
382
334
366
356
350
378
356
346
336
324
326
328
334
328
324
322
332
332
316
312
312
324
320
328
372
414
494
564
626
722
832
888
920
934
940
1010
1116
1158
1140
1128
1092
1054
1052
1080
1096
1104
1138
1150
1128
1100
1062
1026
948
840
768
720
684
652
610
552
476
394
320
306
318
302
290
288
292
298
322
312
288
314
318
302
292
286
296
288
274
284
284
286
300
292
280
290
292
282
274
368
376
358
360
374
382
380
406
388
342
378
374
364
378
366
368
346
328
338
342
328
310
322
338
336
328
320
308
328
344
324
324
336
342
366
382
418
506
598
648
692
718
720
782
888
946
958
962
950
908
898
920
930
942
960
972
962
928
890
836
730
618
548
510
484
462
438
402
360
328
306
306
322
314
284
282
300
306
316
310
294
312
320
302
284
288
296
290
290
306
294
284
298
290
278
286
292
282
276
376
376
354
382
378
398
406
384
360
340
360
386
390
350
354
372
344
338
356
354
338
326
336
352
322
314
316
298
326
336
322
328
334
332
326
300
300
348
386
416
462
492
496
546
642
720
770
770
758
722
702
716
740
768
778
792
778
738
696
630
518
436
394
364
356
346
338
328
318
308
298
302
330
330
294
294
318
320
308
308
304
308
320
304
284
298
298
292
302
322
304
286
298
290
282
290
298
288
286
378
376
356
374
378
390
398
404
380
344
362
384
392
354
346
370
356
342
354
350
342
336
330
350
342
326
312
308
326
348
334
326
344
338
332
302
290
318
332
332
340
348
352
386
450
512
556
552
538
504
472
482
528
570
584
588
566
534
500
454
372
332
322
308
306
300
322
340
324
294
284
306
338
324
298
302
306
302
302
296
296
300
294
296
290
292
298
290
294
312
302
286
294
290
282
296
300
288
286
378
376
362
356
376
376
382
418
380
336
368
362
360
358
342
356
358
336
332
314
308
314
310
336
338
316
310
310
306
336
346
342
338
320
322
302
290
318
338
330
314
308
324
338
350
366
372
372
374
372
350
342
366
386
404
406
406
384
352
344
312
300
314
320
314
314
326
330
312
294
302
308
326
320
300
298
292
296
306
298
296
300
296
296
286
294
302
290
294
314
306
292
294
284
278
292
294
278
278
386
372
362
376
376
386
404
400
368
346
352
360
366
358
354
352
352
332
322
326
300
292
310
328
324
314
314
306
302
318
334
336
326
310
302
294
292
314
334
338
320
300
312
322
322
308
286
296
314
334
326
308
318
308
318
326
328
322
302
308
298
290
296
322
330
328
326
314
308
296
302
288
290
304
298
298
300
306
304
296
296
300
304
304
300
308
304
294
298
316
300
292
304
290
282
282
284
274
276
380
376
366
386
376
390
402
386
376
350
340
360
382
364
346
334
324
322
324
336
312
304
314
322
326
320
318
316
320
316
316
316
324
316
296
294
300
314
328
332
316
304
308
308
308
296
290
300
312
324
318
316
326
316
324
326
322
324
298
298
300
294
300
320
326
318
320
322
312
294
292
290
294
298
294
294
306
318
316
300
296
304
302
306
308
296
284
288
300
322
312
310
320
298
288
292
296
286
294
370
392
382
374
380
380
372
386
378
340
354
356
376
370
328
330
320
318
330
314
302
310
312
322
314
294
298
308
310
294
290
296
310
306
288
286
290
302
314
318
308
300
304
298
290
280
282
286
300
308
304
314
306
310
326
316
318
314
288
288
294
296
302
312
318
314
314
312
300
290
290
300
310
308
294
284
298
318
320
304
296
304
308
306
296
284
280
288
298
318
316
320
322
292
286
302
306
286
296
370
382
378
376
378
376
368
370
362
344
356
370
380
368
340
340
344
334
314
300
302
310
322
326
306
288
286
296
312
304
290
286
300
300
284
284
288
298
308
314
306
292
296
300
298
286
280
292
308
310
308
306
294
298
306
310
326
308
282
294
306
300
286
302
310
308
316
300
298
282
274
290
296
306
298
286
294
304
294
290
292
294
306
308
294
286
294
300
294
294
288
304
318
296
292
294
292
282
282
368
360
360
372
370
370
364
350
344
342
342
368
372
354
346
330
336
332
298
298
304
300
312
316
304
296
284
280
298
300
286
284
304
304
286
284
286
290
294
298
288
276
288
306
314
298
284
298
304
298
298
292
290
294
294
302
322
302
280
298
312
302
280
294
304
290
300
298
284
264
256
274
288
298
290
276
278
284
276
286
294
288
300
302
288
286
296
298
296
302
296
304
316
298
292
292
296
296
286
368
374
368
362
374
370
350
358
358
340
346
348
352
346
330
332
336
336
322
306
300
294
294
304
302
294
286
280
284
282
286
290
304
306
290
288
288
288
288
290
284
280
294
304
304
286
274
284
292
280
274
284
284
292
296
294
318
312
288
290
294
290
288
296
292
272
280
294
276
254
248
276
302
302
292
280
276
280
284
294
290
282
294
292
284
292
298
290
292
306
298
298
308
290
278
288
300
296
292
360
390
376
350
370
364
338
362
366
338
350
330
334
334
308
332
332
322
324
302
290
298
304
308
298
290
292
290
284
276
294
294
294
300
290
292
292
292
294
294
286
284
294
294
290
280
278
286
302
296
284
300
296
296
302
298
320
324
296
284
278
276
290
296
276
272
278
274
280
262
252
288
310
306
304
300
288
282
292
304
296
292
300
286
274
284
284
284
292
288
278
290
310
294
278
288
296
288
292
358
382
372
360
358
362
358
352
356
352
348
346
344
322
314
326
326
310
300
308
286
284
302
300
294
294
290
278
274
270
278
280
290
296
286
286
284
282
282
300
302
284
282
282
284
278
278
282
288
298
290
290
298
282
284
296
306
310
286
284
284
278
284
280
270
278
270
254
268
270
264
286
300
290
294
294
276
268
286
296
286
292
304
282
262
274
272
276
288
282
284
302
310
280
266
282
292
288
280
342
380
384
370
352
358
358
338
342
344
336
350
354
324
324
326
324
312
298
312
290
274
294
308
310
302
290
280
276
276
280
282
288
284
280
284
280
280
278
302
316
290
282
282
288
282
272
282
286
292
284
278
296
286
288
306
318
316
288
284
288
282
286
284
276
282
276
268
270
270
266
286
302
292
288
276
268
274
292
294
284
280
278
270
270
284
280
278
288
300
300
294
292
270
266
280
282
288
278
344
394
398
362
340
346
340
342
354
340
332
338
348
326
318
324
320
310
304
304
292
280
300
320
316
302
292
290
282
280
288
292
290
284
290
296
286
290
296
302
302
282
280
280
286
284
272
284
290
288
282
282
296
298
302
308
324
324
294
280
280
274
282
294
282
284
290
288
284
270
266
292
304
300
290
268
272
288
298
294
292
284
272
274
280
284
284
286
292
312
304
280
282
278
278
286
280
292
294
362
388
386
362
338
360
370
360
362
352
336
338
350
336
334
340
334
320
312
312
302
292
310
316
304
302
300
296
286
280
284
288
290
294
304
304
286
290
304
312
308
290
288
284
288
288
284
282
274
282
284
284
294
292
298
294
302
316
296
284
282
274
280
292
282
280
284
284
282
272
272
292
296
292
286
268
270
284
292
284
280
286
294
294
282
276
284
288
290
310
306
288
288
280
272
282
284
294
298
358
370
372
372
346
372
392
354
342
342
322
324
344
342
348
348
332
314
304
306
300
292
306
302
286
296
304
300
290
282
284
280
276
286
300
298
276
280
296
310
314
300
292
280
278
276
280
278
268
282
286
282
286
282
290
286
294
308
290
280
278
272
282
292
276
272
274
274
276
270
272
296
302
296
290
272
274
290
300
292
278
276
286
288
286
284
282
288
298
310
300
286
290
286
276
280
280
290
292
