168
166
165
160
157
158
154
148
147
153
158
154
146
141
144
147
144
149
161
163
160
153
148
158
157
145
148
150
138
135
134
127
134
139
133
127
124
124
124
123
121
121
117
111
115
119
116
119
130
132
128
131
130
138
154
150
140
130
121
122
125
134
144
139
145
154
143
137
132
138
148
144
147
151
153
154
149
152
155
149
153
156
152
150
146
152
156
147
144
144
149
153
136
128
138
142
144
141
174
162
162
161
163
171
162
160
172
177
176
173
163
161
165
166
167
163
168
172
167
169
170
169
166
151
142
145
143
147
148
139
141
141
133
127
123
123
121
118
115
111
108
106
110
116
117
115
116
120
126
132
132
134
136
130
127
126
125
126
124
128
135
129
130
144
143
131
131
144
151
153
158
156
155
158
154
154
156
152
154
157
155
148
139
141
145
143
141
136
137
146
146
141
142
148
156
155
163
158
151
152
163
161
158
163
157
157
162
157
159
157
156
164
159
156
159
160
164
160
161
165
153
151
156
143
133
135
132
129
129
126
122
117
114
112
108
107
104
97
93
91
91
95
102
106
106
111
120
122
119
119
117
114
115
118
123
125
122
124
136
145
144
147
150
140
135
139
143
152
156
151
149
150
150
151
155
157
154
159
164
154
148
148
148
153
153
153
153
147
145
141
135
139
146
148
172
172
167
167
174
168
169
171
159
154
157
158
162
160
159
166
164
168
171
168
171
162
158
161
146
148
161
144
129
127
122
121
117
115
118
115
112
108
100
96
96
94
92
90
84
83
89
92
93
96
100
98
97
107
108
99
98
102
106
109
111
114
116
116
120
125
131
136
132
133
141
148
152
144
139
145
144
141
144
144
145
150
149
141
137
139
136
129
130
142
151
145
134
133
137
139
138
134
172
164
162
161
163
168
155
153
163
155
153
163
158
153
158
161
165
167
171
169
157
155
159
162
158
148
146
147
142
136
130
118
106
104
107
107
105
102
95
92
97
99
98
96
92
95
99
98
99
98
100
103
104
116
119
104
99
102
102
105
111
113
108
104
114
127
133
138
138
145
154
159
168
160
153
162
155
147
151
154
165
166
154
149
146
149
149
139
139
147
156
160
150
147
151
146
147
154
170
166
155
155
168
172
157
153
158
148
150
167
162
159
167
169
168
167
168
162
155
151
149
151
143
134
138
137
125
114
110
106
99
97
97
97
97
94
94
101
111
115
113
112
112
114
114
111
107
102
108
120
122
124
127
122
119
117
111
108
108
105
103
104
104
110
115
116
122
123
122
132
144
148
145
138
135
137
141
150
156
157
153
146
151
154
148
147
145
145
143
136
140
140
130
129
134
135
185
185
170
172
191
187
183
187
171
155
166
180
181
177
182
189
179
177
176
169
172
161
157
167
155
155
169
154
133
122
112
107
104
101
99
102
108
110
121
140
155
166
172
177
181
178
166
150
138
138
150
166
175
175
176
172
158
143
129
115
102
93
95
105
105
102
107
114
125
127
125
136
148
161
162
145
146
156
156
160
159
162
169
163
164
164
154
148
143
148
149
140
152
161
148
142
146
147
167
154
154
157
162
164
167
173
162
143
148
160
154
152
158
157
152
149
148
150
147
139
138
139
132
128
127
115
104
99
93
91
95
95
92
100
111
120
145
181
210
233
252
267
275
267
244
216
201
213
232
247
266
278
276
255
221
191
168
145
122
111
102
99
108
104
98
99
101
111
119
130
147
152
150
149
147
149
148
149
162
168
171
170
151
146
151
140
136
138
141
148
145
148
157
154
155
156
185
167
157
168
180
181
177
177
167
149
158
177
175
179
181
180
183
166
164
172
158
143
133
134
137
132
126
113
97
91
103
117
121
125
130
134
147
175
210
248
290
329
347
352
355
348
334
309
287
293
320
347
364
377
383
367
329
281
235
201
181
166
153
142
133
126
116
109
112
115
113
121
132
133
135
141
145
151
156
156
161
165
164
159
150
151
149
145
148
141
138
141
135
141
161
161
150
143
163
156
153
163
170
162
163
166
156
152
154
157
165
170
176
180
168
159
151
144
152
149
139
132
120
117
112
101
105
117
137
163
176
179
181
186
203
236
282
335
386
421
420
413
433
444
422
389
376
388
410
440
466
468
462
455
428
379
314
255
221
206
205
205
195
175
146
119
105
100
104
118
127
134
138
134
141
156
163
162
159
169
174
158
156
163
161
159
150
147
152
149
154
161
155
149
151
155
175
169
162
169
183
180
187
184
166
167
170
164
169
171
173
182
177
165
157
156
155
143
131
119
104
101
101
106
129
157
186
216
240
256
267
275
285
310
354
409
457
479
470
464
485
507
504
470
443
453
479
505
517
505
496
495
484
456
400
340
305
294
302
309
297
265
218
171
137
117
104
97
100
108
115
120
126
138
150
152
150
154
161
161
158
159
151
135
129
134
139
140
147
158
156
145
142
144
158
154
162
167
166
166
171
175
171
169
178
180
169
168
167
169
174
158
152
159
141
116
106
105
104
102
114
147
183
217
266
319
352
363
363
363
372
402
446
480
501
518
506
482
504
540
546
525
499
501
522
536
532
516
521
540
541
520
475
425
395
386
391
397
387
353
302
246
194
154
124
104
100
102
108
119
126
137
149
152
153
149
153
166
162
155
149
144
153
154
148
149
149
155
159
146
137
138
161
156
160
164
168
173
172
165
155
151
163
170
161
158
157
154
148
137
127
123
116
98
87
90
95
102
134
188
241
290
341
395
443
474
483
473
457
457
483
522
550
542
506
489
508
536
553
553
542
541
546
545
538
525
527
544
550
539
515
485
472
482
487
479
465
438
397
343
275
209
162
128
102
92
92
94
106
122
134
143
142
145
153
150
149
148
140
138
139
137
135
136
144
148
143
141
143
143
179
174
158
160
181
187
194
189
170
169
176
179
188
182
174
177
170
161
144
128
124
116
109
113
122
143
191
253
323
389
430
460
492
516
523
516
505
504
522
546
547
532
508
486
503
534
556
566
556
551
552
540
520
506
509
527
545
553
548
528
514
518
522
523
520
508
484
437
363
281
216
171
135
109
98
98
105
116
129
134
130
138
147
141
143
148
144
146
146
144
147
151
162
165
150
139
141
146
158
159
159
158
162
162
162
159
149
146
151
161
171
166
156
157
155
139
122
111
102
103
115
134
156
186
238
305
378
443
478
492
511
537
555
558
552
544
544
549
544
529
520
519
520
544
581
590
571
559
562
552
530
518
513
513
527
549
566
569
564
558
546
532
528
534
532
501
435
352
275
220
181
144
124
121
112
105
114
128
138
141
147
157
157
159
161
158
160
157
151
149
146
146
148
148
148
147
180
175
179
177
174
176
174
172
165
151
159
179
177
172
169
163
154
135
119
114
120
136
158
186
218
249
298
371
435
486
524
533
531
537
546
554
562
565
560
555
550
542
539
540
544
560
584
597
589
571
562
562
564
560
549
546
547
550
560
570
570
554
535
524
526
545
561
545
490
415
342
285
244
215
193
168
143
123
109
116
133
133
137
151
149
147
151
145
145
145
142
143
137
137
141
138
135
131
159
170
170
164
169
166
157
154
151
147
149
160
167
155
144
142
131
117
117
128
144
180
228
267
306
344
381
436
498
542
549
525
512
521
533
543
558
576
583
573
564
567
574
583
584
593
620
629
613
592
581
580
587
597
592
576
568
566
564
564
550
524
501
491
501
522
544
545
515
466
414
376
347
308
258
214
181
147
120
116
124
140
155
154
153
160
172
172
157
154
154
159
170
159
149
154
149
145
180
186
176
168
177
175
167
165
166
168
172
175
172
153
139
140
134
125
133
161
199
247
299
356
404
429
459
502
542
567
569
553
535
529
534
544
560
579
589
582
569
568
580
590
596
615
639
643
624
595
581
594
619
632
616
589
578
582
593
602
583
538
506
500
504
518
545
555
533
496
465
450
437
413
375
325
270
209
150
121
119
118
124
139
147
154
158
149
142
143
145
145
140
138
140
136
135
136
184
187
185
175
172
173
166
169
177
169
161
163
160
151
135
122
112
115
154
212
275
332
378
429
485
516
527
536
540
553
561
550
538
538
549
562
574
585
599
608
590
576
596
617
633
654
666
662
643
610
586
599
629
637
613
590
594
608
616
615
594
561
547
542
522
511
530
549
546
531
522
523
512
484
443
388
334
279
220
174
140
124
143
163
156
163
179
170
158
158
161
155
142
143
151
147
150
158
171
176
179
170
163
162
155
160
172
171
170
168
157
137
120
115
111
133
201
276
338
394
443
493
537
557
562
568
564
550
557
581
595
599
598
591
578
560
565
598
603
589
597
607
621
654
679
678
663
637
611
613
633
635
615
600
602
610
621
632
621
593
576
565
550
538
535
535
539
550
557
555
548
539
514
462
404
345
273
201
144
114
117
128
133
142
158
167
157
153
153
146
143
141
140
135
132
138
181
189
183
176
178
174
175
176
173
169
168
161
148
125
106
105
119
172
265
355
419
468
505
539
567
578
583
589
583
565
564
584
610
630
635
632
623
603
600
621
619
595
589
599
609
633
662
669
656
637
623
624
635
635
618
602
614
640
650
644
624
607
600
585
563
546
547
566
580
567
545
539
541
548
546
514
463
397
317
244
179
129
115
122
135
149
159
163
156
154
153
147
148
147
145
147
148
152
171
171
171
166
161
161
169
175
171
159
150
141
126
112
99
98
133
210
313
416
494
536
548
553
565
571
574
576
574
577
580
590
617
643
652
651
643
619
614
645
650
620
599
598
603
614
643
663
649
628
620
617
616
611
608
609
613
625
639
647
633
607
589
583
586
585
579
577
576
563
547
537
528
531
541
538
514
462
383
298
214
140
114
120
124
139
155
162
171
173
167
157
148
148
148
149
157
160
185
180
186
183
172
174
169
164
163
157
150
137
119
106
111
137
188
265
359
459
529
556
561
561
556
551
561
575
589
598
595
595
606
624
641
653
656
640
633
662
683
669
633
598
590
608
640
657
644
628
622
611
598
592
590
587
594
614
621
611
598
596
603
605
600
597
601
602
588
560
533
511
499
506
519
527
517
478
415
344
268
182
126
112
114
125
135
147
158
156
151
144
136
135
135
139
151
155
181
180
171
170
176
173
173
175
167
155
142
127
119
124
149
187
234
306
399
494
555
572
574
562
555
564
567
572
591
617
630
623
609
606
622
648
670
674
681
702
709
693
662
635
629
638
634
618
611
612
612
595
577
578
575
560
567
597
608
596
586
591
603
604
595
603
629
636
608
566
540
527
520
522
519
516
511
492
460
402
314
226
169
130
108
113
135
157
156
152
157
162
170
166
152
145
148
154
180
183
170
169
171
171
180
179
168
156
140
129
140
160
186
235
304
383
462
527
556
560
562
563
574
588
596
606
623
639
648
642
625
618
619
620
622
639
667
689
701
696
677
657
643
636
627
616
606
601
606
602
582
564
553
536
534
568
599
597
587
591
599
614
627
631
642
638
607
578
565
554
542
540
535
528
530
521
487
434
368
296
232
175
128
110
120
141
153
152
150
147
144
144
144
148
153
149
170
165
177
176
173
175
163
164
174
165
144
134
162
212
262
325
391
449
514
564
576
574
575
585
606
624
632
635
648
678
697
681
646
617
600
599
609
612
618
639
660
665
659
663
674
668
640
615
608
603
601
603
591
572
551
529
528
553
571
573
588
609
626
647
660
666
665
644
621
605
586
576
578
564
535
527
535
537
531
507
455
384
307
234
170
126
121
142
152
148
154
166
165
162
158
150
158
160
157
158
165
167
161
155
159
163
149
131
133
154
198
263
336
410
476
528
566
590
588
573
571
579
598
624
647
659
662
677
697
697
672
635
604
592
591
584
585
606
625
630
629
634
647
654
644
624
613
615
615
606
598
583
558
539
540
567
591
597
607
627
645
663
678
682
681
667
638
611
594
576
557
543
536
543
553
555
547
533
506
456
390
312
227
154
124
135
146
145
141
145
160
159
142
137
144
145
183
191
181
184
183
175
185
178
167
156
145
178
256
342
409
471
536
577
595
596
584
575
580
601
620
632
649
669
684
700
711
703
683
659
637
621
605
591
585
591
608
628
641
644
640
630
623
620
620
622
627
629
615
599
586
568
559
581
610
619
625
636
653
669
666
649
643
643
629
614
607
595
577
571
569
557
553
554
549
549
544
514
466
392
297
212
155
135
130
135
151
157
158
160
157
153
154
157
159
165
163
158
165
172
171
163
157
145
145
206
306
399
468
525
580
605
604
596
591
589
590
605
621
629
637
651
669
686
701
710
704
686
671
660
641
615
598
598
607
616
623
635
647
643
638
641
637
640
643
626
614
604
587
576
568
571
583
598
618
627
632
639
633
621
612
606
606
605
595
591
593
577
555
547
541
534
535
551
565
552
516
448
354
264
181
139
146
146
146
162
169
165
154
147
158
164
177
184
191
179
184
197
191
175
146
126
162
259
361
453
533
579
604
608
591
585
595
595
597
614
629
635
637
645
655
655
660
681
697
690
678
677
672
657
632
610
615
639
656
660
652
636
633
648
660
653
637
624
611
599
596
595
586
583
592
601
605
604
596
595
608
610
595
586
587
583
579
585
591
582
571
569
559
544
526
520
540
554
537
487
405
308
219
158
135
135
151
162
152
148
149
144
148
152
173
185
183
174
172
177
180
161
137
127
167
273
387
489
563
597
605
590
575
573
583
596
610
633
645
636
620
615
618
614
612
622
639
645
651
671
685
688
678
658
650
661
668
656
636
633
643
643
642
643
634
618
613
618
623
626
618
617
632
630
610
593
583
586
597
590
572
569
572
580
593
602
609
612
600
569
543
532
518
507
523
548
548
518
451
359
265
176
129
133
145
153
163
163
152
148
153
162
179
192
185
183
181
182
196
176
140
129
190
315
427
521
582
594
590
581
567
565
576
591
615
643
665
668
645
616
595
583
587
602
605
602
623
654
665
659
654
649
646
653
655
646
631
624
632
641
645
641
633
620
604
610
627
633
637
641
645
637
617
601
588
581
578
580
585
583
580
589
611
640
657
638
606
587
570
553
536
527
535
543
541
520
465
387
300
202
136
129
138
147
151
142
131
131
146
156
178
189
202
188
175
184
190
173
137
134
213
339
451
536
586
602
591
578
585
596
599
603
625
658
682
683
657
620
584
565
574
587
592
601
621
636
637
636
636
642
652
653
649
639
616
614
636
647
646
643
640
631
622
624
635
638
630
632
644
646
633
617
604
594
596
605
607
614
625
631
641
657
671
664
636
607
586
578
572
551
534
540
547
534
493
421
326
220
143
123
138
155
151
144
146
147
157
167
163
182
187
173
168
177
179
153
125
146
234
350
453
535
579
583
572
580
607
624
636
649
658
673
695
700
679
644
603
571
557
561
580
597
605
610
620
636
632
611
604
606
608
610
607
613
632
645
651
657
657
649
642
642
650
650
638
637
647
650
646
644
644
645
646
643
637
640
650
656
666
678
673
649
624
610
601
590
579
560
535
535
548
535
490
416
331
240
156
120
125
139
149
146
138
139
146
157
181
196
196
196
198
204
199
163
152
196
278
381
478
550
582
580
577
592
610
614
623
648
663
679
706
714
702
677
639
601
575
570
582
597
607
609
608
608
609
612
609
602
599
599
600
600
609
629
656
679
674
654
649
662
669
649
629
630
636
637
641
656
663
655
657
664
666
671
670
661
657
662
667
655
627
601
586
590
589
566
548
550
558
556
526
450
358
271
183
128
121
132
143
144
141
147
154
161
166
171
176
178
181
185
174
153
163
222
315
422
517
583
610
609
605
610
622
625
629
643
654
672
698
716
721
705
671
639
622
615
610
622
646
646
622
608
612
612
602
599
604
609
613
608
600
600
618
648
663
667
666
653
644
641
634
627
618
608
608
619
627
633
640
640
637
637
639
634
629
631
629
620
610
602
593
587
585
581
573
566
563
566
552
485
394
314
233
166
149
158
155
159
164
155
157
164
182
187
193
180
181
186
176
182
214
285
385
476
545
591
609
606
602
607
629
652
656
650
647
654
673
705
731
725
689
656
639
619
603
618
646
636
602
603
623
615
601
610
628
641
645
635
626
628
635
641
630
618
623
630
637
640
631
614
595
585
588
593
599
613
625
620
607
600
597
596
591
585
588
593
592
588
587
593
598
592
569
549
549
558
556
517
454
378
285
200
157
145
133
133
141
141
146
151
183
188
186
181
176
177
177
186
246
350
452
535
599
634
626
601
598
605
620
640
640
632
630
629
641
682
724
729
696
658
638
624
616
631
651
628
581
574
600
615
619
632
650
661
658
642
632
630
625
625
628
632
632
612
595
602
611
605
586
572
579
595
602
605
607
601
590
581
577
575
579
579
571
567
572
586
598
602
595
584
568
551
547
556
564
547
501
425
327
239
179
152
158
168
169
170
165
159
178
179
172
175
169
169
184
213
298
413
504
567
607
618
600
593
604
614
627
640
647
642
631
616
614
645
691
720
713
683
653
631
615
616
628
595
528
498
520
567
602
621
636
648
652
641
620
598
591
600
605
605
611
614
608
607
614
615
601
582
578
591
605
606
597
583
567
562
564
569
572
566
567
579
588
594
605
610
602
589
576
558
540
542
553
549
527
477
391
295
209
154
147
150
146
147
144
139
187
186
183
169
168
176
193
246
337
451
553
602
608
596
580
577
584
603
636
671
690
677
643
610
597
614
659
708
731
718
682
648
618
603
606
566
490
456
482
542
590
612
624
638
651
646
628
609
600
604
607
602
601
602
602
610
614
614
617
615
610
608
606
598
590
586
578
570
560
548
546
545
547
565
595
627
644
630
599
574
548
524
513
515
531
555
555
498
413
326
238
179
160
163
167
162
161
159
175
175
172
165
156
157
183
248
361
489
578
618
619
591
566
568
577
588
621
658
684
696
676
633
596
587
613
663
703
701
677
655
626
594
566
516
451
418
444
513
581
619
615
601
610
627
619
601
612
628
630
629
621
614
621
623
609
606
616
620
622
608
578
572
595
604
582
559
554
563
573
582
595
613
642
662
652
637
618
579
545
529
520
511
516
545
559
518
439
357
270
199
172
159
153
154
148
148
183
187
178
171
166
169
202
267
379
507
585
607
602
588
583
590
593
599
623
663
699
711
697
657
607
573
577
621
670
696
688
657
625
595
563
521
477
450
467
525
578
606
606
600
609
613
598
593
624
644
631
626
626
623
625
620
601
590
601
611
611
580
523
506
551
600
609
600
594
593
594
611
638
644
642
649
650
636
611
586
569
553
537
530
540
557
552
517
461
381
274
186
163
165
157
150
151
155
170
172
174
162
161
166
187
264
391
512
577
589
583
583
600
623
624
615
631
669
709
733
720
675
621
577
570
603
652
695
702
674
644
616
582
556
545
534
542
575
594
596
592
597
618
625
612
613
638
651
644
627
601
600
612
610
604
602
612
617
612
572
485
437
482
562
600
604
613
619
621
635
651
661
671
665
634
604
586
574
571
570
560
544
540
553
557
529
467
389
295
195
147
156
166
154
148
152
165
169
182
173
169
169
182
266
401
508
565
591
595
598
613
626
629
631
651
682
712
733
725
696
649
594
572
587
628
682
707
686
651
622
590
574
585
592
590
590
599
617
620
610
615
628
631
638
664
677
659
644
630
617
615
613
613
616
620
611
589
533
441
391
432
519
570
585
603
621
632
649
666
663
650
637
619
597
579
575
582
586
576
551
534
538
538
515
465
383
273
180
150
152
153
151
146
147
168
179
183
183
172
163
183
258
386
487
544
587
601
604
620
626
626
633
640
660
692
721
732
717
680
629
596
589
605
647
682
681
649
617
594
584
595
609
619
618
610
616
625
622
624
637
651
673
695
691
677
669
650
628
619
622
627
632
635
623
594
530
442
392
423
509
571
593
609
627
642
656
660
646
628
611
595
585
578
578
587
589
579
569
567
562
541
510
466
380
256
174
166
164
152
151
151
154
174
178
181
181
168
159
173
240
367
472
538
589
604
605
624
638
638
636
633
638
659
694
720
724
702
655
616
598
605
640
676
680
650
626
618
616
622
630
648
657
634
615
622
634
647
668
688
691
682
672
668
673
655
624
616
618
623
634
633
613
585
540
477
433
449
519
584
617
638
655
659
652
645
626
596
579
578
575
568
575
588
591
586
578
576
579
570
531
461
370
266
189
162
160
160
154
156
160
177
173
182
180
171
165
173
243
369
481
562
613
624
618
618
620
625
634
642
639
634
648
673
702
704
666
628
609
618
654
683
676
649
638
644
650
647
636
633
636
633
631
636
639
647
676
684
653
631
618
619
648
664
651
639
646
659
662
644
613
590
569
534
498
504
551
600
636
654
661
660
643
612
584
570
560
557
573
590
594
595
596
589
569
556
567
574
539
464
367
264
190
158
149
146
145
152
155
162
168
175
176
166
156
179
254
365
478
572
623
629
615
606
601
597
602
606
607
609
622
643
661
680
682
667
651
637
640
656
667
662
657
668
676
661
628
610
611
602
588
596
621
647
674
663
605
561
551
571
612
636
633
637
653
658
647
626
606
598
591
568
549
560
590
622
646
648
631
613
601
591
579
569
568
578
590
588
582
584
583
574
565
570
586
590
559
485
383
284
214
174
152
142
143
146
149
173
178
178
174
157
158
208
288
380
480
574
627
627
614
607
599
607
625
631
621
606
604
623
648
665
669
661
655
647
639
634
632
637
649
668
664
632
616
620
612
595
599
626
642
642
654
633
548
475
445
471
557
614
615
624
643
646
639
628
616
603
588
571
562
578
610
637
654
656
634
604
592
584
574
579
603
630
635
620
598
582
574
568
566
571
587
592
566
506
408
312
243
187
153
144
151
159
154
159
164
169
155
152
161
202
302
417
525
611
645
636
616
608
607
611
632
654
654
641
622
603
608
636
651
647
655
665
646
623
624
626
631
650
659
652
646
648
635
616
615
624
623
613
625
603
510
435
411
442
525
583
607
633
641
628
616
612
611
608
604
595
584
592
621
650
662
648
614
582
568
575
604
630
635
642
652
643
617
593
573
552
541
551
576
590
575
525
444
354
256
169
145
156
155
155
154
172
174
175
162
161
166
199
307
442
551
621
643
621
592
585
588
601
630
665
686
680
657
634
626
638
650
645
633
625
621
620
614
610
625
646
659
663
663
655
626
606
614
626
622
611
614
587
511
452
424
425
474
534
578
609
609
589
584
598
611
610
603
601
602
607
624
647
652
624
584
566
577
596
613
639
668
681
670
639
607
579
556
536
518
524
548
567
566
532
465
378
277
185
144
142
149
156
153
168
169
168
175
172
171
215
312
435
556
625
630
612
599
601
611
616
628
666
709
714
681
657
655
650
634
620
621
632
643
642
624
614
628
644
646
646
657
658
638
629
640
646
629
604
588
568
534
496
464
453
482
533
578
615
620
587
567
583
605
614
622
631
631
626
626
634
633
607
578
571
591
622
637
649
669
677
666
639
605
578
570
565
544
530
539
547
544
534
489
395
282
197
161
151
154
165
170
161
157
153
162
158
154
199
300
430
543
605
620
605
600
622
636
641
661
682
692
698
692
686
685
666
634
611
606
614
627
641
651
644
637
638
628
630
655
664
646
640
651
652
634
609
593
582
555
515
494
503
527
550
578
604
599
575
577
611
636
631
619
620
624
620
612
609
606
593
584
588
601
623
649
668
667
658
650
628
603
589
590
587
564
548
541
538
538
524
479
385
264
181
160
157
149
150
153
182
176
175
173
173
172
203
295
423
535
591
597
592
602
622
633
635
645
662
680
691
685
683
687
671
645
627
618
628
657
680
682
666
651
646
635
632
649
666
674
665
646
635
625
607
585
573
567
560
566
581
588
588
598
612
603
581
584
614
634
629
622
621
614
605
598
594
593
591
596
609
624
632
633
641
649
644
624
597
580
581
584
572
558
554
545
533
531
517
471
377
255
177
157
150
141
142
147
157
156
161
167
168
167
189
277
418
526
576
595
595
602
621
633
642
648
647
651
654
656
674
686
670
639
614
612
633
653
658
663
671
674
668
653
641
639
644
657
653
632
628
632
625
610
589
568
572
593
602
601
601
602
607
610
607
620
647
655
637
620
616
609
597
592
593
593
596
609
619
627
634
619
601
603
603
592
582
577
580
582
573
563
558
545
526
519
516
483
380
246
176
162
159
165
169
165
189
183
178
192
175
161
179
242
374
493
552
580
594
609
628
639
640
643
640
638
650
661
669
665
651
647
651
648
647
671
677
659
670
690
679
654
639
629
631
650
664
658
648
639
621
613
616
609
605
613
624
630
621
606
610
627
629
629
639
638
624
617
616
600
577
569
572
573
578
595
610
610
599
588
583
583
582
578
578
581
584
586
583
571
549
526
512
505
485
437
340
226
172
153
138
142
145
138
185
182
173
176
181
172
176
230
344
461
526
558
588
613
626
637
645
637
624
625
635
648
662
664
659
665
667
654
647
650
655
662
673
681
678
672
663
651
648
655
652
639
642
638
606
592
616
636
632
633
644
643
630
619
627
641
646
638
621
619
626
627
615
600
593
586
577
578
591
599
604
600
581
570
572
575
581
588
587
583
585
587
587
585
567
543
528
501
457
403
310
207
164
165
163
156
158
154
173
176
167
163
162
156
160
194
284
398
491
562
600
618
637
639
622
608
605
617
639
656
667
669
669
680
688
685
676
660
647
647
655
669
682
686
677
658
648
644
630
615
611
601
583
595
628
645
650
640
621
624
639
638
633
636
634
627
621
615
609
611
617
609
602
602
589
583
583
577
588
594
579
570
574
586
600
604
592
581
582
579
578
578
566
556
540
497
433
359
265
181
152
146
142
148
148
141
193
189
185
188
176
171
170
182
269
385
469
558
632
654
647
638
634
633
637
639
654
681
685
671
668
680
687
680
667
655
645
639
646
663
675
681
680
662
642
629
619
618
615
598
585
607
645
661
659
636
606
605
618
623
630
642
643
631
615
605
610
625
637
640
636
629
619
601
584
578
593
608
604
602
608
622
633
625
605
587
582
581
576
573
566
561
554
510
423
322
230
175
162
150
138
146
149
143
180
172
173
180
173
167
170
177
234
348
458
558
633
656
644
626
621
625
633
650
673
681
678
680
683
695
705
690
666
658
669
676
673
681
695
700
696
681
656
631
624
633
630
613
606
625
656
670
660
634
607
593
589
595
614
633
641
634
612
598
608
627
637
628
619
622
616
603
591
591
611
617
611
621
635
646
650
640
621
597
580
575
574
573
569
569
558
501
409
306
213
163
153
156
153
150
153
150
182
179
181
183
186
182
185
187
217
321
458
581
650
660
636
610
603
602
618
639
651
662
671
685
699
718
732
716
684
664
677
696
687
685
702
704
692
682
666
644
635
629
614
609
617
631
641
641
641
631
606
591
598
617
632
635
641
647
635
616
608
615
626
624
621
627
623
614
607
611
629
630
626
644
662
662
649
630
610
591
570
558
569
571
568
584
579
526
427
300
198
158
153
145
135
140
150
149
193
181
177
188
182
180
181
176
214
304
429
569
649
649
622
607
612
625
639
644
635
636
654
672
699
724
721
700
679
670
681
703
715
714
704
689
687
697
690
664
645
626
609
616
628
623
605
597
614
625
608
591
599
627
647
651
662
666
645
624
618
621
619
614
617
623
624
615
606
610
633
651
639
625
622
616
617
630
631
609
582
569
572
569
572
591
581
525
422
285
185
165
178
167
153
162
166
163
198
182
179
201
192
184
186
186
217
296
428
565
633
642
634
626
626
635
651
654
640
631
641
674
716
734
712
680
669
680
696
710
721
710
678
655
663
688
695
675
649
631
626
634
632
592
543
537
570
604
607
589
587
613
641
656
668
663
637
622
627
633
628
615
620
636
633
633
638
641
641
619
597
598
611
614
612
617
621
617
610
608
596
582
585
588
570
525
438
307
194
147
140
140
142
145
144
141
180
180
181
194
202
186
177
180
189
255
400
542
614
634
630
625
637
653
649
637
639
645
662
703
737
739
712
679
664
668
698
734
728
692
667
657
662
686
702
684
646
625
629
635
623
559
473
448
496
563
593
594
610
644
668
673
669
662
653
646
643
645
644
637
639
642
634
630
634
638
639
629
610
597
599
602
606
615
616
617
628
636
620
597
593
589
565
516
419
286
195
170
162
162
163
156
160
161
173
177
174
180
184
175
171
175
181
227
353
496
586
618
617
621
634
643
643
642
645
653
674
704
720
712
687
652
638
649
679
723
728
683
637
614
624
671
712
708
674
632
611
614
596
529
448
420
464
547
609
638
650
658
684
699
682
659
643
641
654
656
649
649
650
657
661
651
641
638
640
635
620
602
590
595
606
609
606
605
609
612
596
575
576
581
561
502
392
259
177
156
156
157
155
154
152
147
199
194
194
203
195
194
184
177
188
206
302
455
554
595
613
618
618
626
641
649
646
650
665
672
683
699
681
639
627
649
692
735
731
681
624
594
605
650
704
718
686
644
613
597
576
526
465
430
459
543
597
624
659
676
686
686
661
631
621
641
663
663
658
662
667
671
676
667
653
649
643
635
620
605
602
602
602
604
610
611
606
604
597
582
567
554
532
472
354
227
165
159
163
161
155
151
152
152
183
179
171
186
189
175
169
171
183
199
258
383
499
564
590
597
614
632
636
639
642
643
646
650
658
667
659
638
627
637
678
728
741
710
653
604
594
627
684
715
694
654
624
595
568
543
502
465
487
560
615
652
687
699
692
670
642
624
632
669
690
679
668
665
671
683
686
679
666
650
639
640
639
627
612
602
603
603
602
609
613
608
601
590
569
544
509
430
302
198
166
162
153
153
159
156
156
158
186
183
169
179
194
178
173
180
187
201
234
322
439
523
561
578
606
639
655
649
630
621
622
624
635
657
654
617
610
641
681
726
739
704
644
586
570
606
671
721
722
691
650
617
591
566
544
524
538
590
641
670
684
691
673
633
607
609
633
670
685
666
651
649
657
679
692
688
670
642
629
637
650
644
619
605
607
605
596
605
623
618
595
573
557
529
472
378
260
179
157
152
144
145
151
147
142
139
185
173
167
169
171
172
166
176
188
176
194
268
360
449
516
558
602
645
667
660
632
607
592
596
618
633
629
617
624
658
708
751
753
716
663
613
595
614
655
701
714
677
634
611
586
565
566
577
595
632
665
669
672
676
648
606
585
597
629
663
678
657
631
630
646
672
698
697
668
638
624
627
638
635
618
606
602
601
600
612
627
621
592
555
526
480
406
323
237
174
152
157
164
157
150
151
147
143
194
182
183
195
192
184
172
175
189
179
178
219
281
372
471
539
604
656
665
644
618
597
588
595
608
624
625
626
652
688
724
748
748
726
676
624
603
608
648
702
722
689
634
612
597
571
575
599
632
669
682
678
673
654
622
597
592
616
657
689
690
653
617
617
640
672
699
700
670
639
626
624
632
628
610
600
600
597
601
622
630
625
605
557
499
426
335
247
179
145
139
143
146
144
144
145
138
136
180
182
183
193
194
178
175
183
194
198
186
191
225
306
421
508
579
640
660
634
602
600
613
625
639
645
634
632
646
680
729
751
745
724
671
617
604
625
671
718
732
697
638
604
586
563
564
599
646
675
680
679
662
625
593
587
608
644
683
704
688
642
607
608
633
667
686
687
668
644
637
634
635
629
616
613
617
613
612
624
625
622
602
538
449
355
268
201
162
152
156
157
157
161
163
154
143
145
164
176
179
168
166
171
172
173
175
171
163
166
180
237
348
462
556
618
639
630
627
641
652
658
653
640
633
634
643
670
703
716
711
694
655
610
599
621
659
697
713
697
649
613
604
589
598
640
670
680
681
668
645
619
590
593
631
667
694
700
676
637
607
606
627
653
672
675
662
649
647
641
629
624
633
640
636
636
633
621
613
608
573
490
380
278
203
161
149
144
137
143
162
163
147
138
138
147
191
181
187
195
186
190
190
191
199
185
179
192
188
221
315
413
505
575
608
624
631
643
664
663
642
636
649
662
662
661
669
679
691
695
663
618
609
633
673
712
738
722
657
613
603
593
608
644
666
682
694
675
631
593
582
607
642
665
688
700
678
634
601
603
624
644
656
655
640
626
634
640
633
628
629
636
638
635
633
627
618
606
565
472
351
240
170
152
149
138
130
138
156
158
149
147
146
146
176
170
165
172
171
175
178
172
183
192
178
167
163
186
259
363
473
550
592
616
618
623
636
633
630
645
660
659
649
650
658
659
667
674
650
622
626
652
688
716
719
695
654
627
616
605
618
660
694
708
708
677
623
588
593
626
655
673
699
711
684
636
606
617
638
644
641
630
613
610
627
641
643
637
635
641
638
632
625
609
598
587
533
413
279
193
159
157
154
145
147
142
143
161
165
153
144
142
189
195
180
181
194
193
191
185
190
196
184
179
177
179
224
310
398
475
545
597
630
647
639
627
636
655
659
640
618
617
623
623
646
669
647
617
623
659
697
718
722
703
660
625
620
621
631
673
713
722
715
681
621
590
604
628
653
678
694
694
663
615
597
608
609
605
601
598
596
590
610
646
658
644
631
631
624
615
604
586
576
546
464
343
230
170
150
145
141
133
131
132
139
149
149
144
141
141
189
187
184
182
193
202
186
185
195
183
181
197
193
184
212
274
348
430
503
552
597
629
629
631
655
678
675
646
619
614
622
629
643
651
636
627
639
657
670
677
687
684
645
609
617
636
648
675
700
704
699
670
617
593
606
628
649
658
661
656
642
631
627
634
639
633
620
601
587
589
608
638
652
638
620
616
619
618
605
589
567
505
402
292
208
161
149
156
156
149
148
154
160
158
150
147
149
152
185
183
179
180
191
203
184
174
182
174
172
181
178
175
188
215
268
350
439
520
578
603
611
630
667
697
692
655
622
615
630
650
655
644
632
636
648
651
657
661
658
656
636
617
627
642
662
695
712
708
695
658
609
592
605
624
642
646
635
632
631
615
610
611
602
599
601
615
625
614
616
640
652
642
623
610
613
605
570
531
489
414
316
230
172
156
157
153
144
138
146
140
131
141
144
137
135
136
188
193
174
179
195
201
202
195
192
195
189
185
193
194
197
206
223
276
361
456
526
549
556
587
641
681
681
656
646
665
682
675
656
638
631
640
647
641
644
651
651
648
627
615
634
646
643
647
656
663
660
634
610
620
629
627
635
631
616
605
597
588
591
615
626
620
620
626
633
633
630
638
648
648
636
615
596
561
502
448
393
313
230
177
159
162
164
158
151
148
145
135
133
147
155
150
148
150
180
181
168
170
182
194
190
178
172
170
168
171
178
174
173
177
184
221
284
356
429
490
539
591
647
682
678
652
643
662
680
674
645
621
634
665
664
631
607
606
620
627
609
603
634
654
649
653
661
661
652
628
612
626
636
626
620
609
585
576
588
606
628
634
622
613
619
649
668
654
628
613
617
625
627
607
558
492
430
379
319
244
186
166
163
159
154
150
149
148
138
138
149
149
145
144
147
150
193
196
192
187
198
207
188
181
182
169
176
191
183
181
190
190
187
192
227
287
343
403
470
533
595
641
656
649
644
651
658
656
642
636
660
685
667
624
601
605
616
619
612
611
635
654
643
630
624
617
614
608
604
618
629
622
610
597
587
585
589
599
618
635
633
622
627
650
659
640
616
608
613
613
610
582
502
408
343
291
226
172
157
159
153
148
150
150
142
139
143
144
143
137
132
135
142
146
182
192
191
192
189
182
185
178
168
174
179
180
180
174
173
170
163
169
188
218
256
306
383
481
561
603
624
635
638
638
637
627
616
632
673
689
654
617
622
648
660
649
625
613
631
652
639
612
599
597
599
600
606
625
640
635
612
585
579
588
589
595
619
630
621
619
627
637
639
624
597
581
592
601
578
516
417
317
250
209
177
162
162
157
160
164
154
153
151
144
145
142
142
147
147
148
149
144
187
192
185
181
181
188
195
188
185
182
174
178
184
181
179
178
176
174
171
175
192
231
302
399
491
549
578
597
615
631
634
624
627
650
673
675
654
637
634
640
648
642
623
618
638
641
619
608
613
618
614
605
613
637
638
631
632
625
618
611
607
626
645
636
624
624
634
638
634
628
602
579
580
575
533
443
325
224
173
159
153
147
141
137
137
136
135
139
138
135
135
131
132
138
138
134
134
136
192
193
195
188
185
194
192
188
182
164
173
197
194
185
174
167
172
170
173
179
180
196
240
323
425
505
551
570
580
600
613
609
621
650
667
663
650
644
648
663
676
660
627
625
653
659
634
613
615
627
638
645
638
630
638
650
643
629
634
643
640
631
627
629
626
622
624
627
628
621
601
582
565
526
463
378
272
189
158
155
157
155
151
151
152
148
145
145
147
150
147
143
143
150
154
151
153
157
176
173
173
176
174
172
172
176
180
178
184
186
169
161
162
164
171
169
172
181
175
169
191
254
339
414
474
524
554
565
572
584
603
630
659
667
648
633
639
656
673
662
626
617
635
640
629
629
639
645
663
676
656
633
638
650
642
632
641
651
650
640
628
623
624
625
617
607
597
580
560
537
500
441
368
289
213
164
149
149
148
147
148
148
156
156
140
135
139
144
144
139
139
139
140
138
133
131
191
190
179
188
193
193
201
187
177
186
183
181
185
176
175
186
194
190
179
181
178
171
180
211
275
338
382
435
487
516
528
544
568
594
628
650
635
616
626
648
660
648
621
616
630
635
638
642
654
669
658
646
639
625
633
648
644
635
631
629
633
638
627
616
626
628
605
565
526
506
482
448
406
355
288
212
173
164
158
152
146
144
141
143
156
156
143
140
142
146
148
147
148
143
143
148
145
139
157
162
163
162
166
174
176
168
155
148
155
169
180
177
165
167
173
165
164
172
169
163
161
176
224
279
321
360
396
432
462
486
521
556
589
617
618
610
622
638
638
625
617
628
642
648
645
639
644
650
645
638
627
616
627
643
643
636
628
625
626
618
608
609
610
586
536
483
444
422
397
369
330
269
211
174
162
167
171
162
156
151
138
143
154
151
153
152
148
151
153
157
158
153
147
144
143
143
176
179
190
186
182
188
180
182
188
175
174
173
164
174
178
176
176
167
172
182
177
167
157
156
169
198
245
293
321
339
364
398
447
499
540
572
592
599
596
585
580
587
605
625
630
626
621
622
628
633
641
648
632
610
615
621
626
632
621
612
609
599
591
579
546
489
419
369
344
322
297
274
240
188
154
150
147
145
150
151
150
141
130
134
139
136
137
141
138
135
137
139
143
141
134
133
135
139
175
175
170
175
171
170
175
173
175
167
155
162
172
172
171
166
164
170
168
173
179
176
175
173
181
191
197
218
245
264
283
309
353
418
478
517
544
556
557
564
569
576
595
609
617
625
623
614
616
621
618
610
601
600
603
606
607
595
572
566
569
555
535
513
472
404
332
280
254
236
209
183
161
162
174
168
167
167
162
168
164
148
149
152
155
158
148
152
157
150
148
148
153
154
146
142
140
139
179
190
184
184
182
177
179
173
176
174
156
161
176
176
180
178
167
165
166
168
170
170
166
157
161
174
173
173
177
176
190
224
272
328
373
412
455
488
505
507
508
530
552
541
535
560
575
576
579
578
583
593
594
583
557
531
524
519
503
488
474
462
448
421
370
292
221
183
171
168
159
151
147
147
154
156
151
148
154
153
141
137
137
139
142
138
134
137
139
137
139
145
147
145
142
136
134
142
175
170
179
172
171
179
174
175
181
177
175
181
185
189
189
188
185
181
193
198
187
175
159
161
172
175
191
191
172
181
191
189
215
260
307
347
378
413
435
440
447
456
460
456
459
483
507
524
537
530
528
541
534
507
480
459
448
435
417
412
406
388
361
323
279
224
175
162
160
150
148
150
156
166
172
167
155
153
156
150
148
154
148
144
150
151
147
147
153
151
141
140
147
143
134
130
130
137
181
175
176
167
159
164
169
176
183
177
175
178
171
172
177
168
163
171
178
180
176
170
161
159
166
163
165
167
155
158
177
180
184
213
239
255
284
324
346
349
360
377
375
362
369
391
414
442
460
455
448
450
446
422
388
368
363
345
325
330
323
296
271
235
195
169
155
151
159
162
153
149
148
152
157
151
153
158
149
144
148
148
145
144
149
153
144
139
143
142
137
133
132
130
130
131
132
138
185
190
187
192
186
185
196
196
195
186
176
179
175
168
178
179
176
189
187
180
177
171
172
174
180
180
172
177
179
173
185
190
185
198
202
200
216
242
261
269
282
300
297
280
285
304
325
357
380
381
371
361
355
331
294
270
263
260
244
228
215
195
181
169
147
140
147
144
152
160
148
145
149
150
150
152
162
162
152
150
150
145
146
148
148
148
141
139
143
144
145
144
139
138
136
125
121
128
174
173
176
183
181
178
178
180
178
169
166
172
174
168
162
161
163
171
182
181
170
157
151
158
164
168
179
179
168
173
181
179
185
188
187
192
189
189
194
199
209
211
205
199
199
213
237
269
298
302
290
281
266
236
209
196
194
191
183
181
171
158
163
164
154
154
156
157
161
159
148
136
145
158
155
158
159
151
151
148
142
144
142
139
136
132
135
139
144
144
137
137
142
142
138
135
138
148
197
187
184
185
187
185
177
180
181
171
176
185
178
177
176
168
167
175
187
185
176
169
163
167
174
183
193
182
164
173
186
182
187
192
185
188
190
185
181
178
180
181
179
174
172
180
188
195
205
208
199
188
182
174
167
166
160
147
146
157
153
145
151
152
145
145
146
143
146
150
147
136
135
152
153
145
154
157
151
148
141
137
139
140
134
128
133
140
139
133
130
132
134
131
129
128
130
140
183
181
177
185
189
189
185
173
171
168
168
172
160
159
176
178
174
180
177
168
166
167
171
173
180
187
177
168
165
165
181
187
184
191
181
176
190
194
191
187
185
192
195
190
190
188
186
188
187
189
185
175
181
194
202
197
174
166
168
156
157
161
148
147
151
150
152
147
150
159
159
155
148
155
157
144
159
173
161
160
156
140
143
150
145
140
139
143
140
135
138
138
135
137
142
138
133
137
179
182
179
185
183
182
185
172
168
172
164
164
167
162
166
164
156
162
166
170
176
175
173
170
174
172
160
167
173
167
175
177
172
173
168
169
178
184
181
174
172
166
157
164
171
164
164
165
163
165
166
165
162
164
168
166
160
154
158
164
164
163
154
147
149
145
141
149
152
147
147
150
157
158
154
149
148
157
156
152
151
142
136
134
131
130
131
134
137
134
129
132
139
144
144
136
129
129
195
193
195
188
187
191
180
176
173
168
176
176
171
172
170
180
188
175
174
179
175
177
180
188
188
177
185
192
184
181
181
184
190
181
171
174
179
187
180
174
185
181
170
176
182
182
186
177
168
167
164
172
178
180
180
169
162
155
155
168
167
157
152
146
139
136
136
135
140
152
146
132
145
156
156
163
157
153
159
151
143
144
139
136
135
130
131
135
136
134
131
128
128
136
140
131
124
130
177
175
173
173
169
165
164
163
156
153
160
158
153
157
157
157
165
168
164
161
156
155
158
159
168
173
162
156
159
161
169
176
180
177
165
168
174
172
175
174
166
158
153
165
185
180
168
165
156
155
158
162
174
177
174
168
158
162
165
154
158
164
150
141
139
136
137
137
138
143
145
143
146
157
165
166
168
166
159
155
155
154
149
145
141
136
136
140
141
139
139
139
138
141
144
140
134
136
195
190
186
195
185
173
185
186
175
177
181
175
171
175
176
174
180
185
180
177
175
175
176
169
172
179
171
171
179
175
178
182
184
188
174
177
186
174
177
178
167
162
157
165
187
187
174
169
160
161
164
165
178
182
176
172
168
168
164
152
152
158
152
146
145
143
142
143
144
145
146
144
143
152
159
155
156
155
146
144
147
147
146
142
135
131
130
131
131
130
132
136
137
134
134
135
130
128
167
176
185
177
174
176
177
175
170
172
173
167
163
164
168
174
173
162
161
165
167
174
178
179
173
168
182
196
195
186
180
190
198
189
186
191
191
188
180
178
183
177
168
175
190
193
187
178
174
174
171
178
186
189
186
177
178
169
157
159
152
150
158
155
150
149
148
150
152
153
151
149
159
165
161
159
152
151
155
150
149
152
152
151
148
145
142
139
140
141
140
144
147
143
142
143
138
135
