165
183
148
169
154
157
178
148
162
159
168
169
166
156
153
158
161
163
150
168
170
159
170
152
175
159
149
141
157
128
144
148
122
142
139
127
128
115
126
115
118
115
107
111
97
109
111
115
111
118
121
123
133
128
124
149
121
133
122
123
126
124
121
148
133
128
160
141
137
124
144
153
143
163
150
151
160
149
149
164
145
156
158
157
154
135
148
151
144
147
141
140
155
142
134
141
141
154
153
139
171
172
157
164
146
176
165
155
172
158
157
173
154
164
161
149
177
157
158
170
159
172
163
153
181
145
147
162
144
125
144
131
128
131
126
125
119
113
118
106
107
108
96
99
92
95
94
106
104
105
107
119
121
113
120
126
106
119
111
123
120
122
115
138
132
133
140
150
134
129
141
144
149
163
147
145
155
148
147
155
153
149
156
164
148
137
150
139
149
141
146
151
146
142
140
134
141
149
147
142
175
169
166
165
151
180
163
159
170
159
150
161
157
161
162
145
180
152
168
171
162
170
161
147
181
140
142
171
140
127
139
120
127
115
112
121
111
111
110
99
95
102
94
94
93
87
84
101
93
101
96
108
108
97
115
122
93
108
101
114
108
118
111
125
115
126
131
136
142
130
135
150
144
169
146
138
158
148
139
154
147
151
160
154
148
135
150
140
139
132
149
154
154
135
139
141
139
144
142
142
162
182
160
164
158
164
182
148
158
166
153
140
180
151
158
158
168
163
168
170
173
152
163
145
172
147
139
153
146
130
132
119
122
100
106
108
107
104
104
94
92
103
103
98
102
92
94
107
93
106
93
102
111
100
116
131
95
108
104
107
103
114
110
111
103
111
127
124
137
130
133
150
138
172
150
140
160
147
135
155
142
163
163
150
147
141
151
148
135
136
146
153
154
140
140
147
135
143
145
144
161
183
170
158
156
173
188
150
164
168
150
138
193
153
164
167
176
169
166
177
163
159
158
143
170
148
133
157
144
130
121
114
113
97
101
100
99
105
98
99
108
119
128
120
128
121
127
126
114
116
105
114
133
129
132
146
125
124
122
111
109
107
106
97
109
102
114
119
118
129
131
127
138
156
154
153
145
140
146
145
153
163
157
165
142
155
160
146
147
141
143
158
132
150
150
138
133
142
144
141
179
175
178
159
153
191
177
165
183
169
141
150
189
159
171
164
190
160
168
174
152
172
150
140
171
142
130
170
133
124
114
105
103
100
99
96
96
113
102
117
145
155
176
173
187
186
190
171
158
140
146
159
176
188
186
192
185
159
153
129
126
102
104
92
107
107
101
109
108
118
129
112
138
146
157
162
138
139
158
143
157
162
155
177
153
159
159
151
146
140
141
157
127
153
156
145
137
148
148
141
186
178
162
158
157
182
174
166
188
168
138
146
190
151
172
165
177
164
161
155
165
156
147
132
155
137
127
152
118
109
102
98
103
102
108
98
109
120
128
149
195
211
248
254
267
275
269
247
225
194
214
235
250
272
277
282
270
227
205
169
157
123
124
110
108
119
108
101
109
102
126
110
130
147
150
151
145
143
154
154
146
168
162
171
171
149
147
164
130
149
135
146
142
147
141
169
144
154
154
140
180
182
156
150
165
176
175
162
185
161
145
142
189
151
178
173
172
180
154
152
169
148
150
126
141
131
123
132
104
102
95
106
129
124
136
128
141
144
179
204
260
288
340
344
338
364
352
339
304
276
295
321
345
370
375
380
369
326
286
234
198
172
163
151
148
141
139
112
113
98
121
101
126
137
138
139
142
142
152
161
149
164
166
171
165
145
152
162
134
159
130
148
143
145
136
174
150
151
154
138
182
170
164
150
161
191
160
174
182
155
153
159
165
166
177
170
189
174
159
157
150
159
149
127
139
112
118
119
95
112
117
136
174
175
189
186
198
199
242
274
338
377
427
419
392
439
436
432
382
361
378
405
431
465
452
449
453
417
382
314
253
231
213
215
222
202
194
151
130
107
115
95
120
119
128
134
130
135
153
160
159
154
162
179
153
151
165
155
147
149
132
156
137
149
155
162
148
146
154
143
186
161
163
161
154
199
150
189
180
160
159
177
159
170
173
164
188
173
162
150
155
155
138
120
129
97
109
106
107
140
159
190
236
252
268
266
278
277
313
355
413
452
484
477
428
490
499
510
457
430
444
477
492
525
490
489
507
482
466
397
329
305
287
301
311
297
271
219
175
138
122
106
102
106
113
120
123
127
142
158
154
152
154
166
163
154
163
156
137
143
138
150
140
148
161
162
141
141
149
142
173
165
149
170
157
183
160
182
177
163
160
173
183
155
175
160
169
176
152
138
160
139
115
104
107
101
98
110
145
188
215
263
318
350
369
368
371
364
387
433
476
506
521
509
449
510
532
549
519
486
492
526
525
546
502
512
539
529
519
468
410
387
383
395
398
391
356
306
251
198
153
130
101
101
99
105
114
119
132
151
148
152
146
153
168
154
155
153
128
152
142
143
142
147
153
163
138
139
143
138
175
164
156
164
156
179
169
182
176
160
155
170
185
159
176
155
169
161
149
134
133
133
98
99
93
113
97
142
192
250
296
344
394
437
462
466
458
443
447
483
521
545
537
515
459
513
538
557
556
528
527
552
535
544
505
518
543
551
541
518
476
453
471
473
470
465
437
398
347
277
206
164
130
107
95
98
99
109
126
136
148
140
139
159
149
150
154
141
137
151
138
145
137
153
156
151
137
142
143
142
190
155
177
154
150
188
166
189
178
157
152
174
166
183
176
153
179
154
156
132
117
124
101
107
105
133
124
193
244
318
385
423
448
488
514
527
516
504
495
515
546
556
530
519
474
513
534
567
578
552
543
564
541
531
505
514
525
547
548
551
527
505
527
517
516
508
501
478
440
360
276
211
171
137
108
101
102
106
114
125
142
130
138
156
144
145
158
142
147
152
140
150
140
157
160
147
137
146
144
148
186
158
173
163
156
178
167
175
175
154
150
158
171
180
176
154
171
158
147
122
116
110
112
124
137
169
177
241
306
381
446
488
488
513
531
552
544
546
535
541
553
552
528
524
511
518
540
584
594
571
551
567
553
533
525
519
521
538
549
565
561
549
553
533
530
518
536
531
511
431
350
269
220
187
147
131
130
117
108
116
126
138
137
141
159
147
153
160
144
159
149
146
150
146
149
150
138
147
140
144
180
164
169
177
164
171
173
163
168
158
146
145
182
170
170
155
158
154
128
116
117
117
135
168
188
229
252
295
373
442
489
537
512
522
529
552
547
563
561
565
556
555
542
541
548
545
554
604
607
595
565
568
566
556
567
545
546
544
555
561
573
566
549
526
516
513
539
555
549
483
415
335
288
255
218
191
168
144
123
108
113
142
131
143
159
152
145
171
148
153
153
142
152
148
142
147
143
145
134
141
183
155
185
176
158
181
169
164
158
165
145
158
168
180
155
145
151
140
119
116
135
145
182
234
263
316
339
372
436
501
535
566
524
522
522
542
540
562
574
586
569
559
560
565
577
577
577
630
626
616
581
572
580
584
609
584
572
559
571
563
584
569
531
509
494
509
520
558
558
516
463
401
370
346
313
272
227
195
158
115
111
132
125
149
148
153
148
172
161
144
152
148
147
164
142
145
147
143
135
144
187
160
196
177
157
184
170
165
157
174
155
168
163
179
150
133
141
129
112
129
167
199
252
303
346
413
427
451
497
531
563
572
541
527
525
540
545
563
581
594
591
569
563
584
599
598
614
651
648
630
596
570
593
611
639
609
580
575
588
587
604
588
530
513
504
512
503
551
559
535
498
458
452
437
407
367
310
265
215
149
127
129
117
137
155
148
152
179
157
147
148
155
147
155
135
153
139
142
146
141
180
176
187
186
166
170
178
157
162
182
166
163
172
162
153
124
128
119
103
163
213
272
330
373
422
490
509
510
546
540
560
563
562
547
550
557
566
570
580
579
614
589
560
600
609
613
648
668
666
645
617
573
601
630
649
613
582
592
602
612
620
612
548
545
538
528
504
542
552
542
528
510
518
505
481
453
388
334
286
206
165
134
110
126
165
137
153
179
163
151
150
161
148
144
131
159
133
140
154
142
181
170
186
186
168
169
170
162
157
189
159
173
164
159
140
111
119
108
118
209
285
340
405
438
488
540
558
552
572
565
549
555
580
581
596
593
598
587
581
559
630
606
573
597
612
609
654
678
676
657
635
594
608
639
644
615
587
603
619
627
635
626
573
582
562
551
521
540
546
553
552
541
547
537
528
517
455
399
352
263
205
147
108
118
148
127
155
159
181
146
155
162
141
150
135
152
137
138
149
150
195
157
195
178
165
180
155
181
157
192
148
180
148
155
121
102
106
109
158
262
362
416
476
498
529
568
571
574
583
582
557
561
586
606
634
628
630
618
601
565
648
624
595
585
609
600
633
668
677
657
633
616
612
638
631
616
596
605
637
636
651
629
593
599
574
571
546
552
558
576
565
541
547
535
541
549
508
463
410
318
244
181
110
111
129
123
152
152
175
153
159
163
141
152
142
147
142
147
149
157
190
168
182
179
171
170
161
178
165
182
149
164
141
134
110
101
103
131
208
310
422
492
530
544
544
574
561
575
581
579
581
576
586
611
642
645
648
646
625
585
666
656
624
600
596
601
607
654
673
652
621
627
610
622
611
605
603
596
639
630
650
619
600
598
585
588
574
577
578
589
564
536
536
516
528
544
531
511
455
378
287
232
124
111
123
117
140
155
154
171
160
165
148
144
144
146
140
158
157
155
180
185
172
182
178
164
175
168
169
172
151
154
133
122
106
114
136
173
261
351
467
543
554
569
552
564
552
569
573
583
604
599
598
608
624
641
650
664
647
615
684
688
665
633
596
604
608
648
653
641
613
629
605
595
594
590
589
575
629
617
626
596
597
600
601
595
590
607
606
598
558
535
525
501
519
526
527
528
476
430
337
284
159
128
120
106
128
140
152
169
153
162
149
147
147
143
137
155
160
149
181
179
188
168
174
176
169
177
172
172
149
153
119
129
120
145
185
231
313
403
500
571
553
583
552
561
566
574
577
597
623
628
624
607
611
625
643
658
659
651
701
702
697
655
627
616
632
640
623
623
603
624
601
577
579
577
560
546
610
610
606
578
595
601
611
604
598
634
635
608
560
542
534
509
529
523
517
530
492
469
392
329
214
173
136
102
118
123
161
157
148
159
149
158
155
143
142
150
158
146
182
170
189
163
173
175
168
179
170
178
151
152
111
145
160
191
241
309
374
464
535
578
552
584
553
583
590
601
599
620
646
661
655
617
616
610
624
629
641
653
686
694
697
662
654
642
651
634
609
613
596
612
605
580
567
564
537
523
580
603
591
578
601
602
622
633
621
656
645
610
578
561
556
538
550
528
518
535
518
500
447
383
292
235
178
123
110
116
154
157
146
155
155
157
154
151
142
156
158
140
180
166
165
175
174
165
174
163
165
177
146
148
119
165
213
256
321
397
447
518
573
581
561
578
566
602
614
630
633
639
670
693
683
642
622
601
599
611
610
616
646
665
670
651
652
662
662
640
609
612
602
606
609
590
573
555
530
518
564
595
578
589
614
619
644
664
653
675
650
618
601
579
572
559
565
522
532
539
543
525
503
450
381
308
239
169
118
111
146
157
143
150
156
162
154
157
134
160
159
136
178
159
171
171
175
173
157
173
163
169
138
138
141
200
273
334
402
478
521
562
596
586
568
573
583
605
629
641
664
653
686
707
702
667
637
605
598
603
592
584
613
632
641
639
639
658
653
642
614
613
614
614
616
598
590
559
545
526
570
602
589
606
626
641
661
679
663
674
659
629
609
594
584
561
563
534
545
546
557
541
535
511
454
391
317
225
154
113
144
146
138
151
147
168
160
152
135
155
155
142
180
153
196
160
174
185
148
196
160
166
148
126
168
254
340
412
458
549
572
594
600
584
579
570
602
612
633
639
671
667
694
708
710
685
662
630
627
610
595
581
596
613
626
637
634
652
636
633
626
620
624
631
626
607
602
574
567
543
573
611
599
624
628
646
663
668
644
645
645
624
609
602
590
575
564
559
547
551
551
544
541
556
506
468
396
284
211
136
132
144
132
153
151
166
162
154
140
156
158
151
181
154
189
173
163
180
174
188
168
155
149
119
210
310
399
485
509
597
597
604
589
591
590
577
613
622
634
635
656
669
683
692
706
700
682
657
661
639
620
599
595
608
626
639
639
657
633
629
641
639
635
646
623
613
605
583
585
562
572
600
596
624
622
626
639
638
625
613
611
606
605
591
589
593
579
556
559
546
543
534
534
569
542
519
455
346
263
176
121
153
130
149
166
162
158
160
136
159
164
150
176
166
178
196
158
178
191
183
176
139
132
121
262
352
449
544
560
616
601
593
574
598
594
589
622
633
636
630
635
656
650
654
675
690
682
657
682
664
660
633
614
615
643
654
652
653
629
637
644
655
645
644
618
612
607
594
607
584
583
604
608
610
610
598
601
615
615
586
587
587
591
582
591
599
595
564
574
542
544
524
513
548
559
542
495
408
304
223
134
140
131
147
168
156
156
156
136
155
161
153
169
171
191
193
165
187
170
206
165
137
121
130
305
380
497
578
588
613
590
576
566
588
595
600
637
649
649
628
617
629
611
615
630
652
646
638
681
673
680
659
644
628
661
664
658
638
621
646
638
653
645
637
619
605
612
616
625
614
606
632
631
604
603
581
585
597
601
571
581
574
582
594
606
623
614
593
577
547
544
526
502
531
557
548
521
453
345
270
164
114
137
142
158
157
157
145
137
152
159
162
170
170
199
190
176
186
161
217
167
135
117
150
343
406
537
587
602
596
582
570
572
585
592
612
649
667
674
640
613
601
577
590
603
617
604
625
664
662
664
652
654
638
664
654
655
623
613
646
638
650
640
638
624
603
613
633
633
631
627
646
647
610
610
582
589
582
596
581
591
586
594
615
632
660
642
608
590
562
555
544
519
530
548
548
533
478
385
306
194
106
138
132
157
156
147
141
131
154
163
161
172
168
190
204
178
172
177
201
176
122
119
183
365
430
557
584
608
581
574
588
594
605
606
629
659
685
695
659
625
591
559
575
583
596
594
617
642
635
647
638
635
636
647
635
644
611
604
646
640
654
640
650
630
621
618
643
643
630
632
648
652
627
623
606
605
598
615
605
611
624
621
641
656
679
658
620
604
583
573
570
546
527
538
555
535
498
410
327
219
117
125
128
158
152
140
144
133
154
165
163
170
160
195
199
179
173
184
201
161
119
140
223
373
451
560
585
596
571
574
611
613
621
639
650
665
703
707
680
650
605
569
565
564
586
598
610
620
615
635
631
612
621
615
616
617
608
597
638
636
656
656
668
636
643
633
661
649
628
630
648
648
639
640
642
631
635
644
632
639
655
646
657
670
678
658
623
607
591
585
587
560
530
532
566
537
520
422
339
246
140
112
127
143
152
145
138
142
150
161
170
170
160
201
183
188
184
189
208
146
132
182
264
395
480
571
596
590
576
589
620
620
617
657
657
667
712
714
704
682
635
600
577
575
589
601
622
620
612
614
620
608
611
594
610
596
615
594
618
620
645
671
676
645
658
645
671
645
628
629
638
632
630
644
657
639
653
655
648
655
661
652
647
663
660
653
613
609
583
591
592
567
547
543
568
548
549
448
356
281
178
118
128
142
149
150
144
146
152
161
169
171
171
182
190
179
184
194
188
153
157
225
318
432
519
587
614
596
598
597
627
632
625
655
649
665
698
714
725
711
665
629
612
605
597
606
650
639
609
597
624
611
605
593
619
604
631
605
610
610
627
663
663
641
661
641
655
643
630
625
618
606
608
623
633
627
647
641
635
636
638
633
621
631
626
630
602
605
581
592
592
581
566
550
565
553
575
483
396
325
231
147
135
159
140
147
161
141
155
163
159
172
185
171
206
165
183
188
175
165
198
276
392
477
563
603
630
591
610
596
627
650
642
647
639
653
664
704
736
731
686
642
639
618
602
610
667
645
589
584
631
612
602
607
635
633
651
626
617
624
621
647
640
624
647
626
626
635
627
618
597
582
589
603
605
614
631
621
608
604
602
602
595
598
589
600
584
598
584
599
593
591
574
540
561
546
585
512
457
377
284
185
151
155
139
146
162
145
155
159
152
166
190
180
192
173
179
171
188
167
245
347
459
528
598
626
627
581
612
597
625
649
649
636
635
632
629
679
727
737
702
653
647
621
609
611
665
635
552
553
591
608
605
623
644
653
661
638
623
626
611
628
624
615
633
617
601
616
618
615
591
571
578
597
602
607
613
603
586
579
580
576
583
579
568
582
574
594
592
610
595
590
574
543
549
542
579
537
507
432
334
230
179
136
152
156
155
159
155
151
151
168
187
184
177
175
173
161
196
185
292
410
515
573
610
628
600
578
608
596
636
642
671
640
642
611
607
641
697
730
720
683
656
631
616
601
648
616
504
503
516
587
601
624
637
648
662
641
626
607
595
610
614
607
616
616
594
609
614
616
603
583
582
598
607
606
596
593
571
567
570
558
575
561
559
573
585
600
616
620
596
586
568
546
531
532
560
549
542
477
381
283
208
136
159
158
156
158
154
148
146
178
186
177
186
161
170
160
188
217
331
454
565
604
616
606
573
574
594
587
640
653
694
670
658
607
597
603
657
705
732
709
670
645
622
588
618
582
461
455
457
559
589
626
623
627
648
641
630
594
599
611
615
608
607
612
601
619
611
610
618
605
604
607
597
594
589
600
570
565
561
551
565
556
561
578
605
632
641
631
604
579
554
530
521
514
534
549
572
503
413
327
237
154
166
153
163
154
154
152
147
176
183
178
184
159
168
151
189
232
356
494
592
616
621
590
565
575
588
580
630
661
698
700
682
628
595
578
610
664
717
709
681
653
628
586
586
543
447
432
431
543
576
635
610
605
620
635
623
583
615
635
619
625
617
610
616
627
606
594
622
612
620
613
558
556
578
619
578
576
558
570
569
578
595
607
626
662
650
636
618
574
552
529
525
511
520
552
578
517
439
357
268
159
177
154
161
154
151
152
155
178
175
183
180
159
171
148
194
238
376
520
599
607
608
583
576
597
601
588
624
662
705
719
708
655
604
568
570
629
680
706
696
657
633
597
573
531
479
461
451
557
573
628
598
595
610
631
606
584
626
662
617
640
611
612
625
621
606
582
618
612
617
610
503
493
532
622
590
598
577
603
585
609
636
641
644
668
645
628
612
574
565
550
540
524
527
558
569
524
464
376
292
153
168
156
165
147
149
153
155
186
166
170
194
150
174
159
178
243
397
525
592
595
594
580
598
620
624
602
632
670
711
737
725
675
628
567
559
604
647
704
713
669
640
615
579
544
540
528
514
585
581
618
598
596
614
636
605
607
638
681
623
651
599
609
623
609
612
589
620
616
604
600
453
428
462
595
591
602
598
625
604
635
656
659
655
665
631
610
590
572
575
571
562
538
531
554
562
526
476
382
302
151
152
152
173
144
148
153
152
184
159
166
198
159
175
162
168
236
414
515
571
594
599
582
620
624
633
618
641
673
706
740
734
694
662
581
570
589
618
688
712
686
643
623
588
557
586
581
579
602
590
620
616
605
613
641
623
638
663
697
639
664
617
613
619
610
619
609
629
620
593
578
419
393
406
564
575
597
598
635
620
652
665
661
646
646
612
597
577
571
583
585
578
550
537
551
552
519
479
386
284
143
159
152
161
150
146
149
156
178
157
183
182
182
174
151
178
214
416
494
550
597
610
584
633
627
629
634
636
658
688
721
739
710
695
611
590
589
595
664
693
697
641
620
601
574
609
605
621
629
604
616
628
620
620
650
650
671
683
699
650
682
641
621
614
620
621
628
637
621
591
559
424
395
394
544
574
604
606
643
638
656
663
649
620
613
592
590
570
573
590
591
583
563
558
565
553
519
475
389
260
142
173
156
155
151
150
153
159
182
164
183
178
188
171
149
177
199
406
478
550
604
620
589
634
629
630
638
633
644
654
692
719
715
718
637
613
593
595
650
686
695
641
621
624
605
632
617
639
653
623
612
630
633
633
666
684
677
670
673
637
685
656
627
617
629
629
645
643
614
591
558
472
428
428
541
588
622
631
655
657
651
644
623
592
583
571
583
571
579
593
593
588
571
564
576
571
537
466
383
255
159
169
151
162
143
156
160
153
187
166
171
184
181
171
153
168
209
394
473
572
617
632
600
624
618
619
629
629
636
622
656
678
697
717
659
634
612
609
648
683
684
648
630
651
642
657
621
631
641
627
607
624
635
639
675
705
634
629
613
604
656
665
633
628
642
651
655
644
604
593
573
530
480
488
561
601
643
648
655
650
637
615
593
572
568
559
584
584
584
593
592
589
568
556
578
587
556
469
380
258
182
161
148
153
140
154
158
149
180
159
176
176
182
166
146
177
239
384
472
589
630
637
605
615
602
602
620
621
623
607
621
647
667
691
680
648
647
624
644
661
663
655
637
672
667
660
614
620
619
612
589
616
633
641
668
701
573
564
527
547
611
660
619
634
650
661
649
636
603
599
588
564
525
544
589
619
654
655
642
618
612
595
576
569
573
584
602
600
584
588
585
578
564
559
585
597
567
492
389
271
213
164
152
138
146
152
153
149
176
155
181
171
177
154
147
185
280
387
488
600
643
636
604
615
594
603
622
637
626
614
608
622
640
663
680
648
660
648
640
636
635
649
629
679
667
650
610
636
616
602
588
623
638
629
648
682
520
489
448
467
573
638
598
636
648
648
634
625
610
604
594
579
553
572
611
637
661
657
633
590
590
583
578
592
595
627
631
623
594
584
579
562
559
558
588
602
572
520
410
303
246
161
149
144
149
158
154
145
182
154
173
180
158
150
164
168
311
409
527
618
654
634
598
608
594
605
626
662
654
645
624
612
615
648
664
645
646
661
634
623
620
631
617
671
655
660
624
663
621
603
606
628
638
606
629
654
489
447
414
416
534
597
586
638
637
622
610
613
614
608
599
593
577
585
622
647
668
647
614
571
578
578
596
625
632
652
659
639
608
584
571
550
537
542
576
593
577
535
441
344
269
150
141
155
147
161
156
142
178
161
171
178
160
156
174
160
321
426
563
631
653
624
589
597
596
605
623
669
689
688
650
629
620
646
650
639
629
645
628
630
617
612
619
659
649
666
643
677
619
610
618
637
630
599
611
620
494
458
425
415
490
560
574
633
626
594
579
599
614
611
606
609
604
602
624
645
664
626
587
560
578
597
617
636
668
668
677
636
611
578
562
553
521
526
556
573
569
540
474
375
281
155
145
149
148
162
160
148
162
167
173
156
179
160
164
174
316
425
576
629
642
610
588
604
613
616
629
673
704
715
672
652
658
653
640
619
618
626
633
642
628
615
624
655
638
648
651
682
620
626
632
655
628
603
594
592
527
488
456
446
486
547
570
625
623
577
561
596
622
617
613
623
624
617
621
629
645
605
576
567
586
621
635
645
680
668
677
630
608
574
568
576
533
528
543
553
550
539
496
391
275
164
157
148
148
162
164
156
169
165
173
148
180
164
153
181
301
424
569
615
627
598
591
621
634
627
645
678
691
713
684
669
690
663
637
610
612
617
642
653
656
643
626
658
624
631
652
681
638
647
642
657
629
607
586
580
559
513
501
503
533
555
578
621
615
570
563
609
638
626
615
626
625
617
612
607
620
591
582
587
600
630
640
658
670
654
659
618
597
579
582
591
547
545
543
535
543
530
496
396
254
161
160
157
141
154
158
153
187
162
171
161
171
172
157
179
279
430
555
599
610
590
594
628
637
633
650
666
671
695
673
677
699
670
639
615
610
619
655
665
674
665
643
662
631
627
650
665
660
666
631
647
625
619
585
584
564
545
553
568
578
580
589
618
610
577
580
628
650
631
614
624
616
605
601
593
603
586
596
607
615
639
628
639
645
639
626
599
580
581
589
581
553
556
549
522
537
523
491
399
230
161
159
157
143
153
154
151
174
171
169
162
182
173
156
182
240
429
535
581
598
590
598
629
636
637
649
649
649
673
654
677
692
663
644
619
624
623
671
669
664
670
674
671
645
634
640
642
661
674
626
642
629
628
593
604
566
576
591
607
604
605
597
609
621
599
605
644
654
630
613
623
610
589
588
586
592
582
605
617
618
635
611
602
611
614
593
586
574
581
589
575
562
556
545
515
522
515
482
395
205
168
160
146
154
159
153
150
164
188
180
156
198
175
151
184
204
399
508
558
582
591
607
628
640
640
647
637
630
655
649
673
679
649
654
641
647
627
673
672
650
671
692
680
652
649
632
635
652
673
635
644
643
618
594
622
599
602
611
628
627
622
602
607
638
622
629
636
645
624
618
621
603
582
577
580
577
583
600
615
613
606
588
583
585
591
581
583
578
583
589
580
577
556
534
516
512
490
451
368
183
171
159
144
151
159
148
140
175
183
191
158
184
181
153
174
190
342
472
527
569
593
615
630
642
638
634
619
621
644
650
669
672
649
668
672
661
647
662
660
652
666
687
681
668
667
640
642
651
660
627
637
642
595
584
629
634
629
627
636
634
636
614
618
647
633
642
615
630
616
623
620
600
589
587
580
568
596
583
608
607
582
569
578
576
589
590
589
576
587
586
580
589
561
538
531
508
457
410
325
165
166
155
153
145
159
146
136
175
179
191
162
177
174
156
169
172
287
435
485
572
611
626
640
641
631
620
615
621
641
664
672
673
655
682
686
676
666
658
643
650
652
675
680
682
681
653
642
649
632
618
619
623
573
588
640
649
649
644
612
624
636
630
622
649
635
638
612
616
610
618
628
612
606
609
595
575
600
566
599
609
579
576
581
590
608
608
597
574
587
583
573
590
561
553
549
511
434
367
275
153
163
151
142
150
156
141
141
172
191
185
165
195
164
164
173
160
242
412
450
575
636
650
646
633
629
620
630
632
651
686
676
677
661
689
696
686
667
656
649
652
648
672
684
687
690
666
641
640
612
628
616
611
572
604
654
662
659
648
591
610
616
622
619
647
640
634
615
599
610
618
642
626
623
621
617
588
595
564
601
619
588
603
601
620
635
626
607
583
579
585
567
585
560
562
563
518
419
332
226
154
160
155
132
152
154
139
145
181
189
176
171
194
172
170
175
175
198
383
438
584
649
666
645
615
625
614
632
643
660
688
669
686
675
697
719
694
669
651
664
681
661
676
697
697
694
679
654
633
615
639
620
610
593
618
659
662
659
640
596
594
598
604
624
638
643
642
619
594
610
620
644
629
618
630
622
600
599
575
622
625
600
627
634
645
652
633
617
590
575
572
570
581
558
575
575
524
415
314
191
158
152
159
137
146
157
145
145
187
188
174
175
188
183
173
182
184
177
344
429
601
658
665
637
599
618
604
628
648
648
666
661
686
689
716
734
706
676
655
670
709
683
687
708
700
689
689
675
639
630
640
607
613
614
627
642
632
643
638
602
585
594
611
640
634
646
659
630
608
608
618
634
622
612
632
623
608
607
589
638
637
616
633
652
644
646
629
626
591
580
551
578
577
552
596
584
533
428
296
171
156
161
159
134
149
160
150
151
176
207
176
164
210
176
180
190
173
189
311
414
605
660
656
628
602
618
615
639
654
634
639
653
675
700
738
724
700
672
667
678
712
710
706
701
680
676
697
694
656
641
636
599
624
628
625
591
587
607
638
602
587
586
624
650
643
657
676
633
620
613
625
627
613
614
634
627
616
618
605
644
643
621
616
639
623
623
626
632
603
588
565
586
572
561
603
587
534
446
283
165
149
172
156
135
157
160
149
158
169
211
178
158
222
182
182
188
172
196
273
409
594
644
647
629
615
625
636
651
652
634
634
641
682
718
750
713
681
664
672
690
719
729
708
681
657
661
696
706
674
644
627
615
633
638
606
516
526
551
622
601
591
580
632
653
659
665
678
633
628
625
637
633
616
616
648
625
626
634
622
652
628
610
595
618
612
604
627
621
620
599
612
598
576
580
599
578
531
451
284
166
152
159
150
150
150
158
148
152
176
185
185
164
202
201
176
178
179
185
227
394
566
619
643
623
622
630
652
650
640
640
643
648
700
736
738
712
661
656
662
685
739
738
690
659
641
642
686
717
691
652
620
621
633
631
579
450
458
487
594
602
604
605
643
668
682
669
668
641
636
642
647
643
632
631
654
638
632
642
631
651
626
609
593
599
608
598
626
606
621
608
638
608
578
587
595
570
526
437
268
165
163
152
153
163
144
160
152
146
172
182
189
168
198
193
181
175
172
188
191
345
527
590
633
609
626
624
649
643
641
645
644
668
695
725
715
707
638
639
651
674
749
743
680
636
613
617
668
725
712
669
630
604
626
604
557
425
427
439
578
605
620
649
651
685
701
670
653
635
637
660
657
646
651
649
657
664
647
641
640
642
638
616
600
590
601
602
615
605
613
607
625
607
570
582
578
567
507
411
228
164
158
161
157
162
147
159
151
146
159
205
185
169
210
183
187
181
159
201
179
279
478
554
607
604
618
614
638
637
649
644
642
668
672
686
700
691
626
625
643
673
752
744
691
629
589
599
641
717
729
684
643
604
610
579
548
449
434
428
579
607
625
681
668
692
696
657
636
616
649
678
665
653
662
661
671
679
670
645
653
635
642
626
605
603
595
608
602
608
610
608
608
604
575
575
554
550
480
366
190
165
153
165
152
163
146
157
152
148
165
199
188
160
197
200
170
182
161
195
190
230
402
509
571
595
593
609
641
638
651
636
637
647
648
653
680
677
619
617
638
671
749
748
707
643
581
583
616
695
737
700
659
625
602
575
551
501
460
463
585
620
643
692
690
693
667
632
621
614
669
697
665
660
660
661
684
687
682
662
649
631
639
643
623
614
594
609
603
600
607
620
608
602
582
569
542
518
444
304
166
166
156
157
143
169
143
155
153
146
179
187
187
157
175
206
161
175
170
192
191
203
323
446
522
569
568
606
648
653
659
626
623
620
619
636
655
668
605
611
644
678
748
757
710
657
580
572
605
671
734
719
680
634
610
586
554
546
510
524
600
648
666
681
699
678
631
602
606
625
671
705
657
649
646
652
681
699
689
675
635
627
632
650
645
610
603
602
612
588
606
631
618
598
569
555
530
467
395
252
160
158
156
153
143
161
146
148
145
141
175
203
169
170
177
188
175
168
166
207
172
181
266
364
446
537
544
608
654
669
662
620
610
592
600
619
641
646
604
623
660
702
757
760
716
670
590
586
601
654
720
731
690
623
616
596
552
567
565
580
635
673
672
669
691
646
608
580
601
637
673
702
654
623
630
643
673
706
702
672
630
625
623
644
647
604
610
593
615
581
620
630
627
601
555
529
495
396
332
211
159
143
155
156
151
145
154
141
138
144
171
208
166
179
192
189
179
171
164
210
176
170
220
287
353
506
514
610
655
677
648
609
604
584
609
609
646
625
617
642
673
726
760
752
730
680
596
606
597
655
715
738
699
616
609
605
547
571
591
621
672
680
677
670
663
613
596
582
617
657
695
698
655
597
623
629
678
698
708
670
628
634
617
641
638
603
610
596
617
578
641
620
631
611
551
494
434
325
260
173
151
141
153
153
154
145
157
136
137
150
173
183
179
181
187
194
171
175
173
193
193
167
186
228
269
455
482
598
640
676
632
602
613
610
633
627
652
623
628
645
669
735
746
739
725
679
590
609
602
666
715
739
706
629
595
614
550
572
607
651
685
678
682
662
636
589
584
607
641
682
712
691
648
587
616
620
677
685
696
672
628
648
623
639
630
611
623
609
629
592
645
609
630
608
536
443
355
261
197
155
145
148
147
158
159
153
152
134
142
155
167
178
176
185
182
175
180
175
179
187
190
158
185
187
214
386
446
567
616
652
626
614
633
645
658
643
643
632
642
646
660
715
714
719
706
676
586
607
611
671
709
735
717
644
588
623
563
585
635
668
681
687
681
641
620
575
585
635
657
694
714
682
640
588
606
623
659
676
675
666
625
652
636
632
626
621
643
622
640
618
635
605
624
591
507
385
283
200
161
153
142
141
136
168
165
147
147
136
146
157
159
199
165
179
195
161
192
181
176
194
192
155
197
168
186
325
401
524
590
614
629
622
634
660
662
633
639
646
660
651
654
683
679
692
697
672
590
616
621
681
710
736
726
648
595
628
575
602
653
680
683
706
682
625
598
572
605
651
663
693
720
678
640
583
609
628
648
661
655
644
612
643
644
631
632
622
650
631
638
631
624
605
613
576
471
329
232
158
154
156
135
139
131
160
166
148
148
141
144
152
164
194
180
162
193
172
185
191
170
189
207
162
188
167
169
267
354
474
547
582
626
619
633
651
640
625
648
660
660
640
638
662
646
666
693
660
597
625
637
697
715
735
713
654
604
630
591
612
660
705
697
721
686
617
578
586
622
657
669
694
723
676
634
577
622
624
639
635
630
618
596
626
650
642
643
618
651
629
629
627
604
596
594
542
417
265
192
147
152
160
126
149
131
143
164
158
148
143
141
146
180
180
203
161
184
187
194
188
176
187
208
164
191
176
167
218
316
407
487
549
600
613
649
635
624
635
663
672
646
621
616
645
620
649
684
646
604
629
649
700
703
723
701
660
598
630
615
623
667
724
705
722
688
611
572
606
623
658
671
687
703
662
625
585
632
618
627
615
606
600
586
607
655
654
648
613
643
620
622
616
584
586
561
476
350
215
167
145
151
156
129
146
136
142
161
153
146
143
143
147
180
188
196
172
187
179
226
169
183
194
191
160
207
180
174
194
274
331
426
502
560
599
644
621
622
654
683
688
642
615
606
633
625
648
666
635
615
642
650
682
680
691
692
652
590
628
635
637
680
721
703
711
683
602
577
612
620
656
661
662
666
644
624
600
637
613
626
605
606
598
593
598
653
658
645
614
621
617
620
599
566
564
505
396
287
187
157
147
154
155
133
148
144
144
158
146
143
143
145
148
164
196
191
168
189
175
231
172
181
194
182
168
196
184
178
188
231
260
356
434
518
578
605
596
610
662
696
699
646
621
621
646
651
656
646
629
627
656
643
658
669
654
677
636
595
632
646
642
685
700
695
693
668
591
595
616
618
651
648
634
631
629
612
596
634
607
621
602
617
621
611
607
645
659
641
629
603
616
606
561
519
500
419
308
229
163
156
160
151
158
128
159
139
132
152
151
139
142
144
144
150
196
199
156
184
184
211
193
181
187
183
181
173
195
179
184
208
204
282
355
453
527
552
560
590
655
696
694
648
629
651
676
671
656
629
627
645
664
633
634
651
633
663
620
596
638
657
636
668
670
677
671
648
587
619
633
614
643
632
610
600
608
597
595
633
614
615
608
629
650
630
624
626
653
633
644
601
601
560
498
448
412
322
228
184
154
161
163
152
152
139
152
131
134
147
156
140
145
148
145
149
199
194
164
180
182
213
188
181
182
173
176
176
190
176
181
195
179
225
281
369
436
486
524
570
638
684
680
649
631
665
679
677
646
619
632
676
671
624
608
619
622
644
611
591
639
668
633
650
650
652
648
630
590
628
644
614
629
613
591
578
595
594
616
639
624
616
612
645
672
639
631
601
639
616
640
604
563
484
422
377
321
238
176
169
154
161
152
157
142
150
141
132
150
142
148
139
147
151
147
163
196
193
183
184
185
213
179
180
179
166
171
191
180
173
184
185
173
190
221
294
339
399
465
533
607
651
658
647
633
656
657
663
630
622
651
703
667
615
599
618
629
636
613
596
633
673
635
631
628
621
622
614
594
624
645
620
620
592
584
578
594
589
627
640
627
615
619
647
673
632
621
583
623
606
617
585
500
394
337
298
237
176
161
164
152
161
145
157
144
139
148
134
152
139
140
137
148
147
144
172
186
200
186
187
192
186
195
177
176
174
175
184
186
171
182
180
166
177
184
229
256
306
378
476
564
604
624
630
632
641
644
637
616
632
670
707
654
614
613
639
650
645
619
602
632
669
629
613
607
608
606
606
595
633
644
626
627
586
593
591
597
589
640
632
627
613
631
640
651
629
607
569
604
600
586
527
417
300
249
218
183
149
162
149
150
161
140
152
151
128
155
130
144
141
143
137
148
141
140
175
188
197
187
185
185
181
205
176
185
174
169
188
188
178
177
173
170
174
169
191
196
237
294
402
504
558
586
601
611
625
639
615
615
646
675
690
647
628
632
646
667
652
622
602
648
662
621
607
606
621
612
620
603
644
638
634
641
603
617
612
612
607
652
625
629
612
636
635
634
632
603
564
590
573
541
452
335
217
185
167
163
147
154
140
148
150
136
147
146
135
148
131
137
144
148
137
145
143
142
177
193
184
190
184
175
191
191
178
193
165
165
209
175
182
173
161
181
168
166
189
170
198
226
323
427
503
540
571
579
600
617
598
613
648
671
676
645
636
641
651
679
664
617
605
658
658
625
608
622
630
635
653
630
632
636
648
649
614
638
637
636
628
636
627
627
619
628
624
623
617
593
561
565
519
465
378
267
170
159
150
159
147
151
142
152
151
134
146
138
149
143
138
137
145
150
141
142
148
143
174
190
181
177
185
181
179
192
174
187
171
177
199
175
168
172
161
187
173
165
193
171
173
188
253
348
429
465
522
544
565
572
576
597
625
657
674
642
623
638
653
679
671
611
607
650
646
632
620
641
645
655
667
654
614
639
655
649
618
643
643
645
640
624
622
623
632
613
605
583
577
550
526
502
441
379
288
213
157
154
149
153
144
152
140
158
164
130
144
137
149
149
136
147
139
146
146
137
144
133
168
181
185
164
181
188
169
206
169
174
172
180
173
191
164
171
171
190
181
162
189
175
161
177
197
281
354
380
445
484
511
523
533
569
589
627
661
635
605
630
648
664
655
609
612
644
637
640
633
646
666
655
648
655
603
638
652
647
627
637
630
637
638
621
610
623
630
584
565
506
516
476
453
420
349
302
202
181
157
164
151
149
147
143
135
164
159
137
146
138
149
151
142
155
141
141
150
137
142
131
163
172
174
173
175
175
182
190
171
173
158
168
173
178
180
166
171
188
169
161
188
170
165
164
166
223
280
311
367
403
427
462
465
522
548
587
624
621
597
620
629
631
625
604
627
639
639
640
630
642
656
648
637
648
592
635
640
640
636
627
618
628
620
605
604
600
588
513
482
423
430
389
365
341
259
222
161
166
151
175
149
154
151
131
134
164
141
148
149
139
149
146
150
154
149
138
146
139
142
141
161
178
167
183
180
166
189
176
170
189
158
160
180
157
186
168
170
177
165
162
187
173
169
162
157
185
216
249
294
327
335
377
384
446
492
542
571
594
587
596
592
592
591
601
629
628
634
629
618
632
634
637
637
633
589
625
621
624
633
605
599
612
590
579
577
547
503
415
373
340
333
296
275
254
188
177
151
163
146
169
149
165
141
134
138
153
143
142
148
148
137
149
140
154
149
137
138
139
137
147
158
183
181
174
185
176
169
191
158
194
168
153
166
173
172
177
174
161
175
161
177
181
166
176
155
173
191
199
223
257
251
284
301
354
416
477
499
543
550
556
553
558
557
597
596
595
613
615
599
613
614
612
622
605
596
596
590
588
598
557
556
563
539
530
510
476
398
317
272
251
249
213
199
180
150
179
148
167
150
160
158
164
133
144
144
145
157
131
148
155
133
151
137
155
149
141
137
138
136
149
167
178
185
177
178
182
164
193
157
187
177
151
163
188
170
185
180
165
173
170
180
177
172
170
154
170
181
182
189
195
192
218
226
276
334
390
417
464
487
507
501
509
513
557
532
526
562
578
562
588
573
573
593
578
574
547
529
522
530
486
493
482
466
453
420
385
301
225
198
187
184
167
157
154
146
176
156
159
150
157
162
143
146
141
143
147
152
134
143
153
139
144
140
154
146
141
136
131
140
149
184
180
166
193
166
170
177
175
169
186
180
159
183
176
182
186
181
174
171
182
195
172
181
156
152
178
163
183
191
157
171
197
184
217
268
308
342
369
415
439
428
441
452
474
447
447
481
508
506
546
515
517
538
532
506
475
449
444
446
398
420
404
381
368
324
286
227
169
161
167
155
153
147
153
154
170
161
149
155
153
154
136
159
139
141
150
150
143
136
155
142
142
132
152
137
135
133
126
141
146
183
186
167
190
171
166
172
182
172
197
176
168
189
170
173
185
178
162
185
180
191
176
173
164
152
185
162
172
187
156
162
190
188
173
234
243
267
280
335
353
347
360
382
386
353
368
393
415
437
476
448
449
449
455
422
383
362
358
359
309
334
323
287
278
241
202
171
158
145
160
165
144
149
151
150
169
148
156
163
149
145
149
151
144
145
146
159
141
135
153
141
144
131
144
131
135
129
124
138
141
170
186
183
176
191
176
169
198
174
202
173
170
180
178
159
180
176
155
192
181
180
180
160
169
158
180
172
167
182
169
161
186
195
163
218
198
216
217
255
270
267
282
302
302
268
283
304
321
355
394
375
375
355
368
331
290
274
266
277
236
247
237
203
201
191
154
144
161
139
157
171
142
142
149
151
159
143
168
157
151
145
151
143
145
146
142
151
137
136
147
143
141
139
139
135
139
127
123
139
141
172
189
180
174
195
179
182
183
181
191
169
166
183
176
166
173
166
164
175
192
179
177
160
157
163
174
171
183
186
162
169
192
180
178
206
176
203
190
201
213
203
226
225
227
207
211
226
247
267
309
296
292
270
279
241
216
206
200
205
179
193
182
153
168
169
143
145
160
140
161
158
151
131
140
163
152
146
169
150
152
151
140
144
142
141
142
129
140
135
147
141
136
136
142
137
137
130
126
145
148
182
196
177
178
188
184
188
177
175
186
164
165
192
165
168
180
162
171
167
196
174
175
164
159
166
174
178
191
182
156
167
194
179
178
208
169
192
191
185
192
178
194
188
195
180
182
189
201
208
230
227
223
200
209
193
183
186
170
162
157
167
160
147
155
156
148
143
160
137
156
154
154
139
131
162
162
132
166
162
148
156
144
136
142
143
141
124
139
138
147
130
138
129
143
130
138
132
127
145
148
177
190
185
171
190
189
180
196
160
182
167
163
183
164
154
185
170
163
175
184
164
179
162
175
166
176
190
173
171
170
156
188
191
163
210
164
177
191
189
188
179
180
183
185
173
187
176
181
186
183
190
188
169
177
183
183
190
163
152
166
156
155
165
145
146
156
138
158
137
154
153
155
149
143
153
171
126
159
176
149
155
161
127
144
146
138
133
134
141
144
127
139
130
141
131
146
134
126
139
139
176
185
190
173
194
182
184
194
163
173
171
165
171
169
156
174
174
164
172
171
169
178
168
180
169
183
181
163
175
181
158
183
188
166
198
156
178
176
195
183
172
182
178
167
167
193
161
183
173
166
176
168
169
171
172
187
172
167
150
162
165
160
167
150
141
155
137
147
139
155
145
160
134
159
155
158
150
147
168
157
150
158
135
140
139
136
131
132
137
140
133
131
132
135
139
148
135
123
134
134
183
189
185
184
189
172
193
171
174
168
160
173
170
161
170
162
169
181
166
167
178
166
172
174
171
189
169
172
179
177
167
179
181
180
191
150
184
167
192
179
166
185
172
157
164
196
164
184
172
156
171
156
169
177
169
186
161
164
153
156
168
162
164
151
142
145
134
140
136
144
146
158
122
155
161
150
170
151
158
162
151
145
151
137
138
138
128
132
137
138
137
129
135
128
142
145
136
121
133
138
181
190
183
177
190
172
176
170
177
164
155
177
168
154
172
163
162
181
174
167
174
163
162
175
160
180
176
170
164
177
163
175
184
175
200
148
179
181
172
180
175
170
169
151
162
196
185
163
185
143
169
157
161
182
179
176
173
155
163
166
154
154
173
143
145
141
135
140
137
138
147
151
133
145
157
163
162
163
161
155
152
146
156
141
145
137
133
130
140
136
137
132
140
130
141
140
141
124
133
140
184
181
188
174
194
178
163
183
182
163
168
180
167
161
169
172
164
179
176
169
171
169
164
182
160
174
177
171
167
189
167
174
190
176
204
158
179
197
164
183
179
167
170
152
161
196
196
159
189
144
173
161
162
185
184
177
174
164
170
163
154
146
168
148
148
144
143
141
144
144
146
150
142
146
157
166
155
159
159
150
147
149
153
145
150
135
139
130
139
133
138
131
143
138
140
134
146
127
132
136
