-23
-24
-15
-18
-30
-19
14
28
1
-36
-40
-11
10
8
21
50
44
2
-33
-29
7
10
-26
-26
-9
-30
-44
-31
-20
4
23
-2
-34
-33
-15
-4
-5
-9
-11
-20
-26
-6
15
10
15
41
38
8
-2
10
40
67
34
-36
-73
-66
-31
12
47
55
30
22
29
-6
-47
-38
7
39
27
11
19
22
8
-7
-2
7
-2
0
11
-1
-19
-16
8
17
-12
-32
-13
16
10
-42
-61
-7
36
25
-13
11
20
-3
-13
26
48
21
-17
-42
-35
-3
14
6
-3
8
18
4
-4
3
-1
-26
-64
-72
-35
-2
10
4
-18
-20
-11
-28
-46
-38
-20
-13
-18
-24
-27
-26
-15
9
29
23
4
2
19
37
40
26
14
6
-13
-26
-19
-8
-3
0
14
25
8
6
38
28
-25
-24
34
62
45
26
10
-1
0
-4
-7
-2
-4
-1
9
-2
-33
-48
-24
7
6
-13
-22
-5
25
23
-5
-6
24
42
-12
27
25
1
-2
-6
-8
4
2
-6
-6
1
14
5
-13
-4
13
14
2
-1
-1
-25
-33
-16
-36
-62
-40
-16
-16
-15
-16
-26
-33
-30
-24
-22
-20
-23
-35
-38
-25
-6
17
37
37
24
28
44
35
6
-9
-12
-14
-5
14
27
21
4
11
48
64
39
18
7
-23
-38
-9
28
47
38
4
-16
-8
2
8
17
16
6
13
17
-16
-43
-28
-1
15
15
5
-6
-20
-28
-30
-28
-3
29
-8
10
4
-6
-9
-34
-46
-17
11
16
6
2
14
18
16
16
7
-6
-25
-33
-27
-38
-23
13
-25
-85
-73
-37
-24
-22
-16
-4
-5
-19
-32
-43
-40
-22
-12
-14
-20
-27
-17
12
27
21
19
20
8
5
26
23
-15
-25
4
26
27
22
20
17
13
19
33
42
34
10
4
30
50
33
-10
-29
-6
7
-3
-1
7
11
17
5
-26
-35
-17
-14
-27
-9
41
58
10
-43
-38
0
16
3
-15
6
7
-24
-30
3
2
-10
11
8
-15
-2
23
28
25
20
-4
-40
-40
-3
15
-9
-41
-39
-18
-20
-38
-53
-72
-80
-51
-9
5
-6
-22
-35
-28
1
17
6
-11
-16
-1
16
13
3
1
7
15
26
45
31
-29
-54
-21
7
18
29
22
-7
-15
26
71
72
46
28
35
53
58
43
1
-27
-9
-9
-32
-16
24
47
27
-27
-53
-33
-5
-4
-27
-22
23
55
37
-12
-31
-12
-5
-1
-24
32
36
-24
-48
-22
-17
-2
42
35
1
12
26
10
-3
-7
-23
-42
-41
-23
-12
-29
-45
-24
-12
-46
-74
-61
-42
-39
-31
-13
-2
-3
-9
-2
28
55
47
15
-5
-3
5
3
-11
-26
-24
11
51
50
27
12
-7
-23
-26
-30
-29
-18
-14
-14
-6
7
24
34
30
27
21
16
40
69
55
8
-29
-31
-6
24
47
50
26
-10
-27
-7
11
-5
-20
-15
-9
-15
-23
-11
-5
-27
-28
3
-20
44
43
-1
-20
-56
-81
-17
60
52
10
11
22
-6
-30
-26
-23
-24
-35
-32
-5
-10
-12
15
-24
-105
-121
-89
-59
-37
-25
-15
6
27
38
64
107
124
103
71
48
30
-4
-57
-99
-96
-40
40
93
87
44
8
-23
-68
-105
-115
-112
-104
-78
-24
27
29
6
13
44
61
44
22
41
80
87
37
-34
-37
16
35
21
12
17
23
7
-8
-13
-35
-53
-38
-5
4
-7
19
41
-6
-44
-18
1
26
27
26
18
-31
-79
-41
26
21
-6
5
8
-15
-26
-15
-3
-12
-32
-29
-15
-23
-33
-34
-54
-75
-66
-46
-25
0
7
3
26
63
93
149
221
243
211
170
133
80
-8
-113
-176
-140
-18
93
133
133
106
28
-91
-197
-236
-216
-191
-172
-134
-86
-38
5
6
-20
-17
13
45
67
84
97
75
25
-6
-9
-2
2
15
47
61
39
-7
-62
-68
-30
-27
-38
-14
18
29
18
16
30
22
4
-3
60
46
3
-21
-52
-75
-18
64
64
27
15
10
-9
-45
-46
-13
-35
-89
-88
-39
-3
-11
-43
-78
-99
-67
16
76
70
43
35
44
84
162
240
289
314
299
218
111
35
-21
-85
-146
-149
-46
104
185
172
123
58
-55
-204
-320
-354
-308
-223
-152
-115
-96
-80
-69
-67
-55
-19
9
14
32
56
46
26
29
38
41
37
26
24
26
9
-23
-42
-31
-16
-14
-12
-19
-24
-13
-6
23
72
55
-20
21
40
8
-11
-6
-24
-37
-13
19
40
48
45
23
-27
-67
-70
-46
-8
-2
-38
-66
-70
-57
-47
-47
-14
57
126
163
140
76
33
41
101
201
307
381
393
310
146
31
49
64
-46
-167
-148
-14
119
194
192
108
7
-64
-157
-300
-428
-455
-359
-207
-82
-28
-51
-119
-184
-202
-157
-80
-3
58
80
66
38
14
28
69
72
30
5
25
26
-25
-42
-3
11
-14
-38
-33
-6
8
18
27
2
-27
-14
8
53
47
23
-9
-55
-51
-12
-3
2
17
26
30
2
-50
-66
-40
-26
-52
-85
-99
-96
-66
-19
35
112
187
224
229
207
161
113
83
90
157
272
370
375
256
81
-2
58
120
44
-116
-176
-59
107
178
128
17
-52
-53
-73
-174
-323
-411
-352
-190
-37
22
-39
-172
-296
-348
-310
-222
-140
-77
-17
33
53
50
52
71
80
52
16
15
31
22
-1
-14
-40
-77
-69
-14
25
30
40
53
23
-31
-42
34
20
7
18
23
3
-5
19
20
-19
-35
-15
7
4
-37
-54
-31
-64
-132
-124
-59
-18
2
62
169
253
292
338
373
318
185
66
20
57
161
265
285
226
136
12
-69
18
156
127
-35
-133
-72
57
103
35
-41
-18
57
44
-86
-247
-336
-294
-162
-36
14
-41
-177
-321
-407
-415
-362
-282
-194
-100
-20
31
60
71
77
79
57
20
-2
14
43
24
-26
-48
-31
7
19
-5
-14
3
23
17
-30
-61
23
33
30
9
-29
-56
-37
21
44
3
-30
-24
-21
-39
-64
-73
-60
-61
-90
-91
-37
20
71
176
318
402
411
407
412
388
300
158
12
-69
-32
101
223
219
63
-121
-148
-2
141
154
68
-17
-31
0
4
-32
-59
-23
50
60
-22
-129
-186
-143
-34
24
-13
-88
-172
-272
-380
-473
-503
-441
-335
-237
-142
-54
8
58
98
105
78
39
23
29
17
-5
-17
-30
-30
-13
-7
-10
3
29
32
3
-15
-5
-26
59
90
55
-7
-66
-58
2
38
37
4
-30
-28
-29
-62
-101
-112
-85
-59
-45
-8
53
142
278
421
510
511
421
311
251
205
118
13
-48
-25
64
126
78
-42
-138
-136
-8
144
186
117
17
-34
-34
-58
-109
-111
-35
67
119
91
7
-81
-103
-46
11
16
-14
-68
-158
-299
-469
-580
-560
-448
-334
-242
-147
-52
21
67
84
61
24
26
41
19
2
11
7
-1
0
-1
7
30
51
31
-36
-73
-37
2
9
11
1
-19
-42
-37
6
52
60
15
-34
-34
-29
-70
-112
-109
-76
-23
49
116
165
227
335
460
537
516
387
231
160
167
154
83
1
-39
-25
2
-15
-64
-78
-44
15
111
193
143
-5
-81
-56
-55
-105
-117
-73
-13
59
125
134
77
5
-42
-73
-88
-60
-10
-23
-159
-376
-555
-601
-518
-396
-303
-213
-115
-63
-42
11
72
84
59
47
51
38
18
9
1
-4
-12
-27
-30
-21
-9
3
6
1
-2
-9
-7
-5
-17
-43
-57
-5
68
57
-4
-32
-41
-67
-106
-119
-76
3
83
148
198
233
266
345
461
511
456
340
190
65
30
51
65
60
36
-3
-32
-43
-47
-37
-10
28
85
137
119
21
-74
-89
-43
-7
-17
-46
-45
-14
19
50
63
24
-57
-116
-104
-27
68
91
-36
-272
-479
-556
-506
-396
-289
-219
-195
-192
-174
-120
-24
58
62
43
52
38
6
-2
-8
-14
-9
-8
-12
-18
-13
3
0
-18
-2
-6
-9
-34
-42
-31
-22
2
42
44
-15
-64
-62
-64
-77
-42
35
117
215
307
336
320
307
319
376
432
380
191
-20
-95
-24
60
90
105
116
80
0
-47
-21
30
52
46
66
118
101
-15
-113
-113
-50
17
45
6
-61
-79
-48
-20
-22
-70
-143
-171
-115
-2
105
140
60
-114
-288
-371
-348
-292
-292
-340
-354
-315
-272
-220
-119
1
83
100
57
16
29
56
28
-36
-54
-19
23
37
-5
-47
-31
-14
-39
-9
5
-23
-31
-9
11
22
20
-15
-77
-101
-64
-38
-36
19
137
254
338
395
423
392
306
256
284
304
240
105
-35
-106
-83
-11
55
102
125
96
15
-51
-37
30
71
79
109
139
84
-50
-154
-135
-7
113
111
-11
-127
-126
-37
43
45
-64
-215
-256
-155
-24
75
137
103
-46
-198
-241
-188
-139
-164
-249
-343
-414
-457
-444
-327
-153
-32
28
70
82
64
32
-15
-43
-25
2
2
-15
-19
-9
-9
-12
-36
-40
-23
-18
-3
18
-5
-38
-29
-20
-50
-91
-106
-82
5
174
357
459
464
423
404
398
323
191
95
63
68
56
-8
-61
-36
34
84
97
96
96
62
-27
-67
21
125
152
144
111
26
-90
-184
-177
-36
113
103
-41
-129
-67
39
69
14
-91
-177
-167
-110
-100
-79
23
100
52
-44
-74
-50
-67
-157
-273
-370
-423
-441
-442
-404
-315
-177
-5
94
65
36
53
16
-47
-42
-9
-22
-53
-34
10
16
13
-20
-46
-40
-26
5
43
37
4
-21
-60
-112
-127
-90
-22
117
341
513
535
478
427
397
351
247
125
49
-3
-41
-1
93
125
77
16
-33
-79
-95
-19
101
105
14
-3
54
113
176
187
90
-49
-150
-169
-78
42
48
-49
-101
-51
26
70
63
-17
-123
-157
-127
-107
-95
-60
-17
20
52
56
19
-29
-75
-161
-298
-414
-475
-523
-548
-489
-330
-127
17
60
69
89
74
9
-33
-29
-28
-32
-23
-17
-23
-19
-29
-25
-12
-6
-1
-9
-21
-25
-41
-84
-134
-140
-69
73
293
542
666
604
466
356
290
234
156
82
38
-13
-67
-43
65
157
163
98
17
-51
-93
-57
32
30
-63
-82
-2
78
141
176
119
-8
-103
-111
-47
22
17
-56
-87
-3
108
114
18
-85
-124
-107
-105
-135
-131
-51
57
87
0
-97
-95
-27
19
-15
-146
-317
-463
-562
-590
-544
-432
-250
-58
60
98
89
49
-1
-24
-22
-22
-17
-8
-6
0
11
-20
-30
-12
25
38
2
-51
-76
-81
-95
-109
-97
-21
166
438
678
773
688
475
245
105
69
62
41
19
6
8
26
69
140
178
131
42
-42
-102
-64
59
73
-65
-149
-91
2
76
145
144
26
-93
-104
-55
-25
-24
-24
-7
24
63
90
64
-30
-130
-152
-95
-28
-6
-20
-26
-28
-60
-98
-100
-70
-18
27
0
-123
-310
-502
-628
-660
-585
-378
-130
19
79
104
93
66
34
-13
-55
-63
-37
-8
11
30
-7
-34
-35
-25
-29
-29
-33
-53
-84
-113
-101
-16
131
313
504
664
729
631
396
166
37
-15
-20
24
81
103
80
32
11
48
104
128
108
46
-34
-37
71
129
14
-164
-235
-147
27
159
152
28
-76
-90
-80
-84
-70
-40
-14
30
85
78
-2
-64
-48
4
20
-5
-18
-1
-2
-63
-152
-201
-187
-122
-24
56
60
-32
-202
-387
-517
-590
-613
-516
-294
-81
35
77
88
77
34
-17
-46
-51
-34
-7
23
52
-25
3
8
-1
-5
-30
-71
-98
-104
-77
1
120
241
352
488
637
697
578
331
106
-20
-46
-3
34
52
101
153
129
30
-53
-42
51
145
164
111
76
95
75
-37
-161
-196
-121
-22
-7
-58
-72
-34
-21
-68
-104
-71
-39
-46
3
107
118
17
-50
-15
42
35
-4
24
100
79
-79
-229
-245
-166
-84
-31
-13
-21
-46
-107
-216
-377
-558
-643
-562
-398
-235
-68
81
136
81
12
7
34
40
3
-53
-64
-20
-37
-10
14
28
13
-39
-86
-106
-82
4
108
198
314
459
572
608
540
365
166
48
24
52
84
87
85
105
118
86
8
-67
-77
-34
1
27
86
159
179
125
24
-80
-136
-128
-92
-73
-77
-77
-51
-14
-22
-85
-129
-124
-104
-34
110
191
111
-1
-12
41
86
96
77
54
-6
-123
-197
-168
-113
-84
-58
-40
-36
-29
-62
-180
-336
-463
-531
-531
-482
-394
-242
-50
87
108
52
0
-19
-20
-12
1
17
23
25
2
-16
-32
-21
12
-17
-90
-74
83
274
391
455
495
500
485
415
249
81
19
52
112
135
102
64
86
151
144
4
-163
-225
-174
-73
13
44
58
105
137
93
22
10
33
-9
-116
-172
-129
-63
-26
-17
-51
-112
-154
-149
-65
68
130
100
90
127
150
148
125
77
7
-83
-149
-157
-138
-101
-57
-75
-135
-117
-27
16
-28
-140
-305
-470
-569
-585
-532
-402
-190
14
84
45
28
49
36
-4
-30
-31
-2
22
-11
-30
-8
4
-44
-90
-41
95
262
421
532
572
545
466
360
236
89
-29
-45
22
105
166
178
134
83
86
108
50
-92
-217
-241
-167
-77
-35
2
78
126
92
36
30
60
55
-16
-94
-101
-47
-14
-33
-66
-103
-147
-146
-52
89
160
127
92
114
142
143
121
74
10
-70
-157
-199
-179
-151
-142
-124
-75
-4
46
35
-22
-91
-181
-311
-453
-567
-628
-582
-383
-119
35
37
0
14
52
29
-44
-60
-10
-14
-12
-14
-2
-10
-55
-84
-44
133
408
592
599
538
489
398
243
86
-24
-57
-3
88
137
131
126
138
138
124
88
5
-97
-162
-174
-154
-132
-112
-70
3
83
130
119
64
0
-46
-58
-40
-14
8
23
9
-47
-101
-119
-118
-72
50
153
142
85
77
106
107
39
-50
-72
-49
-63
-94
-92
-90
-103
-86
-54
-52
-49
-26
-16
-19
-50
-153
-313
-491
-640
-671
-541
-321
-127
-4
64
72
39
12
-6
-18
-9
-8
11
36
17
-26
-55
-62
19
271
576
709
643
526
430
296
119
-7
-42
-28
7
62
102
95
78
92
121
134
123
83
6
-78
-116
-115
-131
-163
-148
-68
19
61
69
78
75
31
-12
-14
-5
3
-3
-51
-94
-100
-104
-102
-71
-14
52
104
126
107
69
39
-4
-56
-75
-57
-28
-19
-37
-41
-32
-68
-120
-112
-71
-46
-8
58
78
-17
-201
-419
-612
-703
-655
-458
-188
-21
23
55
65
14
-45
-47
7
-3
-1
36
10
-82
-161
-127
116
481
725
759
664
495
297
116
-20
-55
-5
26
33
72
104
82
47
46
56
43
46
94
109
36
-42
-51
-45
-86
-147
-151
-52
82
132
79
-11
-71
-50
32
71
14
-70
-107
-106
-91
-59
-33
-36
-28
18
55
47
10
-24
-15
30
29
-35
-69
-43
-22
-17
8
23
-14
-56
-58
-62
-95
-115
-67
38
79
-39
-269
-510
-676
-701
-570
-341
-114
36
71
15
-30
-24
-12
2
-23
-30
3
3
-67
-136
-81
172
542
802
828
676
434
185
-2
-84
-56
22
81
114
136
110
16
-68
-69
-26
-10
-5
37
85
85
73
98
111
61
-27
-95
-83
-4
34
-24
-92
-71
1
26
8
-9
-41
-79
-67
-11
28
21
-11
-9
32
18
-68
-123
-98
-27
25
-3
-67
-67
-10
43
75
81
64
27
-51
-152
-194
-156
-112
-70
26
112
61
-132
-383
-601
-714
-688
-498
-206
9
74
66
27
-27
-40
1
-16
-18
9
23
-53
-165
-100
239
659
866
804
589
309
76
-41
-75
-46
28
100
156
193
177
80
-67
-174
-185
-124
-30
48
55
36
88
164
141
41
-27
-39
-22
9
15
-29
-77
-67
-3
48
43
1
-45
-83
-89
-26
59
79
51
34
20
-28
-96
-129
-114
-79
-41
-5
16
8
-1
38
119
179
141
-9
-155
-189
-157
-138
-128
-87
-12
37
5
-116
-308
-507
-648
-699
-586
-308
-51
51
39
-17
-56
-27
44
-5
-59
-20
15
-60
-156
-55
318
724
878
767
533
272
52
-49
-18
44
53
54
114
193
194
82
-88
-224
-264
-193
-53
52
72
75
107
115
67
15
4
27
49
35
-9
-64
-105
-63
48
96
49
-4
-28
-48
-55
-19
33
36
-2
-3
36
31
-37
-98
-110
-83
-28
25
42
47
62
68
75
98
93
9
-120
-199
-186
-122
-84
-106
-114
-47
9
-53
-227
-447
-648
-752
-664
-382
-75
72
47
-14
-18
12
45
-13
-43
0
2
-91
-139
41
415
736
827
715
485
215
31
22
111
152
127
101
93
107
125
75
-61
-204
-281
-268
-175
-43
72
120
99
66
69
79
25
-66
-86
-34
7
11
5
30
85
108
82
49
16
-25
-45
-21
17
12
-29
-29
18
34
5
-15
-9
2
3
-11
-23
-2
39
61
70
67
7
-100
-166
-150
-105
-85
-94
-126
-143
-81
1
-45
-235
-455
-613
-686
-646
-446
-163
31
74
27
-22
-17
27
17
12
19
-31
-128
-102
145
470
696
754
642
407
159
32
52
100
90
82
121
145
145
152
109
-10
-141
-239
-279
-235
-119
10
86
89
50
13
0
5
9
-6
-30
-33
-15
0
12
48
114
173
165
61
-57
-67
11
35
-46
-112
-71
2
26
36
65
62
14
-4
21
34
27
5
-29
-35
-1
14
-44
-141
-189
-147
-60
-29
-86
-122
-63
10
-10
-164
-412
-621
-701
-672
-523
-263
-32
60
44
11
17
43
29
24
12
-39
-82
15
279
573
754
765
617
373
140
17
14
50
54
47
68
97
127
161
155
79
-49
-177
-231
-188
-109
-41
38
103
60
-62
-110
-54
-12
-29
-34
1
31
27
-6
-35
-11
76
159
157
86
11
-47
-70
-56
-46
-54
-65
-64
-28
31
63
60
47
24
-2
-7
-2
-14
-26
-16
-14
-41
-67
-72
-67
-55
-37
-32
-45
-52
-35
-21
-103
-331
-568
-661
-641
-541
-324
-94
5
17
15
-6
-9
-15
-25
-5
-8
25
175
415
636
713
626
454
258
87
2
22
100
144
97
14
-16
25
107
186
187
56
-133
-230
-206
-160
-110
5
103
35
-103
-89
21
23
-37
-5
80
106
59
-14
-51
-24
24
30
-20
-58
-25
31
50
28
-28
-94
-127
-101
-35
20
50
77
79
22
-49
-68
-44
-24
-27
-31
-9
17
11
-11
-10
16
26
-20
-102
-135
-74
5
-18
-177
-384
-549
-655
-653
-489
-262
-115
-40
12
29
28
-21
-31
-17
7
88
311
603
761
723
578
372
120
-67
-85
2
83
112
67
-6
-31
-5
72
200
266
149
-80
-228
-221
-148
-71
27
74
-41
-197
-159
25
120
96
84
108
97
26
-56
-83
-57
-31
-14
8
21
-5
-73
-104
-41
25
-3
-80
-98
-24
62
79
48
16
-20
-58
-70
-52
-23
2
2
-24
-31
9
65
87
55
-8
-66
-105
-114
-70
6
30
-64
-257
-481
-656
-694
-569
-343
-113
22
40
11
-17
-17
-16
0
68
217
472
720
766
617
411
198
12
-53
4
69
93
95
68
8
-56
-85
-31
118
258
249
82
-112
-209
-202
-143
-55
-10
-129
-318
-302
-44
212
287
224
149
104
52
-30
-114
-147
-99
-11
35
30
26
21
-4
-11
13
9
-51
-102
-70
22
78
49
-24
-84
-104
-75
-20
19
20
-3
0
42
70
68
65
46
-11
-71
-104
-124
-119
-55
17
1
-117
-306
-526
-682
-687
-526
-269
-71
-9
-9
-15
-53
-40
24
127
309
563
770
788
573
255
15
-81
-62
15
108
198
242
182
19
-155
-227
-155
24
222
322
248
43
-158
-253
-243
-166
-106
-202
-379
-344
-40
272
372
282
164
113
88
20
-75
-125
-98
-31
7
-3
-14
-5
10
29
36
23
11
-2
-20
-25
-25
-40
-54
-52
-52
-62
-74
-76
-53
-19
19
89
178
221
163
10
-143
-208
-208
-186
-129
-35
67
122
31
-232
-513
-661
-669
-547
-319
-103
-3
-1
-16
-39
-50
-5
137
387
688
877
804
516
184
-66
-156
-88
19
95
178
247
234
131
-41
-214
-269
-155
64
259
294
140
-60
-169
-209
-233
-259
-331
-406
-318
-17
320
475
383
156
-7
-2
56
18
-50
-13
65
64
11
-32
-39
-6
6
-32
-39
11
41
14
-62
-136
-99
30
68
-39
-131
-97
-1
61
79
94
131
174
155
44
-74
-151
-223
-254
-198
-118
-65
8
107
93
-131
-428
-611
-657
-583
-394
-197
-83
-34
-21
-49
-42
20
168
409
692
863
752
423
115
-40
-55
-5
31
58
133
234
264
170
-10
-200
-318
-288
-96
159
309
261
72
-123
-227
-249
-260
-296
-317
-238
-16
251
378
301
131
19
13
18
-29
-25
83
135
47
-34
-31
-12
-8
-31
-81
-84
-9
52
10
-140
-281
-208
76
274
210
43
-37
-29
11
80
139
114
46
22
8
-57
-141
-181
-167
-140
-120
-75
10
69
11
-159
-358
-550
-705
-688
-438
-159
-48
-42
-22
-29
-32
21
154
426
754
886
697
346
83
11
68
121
80
15
60
193
274
217
28
-204
-354
-346
-174
83
282
316
171
-50
-195
-236
-242
-219
-156
-84
13
131
166
92
18
26
81
76
4
-4
78
108
26
-85
-137
-86
5
23
-14
-16
23
38
-30
-217
-434
-400
-16
365
403
215
83
51
47
70
102
102
70
-9
-131
-207
-187
-123
-64
-34
-52
-83
-57
15
19
-121
-344
-542
-678
-708
-529
-207
-3
-3
-40
12
-26
-8
119
426
777
867
653
360
150
62
71
90
65
48
100
185
224
176
40
-137
-291
-357
-263
-35
200
325
257
31
-172
-245
-234
-162
-40
36
26
10
43
84
62
2
1
47
60
69
115
106
-4
-100
-118
-98
-61
-25
-5
11
12
-34
-145
-335
-516
-441
-32
385
470
303
168
134
122
119
110
46
-44
-99
-128
-151
-142
-81
-5
19
-36
-118
-132
-64
-28
-115
-301
-529
-719
-721
-477
-176
-23
-6
-19
12
-38
-40
97
404
730
819
645
415
231
110
77
69
41
34
62
120
192
214
137
-20
-196
-312
-296
-155
36
202
246
112
-96
-216
-207
-120
-6
75
82
33
-11
2
34
26
19
56
105
143
142
62
-40
-89
-117
-140
-109
-35
20
36
17
-51
-184
-379
-535
-447
-59
363
497
354
194
139
129
109
55
-34
-109
-135
-127
-102
-67
-22
22
23
-25
-60
-51
-52
-111
-205
-332
-545
-756
-712
-396
-124
-51
-41
-12
0
-45
-52
69
361
701
829
691
471
265
118
89
100
59
5
-10
25
110
199
208
103
-75
-242
-298
-211
-37
144
224
125
-66
-166
-128
-48
12
58
93
66
-43
-110
-47
51
103
134
139
81
-8
-58
-46
-25
-74
-150
-133
-44
24
49
15
-80
-190
-302
-396
-350
-77
279
454
385
244
151
77
1
-57
-115
-171
-161
-87
-36
-24
10
56
50
-1
-38
-32
-14
-59
-211
-427
-626
-732
-661
-418
-164
-39
-18
-8
8
-30
-39
67
354
708
865
756
519
261
66
-5
5
30
52
53
19
-2
49
141
178
80
-117
-245
-200
-32
145
197
75
-84
-115
-36
22
4
-39
-42
-14
-5
-7
9
30
67
122
88
-62
-164
-135
-29
93
123
26
-52
-15
51
37
-63
-167
-201
-198
-227
-228
-78
172
330
320
218
110
19
-78
-173
-208
-167
-103
-37
46
100
80
33
3
-37
-93
-95
-19
6
-148
-420
-654
-749
-660
-430
-200
-69
-14
18
20
-30
-36
104
395
694
841
783
554
251
18
-68
-60
-31
2
24
22
26
67
122
149
134
66
-36
-105
-102
-33
54
79
29
-8
21
37
-43
-154
-167
-93
-56
-60
-2
111
188
173
16
-224
-327
-200
27
197
212
108
43
62
56
-23
-111
-142
-112
-88
-117
-122
-17
136
221
200
93
-39
-115
-117
-96
-88
-77
-35
29
63
34
-10
-15
-12
-37
-50
-5
58
34
-139
-413
-658
-747
-649
-451
-266
-135
-46
5
-24
-62
-2
216
483
666
750
727
541
240
7
-68
-50
11
76
70
-9
-71
-42
61
147
149
80
-1
-46
-58
-59
-49
-24
16
68
94
25
-105
-144
-76
-45
-67
-20
92
133
87
31
-112
-379
-525
-368
1
363
456
269
106
88
68
-4
-63
-89
-101
-113
-118
-77
36
162
210
166
62
-73
-166
-156
-100
-61
1
104
163
105
-25
-122
-137
-100
-60
-27
19
66
42
-107
-351
-596
-711
-649
-505
-348
-178
-32
31
-25
-37
45
247
547
794
855
731
459
141
-61
-94
-43
22
96
133
74
-36
-115
-122
-33
95
130
69
37
31
-42
-115
-83
-9
41
83
82
19
-28
-32
-58
-95
-64
4
13
-12
-17
-133
-408
-550
-359
29
376
478
355
216
113
-1
-71
-62
-30
-20
-31
-53
-56
11
129
194
138
-11
-164
-226
-165
-24
120
177
129
72
47
-16
-119
-179
-179
-158
-106
1
108
112
-28
-262
-498
-661
-732
-669
-420
-127
6
7
-35
-36
32
221
563
871
910
694
363
41
-138
-127
-28
70
164
226
191
57
-89
-152
-104
1
59
21
-47
-69
-49
-29
-29
-16
48
117
121
72
17
-49
-131
-147
-53
36
21
-30
-55
-159
-365
-460
-336
-91
182
372
392
285
117
-34
-61
20
75
43
-13
-27
-5
33
90
130
73
-86
-217
-191
-42
89
145
177
195
141
4
-145
-228
-234
-205
-175
-131
-32
91
134
44
-153
-391
-597
-723
-707
-502
-214
-19
37
16
10
39
223
545
825
898
698
325
17
-86
-41
28
59
99
198
260
149
-65
-168
-116
-61
-79
-94
-44
33
66
23
-56
-71
10
82
68
33
36
16
-55
-75
-8
25
-47
-136
-160
-167
-216
-268
-255
-138
73
274
354
302
138
-67
-138
-23
103
117
82
60
30
-6
-7
18
-5
-102
-173
-114
41
161
170
132
119
85
-16
-140
-221
-218
-144
-87
-100
-101
-28
34
14
-76
-262
-540
-751
-724
-486
-220
-46
37
7
7
30
220
564
851
892
670
329
57
-23
50
108
99
110
138
119
63
4
-31
-46
-98
-177
-189
-108
-1
72
99
78
16
-31
-35
-32
2
80
86
-8
-52
-2
12
-65
-144
-152
-133
-170
-233
-201
-52
101
178
203
180
67
-59
-37
109
174
82
-25
-34
-1
-7
-35
-40
-39
-60
-65
-15
64
135
176
156
71
-19
-74
-124
-163
-138
-67
-43
-93
-127
-95
-46
-30
-90
-271
-552
-773
-727
-436
-163
-53
-21
-15
-8
26
182
496
803
868
638
293
69
41
96
105
69
64
101
126
98
31
-9
-16
-64
-140
-157
-97
14
131
168
88
-34
-96
-87
-66
-30
48
107
83
-5
-87
-109
-100
-117
-142
-126
-83
-45
6
63
72
46
51
63
3
-76
-36
97
148
68
-17
-36
-40
-56
-59
-43
-24
-8
21
67
97
83
50
43
44
-3
-94
-163
-151
-72
-17
-40
-79
-75
-65
-69
-65
-106
-276
-556
-772
-714
-423
-168
-67
-26
33
25
28
152
470
817
885
634
315
114
59
90
109
88
56
28
18
22
37
75
76
-25
-154
-186
-91
52
126
101
58
47
32
-16
-72
-89
-52
10
48
11
-66
-75
-28
-28
-83
-136
-137
-51
63
93
45
7
7
21
22
18
60
125
100
-20
-101
-88
-62
-66
-57
-24
1
23
58
80
74
40
-34
-90
-63
-23
-41
-68
-53
-14
1
-28
-60
-67
-83
-108
-94
-82
-218
-545
-814
-729
-389
-115
-1
23
4
-28
-61
58
361
722
875
694
394
200
134
127
106
58
20
-1
0
38
75
65
9
-50
-54
-17
-2
16
72
71
-1
5
64
13
-103
-141
-98
-20
67
95
33
-43
-81
-99
-84
-40
-24
-22
16
59
50
-13
-62
-25
50
61
33
31
13
-42
-65
-54
-81
-126
-106
-37
9
38
82
101
51
-29
-71
-59
-27
-12
-15
-10
8
20
15
-12
-65
-128
-161
-140
-106
-143
-308
-569
-735
-620
-348
-152
-49
-1
-16
6
-5
44
279
625
812
692
438
276
210
155
105
62
-2
-54
-34
33
84
93
56
11
7
6
-34
-55
-20
24
50
67
61
20
-28
-60
-72
-47
-3
-4
-38
-37
-48
-119
-118
18
114
73
22
31
18
-42
-65
-8
60
57
-12
-72
-58
-1
10
-41
-87
-85
-66
-54
-18
41
69
48
-8
-75
-92
-43
10
36
41
20
-6
-5
8
6
-22
-84
-143
-162
-194
-282
-414
-588
-685
-530
-231
-53
-24
-21
-37
-30
-21
27
198
490
739
782
644
438
258
151
64
-40
-94
-56
35
116
140
108
56
28
43
54
17
-44
-91
-96
-47
25
79
93
56
-21
-90
-100
-75
-79
-95
-81
-75
-76
5
134
167
89
-17
-79
-43
34
40
0
-9
-9
-30
-47
-49
-40
-12
10
-11
-39
-42
-52
-57
-37
-13
21
30
-25
-62
-18
53
86
54
-21
-64
-45
-18
-11
-18
-47
-82
-133
-251
-411
-551
-652
-637
-439
-193
-53
0
7
-19
-36
-49
-18
115
412
705
776
709
595
370
110
-30
-47
-20
7
32
82
132
94
-6
-35
20
47
-1
-65
-92
-85
-53
10
78
100
70
9
-71
-128
-127
-90
-49
-39
-74
-71
48
183
182
57
-89
-162
-103
11
60
61
63
34
-37
-93
-85
-16
62
89
56
2
-40
-73
-108
-121
-72
25
80
46
3
22
69
73
3
-91
-127
-90
-41
-26
-32
-40
-46
-87
-245
-501
-700
-721
-555
-308
-142
-77
-21
15
9
-5
-29
-9
81
309
630
829
819
658
382
90
-72
-77
-13
48
102
136
107
40
8
24
57
54
-27
-115
-100
-8
43
31
36
68
61
2
-77
-149
-172
-112
-22
-6
-58
-56
50
157
144
17
-121
-183
-153
-75
11
90
128
93
0
-93
-105
-15
83
88
13
-41
-33
-31
-66
-81
-29
54
72
30
32
77
89
49
-26
-107
-156
-147
-91
-36
-15
-16
-24
-94
-296
-561
-735
-730
-542
-270
-74
-13
-12
-6
12
13
2
2
41
203
541
876
953
723
336
1
-147
-124
-34
59
122
126
99
86
94
112
127
97
-19
-150
-159
-34
67
41
3
38
43
-23
-80
-112
-133
-115
-82
-77
-58
8
71
80
44
0
-55
-120
-123
-30
78
112
79
48
27
-31
-95
-86
-11
44
31
2
3
-6
-40
-48
0
60
57
27
61
104
59
-40
-116
-149
-157
-152
-107
-22
24
24
36
-23
-257
-588
-833
-826
-558
-245
-89
-54
-13
34
3
9
-12
-14
24
190
504
823
965
785
353
-16
-121
-44
53
91
61
3
-1
66
136
178
171
72
-68
-138
-100
7
102
112
45
-36
-78
-51
2
-19
-108
-161
-157
-120
-37
35
10
-65
-66
20
59
-18
-83
-16
111
156
111
69
28
-61
-128
-99
-32
-8
-15
-2
23
15
-27
-49
-1
90
115
27
-63
-69
-40
-5
37
21
-77
-159
-139
-60
-10
22
53
-26
-282
-624
-876
-834
-484
-132
-28
-53
-22
22
32
28
-27
-27
29
174
462
801
954
756
360
63
-39
-23
35
78
52
-26
-56
22
162
253
191
-2
-155
-140
-16
84
112
80
-18
-141
-168
-52
83
84
-40
-149
-157
-87
-11
-27
-167
-275
-172
66
198
126
-13
-31
82
175
167
104
10
-96
-123
-50
13
-5
-43
-13
47
44
12
15
24
-8
-85
-131
-72
23
47
21
16
21
-2
-31
-43
-63
-77
-42
-14
-87
-273
-545
-812
-866
-618
-275
-66
2
14
5
50
48
-20
-64
-25
93
373
784
999
807
414
115
5
33
75
36
-30
-28
29
112
214
244
122
-74
-193
-167
-36
123
196
84
-115
-199
-136
-16
93
107
-20
-173
-191
-83
-3
-78
-308
-487
-349
50
350
340
176
115
175
195
117
20
-37
-59
-58
-37
-11
-7
-20
-13
0
-17
-29
-4
21
9
-42
-99
-104
-49
6
32
43
35
26
45
42
-36
-113
-101
-71
-137
-320
-595
-830
-794
-489
-190
-48
-12
-14
-7
17
18
-13
-31
-3
72
286
665
943
857
508
187
54
59
70
39
9
14
53
120
177
151
29
-118
-202
-161
-14
153
238
132
-122
-291
-242
-38
189
270
124
-115
-253
-220
-114
-133
-333
-490
-350
50
415
508
368
193
115
129
114
-3
-121
-136
-64
19
36
-2
-18
3
28
24
-21
-59
-47
-18
-27
-76
-116
-100
-28
39
44
10
-5
9
4
-56
-107
-71
-23
-103
-342
-660
-870
-776
-442
-144
-20
-4
-10
-16
14
2
-28
-48
-41
20
176
506
864
893
591
281
110
41
44
77
74
34
26
61
81
85
70
-37
-176
-158
31
226
276
110
-176
-355
-300
-69
192
322
217
-42
-239
-267
-204
-192
-290
-389
-309
5
358
470
362
257
193
116
22
-95
-175
-125
22
116
81
11
2
26
36
23
-22
-68
-69
-52
-61
-90
-101
-69
-24
-1
12
25
18
-8
-27
-47
-83
-110
-121
-180
-377
-683
-857
-691
-327
-70
-6
-24
-31
-15
20
32
-24
-55
-14
52
145
362
684
847
694
396
181
116
116
86
42
23
18
19
30
48
47
-10
-89
-94
17
192
296
199
-61
-300
-359
-201
77
291
276
47
-182
-260
-244
-223
-226
-262
-237
-13
303
443
384
283
171
28
-103
-175
-152
-21
138
171
56
-48
-47
10
54
44
-13
-73
-105
-93
-47
-23
-53
-92
-86
-42
-8
5
22
27
-3
-43
-80
-128
-184
-280
-495
-760
-807
-540
-221
-71
-25
6
9
-1
0
45
2
-41
-3
51
103
236
494
732
729
500
277
206
216
169
44
-68
-89
-41
11
62
98
31
-105
-104
75
251
299
179
-81
-330
-405
-246
67
337
382
187
-81
-248
-279
-243
-208
-187
-137
12
229
352
306
187
74
-59
-193
-214
-88
89
200
161
10
-89
-62
25
101
109
31
-81
-155
-133
-30
44
4
-94
-121
-63
-23
-22
16
67
25
-88
-156
-165
-211
-365
-599
-774
-713
-432
-170
-60
-20
9
2
-24
-22
7
5
-3
25
48
28
104
356
605
684
602
460
368
325
232
60
-108
-181
-144
-36
78
111
43
-26
15
161
302
315
148
-115
-318
-364
-238
-6
208
293
181
-69
-250
-260
-208
-160
-74
33
125
209
232
151
58
-3
-111
-227
-205
-37
145
225
158
-10
-127
-86
45
151
171
72
-94
-192
-158
-52
25
10
-61
-94
-66
-28
2
47
74
10
-127
-233
-273
-336
-472
-603
-644
-552
-336
-107
7
-2
-34
-29
-20
24
20
-33
-60
-21
29
14
22
172
399
599
700
657
550
428
227
-10
-153
-171
-109
-14
67
95
65
48
118
223
266
216
86
-92
-268
-349
-264
-60
168
307
229
-40
-266
-279
-192
-141
-57
91
212
247
179
59
-33
-108
-183
-195
-98
73
222
244
103
-112
-218
-122
65
192
201
86
-91
-195
-164
-68
1
-8
-68
-88
-51
-15
24
80
86
10
-115
-267
-411
-532
-638
-678
-593
-400
-184
-37
13
7
-2
-6
-20
36
18
-38
-48
10
58
41
-8
17
186
465
709
758
650
503
288
11
-156
-115
13
87
97
61
-3
-19
59
191
285
241
76
-112
-282
-355
-233
16
235
314
194
-75
-302
-332
-238
-156
-49
132
276
268
148
24
-86
-195
-230
-130
49
204
267
200
8
-200
-258
-123
77
197
185
75
-59
-135
-115
-53
-19
-31
-59
-50
-14
-4
1
30
35
-14
-132
-344
-573
-700
-699
-595
-415
-210
-56
5
11
15
9
-28
-56
-14
-31
-1
17
13
6
-13
-31
-5
100
327
632
826
797
603
334
95
-1
35
78
60
1
-55
-64
-22
50
142
202
160
40
-92
-218
-280
-185
26
207
266
184
-10
-212
-277
-198
-99
15
168
235
163
50
-49
-133
-189
-185
-66
130
252
233
111
-66
-213
-232
-111
56
159
159
79
-24
-77
-64
-49
-61
-48
7
39
18
-8
-25
-53
-68
-86
-211
-469
-716
-794
-683
-465
-242
-100
-42
11
69
50
-35
-74
-34
23
7
-7
4
15
13
-23
-39
3
54
194
475
701
734
617
417
224
114
94
105
51
-51
-69
13
72
51
18
31
65
78
26
-117
-236
-170
40
222
287
219
4
-261
-353
-237
-89
41
165
205
162
87
-49
-215
-276
-166
39
192
222
185
106
-51
-219
-251
-116
56
137
116
38
-50
-80
-27
21
0
-29
-12
21
25
2
-19
-36
-59
-110
-261
-535
-794
-859
-682
-378
-144
-68
-52
7
72
59
-5
-32
-18
-1
17
19
14
6
27
40
-15
-70
-36
119
388
664
792
707
491
277
125
58
53
32
10
48
86
47
-17
-20
18
36
42
22
-71
-145
-70
98
218
221
105
-76
-219
-239
-166
-80
37
188
255
186
45
-133
-290
-293
-111
108
209
200
173
105
-67
-243
-250
-84
72
89
19
-53
-90
-54
39
92
59
0
-16
3
1
-28
-58
-86
-99
-136
-326
-667
-902
-814
-496
-197
-58
-36
-29
-17
8
56
55
-15
-61
-23
26
35
-2
-20
1
15
-18
-47
-31
40
225
483
644
651
581
476
342
194
48
-34
2
76
59
-48
-120
-82
-7
40
98
116
-4
-127
-58
134
249
217
94
-67
-217
-258
-162
-37
70
197
265
182
12
-174
-320
-293
-87
108
186
190
148
42
-125
-255
-218
-68
14
-2
-26
-27
-25
-7
76
174
150
17
-69
-60
-43
-59
-85
-106
-125
-220
-467
-752
-844
-660
-358
-139
-55
-43
-33
-4
32
52
32
-8
-24
-6
33
42
-11
-32
-1
-9
-16
26
25
5
115
335
518
603
588
493
387
280
143
62
101
140
55
-100
-176
-117
-11
54
79
58
-16
-52
12
94
112
88
61
-11
-152
-220
-104
57
128
161
172
109
-7
-151
-275
-247
-64
102
151
115
52
-11
-65
-84
-52
3
26
-9
-71
-116
-110
-36
79
163
137
12
-86
-77
-22
-11
-55
-110
-189
-371
-627
-785
-732
-515
-254
-62
2
-15
-18
14
33
10
-27
-33
-8
0
44
51
-20
-67
-33
-12
-13
10
13
4
54
170
335
521
647
650
531
338
176
143
206
215
75
-129
-222
-142
11
103
79
-10
-60
-23
39
55
43
30
7
-31
-88
-109
-32
76
148
191
166
59
-71
-203
-288
-222
-42
97
128
74
-6
-39
-39
-59
-63
-37
-32
-33
2
55
63
13
7
79
100
11
-88
-103
-57
-63
-165
-272
-353
-488
-647
-685
-546
-307
-107
-34
-44
-41
-9
-9
-27
0
23
-4
-23
-21
50
72
30
-15
-26
-13
-16
-19
7
26
29
54
134
304
526
663
603
381
191
191
302
313
149
-45
-86
19
91
30
-79
-125
-85
-5
35
15
5
24
21
-23
-84
-83
12
78
50
24
43
49
-5
-104
-143
-59
31
39
23
-5
-60
-90
-81
-59
-2
83
102
39
-1
19
39
24
6
25
51
26
-47
-118
-167
-242
-355
-429
-466
-542
-597
-506
-293
-96
-9
-16
-40
-39
-35
-44
-25
34
59
21
-11
-20
41
70
24
-42
-60
-38
-15
8
24
11
-4
12
69
199
379
515
559
523
455
420
408
321
123
-64
-90
22
96
26
-111
-152
-31
107
70
-95
-173
-94
22
44
-25
-34
77
142
80
25
31
19
-43
-115
-115
-20
46
8
-49
-85
-120
-98
3
103
138
90
-5
-51
9
118
139
19
-116
-133
-51
23
14
-95
-271
-427
-484
-465
-470
-514
-479
-312
-131
-46
-34
-32
-21
-20
-34
-20
23
29
-2
-12
5
-13
23
36
-26
-68
-50
-36
-2
45
26
-6
13
22
5
41
177
346
443
475
500
512
488
402
238
65
-14
6
35
8
-47
-38
65
123
2
-181
-212
-89
25
39
-2
3
81
117
35
-59
-75
-55
-42
-38
-19
35
64
14
-59
-92
-83
-45
6
59
108
116
53
-17
3
82
82
-31
-128
-110
-33
4
-32
-173
-421
-615
-609
-510
-470
-424
-270
-99
-32
-29
-15
-7
-25
-29
-4
11
-2
-25
-31
-5
29
7
-14
-26
-22
-29
-42
-14
24
24
2
-18
-24
-25
-25
13
98
191
273
371
517
655
653
485
280
141
63
19
-10
-44
-48
46
176
152
-53
-195
-105
68
108
5
-105
-101
15
92
15
-112
-135
-70
-12
13
42
91
103
26
-96
-161
-113
-17
30
54
102
102
28
-14
19
54
29
-56
-140
-133
-33
21
-93
-345
-606
-726
-641
-456
-301
-182
-82
-27
-2
6
-16
-31
-26
-27
-23
-13
-3
12
16
9
1
-28
-12
24
35
4
-26
-33
-32
-9
19
11
-10
-14
-13
-16
-13
18
99
243
444
635
696
576
372
220
156
124
65
-2
5
91
143
77
-51
-115
-75
0
33
-7
-72
-58
29
42
-48
-91
-35
15
-1
-26
17
88
76
7
-24
-32
-48
-53
-21
57
101
37
-44
-35
22
38
4
-52
-123
-152
-97
-77
-230
-519
-767
-798
-588
-302
-117
-56
-46
-36
-19
-8
-2
7
5
-8
-14
-14
-3
17
15
-6
-10
-17
-19
9
14
-15
-50
-67
-9
78
63
-23
-70
-58
-19
5
14
26
40
101
264
499
679
675
499
285
153
122
105
59
66
136
146
55
-40
-57
-4
64
72
-27
-136
-93
51
75
-50
-130
-70
32
78
59
3
-30
5
45
9
-46
-25
25
14
-31
-40
-18
-11
-17
-6
12
7
-35
-99
-141
-167
-250
-408
-589
-719
-683
-451
-183
-36
-7
-16
-13
-5
-12
-20
-11
6
12
-2
-18
-8
21
30
12
5
4
1
-9
-4
14
22
16
18
5
-47
-72
-36
8
26
20
19
28
6
-5
105
334
541
603
540
435
311
180
96
87
127
179
195
119
-19
-88
-29
71
97
-1
-133
-128
-4
49
0
-18
25
66
95
79
-26
-111
-62
20
7
-33
-1
46
26
-35
-72
-60
-23
-7
-30
-63
-85
-111
-144
-183
-259
-384
-512
-591
-587
-469
-268
-95
-19
-5
-1
10
25
8
-45
-59
-14
22
14
-10
-15
-4
1
-8
-22
-2
31
32
15
-28
-55
-20
6
-2
-6
-18
-15
29
52
12
-35
-34
-21
-19
34
177
357
456
438
406
388
308
191
137
158
200
226
179
36
-70
-20
89
100
-5
-110
-94
5
55
42
38
66
74
12
-61
-82
-67
-10
51
32
-28
-45
-23
7
14
-25
-51
-12
2
-93
-226
-280
-241
-205
-236
-303
-380
-472
-519
-421
-226
-90
-51
-44
-33
-19
8
42
28
-29
-46
-12
17
19
8
-3
-13
-9
7
0
9
18
37
26
-23
-68
-61
1
67
79
26
-32
-27
4
-5
-13
10
8
-21
-12
81
242
366
378
334
303
285
258
233
242
267
267
219
112
19
29
76
47
-31
-52
10
73
68
17
-16
0
22
1
-41
-70
-62
5
70
52
-13
-48
-39
-22
-34
-52
-34
-28
-118
-274
-372
-348
-261
-208
-220
-287
-386
-433
-358
-200
-54
6
-16
-46
-55
-55
-18
32
31
7
-4
-10
-2
15
22
12
-14
-35
-33
-18
20
-7
-6
-8
-6
3
-20
-37
-28
-21
6
31
16
-11
-24
-2
31
10
-45
-66
-30
55
172
289
342
293
211
191
244
326
378
360
291
204
110
21
-40
-44
13
90
126
89
18
-21
-10
21
42
52
34
-41
-102
-61
16
44
28
-19
-57
-57
-56
-69
-103
-200
-352
-464
-442
-317
-216
-189
-200
-248
-315
-296
-169
-57
-14
7
15
-4
-40
-57
-25
13
11
3
9
1
-12
-4
13
18
1
-24
-24
0
-4
-3
-5
6
10
-3
-32
-51
-13
39
36
2
-20
-16
5
15
21
28
13
-8
-4
27
58
77
118
169
178
167
198
294
413
458
389
270
157
73
41
44
62
97
114
93
60
17
-23
-18
9
0
-37
-55
-35
0
18
3
-53
-110
-96
-46
-59
-121
-181
-277
-421
-513
-466
-324
-211
-187
-199
-170
-77
11
18
-9
-14
-10
-1
-15
-53
-46
-1
22
11
-14
-10
10
-4
-22
-8
14
10
-20
-37
-27
-9
-17
-19
-17
-14
-9
-21
-52
-26
42
54
25
-5
-37
-40
-12
9
13
4
-19
-35
-6
41
40
14
10
23
77
191
316
391
390
351
324
284
195
91
48
93
122
49
-4
61
115
76
26
12
25
45
27
-46
-136
-174
-130
-78
-85
-112
-115
-107
-119
-186
-326
-485
-536
-417
-224
-92
-56
-58
-45
-13
19
22
-5
-16
3
0
-37
-49
-22
5
11
-5
-18
-5
9
5
8
24
24
3
-19
-31
-19
0
-7
9
9
2
12
5
-6
12
32
30
15
-2
-16
-10
26
36
-18
-80
-93
-43
26
60
68
32
-32
-20
36
59
127
258
342
337
295
260
207
123
67
57
42
12
25
101
164
160
107
33
-1
19
-11
-116
-190
-182
-136
-111
-109
-88
-69
-104
-179
-257
-328
-384
-369
-243
-104
-51
-36
-4
32
56
49
1
-47
-44
-15
-13
-15
0
-6
-18
1
13
-3
-5
12
2
-31
-28
4
-1
-36
-43
-14
-38
-45
-13
29
48
41
8
-14
-10
-13
-10
2
-16
-29
7
42
31
-5
-37
-51
-32
3
12
6
-3
-25
-6
57
73
69
128
185
184
201
245
218
126
81
85
43
-21
2
97
170
193
156
60
-16
-24
-37
-116
-198
-191
-127
-109
-114
-70
-53
-122
-199
-250
-279
-248
-164
-72
1
20
-14
-37
-20
10
20
3
-2
6
-15
-33
-12
4
-6
-7
13
17
-15
-34
-13
-1
-18
-29
-22
-13
-6
2
12
5
-7
-5
24
31
-1
-40
-55
-34
-20
-20
6
23
17
29
23
-17
-38
-33
-16
9
25
12
-13
-7
7
5
25
40
25
33
44
35
72
143
159
120
100
98
41
-37
-20
76
157
201
187
94
-14
-65
-82
-137
-213
-214
-133
-70
-80
-112
-123
-129
-127
-120
-123
-92
-25
13
30
33
-7
-33
-8
12
9
17
36
22
-22
-36
-21
-16
-10
4
7
-5
-23
-23
0
14
9
-4
-18
-21
-25
-44
-40
27
15
-8
-9
1
-9
-34
-32
2
15
-12
-35
-25
5
40
58
27
-38
-79
-61
-4
37
48
51
26
-17
-10
26
29
23
24
17
12
5
1
17
40
52
35
-8
-34
-10
60
146
211
211
119
-4
-74
-114
-171
-199
-152
-75
-36
-37
-43
-57
-66
-33
-5
-22
-27
-3
13
15
-4
-47
-62
-7
51
42
14
1
-18
-26
-23
-25
-17
-9
-16
-24
-21
-2
22
30
12
-16
-16
8
11
-10
-18
6
-14
4
-7
-25
-16
-6
-19
-5
25
10
-16
-21
-29
-20
25
57
29
-28
-56
-44
-6
36
62
53
-12
-68
-25
44
41
21
19
2
-5
3
-10
-28
-24
-6
4
-6
-22
-15
21
53
63
62
37
-19
-63
-68
-60
-52
-38
-41
-59
-37
13
12
-19
-9
6
-12
-19
-7
-3
5
15
-5
-39
-22
38
45
5
7
22
-3
-31
-40
-34
-12
-1
-19
-30
-2
29
17
-17
-26
-7
6
-3
-14
-10
11
14
32
16
-20
-50
-49
-27
-7
-3
-25
-18
38
52
17
5
-4
-32
-35
-8
15
26
38
34
-11
-53
-46
-2
51
63
32
8
-17
-24
21
46
13
-19
-14
14
23
1
-14
-13
-10
-3
3
1
-17
-34
-3
55
64
-1
-84
-96
-53
-37
-27
-10
-27
-34
-5
10
2
-7
5
31
26
-10
-26
-2
7
-11
22
62
20
-29
-43
-58
-36
9
4
-24
-19
1
-3
-17
-9
1
-4
2
14
0
-18
10
8
0
-9
-35
-44
-21
-16
-17
-4
-2
-2
-7
-20
-4
26
36
33
17
-6
-12
-1
-9
-31
-11
21
15
14
19
0
-15
-16
-2
31
43
11
-26
-36
-40
-40
-5
26
7
-13
-6
-1
2
6
-1
-9
0
13
2
-26
-34
-6
24
21
-6
-37
-47
-28
-17
-14
11
24
2
-9
11
31
23
-7
-27
-13
18
19
-7
-25
-40
-48
-36
-22
-13
0
14
16
-2
-18
-2
30
39
14
-26
-45
-18
-18
-9
-26
-44
-37
-20
6
14
-6
-14
2
33
39
-6
-29
-5
4
2
19
35
16
-17
-2
26
2
-26
-14
12
18
-16
-48
-25
22
35
2
-20
4
4
-28
-13
25
28
9
-24
-51
-42
-13
20
41
32
1
-38
-61
-53
-15
31
26
-25
-52
-50
-47
-36
-17
-1
24
44
9
-35
2
58
53
26
-1
-17
-8
-18
-41
-34
-23
-24
-22
-20
-9
11
14
-2
-17
-20
-4
25
27
-14
-38
-12
-18
-25
-20
-17
-28
-24
3
7
-10
-5
7
12
27
29
2
-23
-29
-18
2
20
38
32
-15
-43
-18
17
40
51
38
-2
-38
-24
13
18
8
-4
-32
-54
-35
33
86
45
-34
-59
-49
-30
1
32
54
46
6
-34
-47
-21
0
-16
-12
5
-29
-65
-50
-23
-8
1
9
20
20
8
16
48
61
40
15
-6
-29
-35
-20
-12
-22
-32
-34
-31
-15
8
13
1
-5
-3
0
9
13
-6
-25
0
-19
-45
-9
16
-16
-22
1
-8
-22
-5
9
7
18
26
3
-21
-20
-8
-6
-15
-4
15
0
-9
12
15
9
19
25
8
-25
-20
10
-3
-17
-11
-32
-52
-33
26
85
61
-22
-63
-54
-26
4
26
49
46
3
-30
-30
-20
-28
-48
-34
0
-6
-31
-29
-16
-9
-1
6
8
5
-3
1
29
43
19
-3
-13
-31
-31
-6
6
-4
-22
-38
-38
-21
-4
1
0
7
18
14
-2
-7
-5
-14
9
-22
-10
4
-6
-18
-10
-2
-17
-28
-11
17
30
8
-31
-33
0
24
35
36
16
-16
-18
35
78
44
-22
-36
11
39
4
-23
-3
9
-12
-35
-28
-5
-14
-33
3
60
55
-3
-46
-45
-24
-6
20
45
37
-1
-32
-36
-45
-60
-46
-29
-17
8
8
-17
-22
-9
4
12
9
-3
-1
28
42
14
-19
-32
-22
-3
-5
-11
1
7
-3
-15
-22
-24
-20
-8
2
5
13
16
0
-11
-9
-16
