310
316
348
352
334
354
340
334
346
328
314
310
308
322
316
316
342
342
342
332
296
306
324
310
308
310
306
310
298
278
270
262
260
252
234
242
248
228
224
208
188
190
176
178
182
174
188
196
198
200
202
202
198
202
204
200
190
204
226
238
232
238
256
262
260
246
262
304
314
300
284
284
316
344
340
330
318
308
310
308
324
330
314
316
300
274
298
312
304
308
304
300
318
292
284
306
304
328
314
296
302
344
358
350
350
326
340
350
334
332
322
334
328
306
324
348
346
332
306
284
324
328
306
308
290
284
288
286
248
220
224
222
214
226
220
206
204
188
176
186
202
204
208
204
186
180
192
198
190
198
208
206
200
196
198
184
188
204
202
208
220
234
254
244
232
244
274
302
294
274
290
314
322
338
334
330
336
316
314
314
304
326
314
282
290
308
316
320
312
304
308
320
302
296
316
316
330
320
280
322
362
342
344
334
310
344
362
334
336
324
338
326
298
324
328
336
314
296
296
304
310
306
300
270
270
276
260
210
194
212
194
182
198
184
170
188
184
184
224
258
282
294
290
268
244
236
226
228
230
246
270
274
268
254
226
202
194
178
182
190
196
208
210
214
224
252
268
276
274
280
308
332
346
348
344
326
304
306
298
306
332
304
282
312
318
312
324
300
290
310
328
316
302
324
320
310
310
286
324
372
358
328
324
324
346
362
330
324
340
328
328
324
314
328
328
306
314
298
280
294
290
286
266
246
238
220
192
186
192
176
174
186
188
194
220
240
270
336
390
436
452
444
414
368
328
306
320
336
362
410
430
416
392
346
286
238
206
190
190
188
174
182
194
200
228
232
254
274
272
298
334
340
336
332
310
312
300
294
334
322
298
304
306
310
310
302
296
302
302
328
322
314
322
304
312
298
290
302
346
348
308
318
324
336
348
330
324
344
326
326
328
312
340
332
318
312
276
280
288
278
290
264
218
200
188
186
184
178
188
200
212
232
262
304
356
424
500
574
640
658
646
608
542
466
420
442
500
558
610
622
614
586
516
430
346
296
258
254
250
224
214
206
194
204
218
236
250
270
294
318
344
324
316
324
328
310
304
342
332
312
312
294
302
316
306
308
316
304
308
306
306
306
304
336
312
294
312
336
310
310
326
310
332
340
334
336
322
326
316
298
318
334
336
324
282
256
276
272
270
282
232
190
184
178
186
212
232
264
288
300
312
344
412
506
606
684
770
844
866
860
828
760
652
570
604
692
774
820
812
820
794
714
614
504
420
360
346
340
324
294
258
226
214
224
224
226
254
266
284
336
308
294
320
314
314
300
316
340
312
292
292
298
302
310
296
298
318
300
304
300
294
306
322
314
300
320
344
306
316
332
316
342
346
338
328
314
324
322
308
314
334
332
304
276
256
260
254
252
250
210
186
188
210
246
308
368
414
460
478
466
474
550
668
776
854
936
1002
1022
1024
1008
952
838
754
786
866
934
974
962
964
956
892
796
684
566
498
484
480
478
444
388
332
298
256
226
220
222
226
256
300
276
270
296
316
326
306
322
324
302
304
300
308
306
296
292
306
318
308
306
294
292
296
308
308
304
308
350
326
298
326
328
328
342
324
316
322
306
330
328
302
332
336
302
262
238
248
232
228
228
200
192
212
278
374
464
550
624
674
692
674
666
716
820
930
998
1054
1088
1100
1126
1130
1080
982
912
930
1002
1048
1068
1050
1038
1054
1026
946
850
744
680
666
674
672
636
578
500
428
328
254
214
190
194
226
258
244
252
278
296
306
310
328
296
286
304
296
308
290
268
286
304
298
304
290
282
290
282
300
298
320
324
336
318
328
338
322
336
352
342
352
332
316
342
330
310
314
328
310
254
224
230
210
208
206
192
232
296
400
528
650
764
848
886
904
892
860
866
952
1060
1108
1126
1120
1118
1146
1162
1140
1086
1026
1032
1100
1118
1106
1084
1062
1092
1110
1056
988
904
832
842
868
854
836
788
694
582
456
342
240
196
196
210
236
226
240
272
278
294
314
318
304
304
310
316
312
278
288
296
294
318
314
302
300
290
284
296
298
330
342
322
300
354
356
320
352
364
364
376
334
334
344
316
316
304
296
286
254
216
200
194
198
202
232
322
430
576
710
840
948
1014
1056
1066
1052
1010
1000
1056
1124
1160
1148
1114
1096
1098
1126
1154
1148
1122
1116
1126
1122
1104
1072
1058
1088
1108
1098
1072
998
940
986
1024
1000
996
958
878
770
638
494
342
250
216
212
216
204
220
258
292
300
306
318
310
326
330
316
314
294
308
312
300
330
316
308
310
290
290
300
304
336
342
358
334
324
366
354
346
366
366
370
350
338
342
308
298
300
278
254
218
190
190
194
208
250
310
408
562
748
900
1004
1066
1108
1124
1114
1116
1092
1082
1102
1122
1160
1138
1084
1062
1066
1112
1152
1150
1154
1160
1138
1128
1104
1056
1040
1060
1094
1110
1096
1068
1032
1066
1106
1088
1088
1060
1020
946
812
634
452
340
288
264
242
220
218
240
286
292
296
324
304
330
332
292
318
312
296
322
322
318
324
316
322
312
290
294
296
332
340
378
368
330
358
364
350
358
364
362
346
338
330
294
272
276
268
234
196
192
220
248
280
356
426
528
710
898
1042
1118
1148
1162
1138
1122
1150
1144
1138
1146
1124
1142
1130
1090
1080
1086
1124
1142
1138
1162
1180
1162
1138
1104
1070
1050
1060
1096
1112
1108
1124
1106
1100
1120
1106
1112
1114
1106
1064
962
788
596
474
414
372
324
278
236
222
256
286
294
300
308
334
326
304
318
310
302
320
322
310
322
320
316
318
304
302
300
330
350
372
372
370
362
350
360
362
358
356
328
336
324
286
272
252
240
214
200
226
290
368
438
524
610
712
860
1020
1128
1170
1154
1138
1128
1112
1136
1162
1190
1192
1146
1138
1140
1150
1164
1150
1154
1154
1142
1184
1220
1198
1180
1160
1116
1096
1100
1082
1092
1128
1160
1144
1122
1108
1082
1094
1122
1140
1126
1064
924
762
648
582
530
462
388
302
248
248
268
270
264
302
328
312
306
300
290
312
314
312
308
304
314
306
306
308
304
298
336
354
372
370
368
376
350
352
364
344
334
324
324
314
290
270
242
204
204
240
310
424
548
646
718
812
894
980
1102
1184
1192
1136
1098
1104
1102
1116
1148
1192
1208
1184
1156
1158
1208
1242
1222
1202
1184
1158
1192
1248
1264
1248
1230
1190
1156
1144
1098
1114
1174
1192
1162
1132
1090
1068
1082
1098
1136
1142
1090
980
880
836
798
742
666
564
430
326
268
244
258
278
298
330
322
298
312
306
314
330
332
308
300
314
314
312
304
302
296
334
342
364
364
348
372
354
338
358
328
316
322
302
286
266
238
216
190
232
332
460
608
744
854
914
960
1014
1078
1140
1194
1192
1138
1114
1122
1128
1132
1170
1226
1250
1248
1202
1188
1240
1278
1282
1262
1206
1164
1202
1268
1314
1294
1272
1234
1184
1158
1120
1166
1224
1228
1206
1156
1108
1088
1080
1086
1124
1132
1100
1034
984
984
962
920
858
748
582
436
326
246
248
270
274
310
316
294
320
324
310
328
328
292
292
302
298
298
296
304
306
322
340
344
344
364
356
340
350
352
336
340
324
304
276
234
218
200
220
308
456
644
802
930
1036
1084
1074
1090
1142
1170
1186
1174
1136
1146
1178
1174
1168
1224
1300
1328
1312
1246
1206
1238
1290
1314
1282
1218
1180
1230
1302
1334
1330
1296
1226
1168
1140
1140
1206
1262
1268
1238
1186
1164
1148
1116
1108
1118
1120
1128
1090
1058
1080
1066
1038
990
904
750
570
418
292
240
240
258
282
298
314
324
322
324
328
322
308
288
288
286
284
312
318
314
328
348
316
324
370
338
330
356
334
332
338
306
282
256
218
196
204
292
428
600
824
990
1090
1156
1176
1160
1156
1188
1214
1216
1196
1162
1180
1220
1218
1224
1284
1358
1392
1366
1294
1232
1240
1302
1314
1282
1256
1240
1264
1310
1342
1328
1276
1226
1176
1144
1166
1236
1302
1310
1274
1226
1212
1208
1176
1136
1118
1118
1134
1098
1072
1120
1140
1136
1098
1034
908
714
524
350
248
230
248
276
298
314
316
320
330
324
316
312
290
284
288
288
314
324
308
344
342
330
328
336
350
346
332
324
324
324
290
242
220
208
186
242
396
572
762
980
1130
1174
1182
1186
1174
1180
1206
1230
1242
1210
1194
1216
1236
1242
1258
1320
1398
1432
1412
1360
1290
1264
1298
1286
1274
1288
1302
1292
1296
1340
1300
1246
1234
1198
1174
1196
1268
1338
1348
1318
1274
1248
1238
1218
1162
1144
1156
1146
1096
1064
1090
1122
1150
1142
1116
1032
858
648
440
298
242
244
274
298
314
316
326
326
318
314
302
308
300
292
290
294
324
314
328
330
358
342
328
362
346
318
312
324
330
278
224
192
192
230
334
504
704
920
1104
1206
1210
1166
1160
1148
1166
1200
1252
1296
1248
1232
1244
1250
1260
1264
1306
1382
1424
1412
1388
1338
1294
1290
1268
1238
1256
1304
1286
1276
1314
1294
1256
1240
1224
1224
1242
1308
1370
1364
1332
1304
1282
1258
1220
1164
1156
1186
1172
1116
1086
1084
1086
1096
1114
1148
1114
968
760
554
384
278
250
244
274
338
334
320
330
324
322
316
320
308
292
294
320
338
326
316
332
348
354
358
360
346
336
312
320
312
244
206
188
216
308
434
596
804
1030
1170
1230
1228
1158
1134
1144
1160
1196
1280
1362
1332
1288
1278
1278
1290
1278
1284
1330
1358
1360
1364
1338
1304
1278
1254
1218
1226
1264
1252
1248
1270
1292
1278
1254
1264
1284
1290
1330
1374
1352
1318
1302
1280
1246
1198
1170
1178
1194
1174
1122
1106
1116
1100
1072
1086
1144
1134
1024
848
656
490
350
260
220
252
322
322
316
336
326
316
312
310
306
300
302
340
340
318
324
322
342
346
334
362
358
338
332
324
288
222
194
216
292
404
554
716
908
1090
1174
1212
1210
1168
1166
1202
1198
1204
1280
1376
1386
1344
1320
1298
1296
1282
1276
1296
1304
1326
1342
1312
1290
1262
1232
1242
1260
1250
1234
1222
1236
1270
1270
1278
1308
1320
1310
1314
1336
1314
1284
1262
1226
1186
1170
1208
1254
1242
1196
1138
1118
1132
1112
1082
1080
1122
1124
1068
944
784
638
472
330
244
236
284
310
320
324
326
318
302
308
312
314
314
332
342
310
340
324
342
334
308
354
360
328
336
324
274
218
210
280
402
544
728
886
1042
1154
1180
1202
1202
1192
1222
1264
1252
1240
1294
1388
1432
1408
1364
1316
1286
1272
1274
1288
1296
1302
1294
1270
1262
1258
1236
1260
1266
1216
1196
1206
1252
1286
1292
1314
1316
1290
1266
1256
1266
1258
1242
1218
1190
1154
1164
1240
1298
1274
1220
1182
1168
1162
1136
1114
1102
1120
1118
1108
1040
924
804
638
482
318
226
258
304
306
292
316
322
304
310
310
306
306
316
340
308
332
340
338
344
350
350
360
346
330
326
274
220
266
394
564
744
916
1046
1164
1228
1208
1200
1204
1212
1248
1280
1272
1278
1326
1404
1466
1456
1416
1370
1326
1302
1292
1288
1292
1276
1258
1242
1216
1240
1272
1274
1268
1234
1204
1230
1280
1302
1316
1318
1280
1244
1226
1222
1220
1210
1194
1172
1176
1168
1188
1262
1300
1290
1254
1242
1234
1206
1180
1140
1128
1142
1124
1130
1108
1016
942
828
662
440
280
260
288
298
300
320
322
318
308
314
314
302
326
340
312
316
332
338
362
372
352
358
342
324
314
260
246
358
550
764
940
1078
1176
1236
1234
1192
1188
1190
1212
1258
1286
1288
1300
1336
1402
1456
1470
1472
1438
1404
1368
1342
1320
1310
1280
1252
1240
1210
1260
1336
1348
1326
1292
1264
1258
1268
1280
1298
1288
1242
1222
1210
1204
1190
1162
1152
1148
1172
1202
1242
1292
1320
1338
1304
1274
1250
1222
1204
1158
1144
1160
1146
1140
1130
1080
1054
994
834
594
384
282
282
306
308
322
328
322
308
314
320
312
336
338
308
324
322
340
366
356
356
360
330
310
278
256
324
484
704
934
1102
1214
1262
1258
1216
1176
1184
1200
1220
1260
1282
1280
1292
1318
1368
1412
1434
1460
1462
1452
1422
1376
1352
1350
1292
1228
1212
1234
1314
1364
1368
1348
1318
1306
1276
1252
1254
1278
1282
1240
1210
1184
1182
1176
1142
1152
1190
1224
1258
1300
1326
1346
1364
1322
1272
1236
1218
1206
1176
1160
1168
1154
1128
1118
1114
1124
1104
988
764
516
344
294
298
296
326
330
326
332
310
314
320
312
324
300
334
334
344
372
364
352
348
336
290
244
290
430
622
836
1054
1230
1304
1284
1240
1222
1196
1180
1216
1246
1262
1258
1248
1262
1278
1310
1352
1372
1390
1410
1406
1380
1342
1338
1356
1302
1242
1238
1274
1330
1348
1332
1324
1332
1336
1300
1268
1252
1266
1282
1264
1236
1198
1196
1204
1206
1216
1238
1278
1298
1308
1324
1326
1318
1286
1252
1222
1212
1212
1198
1192
1192
1154
1114
1112
1124
1162
1170
1098
922
670
444
302
262
300
338
322
328
342
330
322
318
314
324
308
332
340
342
388
392
354
338
336
276
236
340
526
746
960
1150
1296
1322
1268
1212
1212
1206
1188
1224
1266
1270
1244
1238
1234
1232
1264
1288
1316
1334
1338
1332
1302
1304
1322
1330
1300
1266
1294
1324
1342
1352
1332
1324
1332
1346
1332
1302
1266
1268
1292
1284
1276
1268
1278
1290
1286
1266
1268
1296
1292
1274
1280
1274
1254
1238
1222
1208
1200
1204
1210
1208
1196
1142
1092
1086
1108
1158
1174
1136
1026
806
556
334
242
306
340
326
320
324
350
336
312
328
326
314
334
328
342
380
382
370
348
318
260
240
396
620
858
1060
1204
1308
1296
1234
1202
1206
1206
1210
1246
1290
1308
1286
1256
1232
1230
1240
1240
1276
1302
1308
1298
1272
1278
1320
1346
1326
1300
1326
1364
1370
1356
1314
1318
1338
1348
1348
1328
1296
1288
1298
1286
1294
1314
1318
1312
1296
1258
1244
1270
1266
1230
1232
1242
1226
1216
1202
1196
1202
1222
1236
1216
1188
1140
1094
1076
1080
1124
1168
1158
1088
890
634
376
248
302
342
338
328
334
338
348
338
328
336
322
342
324
344
362
352
358
328
276
226
224
438
708
944
1112
1198
1284
1274
1218
1230
1242
1226
1230
1268
1324
1364
1360
1308
1260
1258
1252
1234
1254
1274
1294
1296
1274
1270
1332
1386
1352
1326
1358
1382
1368
1356
1320
1308
1334
1356
1366
1350
1312
1286
1280
1272
1288
1306
1290
1268
1266
1254
1230
1230
1228
1186
1172
1192
1188
1184
1186
1200
1234
1280
1282
1230
1188
1156
1122
1096
1086
1106
1148
1150
1116
952
698
414
240
278
332
336
330
328
322
344
340
322
326
310
330
332
344
378
378
354
318
268
222
248
498
782
998
1144
1190
1260
1272
1240
1280
1310
1292
1272
1298
1366
1408
1418
1378
1308
1298
1314
1298
1298
1298
1302
1320
1294
1304
1364
1400
1362
1328
1370
1386
1372
1368
1342
1324
1336
1360
1376
1358
1302
1256
1244
1244
1254
1268
1282
1270
1256
1250
1222
1206
1204
1160
1126
1136
1142
1160
1204
1248
1284
1326
1312
1244
1202
1180
1150
1120
1104
1104
1138
1140
1110
970
744
480
274
276
320
336
324
302
340
346
310
324
304
292
314
332
340
380
382
344
310
264
246
322
572
826
1024
1182
1220
1252
1266
1258
1284
1326
1340
1314
1328
1390
1434
1458
1424
1362
1364
1390
1398
1396
1372
1350
1364
1346
1342
1378
1388
1352
1318
1366
1390
1396
1384
1346
1350
1354
1360
1342
1328
1294
1248
1216
1198
1216
1236
1256
1244
1236
1242
1196
1172
1188
1156
1122
1130
1142
1176
1246
1296
1306
1330
1314
1252
1222
1202
1162
1126
1112
1112
1154
1162
1122
988
784
550
356
290
302
332
322
312
330
340
310
316
312
304
328
334
360
376
354
338
302
260
302
412
658
910
1088
1236
1264
1266
1258
1250
1284
1322
1336
1322
1328
1372
1442
1468
1434
1396
1410
1446
1458
1452
1420
1396
1414
1396
1350
1352
1352
1320
1300
1346
1378
1396
1404
1392
1384
1350
1334
1316
1306
1276
1264
1248
1198
1214
1238
1238
1228
1230
1254
1220
1170
1168
1158
1150
1180
1206
1228
1278
1330
1344
1326
1296
1246
1212
1200
1158
1132
1128
1118
1150
1168
1164
1068
874
654
464
340
310
324
326
334
308
328
330
306
324
320
328
322
348
372
354
332
290
280
388
538
780
1022
1180
1300
1300
1272
1264
1274
1306
1318
1332
1326
1318
1346
1398
1408
1396
1376
1382
1422
1438
1440
1414
1394
1396
1360
1324
1326
1322
1288
1268
1308
1350
1374
1392
1396
1362
1314
1300
1294
1294
1262
1260
1274
1226
1220
1240
1238
1236
1242
1244
1212
1182
1180
1170
1176
1206
1232
1242
1272
1332
1362
1328
1266
1220
1202
1196
1178
1170
1150
1122
1136
1150
1168
1114
966
794
580
408
330
318
328
326
324
332
318
308
318
318
328
320
314
362
372
322
290
332
490
696
926
1106
1232
1322
1292
1248
1254
1276
1304
1322
1332
1322
1308
1318
1340
1326
1312
1318
1334
1364
1368
1362
1360
1362
1346
1306
1294
1290
1270
1256
1256
1288
1324
1342
1348
1344
1314
1294
1296
1288
1294
1276
1284
1308
1264
1244
1254
1258
1250
1222
1200
1160
1168
1200
1182
1180
1196
1212
1232
1272
1314
1310
1278
1210
1178
1190
1174
1178
1170
1138
1120
1128
1142
1154
1126
1044
920
712
496
344
304
310
300
318
326
298
306
318
314
340
338
320
356
366
322
324
406
594
830
1060
1200
1278
1308
1262
1236
1224
1242
1296
1330
1338
1324
1294
1286
1300
1284
1268
1276
1296
1310
1304
1292
1296
1318
1316
1290
1278
1250
1232
1250
1260
1280
1314
1330
1326
1316
1290
1274
1286
1278
1280
1296
1316
1330
1286
1262
1276
1268
1236
1166
1104
1066
1124
1188
1170
1182
1208
1228
1254
1288
1292
1240
1184
1144
1152
1172
1168
1176
1158
1134
1120
1114
1128
1140
1138
1112
1022
846
614
386
284
288
296
296
322
316
302
330
324
340
346
330
344
342
314
346
474
690
928
1156
1280
1320
1298
1250
1226
1224
1256
1286
1326
1362
1358
1326
1298
1276
1250
1236
1248
1262
1264
1268
1262
1264
1284
1288
1278
1270
1248
1264
1278
1256
1274
1316
1336
1320
1294
1268
1250
1278
1266
1252
1290
1318
1296
1238
1252
1284
1254
1198
1086
994
974
1072
1170
1164
1206
1248
1276
1296
1296
1258
1188
1122
1104
1144
1178
1210
1210
1174
1134
1098
1080
1088
1094
1108
1132
1088
924
704
460
290
286
302
298
322
322
302
320
312
358
360
340
358
362
330
368
554
802
1026
1218
1314
1330
1286
1242
1220
1242
1276
1302
1358
1410
1416
1388
1344
1292
1270
1232
1214
1234
1250
1252
1264
1296
1298
1272
1254
1262
1280
1320
1336
1302
1302
1328
1328
1292
1264
1260
1256
1290
1278
1240
1278
1306
1254
1196
1230
1272
1228
1158
1020
908
910
1022
1142
1174
1226
1284
1320
1326
1292
1222
1162
1110
1112
1166
1216
1244
1218
1164
1114
1080
1062
1066
1066
1078
1116
1102
976
780
538
338
292
290
300
310
302
310
308
306
360
358
340
358
364
336
386
612
884
1090
1238
1306
1310
1272
1250
1240
1260
1290
1336
1396
1460
1492
1450
1414
1372
1338
1296
1254
1244
1240
1252
1284
1322
1292
1226
1202
1244
1316
1354
1346
1306
1308
1334
1320
1266
1246
1276
1292
1308
1300
1242
1256
1276
1228
1200
1212
1238
1198
1130
996
872
886
990
1118
1198
1248
1302
1338
1322
1252
1176
1126
1108
1150
1220
1272
1262
1216
1166
1124
1098
1072
1062
1062
1074
1112
1122
1030
820
572
380
294
288
302
320
314
320
320
318
354
360
360
346
332
340
422
650
932
1118
1240
1294
1282
1250
1264
1284
1302
1316
1354
1430
1480
1510
1522
1508
1460
1408
1374
1340
1298
1262
1270
1306
1326
1236
1128
1106
1178
1298
1342
1314
1272
1286
1318
1298
1240
1240
1308
1346
1340
1318
1260
1226
1236
1218
1210
1216
1218
1202
1156
1040
926
944
1030
1120
1200
1250
1302
1340
1312
1218
1146
1126
1136
1186
1250
1290
1270
1224
1188
1158
1130
1108
1088
1080
1076
1096
1118
1030
832
594
390
302
304
306
326
326
310
322
306
356
366
370
350
334
344
428
672
970
1164
1252
1286
1270
1240
1282
1330
1344
1328
1346
1410
1458
1490
1540
1550
1500
1468
1440
1392
1342
1286
1268
1302
1310
1170
1010
984
1090
1250
1318
1304
1274
1284
1292
1262
1212
1232
1336
1396
1384
1324
1270
1234
1214
1204
1204
1220
1226
1212
1186
1128
1056
1056
1096
1138
1182
1220
1308
1360
1296
1196
1140
1150
1190
1228
1272
1294
1282
1248
1208
1184
1168
1122
1076
1078
1064
1060
1064
992
852
610
378
304
300
300
316
328
316
306
300
350
358
352
360
356
338
414
674
970
1168
1252
1284
1278
1266
1316
1344
1346
1342
1344
1358
1396
1452
1494
1526
1522
1506
1484
1436
1376
1306
1264
1280
1260
1070
888
888
1036
1222
1316
1316
1280
1280
1278
1256
1216
1244
1360
1440
1438
1378
1316
1280
1230
1188
1218
1256
1248
1220
1204
1192
1170
1148
1142
1174
1194
1224
1330
1368
1270
1176
1152
1166
1220
1276
1320
1322
1300
1270
1222
1192
1174
1120
1074
1062
1034
1040
1040
960
822
574
360
312
292
290
318
332
324
306
308
374
370
378
368
352
346
430
664
932
1114
1236
1290
1284
1288
1340
1356
1346
1358
1364
1356
1352
1380
1434
1488
1524
1536
1520
1476
1414
1342
1276
1264
1218
998
836
874
1042
1222
1304
1306
1270
1258
1252
1246
1246
1304
1390
1474
1486
1430
1392
1328
1252
1214
1252
1292
1272
1244
1228
1228
1220
1198
1186
1198
1212
1232
1312
1328
1230
1164
1166
1176
1222
1290
1326
1302
1262
1234
1202
1186
1164
1134
1104
1072
1060
1076
1052
942
788
554
376
350
308
288
326
334
328
336
324
388
380
380
356
338
332
424
648
892
1084
1242
1312
1306
1318
1368
1392
1378
1360
1368
1366
1334
1324
1370
1424
1478
1520
1524
1500
1446
1376
1292
1246
1194
1004
872
920
1084
1246
1312
1314
1288
1266
1244
1244
1290
1384
1426
1454
1444
1394
1406
1378
1312
1268
1264
1290
1284
1270
1256
1254
1246
1226
1224
1222
1208
1202
1256
1268
1210
1176
1184
1204
1244
1288
1290
1240
1196
1188
1184
1186
1152
1108
1088
1086
1090
1088
1068
964
804
580
402
362
306
286
328
344
350
342
322
374
374
362
366
342
328
422
642
882
1094
1276
1340
1326
1338
1364
1378
1376
1366
1364
1344
1304
1284
1300
1326
1380
1450
1486
1492
1458
1410
1344
1270
1192
1056
986
1050
1168
1270
1328
1356
1346
1316
1298
1290
1316
1406
1442
1386
1330
1308
1340
1372
1328
1272
1256
1270
1270
1264
1256
1254
1246
1238
1256
1264
1238
1194
1206
1222
1212
1208
1218
1242
1270
1278
1246
1188
1158
1164
1168
1176
1132
1084
1090
1092
1080
1102
1106
990
822
606
414
350
298
294
344
354
354
330
314
374
378
372
366
334
326
432
654
900
1128
1302
1344
1312
1306
1312
1320
1342
1370
1380
1352
1312
1286
1266
1266
1300
1358
1408
1450
1460
1442
1394
1320
1232
1132
1100
1166
1236
1272
1310
1360
1368
1342
1338
1320
1310
1374
1392
1292
1216
1188
1242
1296
1260
1256
1264
1262
1240
1222
1226
1246
1252
1256
1286
1288
1248
1196
1180
1190
1200
1204
1212
1250
1278
1254
1202
1156
1152
1166
1164
1160
1120
1084
1098
1088
1068
1118
1132
1018
846
630
434
350
298
294
348
344
336
336
318
380
384
392
346
320
332
478
708
938
1174
1316
1346
1308
1280
1296
1312
1330
1362
1412
1430
1400
1350
1306
1290
1286
1298
1326
1382
1442
1454
1410
1346
1276
1202
1172
1218
1274
1288
1300
1334
1340
1326
1326
1316
1314
1358
1308
1146
1066
1048
1130
1244
1246
1244
1272
1268
1218
1194
1220
1264
1274
1270
1292
1262
1194
1170
1162
1176
1204
1202
1200
1234
1252
1214
1162
1140
1166
1194
1188
1162
1124
1086
1076
1072
1076
1114
1128
1068
906
686
478
360
304
286
324
318
314
330
308
390
388
388
372
334
336
520
784
1014
1230
1334
1354
1310
1262
1290
1322
1328
1362
1432
1490
1488
1434
1376
1332
1302
1296
1292
1320
1398
1442
1426
1374
1308
1248
1232
1266
1298
1294
1298
1316
1300
1296
1312
1320
1320
1338
1234
1040
958
946
1052
1204
1230
1206
1246
1262
1214
1210
1260
1306
1292
1260
1266
1246
1186
1160
1140
1162
1204
1202
1190
1190
1196
1180
1156
1164
1210
1238
1220
1180
1128
1086
1072
1048
1060
1108
1138
1112
956
746
514
358
316
300
310
312
318
312
304
388
394
366
398
358
326
536
846
1094
1292
1342
1326
1280
1240
1266
1304
1322
1370
1438
1490
1514
1492
1448
1386
1334
1312
1268
1266
1340
1412
1448
1424
1346
1276
1282
1312
1306
1290
1300
1302
1262
1262
1300
1304
1280
1286
1170
992
946
944
1032
1164
1188
1178
1234
1266
1232
1226
1284
1318
1272
1222
1226
1244
1210
1184
1160
1162
1188
1178
1158
1150
1170
1188
1196
1214
1246
1258
1242
1194
1128
1100
1092
1046
1038
1090
1136
1124
970
762
524
368
338
308
300
310
316
314
318
374
384
376
366
352
358
582
882
1114
1286
1314
1304
1268
1250
1280
1310
1328
1372
1432
1484
1520
1518
1492
1434
1380
1330
1260
1252
1316
1386
1432
1434
1366
1290
1300
1330
1324
1312
1302
1284
1246
1254
1294
1272
1214
1220
1138
998
984
994
1042
1154
1198
1202
1260
1284
1244
1242
1302
1316
1246
1202
1218
1236
1218
1218
1220
1210
1202
1172
1150
1156
1188
1212
1236
1248
1246
1236
1234
1206
1156
1136
1122
1086
1068
1088
1104
1088
966
770
526
386
368
316
304
308
298
322
318
368
378
386
350
350
374
576
888
1132
1246
1274
1302
1270
1268
1316
1348
1356
1376
1408
1468
1506
1512
1498
1454
1422
1358
1288
1274
1320
1372
1398
1406
1356
1290
1288
1316
1330
1330
1318
1300
1268
1266
1300
1274
1200
1202
1170
1088
1062
1062
1102
1176
1222
1232
1264
1252
1222
1260
1308
1302
1226
1194
1230
1252
1246
1258
1268
1256
1218
1168
1146
1168
1210
1226
1252
1264
1246
1222
1224
1218
1182
1150
1138
1118
1088
1084
1072
1040
936
748
510
380
378
338
312
318
310
316
310
366
378
360
366
370
370
542
864
1140
1250
1272
1292
1260
1270
1312
1350
1378
1380
1382
1416
1440
1460
1474
1446
1416
1374
1332
1314
1326
1350
1364
1360
1314
1276
1290
1328
1340
1338
1354
1348
1300
1278
1302
1298
1236
1218
1198
1158
1138
1134
1174
1210
1226
1224
1228
1216
1222
1276
1304
1270
1192
1190
1250
1290
1300
1304
1302
1274
1228
1172
1148
1168
1206
1228
1244
1248
1236
1222
1224
1208
1184
1160
1134
1106
1074
1080
1060
1020
894
678
484
382
378
354
310
322
326
306
312
356
366
338
352
370
376
524
802
1078
1234
1274
1286
1276
1292
1312
1340
1382
1392
1382
1378
1382
1392
1414
1402
1370
1368
1370
1360
1338
1322
1316
1308
1280
1256
1276
1330
1348
1340
1372
1362
1302
1278
1292
1292
1248
1238
1234
1220
1194
1160
1192
1226
1228
1224
1218
1216
1244
1292
1292
1248
1192
1210
1282
1322
1332
1312
1286
1258
1240
1212
1190
1194
1214
1236
1236
1226
1220
1214
1212
1198
1180
1152
1130
1112
1076
1072
1042
982
838
612
446
382
382
354
314
308
310
314
314
346
362
360
350
364
372
462
708
990
1162
1224
1258
1290
1324
1346
1360
1386
1402
1380
1358
1362
1352
1366
1382
1360
1352
1362
1356
1320
1288
1278
1274
1274
1264
1262
1308
1340
1340
1376
1370
1324
1300
1288
1266
1240
1266
1294
1282
1244
1196
1214
1250
1238
1224
1224
1220
1242
1274
1276
1250
1230
1256
1308
1336
1330
1294
1252
1238
1262
1268
1248
1242
1238
1240
1234
1224
1208
1190
1188
1184
1170
1144
1128
1118
1090
1076
1026
938
782
564
414
374
386
364
324
294
300
328
318
352
362
356
358
358
360
408
602
868
1062
1166
1242
1292
1322
1328
1342
1378
1382
1344
1328
1342
1334
1354
1378
1360
1342
1354
1342
1292
1256
1254
1256
1272
1282
1260
1284
1314
1314
1354
1364
1334
1314
1300
1278
1262
1284
1294
1274
1266
1258
1270
1274
1228
1174
1170
1204
1224
1250
1268
1266
1272
1280
1304
1334
1332
1292
1246
1242
1286
1300
1290
1276
1248
1236
1234
1234
1210
1176
1168
1156
1146
1144
1120
1094
1096
1096
1022
912
726
510
400
370
376
374
326
296
316
322
326
370
370
340
360
354
352
390
506
754
998
1146
1256
1306
1330
1308
1306
1372
1374
1338
1336
1344
1348
1378
1382
1352
1342
1360
1330
1262
1238
1262
1288
1302
1304
1278
1304
1320
1288
1312
1338
1322
1296
1294
1280
1268
1282
1266
1246
1270
1306
1314
1288
1234
1142
1116
1184
1206
1232
1260
1290
1324
1304
1312
1348
1348
1310
1260
1262
1298
1312
1328
1296
1254
1248
1242
1240
1222
1184
1152
1136
1130
1132
1120
1106
1130
1114
1000
864
662
460
384
374
362
348
326
304
310
304
314
362
386
356
356
376
366
370
436
678
954
1144
1298
1352
1354
1326
1314
1364
1372
1354
1366
1376
1392
1432
1438
1400
1362
1364
1324
1268
1272
1292
1330
1350
1324
1292
1316
1332
1288
1288
1328
1330
1296
1284
1258
1236
1252
1246
1228
1264
1334
1350
1320
1264
1156
1110
1178
1216
1232
1272
1330
1370
1364
1364
1368
1342
1328
1298
1286
1314
1330
1358
1328
1278
1260
1250
1246
1236
1208
1168
1136
1118
1112
1116
1142
1166
1130
988
820
636
450
374
372
360
336
330
312
300
298
296
336
364
356
356
380
364
348
390
610
896
1134
1324
1374
1352
1316
1308
1320
1322
1320
1364
1406
1438
1486
1500
1456
1398
1382
1324
1294
1310
1312
1346
1372
1348
1314
1312
1320
1288
1284
1340
1362
1314
1288
1260
1236
1240
1218
1210
1266
1362
1378
1332
1284
1186
1130
1168
1210
1240
1286
1352
1378
1372
1366
1356
1348
1348
1332
1330
1348
1366
1378
1360
1322
1272
1250
1244
1234
1214
1182
1138
1116
1108
1118
1162
1178
1142
990
808
638
456
376
366
360
342
322
312
310
308
300
344
342
346
366
362
346
346
370
562
866
1148
1340
1372
1354
1304
1282
1280
1276
1296
1372
1434
1466
1498
1502
1470
1426
1408
1332
1292
1314
1334
1366
1372
1356
1322
1300
1296
1286
1302
1370
1398
1330
1280
1262
1256
1248
1204
1206
1286
1370
1330
1244
1238
1194
1154
1176
1206
1256
1308
1346
1352
1338
1334
1348
1370
1372
1344
1338
1356
1368
1372
1378
1352
1286
1246
1230
1220
1208
1186
1154
1130
1120
1138
1180
1186
1138
976
802
634
452
384
370
360
338
312
306
312
314
306
352
358
350
352
354
340
348
364
530
858
1178
1358
1376
1356
1308
1288
1288
1288
1314
1386
1430
1438
1454
1458
1464
1436
1422
1372
1322
1338
1354
1382
1382
1348
1316
1296
1294
1302
1324
1378
1410
1348
1280
1252
1238
1224
1202
1216
1298
1326
1198
1100
1146
1192
1194
1198
1226
1292
1342
1344
1326
1300
1296
1344
1376
1398
1354
1316
1338
1338
1372
1398
1364
1302
1258
1234
1224
1228
1230
1210
1168
1128
1132
1158
1158
1120
968
822
650
456
396
374
364
346
318
306
310
314
304
330
362
350
334
344
328
332
360
502
826
1160
1324
1354
1340
1310
1318
1332
1320
1328
1374
1398
1398
1410
1420
1438
1426
1426
1400
1374
1370
1352
1390
1392
1338
1316
1320
1320
1322
1336
1360
1390
1362
1300
1258
1220
1198
1214
1244
1300
1242
1040
964
1066
1184
1216
1220
1262
1330
1364
1332
1296
1268
1272
1334
1384
1402
1354
1314
1316
1306
1350
1404
1380
1318
1272
1244
1232
1240
1250
1234
1184
1134
1134
1148
1134
1086
940
844
676
456
402
374
362
348
320
302
304
308
294
330
350
342
336
328
324
342
372
470
762
1108
1284
1340
1336
1316
1346
1364
1340
1332
1366
1390
1394
1400
1390
1406
1426
1432
1402
1380
1370
1360
1402
1398
1338
1318
1340
1346
1350
1372
1374
1388
1390
1350
1312
1260
1222
1240
1268
1286
1160
916
844
982
1136
1204
1248
1310
1374
1386
1326
1264
1232
1244
1322
1402
1414
1362
1310
1284
1266
1310
1392
1382
1312
1268
1252
1250
1254
1250
1230
1188
1140
1134
1138
1114
1056
926
880
700
450
410
382
360
338
306
292
302
308
294
350
342
330
336
308
318
366
382
428
662
1008
1228
1316
1332
1322
1348
1362
1350
1338
1364
1382
1380
1376
1346
1386
1436
1434
1406
1362
1368
1402
1424
1420
1384
1366
1390
1390
1370
1368
1360
1374
1392
1374
1354
1316
1274
1262
1250
1230
1078
838
780
928
1096
1210
1280
1336
1398
1388
1304
1212
1178
1204
1300
1390
1426
1366
1270
1248
1234
1290
1360
1326
1258
1226
1232
1250
1262
1254
1234
1200
1138
1106
1096
1078
1038
954
944
722
442
414
390
364
334
296
278
290
300
286
348
356
344
342
316
310
362
380
404
556
864
1128
1254
1314
1340
1352
1368
1374
1358
1358
1360
1362
1364
1344
1384
1426
1422
1418
1406
1418
1444
1458
1468
1450
1424
1450
1450
1398
1350
1314
1326
1358
1354
1352
1350
1332
1298
1242
1200
1032
826
830
966
1108
1218
1286
1348
1404
1370
1270
1168
1156
1218
1304
1388
1426
1358
1244
1220
1212
1240
1298
1276
1222
1202
1212
1234
1258
1266
1238
1192
1130
1082
1066
1054
1026
984
996
736
426
402
386
364
336
302
280
288
300
282
340
362
350
350
328
298
346
368
382
464
702
980
1158
1276
1328
1336
1356
1388
1380
1360
1356
1358
1378
1376
1396
1432
1414
1406
1442
1472
1482
1486
1482
1450
1446
1478
1476
1436
1366
1298
1282
1314
1342
1354
1374
1378
1342
1264
1210
1066
918
950
1044
1152
1236
1288
1362
1414
1354
1238
1162
1176
1232
1320
1416
1446
1374
1262
1228
1212
1204
1242
1240
1208
1198
1204
1212
1252
1280
1236
1180
1102
1046
1040
1056
1056
1030
1010
716
420
400
382
370
342
300
284
290
300
294
344
350
348
346
318
308
344
344
358
404
556
822
1036
1192
1264
1298
1342
1378
1374
1348
1352
1356
1370
1388
1418
1446
1408
1384
1434
1492
1504
1486
1450
1408
1438
1478
1480
1462
1382
1274
1222
1248
1302
1324
1370
1410
1382
1306
1240
1150
1050
1046
1088
1186
1266
1298
1368
1410
1336
1210
1168
1202
1244
1336
1430
1464
1406
1292
1244
1222
1216
1226
1218
1198
1172
1170
1178
1222
1254
1228
1184
1088
1028
1056
1102
1112
1090
1002
676
420
402
382
372
336
288
282
286
288
290
352
370
364
350
324
320
338
338
360
372
448
658
884
1084
1202
1270
1350
1414
1398
1338
1326
1342
1364
1388
1418
1428
1382
1368
1432
1496
1506
1476
1422
1380
1412
1456
1482
1472
1386
1274
1206
1206
1252
1286
1350
1420
1416
1350
1274
1218
1154
1110
1108
1206
1274
1298
1370
1400
1332
1206
1162
1186
1236
1346
1434
1452
1412
1316
1252
1234
1238
1236
1226
1216
1178
1152
1166
1214
1240
1220
1192
1090
1026
1094
1150
1142
1106
954
620
404
386
378
358
318
286
290
296
292
286
350
384
354
350
344
320
340
352
362
348
372
494
706
962
1144
1250
1354
1446
1422
1338
1308
1324
1354
1374
1404
1412
1372
1366
1432
1496
1512
1476
1398
1348
1380
1424
1464
1460
1384
1314
1236
1188
1218
1272
1338
1406
1428
1372
1292
1240
1206
1144
1120
1220
1282
1318
1384
1400
1326
1192
1148
1166
1220
1342
1418
1408
1380
1314
1254
1248
1250
1250
1244
1258
1238
1186
1190
1244
1252
1186
1156
1072
1030
1140
1208
1178
1078
840
536
384
368
368
342
306
288
296
302
296
288
372
372
352
350
350
354
374
356
360
356
336
410
548
802
1062
1254
1396
1440
1404
1344
1334
1356
1366
1368
1384
1394
1368
1370
1422
1466
1476
1446
1362
1298
1330
1378
1430
1452
1418
1372
1286
1200
1190
1238
1316
1394
1416
1386
1322
1256
1216
1164
1144
1218
1282
1348
1418
1424
1338
1192
1150
1172
1222
1322
1380
1370
1352
1302
1244
1246
1248
1242
1260
1290
1272
1214
1210
1238
1220
1156
1120
1060
1070
1212
1278
1214
1026
710
460
374
352
346
320
296
284
296
310
306
302
390
362
354
350
336
348
362
344
362
360
320
378
454
670
966
1224
1398
1434
1402
1364
1362
1386
1406
1384
1370
1370
1358
1376
1412
1426
1420
1412
1346
1264
1288
1344
1414
1478
1492
1448
1352
1240
1180
1208
1290
1378
1414
1412
1370
1296
1236
1200
1194
1226
1276
1366
1442
1440
1344
1198
1156
1178
1222
1296
1334
1330
1318
1286
1240
1236
1234
1226
1258
1278
1256
1210
1202
1212
1188
1154
1106
1056
1114
1266
1312
1194
932
592
412
376
346
330
308
298
288
290
302
306
310
370
370
352
366
354
324
344
362
370
352
330
354
416
594
860
1130
1328
1408
1414
1390
1378
1394
1414
1382
1352
1348
1348
1370
1384
1378
1376
1404
1368
1268
1270
1330
1416
1506
1528
1496
1420
1302
1204
1214
1272
1344
1428
1462
1436
1342
1246
1200
1216
1246
1294
1392
1454
1442
1348
1218
1170
1184
1226
1282
1288
1264
1248
1254
1244
1232
1232
1250
1272
1262
1242
1200
1178
1198
1182
1150
1108
1078
1144
1282
1326
1156
840
520
398
384
352
328
304
302
302
294
292
298
300
362
376
360
370
360
336
362
374
374
372
354
348
382
498
728
1010
1244
1372
1414
1394
1372
1388
1406
1368
1330
1334
1338
1342
1322
1304
1328
1388
1374
1268
1252
1316
1410
1500
1492
1462
1446
1354
1232
1212
1252
1320
1428
1488
1468
1384
1268
1202
1224
1254
1300
1390
1448
1428
1348
1242
1184
1188
1232
1270
1242
1200
1180
1212
1230
1228
1262
1284
1284
1246
1216
1190
1166
1186
1178
1164
1152
1156
1184
1278
1332
1120
752
480
414
394
358
322
286
284
296
300
298
304
306
366
368
374
370
342
338
370
372
386
394
356
358
368
420
596
862
1114
1288
1368
1372
1344
1344
1384
1360
1338
1344
1320
1296
1268
1246
1290
1380
1378
1270
1256
1328
1400
1466
1446
1424
1436
1372
1250
1218
1260
1316
1412
1482
1484
1430
1302
1226
1250
1268
1298
1358
1392
1366
1322
1266
1226
1210
1232
1254
1214
1172
1152
1182
1218
1234
1276
1292
1278
1228
1192
1184
1168
1184
1228
1254
1228
1244
1226
1268
1300
1034
640
424
412
392
362
324
284
280
290
296
296
308
314
364
382
384
392
368
340
376
390
384
392
368
348
380
392
474
698
942
1134
1244
1294
1320
1326
1334
1338
1372
1376
1304
1240
1220
1230
1282
1376
1396
1312
1304
1352
1386
1424
1394
1394
1424
1382
1270
1242
1272
1302
1382
1444
1480
1438
1312
1238
1268
1286
1292
1324
1324
1318
1296
1252
1234
1222
1232
1244
1224
1198
1192
1216
1244
1254
1270
1288
1266
1200
1154
1152
1166
1206
1278
1314
1280
1288
1244
1252
1214
896
550
402
416
392
348
326
296
276
298
306
296
302
296
354
386
372
386
384
354
374
386
360
378
384
334
376
376
376
524
724
930
1078
1162
1236
1278
1302
1354
1424
1426
1312
1212
1216
1250
1300
1368
1368
1330
1354
1378
1384
1398
1356
1348
1400
1380
1282
1252
1270
1310
1366
1390
1410
1394
1326
1258
1276
1316
1304
1296
1262
1260
1254
1216
1226
1246
1256
1250
1236
1216
1234
1270
1262
1256
1286
1276
1248
1202
1142
1164
1222
1272
1336
1366
1342
1324
1258
1238
1094
736
478
404
426
394
336
312
290
272
288
304
304
300
286
374
388
388
384
372
376
378
368
364
372
370
352
360
372
344
386
522
716
900
1010
1100
1184
1290
1394
1436
1430
1326
1224
1256
1296
1330
1380
1338
1314
1374
1392
1362
1338
1302
1304
1372
1370
1288
1254
1282
1338
1366
1342
1338
1358
1320
1260
1270
1314
1308
1260
1192
1190
1218
1208
1236
1264
1274
1254
1238
1240
1256
1282
1264
1264
1284
1238
1208
1196
1176
1242
1318
1362
1420
1434
1396
1342
1266
1208
958
592
420
386
398
374
344
312
294
302
282
280
294
298
296
376
382
400
388
356
378
388
360
372
380
358
358
350
354
336
326
386
534
702
820
938
1082
1268
1370
1392
1396
1324
1278
1304
1342
1370
1386
1330
1328
1390
1384
1330
1284
1256
1268
1342
1370
1312
1276
1314
1338
1310
1264
1276
1312
1298
1262
1278
1320
1312
1236
1160
1188
1214
1214
1260
1286
1296
1268
1248
1266
1290
1308
1274
1260
1252
1200
1180
1174
1190
1308
1402
1426
1452
1442
1388
1318
1256
1130
798
490
396
376
366
336
320
318
304
298
294
282
276
286
294
346
362
386
400
370
376
406
378
376
404
378
364
376
352
340
348
342
408
526
636
756
922
1146
1252
1310
1368
1342
1334
1334
1366
1390
1356
1302
1346
1412
1380
1304
1256
1254
1272
1332
1358
1314
1286
1342
1338
1260
1216
1240
1274
1282
1280
1308
1344
1324
1242
1180
1218
1228
1234
1280
1296
1304
1278
1244
1252
1288
1306
1258
1230
1218
1172
1158
1178
1238
1380
1470
1484
1474
1444
1378
1286
1224
1014
648
430
374
356
342
300
288
306
290
274
294
290
272
272
274
354
360
380
410
382
374
394
370
372
408
382
370
388
364
352
356
340
370
424
484
588
760
964
1070
1158
1292
1350
1354
1344
1350
1360
1314
1276
1352
1428
1384
1284
1240
1268
1304
1348
1364
1314
1308
1374
1342
1242
1206
1234
1268
1292
1298
1316
1352
1340
1270
1220
1224
1244
1274
1296
1292
1288
1272
1238
1242
1284
1292
1234
1190
1170
1154
1154
1196
1318
1472
1534
1534
1480
1430
1348
1212
1130
870
536
402
350
328
326
296
306
302
280
294
292
288
284
270
264
368
352
382
404
372
388
386
350
374
396
364
364
370
372
356
340
348
370
394
410
470
626
804
876
950
1132
1278
1344
1332
1298
1304
1270
1270
1364
1426
1372
1286
1272
1298
1340
1386
1384
1316
1330
1394
1348
1250
1216
1240
1274
1324
1298
1274
1340
1356
1296
1240
1234
1266
1306
1312
1304
1278
1252
1236
1236
1272
1262
1208
1170
1152
1180
1206
1254
1406
1540
1536
1506
1456
1410
1308
1142
1036
744
450
374
332
312
312
296
310
306
286
298
292
294
296
276
270
366
354
384
416
400
406
414
376
364
392
378
368
368
372
362
354
362
370
384
392
432
530
632
658
740
962
1196
1326
1302
1260
1246
1228
1290
1396
1430
1384
1332
1330
1356
1392
1426
1394
1310
1320
1392
1368
1282
1256
1288
1312
1338
1316
1286
1326
1334
1296
1266
1284
1298
1298
1310
1300
1254
1228
1234
1252
1272
1252
1220
1196
1200
1248
1268
1336
1488
1552
1498
1478
1460
1418
1286
1070
920
634
386
342
320
312
308
306
310
310
296
286
296
294
292
294
286
350
348
366
412
416
392
394
374
334
372
378
364
372
362
356
350
346
348
350
354
400
456
490
488
554
772
1074
1258
1214
1152
1144
1176
1278
1386
1438
1430
1388
1388
1414
1430
1430
1378
1322
1348
1406
1376
1314
1314
1338
1350
1352
1332
1312
1316
1322
1308
1292
1304
1298
1280
1298
1280
1228
1218
1244
1282
1306
1296
1276
1264
1292
1320
1338
1420
1488
1492
1474
1480
1468
1408
1216
952
768
514
338
312
292
300
314
316
324
312
294
288
292
290
286
304
302
364
350
374
400
398
396
378
360
350
372
370
378
380
368
358
352
360
342
332
334
362
390
416
420
444
604
896
1094
1048
994
1020
1106
1236
1348
1436
1450
1416
1410
1420
1438
1426
1370
1342
1388
1438
1410
1374
1376
1382
1388
1388
1344
1294
1294
1334
1316
1274
1280
1276
1264
1248
1232
1216
1222
1270
1334
1362
1360
1372
1402
1424
1422
1446
1472
1458
1454
1462
1470
1472
1376
1092
806
634
434
316
294
280
294
318
312
320
312
286
286
284
296
292
296
310
384
364
384
390
372
382
386
368
372
390
382
394
376
360
358
344
358
358
340
330
344
358
388
398
404
500
718
892
864
830
886
1064
1232
1312
1388
1418
1436
1422
1432
1458
1422
1370
1350
1398
1454
1446
1430
1430
1430
1404
1390
1370
1318
1316
1336
1298
1264
1270
1268
1252
1216
1210
1228
1270
1328
1376
1428
1464
1488
1530
1552
1560
1554
1500
1466
1466
1468
1468
1442
1272
926
626
488
390
314
294
300
306
320
320
320
320
292
288
290
296
296
292
312
376
374
372
384
372
360
378
370
362
390
386
380
370
348
350
338
334
338
320
312
328
336
364
388
386
424
570
718
686
626
710
976
1170
1240
1346
1418
1456
1460
1458
1458
1420
1368
1364
1416
1458
1452
1458
1464
1456
1428
1396
1356
1326
1336
1338
1296
1264
1276
1278
1256
1234
1250
1290
1344
1398
1444
1496
1542
1578
1630
1640
1648
1628
1542
1502
1486
1472
1448
1322
1052
728
474
364
338
310
304
302
292
314
318
318
320
290
284
282
276
278
282
300
384
384
372
376
378
376
366
356
360
376
368
372
372
348
346
348
344
324
314
312
322
330
358
374
368
398
454
534
528
472
542
812
1018
1132
1294
1408
1458
1486
1476
1430
1392
1366
1376
1422
1456
1446
1442
1454
1462
1452
1416
1356
1342
1368
1374
1342
1310
1316
1320
1302
1298
1326
1374
1428
1476
1536
1588
1626
1658
1698
1702
1700
1644
1524
1492
1504
1454
1336
1122
820
552
386
312
304
316
310
290
282
310
312
314
312
284
280
270
264
272
288
298
402
376
374
360
356
388
364
342
368
362
342
372
362
338
336
338
348
332
324
308
310
326
348
348
340
378
380
398
442
434
490
714
880
988
1148
1312
1450
1494
1458
1412
1372
1344
1356
1398
1434
1442
1458
1468
1468
1450
1430
1416
1402
1432
1450
1430
1412
1394
1400
1402
1396
1418
1464
1532
1576
1606
1646
1680
1704
1728
1756
1750
1650
1496
1450
1472
1370
1154
892
622
418
326
300
300
312
290
282
298
308
312
308
302
288
284
278
270
276
290
292
394
368
360
376
370
364
372
366
360
366
352
362
368
338
338
342
330
344
324
298
324
348
332
314
320
360
366
354
418
442
484
640
752
832
984
1178
1360
1456
1420
1372
1364
1358
1368
1402
1458
1496
1512
1510
1484
1452
1452
1462
1448
1474
1524
1530
1512
1468
1480
1514
1498
1512
1556
1612
1650
1676
1690
1716
1766
1782
1778
1754
1666
1512
1432
1374
1178
914
652
440
328
290
286
296
288
272
286
304
298
306
296
286
288
290
294
284
282
286
286
378
350
346
368
362
346
360
366
348
364
364
356
366
350
352
348
322
334
316
306
330
342
328
306
314
340
344
334
390
428
442
514
592
670
826
1018
1194
1334
1334
1296
1308
1350
1396
1436
1508
1566
1558
1540
1518
1468
1456
1462
1466
1498
1570
1618
1612
1582
1586
1598
1574
1586
1636
1676
1702
1718
1734
1772
1804
1790
1760
1726
1614
1430
1308
1168
922
664
446
330
294
290
294
294
282
276
292
294
292
294
290
288
290
288
292
304
296
284
286
382
352
378
368
362
362
336
342
358
354
352
362
354
360
358
336
330
326
316
314
314
314
322
308
314
320
312
328
358
398
404
414
452
514
648
824
996
1132
1166
1164
1190
1270
1370
1460
1552
1612
1622
1598
1564
1506
1476
1468
1488
1552
1644
1700
1706
1732
1732
1710
1668
1644
1686
1720
1740
1750
1762
1788
1782
1740
1700
1620
1458
1264
1096
898
666
472
332
296
294
290
292
292
280
272
282
272
278
278
284
290
286
278
284
304
292
284
282
384
370
374
366
368
350
336
352
352
352
350
354
356
360
360
340
332
334
318
312
318
318
316
302
314
316
300
310
328
360
370
382
398
420
494
612
738
868
960
992
1040
1148
1272
1400
1530
1620
1670
1670
1620
1564
1540
1514
1552
1642
1722
1744
1750
1790
1794
1792
1758
1706
1720
1736
1730
1744
1742
1716
1678
1604
1518
1396
1226
1052
864
648
452
342
292
290
304
294
284
298
284
274
284
272
278
282
286
286
280
276
290
294
280
286
274
378
378
344
354
354
328
346
358
330
354
356
336
346
346
358
344
322
326
308
310
324
322
320
312
316
316
296
286
310
332
346
368
370
378
408
458
516
612
726
798
872
976
1090
1228
1382
1500
1590
1616
1572
1544
1548
1516
1572
1676
1712
1716
1722
1732
1720
1722
1702
1648
1636
1644
1620
1624
1610
1536
1468
1368
1246
1120
946
760
594
456
348
298
292
292
298
302
292
298
294
276
288
292
290
292
292
288
278
272
284
290
278
274
272
374
382
376
382
382
356
340
338
348
354
348
342
332
336
340
336
336
320
312
320
328
328
326
320
320
324
310
310
314
322
332
330
326
344
366
386
408
454
526
592
654
754
884
1014
1156
1280
1362
1400
1398
1398
1422
1392
1472
1592
1588
1580
1574
1572
1556
1538
1508
1468
1452
1440
1398
1390
1382
1298
1212
1086
944
814
648
492
386
344
314
292
296
288
284
300
292
290
298
272
278
296
288
286
288
290
284
278
284
288
276
264
276
380
376
388
378
380
382
350
326
360
348
340
354
328
334
326
326
342
306
302
308
304
298
296
304
310
316
310
322
308
302
302
294
300
314
336
366
394
400
406
438
470
556
686
792
906
1022
1084
1132
1180
1196
1218
1194
1280
1388
1358
1344
1332
1316
1306
1272
1244
1240
1222
1194
1126
1090
1074
990
888
750
620
524
426
352
304
300
302
294
294
282
280
280
266
280
290
266
258
272
274
270
278
286
286
284
286
278
272
272
274
380
382
372
368
356
372
374
342
344
360
364
362
348
344
340
342
346
314
304
308
300
288
292
312
316
312
308
306
302
292
288
300
302
298
312
348
382
370
346
368
386
428
494
552
632
724
788
842
906
942
974
982
1054
1116
1076
1052
1028
1008
994
968
950
938
900
874
814
756
726
654
572
476
402
358
324
306
290
294
302
296
284
278
284
266
250
274
280
268
252
262
278
268
280
284
280
282
280
266
268
282
278
378
392
378
362
344
364
380
356
340
360
368
366
360
344
332
328
332
314
306
310
310
306
308
322
330
316
312
314
306
298
292
306
304
296
302
322
344
330
322
354
366
380
392
398
430
476
522
556
600
642
684
728
782
798
764
732
708
694
664
642
628
602
568
554
512
468
448
410
376
342
328
318
302
290
286
298
298
284
280
286
284
278
272
272
276
276
268
280
292
278
290
288
278
286
286
282
280
280
284
380
376
388
356
348
378
378
354
346
346
356
356
338
346
326
302
314
304
306
304
296
300
298
308
326
310
300
312
298
288
284
292
294
292
298
304
308
300
310
330
342
358
352
346
352
358
384
392
400
432
458
480
500
496
476
468
466
450
430
412
392
390
388
384
360
336
326
308
304
312
312
308
300
290
290
296
290
272
272
280
274
286
292
278
276
274
274
280
284
280
282
278
268
276
282
282
280
278
290
376
362
362
352
342
364
378
350
344
346
344
342
334
346
332
310
314
308
318
312
290
296
298
306
322
308
296
308
296
280
282
294
294
290
296
300
294
288
300
308
316
330
330
328
328
334
356
356
350
364
368
358
356
354
346
358
362
348
350
344
320
332
344
340
332
314
306
296
300
318
312
298
290
290
292
286
282
270
266
272
270
282
292
286
282
276
276
276
280
284
278
274
264
268
278
276
276
280
290
380
374
334
352
336
338
380
354
342
350
326
332
352
334
318
310
298
292
306
306
288
296
300
300
310
300
298
316
292
268
276
300
306
296
296
300
292
286
300
298
292
302
304
306
308
310
324
338
340
328
320
320
322
320
318
332
330
314
316
312
296
306
310
306
300
288
292
292
292
302
304
292
282
286
288
280
278
274
276
276
266
272
276
272
276
276
276
274
278
284
282
276
260
264
278
284
282
276
280
380
372
350
364
354
348
368
360
352
350
336
330
342
332
302
294
296
288
302
306
292
300
304
294
302
298
300
318
286
262
274
296
302
290
284
292
288
284
302
288
264
270
274
282
286
282
288
308
318
298
292
306
306
296
296
308
300
284
288
290
288
304
304
290
276
270
284
292
284
286
302
298
284
284
282
274
276
276
278
276
266
264
260
256
270
278
278
272
272
280
282
274
252
256
276
286
278
270
278
