150
170
174
162
508
506
508
508
496
500
502
442
450
444
436
444
440
458
420
392
368
388
376
392
390
390
318
310
314
332
328
330
330
314
300
298
284
300
318
296
294
260
260
246
264
260
264
248
234
234
238
238
238
236
252
230
194
192
208
216
188
186
220
184
198
176
168
178
166
176
154
156
156
144
162
174
156
166
150
140
152
136
150
134
148
148
120
138
132
148
136
132
132
128
112
132
114
126
112
114
132
120
106
112
116
112
116
108
106
114
120
106
128
120
106
128
88
120
124
106
118
122
128
116
96
140
140
100
116
92
118
102
100
114
104
102
104
114
114
108
122
128
120
122
114
124
112
106
104
126
144
214
228
214
180
176
154
174
122
124
486
146
162
156
162
506
502
498
498
502
504
504
442
450
448
448
432
426
442
412
378
376
386
384
380
402
376
326
320
326
328
328
332
332
306
300
298
286
294
276
300
322
258
258
258
232
266
250
248
236
238
216
224
228
240
240
228
194
188
200
204
190
202
194
180
178
196
200
176
184
196
180
144
134
146
158
150
140
166
134
140
122
136
158
154
148
130
128
112
130
144
134
138
150
122
124
120
140
156
132
118
110
118
100
118
110
114
124
102
98
110
112
98
106
122
112
116
112
112
110
108
112
106
112
104
108
100
112
106
112
106
112
92
126
116
118
116
104
100
100
106
110
106
106
90
94
96
102
120
122
122
112
192
192
202
184
184
186
168
136
126
504
148
144
114
154
296
280
94
404
510
508
508
444
434
446
434
434
440
440
404
398
390
388
406
378
390
380
312
314
312
322
310
342
324
300
298
296
290
302
292
308
300
252
238
264
242
250
268
250
218
244
230
226
234
240
236
228
186
180
200
180
174
210
196
178
158
170
166
164
166
170
154
150
172
142
150
128
150
136
140
136
150
130
148
138
144
118
138
130
138
136
132
126
124
122
106
128
122
128
114
128
102
112
122
110
114
118
114
120
104
108
106
104
114
102
108
98
98
110
96
100
106
106
106
104
118
108
104
92
122
100
102
130
114
98
116
94
120
76
104
112
106
120
110
116
104
112
114
120
118
112
102
176
194
186
196
178
156
174
128
118
498
148
148
82
112
250
190
158
230
74
314
510
470
440
432
434
428
458
456
362
400
378
412
386
394
390
394
314
338
328
336
324
322
324
294
280
300
292
292
276
270
292
254
234
258
282
230
256
248
232
244
232
242
238
212
226
204
196
198
192
186
176
182
192
160
172
174
150
166
166
164
142
144
152
182
194
204
186
172
96
164
144
142
140
130
120
112
134
142
118
138
124
130
138
142
96
126
124
114
126
132
100
120
112
104
118
112
114
112
108
106
88
108
118
112
106
104
106
122
120
110
102
92
130
124
114
104
94
104
138
110
86
118
104
110
104
120
104
114
96
96
104
118
114
94
104
102
124
108
104
108
120
174
198
198
206
168
152
138
114
132
506
152
146
98
98
150
26
152
176
140
196
46
304
444
454
440
438
454
442
384
392
370
382
384
406
398
384
316
328
334
328
336
316
328
282
298
294
294
282
296
284
308
230
248
260
242
242
250
264
222
236
210
214
226
240
222
214
198
172
210
190
190
184
184
148
144
160
174
160
160
164
148
138
178
102
184
96
36
204
178
34
154
10
114
174
118
134
144
132
104
120
134
126
108
114
114
112
130
108
120
114
120
114
88
130
114
114
104
100
94
106
96
114
122
84
116
102
94
114
106
100
106
102
96
96
92
102
104
108
128
122
106
100
92
94
98
96
114
92
100
96
110
118
108
122
112
98
100
106
120
108
104
192
196
210
204
186
170
164
120
148
508
152
146
100
36
54
16
78
96
108
124
114
116
40
170
284
344
374
414
402
370
366
406
394
388
404
380
332
334
336
326
338
328
322
290
298
298
290
298
298
324
288
248
256
264
264
262
228
258
230
230
234
230
228
238
228
200
204
164
204
180
182
154
170
154
164
148
170
168
152
146
122
138
94
70
94
126
100
24
100
120
74
122
122
114
106
118
76
64
20
142
130
116
144
114
132
118
114
116
110
112
108
98
104
94
104
120
124
110
100
78
130
118
94
120
96
92
110
92
114
98
106
86
98
108
100
104
98
112
116
140
114
94
96
64
96
112
108
118
132
94
110
108
92
120
102
100
118
102
102
84
92
214
220
182
176
162
170
144
106
148
488
140
140
74
38
54
60
48
22
78
26
102
46
138
104
196
158
178
190
176
176
180
170
182
176
176
154
152
198
256
292
374
374
354
310
278
306
290
272
282
288
266
254
250
240
246
252
276
250
232
232
252
220
222
230
212
196
176
194
178
170
156
190
190
144
152
166
124
160
126
134
130
88
86
60
52
66
40
28
68
74
104
52
72
54
96
108
42
94
106
94
68
78
84
66
76
80
68
84
110
118
102
100
102
98
100
126
106
118
90
86
102
90
102
108
88
94
112
122
114
120
102
118
108
90
102
102
108
108
126
134
74
94
104
106
98
104
106
92
96
122
86
108
106
102
96
102
100
106
100
98
92
194
174
206
184
172
162
138
90
164
480
148
140
110
46
58
44
44
48
76
76
66
68
100
84
88
176
122
172
168
182
186
178
186
164
178
174
174
184
184
174
174
182
188
172
192
182
184
188
196
172
172
170
176
196
238
300
336
326
256
246
230
252
240
230
214
188
204
176
176
160
174
178
174
154
140
148
148
150
118
118
30
50
44
86
26
58
4
46
48
60
86
74
100
92
76
80
98
50
112
92
94
106
78
58
44
116
76
46
78
44
56
104
88
58
92
104
60
66
54
102
80
72
70
50
54
32
46
60
38
68
48
56
64
120
102
116
110
110
92
100
90
94
96
112
100
92
66
88
88
86
96
106
96
102
110
98
112
96
102
102
116
192
196
178
202
168
142
116
112
186
508
140
140
112
34
18
10
56
46
26
28
64
66
16
84
68
94
202
144
178
178
180
176
184
174
186
182
156
168
180
178
180
194
172
178
182
188
186
172
186
210
170
184
176
178
186
198
186
174
180
192
190
164
176
192
166
140
124
130
144
166
258
290
282
186
158
144
134
144
212
66
102
110
46
48
110
70
116
136
102
112
122
66
90
98
76
64
92
76
122
132
92
106
8
92
140
118
92
66
92
86
22
60
130
132
78
80
88
54
138
130
74
178
106
92
84
130
116
94
74
78
38
70
58
82
62
70
36
50
74
56
48
62
92
106
82
88
92
74
96
82
108
102
104
110
108
108
104
108
102
116
126
186
196
204
190
152
166
130
106
236
508
144
132
94
34
20
6
56
24
66
54
50
8
70
62
60
100
100
200
170
158
174
174
172
174
174
176
172
178
176
178
178
196
184
184
196
190
180
180
196
188
188
190
180
180
182
200
182
202
172
186
174
186
182
184
166
164
168
164
144
170
166
138
144
150
144
116
112
128
72
28
44
38
24
134
70
80
168
118
112
78
114
102
116
132
10
112
106
106
42
98
140
74
162
162
126
44
82
92
112
36
62
130
110
84
62
108
114
92
122
84
102
156
156
106
212
182
110
124
122
110
104
108
120
136
148
86
68
86
52
88
60
42
34
48
74
54
62
102
90
88
96
80
70
94
102
90
100
96
78
90
188
184
180
178
180
156
160
132
90
284
510
152
142
96
44
50
18
46
46
28
38
62
54
52
42
50
76
94
46
182
90
198
178
174
162
182
166
184
186
178
160
170
184
172
174
174
188
184
182
172
170
240
40
76
148
134
148
170
178
156
172
158
168
172
152
178
150
162
150
158
140
140
108
110
104
66
106
64
102
44
106
124
166
92
106
16
66
92
74
106
46
158
66
158
116
138
158
184
86
104
6
120
212
160
84
146
56
84
48
110
64
106
148
164
94
116
20
144
162
154
212
162
148
96
88
254
124
192
116
160
196
108
142
122
84
130
144
198
126
98
114
68
44
56
46
84
70
46
60
58
32
44
92
92
80
110
98
112
96
98
96
284
184
190
172
162
162
142
128
100
284
508
150
142
90
16
68
46
34
50
4
36
50
16
52
60
66
54
54
86
56
146
188
158
146
180
150
176
182
166
176
178
154
148
168
166
148
170
170
176
156
200
28
74
104
56
164
122
140
106
130
120
128
162
60
136
70
190
104
56
94
100
114
88
158
116
126
150
114
60
184
90
178
232
126
134
68
108
122
174
130
136
78
172
102
118
96
46
86
42
78
154
182
100
86
130
146
170
138
50
120
150
70
86
92
112
98
138
194
204
122
216
144
206
138
172
232
120
164
142
136
258
250
116
114
186
116
168
126
166
170
104
220
78
62
102
96
46
34
46
122
56
70
30
52
68
64
94
114
110
94
102
322
192
180
174
188
158
144
142
102
278
508
142
134
88
22
30
32
36
10
28
28
26
38
60
10
60
26
64
66
94
50
118
136
184
134
158
162
172
172
174
174
178
162
164
168
166
160
164
138
142
174
32
130
172
190
144
452
80
160
70
234
174
148
200
96
194
144
156
138
164
84
204
164
110
192
196
230
168
186
150
200
186
40
198
194
170
146
128
6
176
6
216
120
102
116
86
186
120
98
118
106
134
114
260
276
82
214
294
140
200
212
188
238
116
94
158
162
168
242
168
160
220
158
230
152
160
180
104
190
116
162
240
166
160
176
140
130
122
156
202
216
286
172
262
40
50
52
40
54
92
38
46
68
62
38
44
62
48
64
76
112
348
184
188
190
188
172
160
134
80
272
510
138
128
88
42
52
44
0
36
46
48
22
30
0
54
38
50
58
56
30
104
90
76
30
28
164
70
158
136
154
170
152
152
148
158
170
168
144
116
134
142
128
214
194
192
166
96
130
84
174
206
176
194
206
170
190
252
210
186
222
212
184
220
236
126
150
146
144
116
158
156
242
190
34
108
170
18
110
132
138
112
136
102
14
184
140
204
210
114
104
88
208
176
22
168
114
136
128
178
140
256
166
140
168
124
142
150
140
250
166
194
152
108
142
212
170
190
166
108
226
264
150
136
154
164
274
172
200
152
98
192
132
54
128
108
70
78
98
72
92
102
60
104
92
110
66
94
38
32
42
70
90
176
188
178
144
176
152
132
76
378
510
132
148
104
14
20
0
58
56
28
46
36
24
20
16
8
20
40
54
74
94
82
220
178
140
96
172
166
84
74
132
162
136
146
148
156
156
136
128
146
190
46
214
264
154
198
194
226
228
182
150
196
42
208
228
184
202
202
156
166
94
166
80
170
210
160
144
20
176
228
28
142
192
216
128
124
202
184
162
136
106
136
124
118
138
178
56
118
164
106
148
86
142
100
118
150
148
178
32
152
114
126
164
250
238
178
128
258
202
138
172
116
214
202
126
186
200
188
178
298
172
270
180
138
168
378
334
140
110
92
128
168
126
156
64
80
126
146
122
134
146
132
68
86
76
104
56
58
42
54
104
82
82
64
168
176
168
122
124
92
446
510
144
138
116
6
46
34
4
16
22
14
20
0
24
8
24
38
34
40
48
122
232
140
186
60
258
100
220
62
206
78
122
20
132
46
172
210
40
240
52
242
206
212
240
166
66
234
32
146
182
176
72
250
252
208
166
238
150
224
184
230
168
118
150
232
174
200
130
158
192
164
142
150
152
174
190
172
34
130
116
172
78
144
92
140
154
202
172
152
106
154
224
124
158
108
136
150
154
96
108
198
144
132
108
174
130
176
222
38
186
162
204
142
160
226
180
210
192
280
144
212
196
252
224
280
298
200
150
138
136
172
164
218
188
88
110
124
118
132
108
152
118
88
68
82
98
112
86
58
42
96
76
82
130
138
86
146
138
102
82
490
508
154
132
104
58
56
46
32
28
34
18
34
30
6
32
36
40
40
30
166
166
44
278
224
224
202
276
76
302
90
136
258
202
58
222
202
46
224
234
220
138
150
210
54
198
200
214
218
178
220
218
184
136
156
282
166
236
188
130
124
182
154
258
200
186
196
136
182
194
84
194
108
24
116
126
142
162
40
140
102
96
132
122
114
96
164
132
178
190
138
120
176
82
248
182
176
204
152
152
250
214
148
168
118
146
170
184
190
178
140
152
178
176
232
200
180
200
188
206
154
220
330
260
208
202
180
204
172
166
128
156
96
172
102
132
130
96
126
144
136
108
156
98
132
168
176
136
190
200
136
54
150
250
72
122
160
212
92
92
86
450
506
120
136
130
72
18
10
14
26
6
12
4
14
18
6
0
16
34
68
26
250
240
276
208
232
246
104
266
178
226
130
352
144
280
170
168
258
28
46
264
312
36
268
272
34
186
164
72
206
44
234
158
206
200
238
200
272
190
236
244
140
118
222
226
242
156
226
174
180
238
172
236
166
130
186
136
186
200
140
112
128
110
144
156
132
222
142
170
222
120
200
150
206
108
152
176
164
210
206
204
224
156
172
196
194
106
256
152
196
156
158
174
226
212
176
148
184
246
238
174
226
230
160
152
226
146
226
242
178
110
198
114
162
116
142
182
148
64
84
100
104
76
136
148
136
156
138
216
60
132
446
394
104
306
120
82
176
148
184
68
460
510
156
138
122
110
28
22
10
12
6
22
12
16
32
36
24
38
44
178
246
206
142
276
254
52
280
224
32
290
68
270
232
26
206
102
82
242
202
202
244
276
190
22
224
178
262
218
250
190
40
292
256
136
208
230
230
224
218
228
32
234
176
170
262
240
292
156
152
216
190
158
196
140
234
196
174
104
192
178
148
130
136
166
190
182
218
210
110
168
158
132
152
220
170
220
170
162
150
208
208
162
184
208
172
172
242
242
186
186
138
168
210
224
222
184
156
174
208
202
124
152
196
196
176
180
138
94
100
200
200
130
218
112
102
220
110
132
92
94
78
68
96
96
134
126
142
180
222
174
162
450
36
34
22
422
86
98
90
116
112
454
510
134
148
130
112
10
44
30
42
32
16
70
32
18
26
32
40
32
130
224
234
86
328
310
304
268
256
214
234
98
260
246
184
260
172
216
184
184
134
192
178
198
240
246
192
112
190
174
194
222
298
34
220
170
180
100
272
220
250
122
226
184
236
248
222
138
194
210
206
92
224
186
178
236
164
134
172
218
176
252
200
106
130
210
168
234
244
154
216
134
124
206
184
170
224
140
148
210
134
218
232
212
224
222
52
202
220
164
212
126
156
248
156
142
220
226
144
150
92
96
112
152
130
172
168
138
202
180
212
164
158
122
118
118
154
120
82
54
20
50
42
64
68
138
148
112
166
150
168
52
496
52
26
232
370
144
94
40
132
180
112
508
126
136
104
106
52
12
0
0
2
0
0
0
2
0
6
6
12
100
10
222
238
216
248
40
74
242
294
260
334
118
180
126
222
214
114
38
214
254
258
278
34
284
190
286
32
202
218
244
200
180
244
206
204
148
186
212
232
210
174
154
134
180
218
202
200
164
188
70
218
164
208
144
234
150
232
230
198
152
192
206
140
160
172
150
56
236
232
182
192
206
162
218
178
204
242
262
218
222
160
190
180
220
112
196
258
102
168
306
260
142
80
136
140
160
272
130
202
204
196
234
54
120
222
202
140
222
140
216
154
168
90
126
158
74
62
108
42
44
46
24
66
94
136
136
82
100
208
40
62
296
362
350
466
220
80
42
58
58
44
86
508
138
114
116
118
56
6
4
6
2
12
0
8
6
18
34
44
134
218
248
316
264
102
336
318
280
322
288
282
312
246
262
72
208
230
248
228
234
204
100
276
196
270
72
284
262
254
20
292
198
176
192
200
182
198
198
214
246
220
246
158
228
196
206
218
248
106
232
146
162
146
184
144
194
148
222
244
42
242
184
294
156
192
220
192
168
242
154
168
188
176
140
138
154
92
132
150
156
188
206
156
156
146
156
206
210
152
76
204
204
210
38
204
118
144
196
188
254
176
188
62
140
126
102
194
130
160
160
126
210
136
62
30
86
78
42
30
26
118
46
46
80
160
130
170
96
92
76
66
32
52
132
98
84
100
94
304
28
50
250
190
506
134
114
102
98
20
74
60
76
60
66
46
90
50
38
38
28
50
170
258
260
316
58
234
296
212
288
240
118
232
258
238
254
228
232
256
228
242
206
124
206
258
206
236
224
190
196
198
192
158
180
168
174
172
172
198
182
170
184
120
172
140
144
146
148
200
166
206
80
166
172
168
192
104
182
200
142
156
192
156
136
188
162
140
190
194
210
86
50
118
184
224
226
124
184
168
250
192
144
14
126
152
188
164
64
122
176
170
158
192
144
176
214
154
162
124
150
184
114
164
80
72
168
170
188
182
182
174
172
146
86
62
72
56
48
32
32
28
126
70
102
64
150
194
156
180
90
124
110
108
50
58
96
304
382
82
54
52
96
66
494
508
122
120
102
74
14
0
0
0
0
18
20
18
32
18
6
18
18
136
166
188
208
250
104
220
36
266
254
238
176
314
296
168
160
238
54
18
238
266
240
214
164
240
206
16
220
224
240
174
172
250
260
188
202
238
232
198
198
198
198
190
38
222
234
204
170
144
222
180
222
190
254
270
158
202
198
192
214
194
220
192
248
200
170
164
158
152
210
86
108
110
174
166
190
214
204
168
140
196
198
192
196
138
158
114
166
126
112
182
194
160
132
178
184
140
148
158
158
128
124
130
148
172
196
180
112
132
188
142
110
42
56
50
40
44
46
14
46
96
60
54
36
110
64
78
126
152
194
88
264
272
260
294
166
154
168
30
36
44
84
490
508
126
112
88
22
28
24
30
12
4
0
2
4
2
0
6
14
12
100
80
218
224
224
22
248
206
228
238
230
282
260
12
252
246
274
216
260
276
146
254
212
122
250
232
200
222
218
196
182
188
250
200
20
262
216
210
220
200
242
230
186
244
220
200
238
208
134
210
180
128
218
190
232
212
250
258
224
250
198
232
178
218
162
200
132
136
164
204
218
160
216
100
180
168
230
166
192
120
206
192
160
166
162
104
150
136
62
184
140
116
164
94
164
140
172
142
204
26
152
184
70
160
208
136
188
152
160
128
200
110
44
88
62
82
60
20
48
32
106
56
42
40
96
94
104
160
220
152
252
270
420
178
162
216
38
106
192
56
34
84
500
502
118
102
52
30
18
6
14
12
6
2
0
8
4
12
0
10
24
122
144
224
28
218
234
188
192
186
18
238
250
270
222
220
220
210
238
248
260
220
234
252
236
218
234
258
190
174
224
194
250
210
220
230
212
230
216
244
250
212
206
222
234
224
272
228
226
180
224
244
186
202
236
230
202
236
212
170
184
174
104
188
192
154
196
172
210
112
164
180
188
178
128
158
180
216
156
150
196
202
152
114
118
178
156
146
166
170
114
178
172
164
94
112
168
118
142
138
86
110
130
176
198
192
202
162
152
156
134
202
182
52
46
30
38
26
24
36
42
86
64
54
72
72
112
108
88
186
164
254
406
204
188
188
104
28
122
66
44
52
144
290
370
116
92
28
30
22
12
16
16
16
14
10
16
16
22
24
42
42
130
126
204
192
192
212
190
150
126
204
202
208
190
210
244
214
162
228
224
50
226
236
228
226
222
236
220
222
212
236
236
234
250
196
210
232
228
202
236
190
238
212
190
226
164
226
198
192
208
226
254
200
192
236
190
202
214
172
210
210
208
200
198
188
146
194
194
160
156
168
168
162
192
112
148
172
156
160
190
110
164
154
120
126
170
164
136
148
136
170
148
90
152
112
116
162
134
102
158
126
170
144
204
168
178
196
140
180
136
102
198
226
64
30
26
24
42
32
24
54
168
48
68
96
74
114
140
128
182
158
318
280
168
130
64
72
222
144
148
156
174
162
172
348
110
82
42
28
2
6
20
4
14
6
16
36
36
12
40
38
4
20
20
108
180
50
206
32
178
204
180
178
168
172
186
202
212
202
230
208
224
194
56
172
186
120
176
184
194
192
128
192
172
210
214
186
222
224
192
156
80
214
202
220
170
206
194
200
210
176
214
254
228
204
240
180
202
244
210
204
186
168
226
220
156
178
190
124
186
172
128
196
148
190
148
112
122
168
146
158
140
166
178
172
114
170
138
140
166
160
176
134
78
156
150
158
160
146
154
154
118
152
184
182
208
170
194
192
116
152
142
212
174
102
28
52
56
102
46
48
64
228
76
142
120
66
156
152
136
176
216
220
154
78
34
68
208
262
264
262
366
162
116
122
496
104
30
12
6
4
6
12
20
34
34
42
26
20
28
8
26
32
40
28
4
110
208
206
176
164
120
44
184
124
134
112
128
118
116
164
200
60
178
146
158
146
182
164
150
182
156
170
198
156
194
138
160
144
210
176
166
202
188
180
182
156
144
182
174
208
198
230
254
250
210
258
262
210
224
214
210
134
202
236
40
142
174
166
146
174
140
102
188
20
150
98
86
104
148
82
150
160
158
12
154
160
160
158
138
118
158
134
124
170
130
140
164
166
170
108
170
156
154
204
208
178
194
166
184
118
148
208
158
114
80
48
48
72
58
106
112
64
108
196
104
198
116
162
166
196
210
254
104
50
78
104
298
290
194
200
218
190
70
150
304
508
104
20
12
22
0
6
12
16
24
2
0
20
30
20
0
24
6
32
16
56
48
76
172
28
118
114
112
108
110
66
8
32
28
26
26
54
52
64
70
76
84
80
118
124
142
174
132
120
176
156
104
160
154
142
138
140
148
166
200
202
182
196
218
228
232
208
236
250
222
220
236
250
202
188
220
226
208
196
194
188
196
190
166
182
168
148
158
168
110
144
154
166
156
130
148
188
162
126
116
126
152
152
124
134
154
146
164
136
160
160
128
92
108
164
172
180
118
138
174
132
196
162
206
184
178
150
214
122
120
94
142
28
68
100
76
70
52
146
156
114
164
170
116
116
206
198
150
116
66
116
294
240
200
244
150
214
258
196
286
416
500
92
24
10
0
0
4
14
12
18
18
22
24
0
16
36
36
48
34
26
66
58
60
98
60
74
30
14
6
6
8
4
10
4
2
4
0
4
2
6
30
40
34
42
62
108
126
124
150
172
156
136
178
180
154
196
192
208
222
174
214
208
146
150
202
222
208
200
216
182
226
224
216
222
238
238
182
232
196
222
156
162
182
172
172
176
196
164
116
138
158
134
154
176
140
144
172
152
112
146
124
154
170
146
156
122
178
140
168
138
140
182
166
172
162
162
152
190
174
178
214
174
140
164
178
162
182
166
82
86
54
90
98
64
138
152
154
92
168
160
170
182
124
104
108
214
232
180
108
180
132
192
200
194
112
166
110
210
16
226
508
490
68
18
8
6
6
18
30
28
32
0
18
22
30
32
20
26
52
38
92
70
28
32
34
4
4
16
28
18
30
30
44
32
20
24
22
12
6
6
18
6
2
14
48
96
78
122
116
102
136
180
184
180
144
180
172
156
190
178
100
168
162
150
156
140
188
168
150
210
186
224
190
214
236
214
196
176
196
176
208
154
184
128
168
162
202
108
172
192
172
134
152
128
158
110
176
108
120
152
122
138
126
100
158
150
152
116
164
148
158
146
174
186
168
188
180
164
168
184
162
164
192
168
210
146
170
142
122
94
54
44
58
174
92
278
172
180
190
132
130
190
188
170
146
82
160
186
142
176
110
56
70
58
106
110
154
36
18
12
350
468
496
74
20
12
10
6
18
28
4
38
18
22
0
32
4
22
58
12
64
56
44
22
14
20
30
42
36
48
58
50
58
74
60
66
50
46
30
34
6
2
2
2
2
2
8
28
110
132
142
114
168
158
202
194
180
182
162
186
180
120
192
120
116
160
126
144
140
162
158
162
154
180
218
184
216
200
158
158
204
162
192
188
158
184
174
150
154
188
184
178
118
178
190
160
166
138
136
138
162
100
180
166
124
136
108
146
174
170
162
98
158
132
114
68
68
52
48
64
66
72
80
58
40
50
60
88
62
58
40
44
12
36
48
130
176
162
206
200
176
188
124
78
56
36
58
94
82
90
72
78
92
70
42
176
40
40
26
18
8
376
478
500
16
28
16
0
30
16
24
26
32
0
28
32
84
58
48
56
68
58
40
24
34
42
54
56
64
84
78
84
78
84
84
80
60
70
58
58
28
36
0
0
0
2
0
6
12
30
106
112
134
178
166
182
236
238
176
214
186
200
176
164
158
164
148
104
132
160
154
142
162
110
102
146
150
152
200
224
190
182
70
184
182
226
210
192
206
194
220
210
212
214
198
154
148
154
188
150
164
176
158
140
146
158
154
156
138
172
162
162
112
30
18
14
8
6
6
6
6
20
14
16
22
26
16
36
46
56
48
52
58
88
168
252
242
272
222
160
196
140
154
146
244
176
64
50
52
40
44
44
58
86
128
58
54
58
32
40
18
16
474
494
472
6
32
28
4
6
8
32
4
38
46
58
72
78
38
72
56
40
16
48
50
82
66
74
90
74
100
84
104
94
106
86
86
92
106
82
78
68
50
6
0
0
0
0
0
0
8
14
32
22
86
148
174
178
210
200
254
214
202
138
110
208
196
178
156
212
198
128
140
158
172
154
170
138
170
192
218
214
262
220
258
176
180
196
230
268
254
282
234
234
248
276
250
264
206
240
188
210
194
190
168
142
176
152
154
92
144
164
114
14
4
4
0
0
0
0
0
4
6
4
4
12
2
6
8
28
38
38
42
106
156
226
256
264
280
242
166
160
160
164
138
140
112
124
80
86
48
60
22
52
44
50
56
54
46
42
56
20
18
476
464
504
2
34
30
20
36
0
44
46
50
58
74
32
48
48
62
22
58
68
96
100
114
100
114
114
102
104
104
108
94
96
124
94
102
94
104
76
68
28
10
2
0
4
0
2
2
8
12
6
12
20
26
108
156
206
204
170
224
192
162
154
210
246
182
220
230
228
218
202
214
224
230
188
190
188
186
234
242
252
256
254
242
142
216
196
246
264
262
288
274
284
306
298
316
274
266
262
240
232
200
202
212
210
196
184
160
136
142
134
32
10
4
0
0
0
2
2
2
2
2
10
12
4
6
22
28
42
40
66
118
212
236
254
254
262
240
234
166
192
184
128
102
78
44
52
16
28
36
38
52
54
54
52
72
58
48
40
18
26
504
462
498
16
40
12
22
28
48
34
60
62
54
56
40
62
28
56
84
94
98
126
126
112
120
116
110
104
104
106
104
106
114
126
126
96
86
114
96
60
8
6
8
2
2
2
4
2
18
10
8
18
28
24
38
38
78
108
94
136
152
170
164
198
182
200
198
228
188
210
208
216
218
224
218
210
214
230
226
256
244
224
200
154
110
126
148
240
286
252
210
284
262
282
276
252
284
300
264
260
238
246
250
226
246
224
240
242
268
196
216
152
122
6
0
0
0
0
2
0
2
2
4
10
14
18
26
30
36
72
130
198
206
208
204
218
210
170
166
136
128
100
12
14
24
30
28
36
30
52
62
48
56
74
68
78
52
52
56
20
36
488
372
484
38
44
12
28
46
46
48
48
50
38
44
26
48
80
102
104
114
118
96
126
90
124
104
122
118
126
118
86
108
112
98
124
114
92
110
96
88
14
0
10
10
6
6
18
14
26
28
36
28
26
42
40
34
16
2
0
0
38
68
108
140
150
164
164
158
160
146
144
150
202
118
124
130
144
190
134
112
104
86
42
60
60
90
154
164
244
268
262
190
264
250
260
276
280
302
278
268
298
266
254
276
274
258
278
258
264
248
250
246
204
146
4
0
0
0
4
0
4
8
10
30
12
18
24
24
54
100
130
148
164
190
194
168
82
22
22
28
26
26
26
42
38
56
46
46
58
46
44
52
50
68
86
82
64
58
36
16
36
474
472
496
50
52
46
44
32
44
56
72
20
38
64
84
82
92
102
112
100
128
110
112
114
124
130
114
122
126
114
102
112
130
130
124
118
126
100
96
48
22
20
12
24
4
14
24
28
42
32
26
22
28
32
26
4
6
6
8
10
4
0
0
6
4
36
76
102
116
98
82
84
68
46
28
10
12
12
10
18
26
10
18
40
46
94
94
138
72
190
168
152
214
246
230
260
246
246
234
236
244
258
258
238
248
246
248
250
264
238
248
224
202
200
182
110
38
8
2
2
8
2
2
6
10
12
26
88
138
120
112
114
26
20
4
18
32
30
34
40
42
36
50
52
42
60
54
46
66
62
50
58
86
64
88
64
66
60
46
18
56
506
486
502
38
52
32
32
36
22
32
56
66
84
96
98
118
100
122
106
106
118
120
126
114
134
122
114
108
138
102
120
130
126
114
114
120
106
114
78
18
22
18
18
26
18
16
24
34
26
22
32
50
6
4
18
18
18
20
24
30
16
14
8
14
4
4
0
4
2
4
2
0
2
10
0
8
4
8
20
28
48
50
48
46
160
146
66
62
76
136
134
150
174
188
210
188
192
198
180
160
182
178
188
166
156
168
162
140
148
150
142
116
128
134
108
98
94
80
62
46
30
26
38
38
34
18
10
10
18
10
18
22
28
32
40
34
44
54
40
44
52
54
56
56
68
66
56
58
56
58
76
80
72
84
74
84
74
56
38
30
58
498
488
482
58
244
180
156
94
82
92
84
100
108
110
112
104
108
122
130
116
112
114
120
124
122
130
122
126
118
128
106
136
126
126
118
104
134
116
84
28
24
24
26
32
34
32
40
34
8
22
30
34
36
38
50
48
52
52
50
44
36
38
40
28
32
30
24
22
26
18
12
16
48
50
54
44
54
48
96
104
106
38
8
2
4
8
4
4
6
2
12
4
6
14
8
18
48
58
64
64
72
90
66
94
104
90
64
62
94
88
80
66
12
2
6
6
8
6
6
12
8
4
16
14
8
32
24
18
34
34
34
36
30
46
50
58
54
56
52
54
72
66
52
52
70
78
80
76
66
80
56
76
92
104
98
88
68
60
38
26
62
508
422
504
86
292
268
270
266
286
304
316
360
358
346
286
356
302
324
332
356
328
284
214
148
116
134
118
118
128
120
128
130
138
120
120
130
112
106
110
70
48
32
30
44
42
48
56
42
58
52
56
64
72
66
60
84
70
72
62
74
80
56
60
58
56
56
42
46
36
30
34
26
24
22
18
18
24
18
12
12
10
8
20
10
18
12
10
12
8
16
14
20
16
14
18
4
28
16
12
24
20
22
14
14
14
22
14
20
20
16
20
12
22
18
24
20
30
26
18
20
34
38
28
32
28
52
40
36
38
44
50
50
66
74
52
72
64
70
64
72
86
60
70
72
90
66
68
80
86
84
62
84
90
90
86
84
82
60
50
18
70
502
500
458
90
306
286
294
302
312
340
358
376
430
392
360
342
326
296
294
248
290
272
284
264
266
298
282
278
256
300
298
296
276
270
288
306
338
270
222
178
140
106
114
110
100
120
88
108
100
88
108
94
86
84
88
90
94
100
72
88
82
86
82
78
70
66
56
48
42
34
36
36
26
26
28
24
20
30
20
26
24
28
26
24
36
22
32
36
30
30
34
24
36
34
44
38
38
38
26
32
40
36
36
32
34
34
44
42
38
44
40
40
34
36
42
46
46
42
38
54
50
36
40
44
52
58
54
66
72
68
40
60
66
66
64
70
70
70
64
64
82
86
74
78
84
80
86
84
80
88
82
72
82
124
94
92
104
82
44
32
70
484
486
458
92
278
312
314
312
322
262
314
360
412
260
348
332
314
306
290
282
284
284
278
254
230
264
282
256
258
258
278
274
266
284
260
276
258
294
254
294
294
276
266
238
244
286
256
262
258
278
270
244
240
204
174
130
106
108
102
108
110
102
110
98
78
60
66
56
54
46
54
42
46
36
42
36
34
40
36
36
40
42
42
32
38
38
48
44
60
44
48
50
58
50
46
48
52
64
54
62
60
58
62
56
50
54
54
72
64
64
66
58
56
60
54
62
48
54
48
62
56
54
60
54
62
68
78
56
52
68
68
58
72
86
86
60
92
82
86
82
84
100
82
90
100
80
96
96
74
100
72
78
98
110
94
84
82
60
50
22
98
488
458
496
82
306
274
246
148
216
312
394
392
334
388
372
330
292
306
304
286
234
284
266
262
170
268
256
272
274
250
272
286
170
290
110
274
278
276
284
270
210
270
244
272
254
264
274
268
260
264
258
252
256
274
224
212
248
224
234
242
220
232
236
230
180
210
212
210
168
124
62
60
52
60
38
56
54
56
48
46
52
48
58
50
56
66
60
60
68
60
70
62
66
72
64
60
78
66
76
80
76
86
74
82
58
72
68
74
84
84
58
68
70
86
64
54
70
54
60
68
66
54
72
70
68
60
62
82
72
72
88
78
78
84
100
88
108
106
94
90
88
98
88
90
88
104
100
100
74
112
90
104
98
114
118
98
78
64
46
20
166
474
484
480
90
322
342
350
304
342
362
378
326
382
368
346
364
334
296
314
302
294
226
164
168
118
256
264
264
178
272
284
268
192
268
274
274
204
270
288
274
274
280
242
250
260
264
292
300
260
286
274
258
270
188
274
102
234
258
256
254
230
132
242
218
238
220
226
228
222
232
192
212
174
174
158
168
162
120
184
186
186
198
200
186
142
88
64
68
62
78
76
72
78
82
76
80
70
80
78
98
90
86
78
90
114
82
78
74
58
86
56
78
74
68
70
72
78
72
78
80
60
78
76
82
74
74
80
76
60
88
80
80
92
84
114
100
110
116
108
112
118
88
102
108
116
108
94
90
110
106
104
126
120
106
100
100
68
56
42
24
240
458
486
484
