348
488
488
446
126
154
180
166
172
170
194
202
182
208
194
200
204
196
200
180
202
200
202
208
196
214
204
190
202
218
244
222
224
252
210
234
232
220
204
202
210
236
234
216
230
218
228
160
322
156
176
170
154
164
180
172
168
164
154
172
180
166
178
158
174
156
162
162
194
168
172
186
202
188
188
186
184
182
194
194
196
206
192
208
218
200
218
216
222
202
224
226
210
226
240
236
232
234
240
234
276
308
290
294
298
298
304
284
302
282
300
300
208
280
292
290
286
296
294
296
288
294
298
300
274
286
288
272
282
276
288
278
276
276
276
274
274
264
132
256
278
278
274
282
266
264
276
264
266
270
278
238
80
32
34
24
28
18
14
504
510
470
484
262
264
132
154
194
192
178
178
194
186
192
186
188
200
210
198
198
214
222
222
212
218
218
202
218
232
210
212
228
220
226
232
216
228
204
228
224
216
242
232
222
234
244
224
228
228
238
218
184
214
214
172
170
170
152
160
180
158
174
180
184
164
196
168
174
180
182
168
198
186
188
178
192
190
160
202
208
192
210
208
192
192
190
224
226
212
218
212
224
216
220
236
208
224
222
244
232
240
254
238
246
258
306
296
284
308
312
296
306
290
298
296
300
292
288
304
296
288
298
294
300
300
278
286
298
312
290
278
278
292
284
288
272
262
268
282
282
286
280
240
134
264
270
278
272
272
266
276
284
268
258
258
248
184
48
28
24
20
14
466
456
320
112
76
158
176
192
206
202
168
170
170
182
184
186
174
190
194
212
206
210
226
216
202
216
204
210
220
224
206
230
220
214
212
228
232
216
238
224
214
220
234
238
250
228
234
244
236
230
240
228
232
218
218
238
218
188
190
156
182
178
160
176
196
172
174
176
178
176
180
196
208
192
194
176
176
200
176
202
184
194
200
192
198
210
208
218
214
212
228
224
230
216
236
216
254
230
210
218
234
250
240
246
242
246
254
264
280
300
296
308
314
280
306
302
300
272
314
290
288
292
298
282
292
282
296
288
224
286
276
280
270
276
276
268
290
274
286
280
282
282
272
272
278
248
138
284
286
286
294
276
266
268
270
266
260
246
254
72
22
462
442
192
18
162
102
178
178
204
206
212
154
178
172
182
186
192
164
196
198
212
192
188
200
214
222
222
214
226
192
218
210
200
218
224
220
228
234
202
228
232
244
238
236
240
234
222
238
242
234
240
220
234
236
232
210
236
250
214
280
168
176
146
180
174
172
182
178
176
172
196
174
178
190
176
196
180
174
198
208
186
192
208
202
192
186
216
204
216
208
202
202
210
234
242
256
234
244
228
226
218
246
238
244
244
240
252
276
282
284
264
288
290
288
288
308
312
284
254
262
266
288
296
310
280
290
278
294
282
282
288
284
290
272
282
288
286
278
272
276
284
284
284
288
280
280
280
294
276
238
136
278
284
280
284
266
262
258
268
176
178
480
266
280
98
20
48
188
148
156
196
200
196
172
174
174
190
192
200
178
196
194
196
196
186
204
202
202
214
214
212
230
220
222
232
222
244
220
220
248
224
200
242
238
210
226
244
214
234
220
222
240
254
234
258
230
216
218
250
240
246
222
226
214
336
184
172
198
184
164
184
194
174
174
188
202
172
178
192
190
196
186
218
206
180
178
216
212
210
200
212
206
200
230
218
212
224
236
222
218
254
240
228
250
216
234
240
244
270
260
266
278
284
272
272
272
282
312
308
302
276
278
282
304
284
298
228
278
286
284
288
286
282
274
278
282
278
288
284
292
278
276
282
278
280
280
288
284
278
284
288
280
282
280
222
170
270
256
260
272
180
182
452
252
92
18
28
64
68
94
154
180
194
186
202
182
180
188
186
196
196
186
192
164
166
186
190
206
200
210
208
212
220
218
218
216
198
218
206
230
210
224
206
196
200
226
230
224
214
236
238
240
228
234
242
224
244
224
204
222
248
218
232
228
232
218
232
236
200
424
180
154
206
200
180
188
190
174
190
204
188
192
210
206
188
202
202
206
204
214
224
228
214
198
220
210
228
222
222
216
222
240
246
242
246
242
230
228
252
278
284
272
272
262
272
270
288
308
290
312
306
292
282
284
280
296
290
286
282
286
286
282
278
290
202
268
278
276
282
276
284
284
278
280
280
272
288
278
278
294
280
280
276
274
278
278
272
272
262
258
226
178
186
432
254
44
72
86
92
106
154
208
210
170
194
200
190
176
186
196
186
182
162
166
188
190
188
188
200
214
206
186
206
210
202
204
232
196
198
218
208
222
224
210
202
196
228
228
222
218
206
220
234
212
252
232
226
204
238
250
236
226
238
236
240
224
232
226
218
236
224
224
238
188
422
182
186
178
184
202
190
196
202
192
192
186
188
186
178
198
206
210
212
202
208
244
232
220
206
228
232
212
244
244
242
238
248
234
244
262
262
286
256
278
266
270
258
312
308
290
284
288
300
286
338
308
332
280
304
300
294
282
282
298
286
214
276
276
272
286
274
280
288
288
276
262
284
270
282
280
286
284
288
280
264
280
278
274
260
264
268
188
180
188
430
262
46
12
52
54
14
62
98
98
132
160
190
206
174
186
176
190
192
184
188
170
190
192
176
194
190
190
186
170
210
204
190
184
186
196
196
184
196
190
216
188
206
212
236
218
226
228
220
216
228
232
226
214
222
218
238
220
222
244
240
216
252
242
210
226
240
230
228
230
230
236
240
220
206
388
172
194
194
198
196
184
192
194
202
214
212
204
204
212
210
218
222
216
226
234
222
224
232
240
226
252
240
242
230
256
262
292
276
274
294
276
278
272
280
288
296
286
282
286
288
332
332
332
324
326
306
294
290
292
286
290
294
276
270
282
276
282
286
206
280
278
286
284
268
290
286
300
288
280
286
278
276
272
280
264
258
272
192
186
190
86
180
6
24
30
28
52
60
10
166
204
144
144
182
186
188
186
182
192
194
186
190
210
184
206
210
178
184
198
206
202
206
194
206
188
182
198
174
196
186
198
200
218
206
206
226
236
216
212
234
228
222
230
228
238
216
228
232
208
212
244
244
220
222
240
226
238
234
240
204
280
168
262
240
236
248
252
228
214
400
192
192
192
202
210
216
212
208
210
210
198
246
238
226
218
244
230
234
238
260
254
256
256
246
256
252
274
268
262
266
272
276
272
286
288
292
298
316
292
300
288
340
330
338
332
336
322
316
364
354
378
332
276
296
270
282
280
290
296
284
290
286
296
278
290
282
292
288
280
288
296
296
280
288
268
268
274
300
196
194
182
224
52
22
20
36
18
54
8
66
52
174
168
156
156
182
190
168
192
176
176
192
184
170
188
174
176
180
184
190
204
190
204
184
190
204
212
176
206
196
218
190
200
208
210
218
196
212
222
226
238
224
236
224
230
232
236
232
234
214
202
206
204
208
234
198
224
220
194
200
206
54
122
160
148
40
154
146
226
240
206
198
224
196
378
220
202
208
208
208
196
198
204
230
232
198
242
234
236
238
250
256
266
240
230
244
254
256
262
286
280
272
278
266
290
320
288
298
310
298
302
332
342
344
332
342
314
332
334
356
362
350
346
368
332
350
334
286
294
286
286
276
290
294
274
268
272
234
294
296
288
290
284
296
288
284
274
272
198
198
204
192
156
48
14
30
24
36
6
62
18
148
142
134
184
246
160
168
200
170
194
180
192
178
180
198
182
194
206
222
192
184
178
194
178
184
178
204
198
192
192
204
196
204
200
194
208
196
194
218
230
234
226
222
218
208
230
224
230
206
200
218
222
206
204
228
210
208
222
186
164
188
146
184
140
150
92
88
48
84
104
118
152
220
218
94
228
240
182
388
196
208
196
230
240
220
258
226
230
224
250
264
238
246
244
242
244
284
282
278
286
288
290
284
282
300
276
274
292
292
294
308
330
326
342
332
320
314
340
334
356
372
334
346
344
340
340
388
412
384
398
300
274
274
294
286
302
292
286
274
288
282
290
298
286
206
284
284
278
184
196
196
196
226
32
10
18
4
48
34
22
46
52
100
98
64
130
254
144
160
198
186
192
182
182
168
200
208
162
180
182
202
210
192
192
190
172
200
200
184
190
190
184
190
198
182
192
194
190
206
236
218
226
196
206
226
214
226
210
230
194
222
230
210
222
222
228
240
214
206
188
182
56
192
166
50
56
126
122
108
118
100
98
52
128
86
88
40
58
218
232
246
214
178
352
218
244
236
222
224
244
248
252
260
260
254
254
264
284
298
310
280
290
272
278
274
298
288
304
302
296
288
290
336
368
332
332
332
326
340
374
358
342
356
360
332
352
336
392
394
398
396
402
388
384
438
290
276
300
294
284
290
282
300
308
284
134
296
288
278
188
202
200
192
124
6
10
36
38
16
44
24
32
26
18
152
142
76
220
220
144
164
174
200
180
180
194
184
180
214
182
190
188
182
198
192
194
186
168
192
188
198
196
180
192
174
192
194
198
186
192
206
236
188
216
186
182
178
188
204
204
214
186
216
216
208
234
214
210
160
88
192
158
146
62
136
236
88
148
126
60
160
80
92
100
82
80
158
46
170
88
46
36
40
72
54
138
176
190
310
216
216
258
248
264
232
224
114
188
246
276
270
312
276
266
294
284
302
324
316
292
296
276
174
128
246
348
348
332
330
312
380
354
364
370
350
356
348
400
394
402
402
408
390
380
392
450
438
444
430
434
312
296
300
300
292
294
286
284
290
300
190
182
192
194
26
10
20
2
8
40
44
16
34
58
8
68
154
178
132
222
268
96
152
176
182
192
174
222
196
192
172
174
186
194
204
198
172
194
190
192
188
182
176
200
174
174
186
186
186
182
200
214
194
202
218
204
206
200
210
210
192
204
208
216
200
210
224
202
96
38
18
12
72
40
56
152
166
74
122
94
28
86
132
100
40
44
42
34
42
46
38
36
48
20
34
30
22
14
30
42
16
32
30
18
52
48
22
50
36
36
42
36
64
54
30
58
98
76
52
82
62
48
22
32
24
24
30
44
60
70
56
72
56
68
80
132
250
366
406
402
412
404
408
398
390
394
450
450
442
446
446
436
430
474
470
282
296
292
294
276
186
188
202
198
172
14
10
20
24
40
24
2
68
160
106
58
18
74
58
94
118
138
218
66
160
150
186
196
192
188
186
192
196
186
194
176
186
202
184
166
52
90
164
90
52
174
208
208
196
188
188
184
190
206
206
214
192
188
218
208
198
212
200
212
178
202
186
202
80
94
104
102
64
74
72
156
56
152
50
44
58
66
30
80
46
38
34
32
44
58
38
54
44
42
42
18
38
26
52
46
34
44
32
50
52
44
68
52
36
92
46
58
26
46
28
34
42
48
26
52
28
24
38
32
36
34
38
28
34
32
46
28
22
26
34
32
94
90
36
36
62
70
80
356
406
404
436
436
438
424
436
450
428
446
476
476
484
484
468
472
288
190
178
200
198
170
30
22
26
6
50
66
36
46
22
62
40
42
40
172
156
72
180
204
200
50
72
154
180
190
194
188
176
182
204
184
208
170
188
24
28
102
160
164
176
104
182
68
98
122
128
40
112
104
58
76
88
114
60
64
94
72
54
78
82
60
34
56
58
118
68
110
118
74
108
90
52
78
34
52
20
46
18
46
68
40
44
118
28
70
26
70
96
90
88
22
48
96
42
78
26
56
114
54
42
48
40
58
32
52
18
50
36
40
74
116
48
48
30
68
48
38
48
36
36
36
36
38
144
78
40
38
32
98
28
44
36
38
50
24
30
22
62
66
88
134
152
104
428
448
446
446
456
434
464
484
478
492
490
484
494
472
190
188
194
204
174
14
40
10
2
26
30
2
44
62
52
2
60
64
188
46
234
134
220
152
96
234
88
120
156
180
180
202
180
198
218
202
200
228
42
18
28
18
106
70
100
62
22
58
66
110
48
102
38
140
94
96
188
192
58
162
182
26
132
38
34
22
108
114
90
64
34
34
66
74
28
106
112
164
92
110
152
156
88
74
164
82
64
78
142
144
138
110
100
50
146
200
92
138
90
166
160
188
180
178
108
128
100
114
96
148
150
98
118
92
114
70
104
126
44
96
182
130
120
100
128
74
106
152
150
116
148
130
136
48
60
154
54
82
44
36
32
30
38
38
46
88
50
112
76
94
210
442
432
482
474
484
482
480
490
486
302
184
182
198
184
186
44
26
32
34
38
18
36
42
6
16
42
56
54
232
260
246
306
268
58
176
134
78
98
146
52
104
116
136
124
132
140
110
100
66
104
52
76
62
24
74
132
258
140
256
92
104
160
136
156
134
190
148
226
264
288
218
286
152
246
158
206
98
184
102
108
172
134
104
160
168
120
190
106
152
178
156
154
108
126
202
196
182
188
116
130
154
138
180
244
230
150
96
156
160
56
130
172
154
164
142
126
134
156
118
108
82
94
136
136
150
150
114
108
100
122
68
80
120
184
38
166
76
86
164
88
86
124
114
72
178
160
210
194
166
98
142
82
128
134
150
88
54
40
36
36
38
76
82
132
476
482
476
486
492
470
202
196
192
190
182
190
20
56
80
14
32
38
46
10
22
46
32
36
80
26
252
228
202
276
214
196
190
112
60
110
60
188
114
184
284
236
142
170
116
158
126
90
216
222
74
236
124
266
154
114
192
352
60
220
292
266
218
190
258
242
144
132
240
160
54
164
136
146
180
160
158
156
110
142
244
206
162
176
50
116
172
178
136
48
194
128
132
70
214
124
140
220
124
218
48
152
52
166
44
106
162
140
158
114
122
110
106
44
122
68
116
118
92
86
62
100
74
116
104
106
96
130
90
72
116
108
106
76
102
180
124
88
92
136
62
82
186
176
98
92
106
100
120
134
180
88
80
122
52
56
46
38
38
32
54
52
78
170
476
484
484
194
192
204
192
202
194
40
66
56
116
84
58
88
30
42
6
28
42
188
28
178
250
286
168
28
104
246
144
50
82
210
208
72
170
228
72
110
66
252
154
96
198
186
226
198
108
244
54
236
288
90
50
250
250
44
166
234
64
176
214
166
190
96
182
172
166
176
236
188
38
168
210
174
212
38
200
158
156
152
196
138
184
146
172
150
88
204
210
114
136
140
116
108
152
110
194
108
158
128
146
176
50
118
152
26
128
120
130
140
132
34
86
48
122
142
78
166
90
140
106
88
112
78
96
82
114
58
64
94
154
168
146
42
82
114
168
198
134
164
158
86
78
144
142
134
224
44
90
168
158
208
74
40
44
50
46
58
74
78
88
464
190
198
194
200
198
178
38
48
44
62
114
76
120
56
58
60
184
188
22
234
172
172
102
40
196
122
22
224
238
110
138
276
32
144
226
208
194
98
52
170
250
74
254
58
258
194
196
222
234
258
218
252
260
200
254
242
134
194
178
188
214
162
208
220
152
206
196
184
190
198
192
192
162
168
156
224
150
182
200
144
168
238
170
42
190
208
142
82
190
34
158
180
172
164
112
230
176
226
142
152
132
196
170
176
134
176
184
136
86
132
82
108
130
102
140
114
96
118
94
96
136
28
186
194
184
124
58
168
142
242
160
134
96
174
142
48
28
26
108
108
66
74
164
210
232
230
202
132
164
234
138
116
68
58
88
136
80
130
210
116
178
74
184
184
194
192
184
62
40
8
4
22
34
38
46
36
6
82
86
212
222
236
130
230
230
18
188
260
194
44
90
150
50
258
254
76
256
94
272
240
158
250
172
268
218
214
76
242
214
280
200
166
266
108
50
224
200
152
202
218
228
58
186
198
276
68
216
184
148
206
54
202
180
170
166
208
200
202
150
210
178
38
206
182
82
184
202
186
108
158
198
190
176
166
140
138
184
124
200
146
178
152
124
148
176
128
134
152
192
128
182
114
90
114
114
150
66
144
86
72
124
246
130
188
180
170
86
142
108
198
246
150
200
120
114
194
166
66
172
156
64
70
98
208
152
178
240
112
100
142
180
150
166
100
160
210
32
246
202
120
162
164
52
82
92
190
180
194
104
48
70
84
100
50
46
38
42
50
80
10
208
262
342
114
220
166
170
100
174
252
214
136
250
208
208
64
238
148
150
32
114
92
142
186
226
180
216
188
202
212
300
222
234
226
280
180
232
242
250
246
102
276
184
204
232
182
302
180
180
248
196
80
242
190
186
192
204
192
172
174
214
140
230
152
194
198
156
178
240
156
140
220
158
224
160
106
108
200
108
160
42
104
170
126
104
130
168
130
140
180
126
108
104
162
188
46
114
90
136
138
142
98
156
190
174
194
184
176
118
194
216
252
144
104
188
204
216
182
192
180
108
78
56
104
102
160
60
24
30
80
130
202
148
154
44
190
30
28
62
112
212
152
64
54
50
56
198
184
178
48
60
46
100
96
76
46
118
46
100
104
120
190
184
54
266
116
58
56
198
46
32
142
216
172
254
146
22
288
226
218
228
242
176
218
234
22
188
196
160
146
70
22
142
192
230
224
214
212
24
222
196
150
258
192
254
160
236
218
190
246
178
202
242
192
174
230
228
54
214
210
174
212
222
158
198
166
268
172
178
170
262
174
132
200
122
202
200
128
168
198
126
252
152
196
192
88
114
192
112
166
108
88
102
92
100
102
84
68
102
156
84
140
174
274
284
236
272
178
240
176
264
210
236
218
186
144
198
260
176
134
62
62
74
196
112
128
100
62
50
120
118
136
182
126
80
84
182
216
18
238
186
162
96
136
118
166
184
142
172
178
40
38
6
48
30
78
46
86
76
42
54
76
84
258
64
110
224
214
22
198
176
98
188
18
22
176
192
212
212
20
50
188
184
190
196
68
184
90
160
30
194
188
184
160
120
152
180
184
228
190
274
228
244
172
188
168
186
230
204
168
178
166
216
198
190
218
184
186
236
186
188
212
180
174
220
196
134
190
234
196
144
150
148
150
132
166
110
126
118
116
120
82
120
114
140
88
66
152
186
12
186
94
98
100
146
180
178
182
150
114
56
112
120
264
212
244
134
202
116
200
114
124
140
212
194
194
152
164
250
192
82
132
58
64
144
114
170
248
250
238
128
166
178
146
96
84
70
66
198
180
46
48
148
130
112
118
246
226
250
178
178
8
6
36
32
8
48
26
34
34
22
40
118
224
264
260
334
214
236
72
142
220
132
230
166
188
188
128
22
196
244
198
172
206
186
164
172
186
204
182
214
172
170
186
152
222
18
236
186
160
164
230
92
130
220
176
210
160
226
196
196
200
104
134
160
160
134
170
124
180
238
210
156
132
162
198
184
88
140
218
78
100
142
24
224
180
112
86
106
168
102
70
136
102
122
150
74
116
130
90
102
94
116
146
108
162
92
70
150
96
122
60
72
192
212
192
232
176
192
200
134
100
128
212
134
222
230
182
148
204
102
64
70
98
162
96
152
158
264
290
278
286
126
122
126
80
112
114
120
88
196
236
158
62
124
128
250
210
154
162
154
150
28
44
4
92
126
86
82
96
34
30
42
70
248
232
282
216
228
206
170
132
34
216
192
148
46
136
202
188
172
196
222
134
134
176
160
144
214
240
190
176
172
198
178
146
180
182
166
180
226
152
182
116
208
158
172
42
148
178
122
158
140
204
236
140
98
178
148
136
144
144
130
98
126
116
174
164
170
184
200
138
144
154
92
112
88
102
100
114
144
138
104
100
86
68
54
74
164
62
32
98
84
38
40
64
50
82
64
74
66
56
68
94
68
100
210
206
158
216
186
58
112
98
246
178
184
126
116
82
92
174
102
70
78
188
160
142
152
274
272
208
204
212
214
106
82
124
144
208
272
172
120
90
96
140
262
172
142
160
160
154
158
64
50
38
18
12
46
46
8
32
68
56
30
180
48
200
212
54
42
158
178
88
62
218
38
214
228
136
234
196
198
16
146
186
148
226
36
184
218
162
200
208
184
218
188
182
224
188
172
162
184
184
148
192
204
200
186
204
160
176
160
204
202
208
156
174
132
178
160
188
106
144
170
138
82
128
164
172
134
162
180
130
88
122
100
92
138
120
192
190
124
72
110
98
44
40
52
50
78
44
48
52
68
66
82
64
46
60
92
88
32
108
78
84
166
110
144
148
142
138
150
106
210
226
178
138
152
84
52
76
84
74
100
96
170
128
96
136
234
232
186
200
228
202
222
110
132
224
218
108
96
132
94
152
240
126
118
154
234
236
262
132
86
62
92
42
40
46
44
60
32
100
108
20
118
150
212
132
218
224
202
126
206
190
230
148
208
252
50
200
194
178
186
184
158
146
128
80
182
188
18
164
200
20
156
212
198
122
26
234
182
200
190
214
258
178
170
170
170
192
176
212
234
172
168
212
188
194
224
164
180
114
150
162
168
112
152
144
172
184
120
18
138
116
82
126
108
118
128
44
92
70
92
64
32
84
92
84
110
56
74
42
50
50
80
66
10
50
42
78
146
106
68
134
102
118
90
134
92
104
160
92
136
192
128
238
126
52
66
42
84
108
62
72
76
122
146
74
108
150
152
220
236
206
206
230
168
202
182
82
188
200
148
194
148
128
164
232
242
258
144
158
106
58
64
58
40
38
66
6
62
72
96
54
98
18
142
184
54
192
50
208
218
68
198
216
194
170
190
176
198
146
126
156
164
172
178
174
222
190
190
182
192
196
210
192
178
180
200
174
210
202
176
28
210
256
246
204
224
206
182
188
186
202
190
240
204
236
200
46
216
212
178
160
170
206
198
170
156
146
150
198
124
178
88
140
124
112
114
122
16
80
104
94
110
68
96
76
92
16
64
98
68
62
78
56
98
110
90
84
62
134
92
82
100
148
34
68
182
112
138
148
112
122
170
158
248
134
44
54
94
60
62
40
84
86
112
90
110
92
130
210
216
216
224
196
194
226
160
70
186
192
60
214
214
236
264
282
196
168
160
198
130
114
60
38
34
56
64
56
32
64
72
116
108
70
46
34
96
150
182
148
100
114
160
128
112
36
26
22
16
18
18
22
44
60
74
64
56
92
114
168
152
144
122
184
210
200
176
200
212
186
218
206
220
218
30
154
214
192
46
236
272
214
158
212
240
220
226
50
192
224
210
178
202
184
156
184
154
188
184
110
88
156
182
92
138
98
80
110
130
114
78
102
96
178
94
76
94
78
114
144
114
82
76
74
96
64
104
88
120
90
108
126
112
144
154
138
196
190
118
112
54
118
200
160
98
238
148
62
112
148
134
72
106
78
136
148
48
84
112
134
218
208
222
234
220
244
136
72
152
192
168
112
174
228
176
214
128
160
168
190
136
124
88
16
82
38
104
36
64
76
112
30
80
20
114
62
78
56
84
54
94
44
38
24
22
40
66
70
64
78
72
28
54
54
50
30
20
16
16
28
116
148
158
172
160
178
182
182
212
182
204
48
234
202
224
240
236
248
250
230
244
214
254
78
244
226
222
228
246
240
234
192
216
174
100
218
198
194
176
206
172
94
96
160
126
132
152
178
102
150
180
182
124
112
128
110
98
94
100
88
110
94
92
98
116
100
56
80
96
88
110
158
156
170
176
144
176
170
130
180
164
184
184
166
214
194
196
124
58
106
98
132
98
116
122
126
158
90
124
100
138
202
232
236
214
230
198
116
160
202
224
188
258
228
154
184
196
176
142
136
134
122
124
42
70
88
82
66
86
30
76
40
80
110
94
22
122
38
34
30
44
50
84
90
106
106
130
82
116
150
148
74
150
142
140
130
86
50
50
10
32
36
80
92
156
182
154
204
194
192
226
204
178
210
206
198
208
234
244
250
246
242
236
242
266
194
232
270
258
238
242
236
266
236
224
258
218
226
106
114
216
226
170
186
178
158
196
162
246
162
182
200
158
148
148
140
110
138
172
122
146
142
106
94
116
110
94
56
66
92
30
30
56
46
158
198
150
166
116
154
214
210
222
212
186
174
210
148
154
128
52
154
112
138
132
78
126
132
138
104
98
136
162
206
94
236
164
152
148
166
156
230
250
182
192
174
152
140
124
124
118
134
122
96
34
90
44
70
88
88
72
72
140
38
94
24
84
110
172
168
176
164
172
164
176
184
194
210
192
200
196
204
198
166
206
178
144
184
156
44
18
20
34
34
42
54
100
196
172
226
236
248
228
240
258
240
222
232
234
230
242
224
224
234
236
208
224
220
232
226
224
242
246
238
208
226
218
202
214
240
234
244
224
210
198
238
230
244
224
268
206
242
190
218
198
154
150
112
200
182
200
206
188
172
92
128
96
152
72
48
132
44
6
14
30
24
42
44
50
86
126
154
108
134
184
154
188
142
122
96
106
112
54
50
160
118
186
100
198
198
114
164
164
164
122
204
178
94
106
206
200
178
162
180
160
134
112
72
94
112
114
116
128
116
84
58
122
72
158
68
118
106
130
64
142
198
202
40
202
212
208
222
232
224
234
238
220
214
238
250
248
214
222
220
226
234
230
208
110
184
16
6
18
16
20
26
42
42
70
88
120
186
222
238
242
268
272
242
228
214
210
242
58
246
276
218
106
212
208
206
212
212
204
252
200
108
202
222
216
230
198
220
224
236
220
232
208
196
154
164
270
236
224
208
208
56
222
178
162
196
192
222
164
204
214
174
116
160
106
118
118
154
150
12
10
6
8
10
14
10
24
30
36
40
48
64
150
134
150
140
132
42
132
264
192
164
152
196
122
90
158
146
120
178
180
142
60
112
134
104
120
122
120
102
84
74
62
144
94
110
112
120
134
116
106
86
4
110
80
68
110
148
210
204
228
206
72
238
240
250
232
262
254
242
238
240
250
252
238
238
252
250
234
230
248
242
258
236
242
220
108
30
18
18
58
40
28
36
34
36
46
62
82
90
200
222
232
268
248
264
236
250
216
236
236
250
230
222
220
210
172
104
200
244
204
192
196
210
190
218
202
220
194
264
240
264
242
264
262
256
260
278
234
232
228
212
232
256
242
226
186
216
214
178
170
204
170
132
114
138
140
148
106
96
84
10
10
8
8
8
6
16
20
24
40
36
32
26
34
42
60
88
106
170
268
244
166
214
96
142
126
84
74
100
62
50
58
66
62
54
42
48
42
40
36
54
78
98
98
106
114
130
132
126
128
106
40
2
88
108
104
294
144
212
224
230
88
248
156
252
92
194
238
258
256
248
264
254
280
264
252
282
240
266
250
250
250
254
234
246
240
56
36
40
32
26
34
28
22
32
38
36
42
50
58
106
116
130
150
204
244
226
222
128
108
220
196
210
188
64
194
192
184
222
174
158
172
152
150
142
142
112
120
102
170
218
274
316
302
284
278
242
240
238
242
254
234
236
234
230
248
220
210
194
208
192
204
176
206
188
178
156
176
176
202
212
122
8
10
10
26
24
20
8
16
22
16
26
36
38
50
52
56
108
136
204
200
180
96
104
102
114
98
92
120
136
104
74
42
48
44
40
60
58
62
72
96
86
100
106
114
114
126
122
126
132
36
34
4
114
100
120
324
308
336
344
352
140
248
260
270
248
264
266
256
288
256
244
262
264
254
270
264
250
264
244
256
248
246
256
258
242
122
86
30
28
28
30
20
24
38
38
48
48
84
76
118
112
36
24
24
52
116
160
140
152
132
136
144
146
146
114
104
44
74
72
72
74
72
94
166
154
148
140
122
104
102
114
194
260
280
300
260
260
256
250
234
222
216
208
224
220
208
210
202
186
186
188
206
188
186
220
204
204
208
218
190
186
154
18
14
22
18
2
6
32
28
28
34
50
52
60
96
78
134
158
178
166
130
108
94
98
102
82
72
70
82
72
70
84
92
48
44
42
60
52
90
98
104
102
110
118
124
134
132
120
112
70
32
4
108
122
344
342
340
348
372
364
358
338
346
384
136
274
270
256
244
254
256
268
258
272
266
278
270
276
258
250
268
266
266
236
240
40
38
46
34
32
38
54
44
54
74
88
84
88
90
34
24
60
60
72
52
48
36
16
36
32
28
30
24
22
24
22
16
16
18
24
18
20
26
22
22
30
44
52
60
76
102
126
128
230
240
210
244
234
226
196
192
160
170
156
150
152
186
176
170
178
188
194
220
214
190
186
206
218
204
206
184
208
178
112
18
16
14
20
22
22
28
30
40
74
82
106
132
138
126
142
122
102
78
88
58
50
62
54
26
22
34
36
38
50
52
60
74
84
68
80
96
102
92
110
120
126
138
120
118
104
52
4
2
140
138
326
356
326
342
352
378
352
350
342
346
364
374
352
386
116
292
262
246
256
256
258
96
280
274
256
262
272
260
258
262
232
50
48
48
62
48
70
68
78
70
78
100
56
66
68
102
108
126
100
46
120
120
54
90
92
88
70
52
60
52
40
22
16
18
16
22
22
12
20
18
12
22
16
22
20
14
16
16
18
22
28
66
124
124
148
134
130
122
124
96
114
130
118
114
126
112
104
120
138
114
142
142
134
162
170
152
124
144
164
140
114
58
26
26
26
48
48
110
112
116
98
100
92
102
68
32
16
22
24
22
30
34
44
38
48
58
46
56
54
50
48
58
78
94
92
88
96
100
124
114
126
134
108
124
122
60
34
2
2
146
124
330
310
344
338
352
360
354
366
352
382
358
378
374
342
354
378
134
398
120
282
268
246
274
92
166
254
256
86
274
266
246
76
114
78
106
114
92
96
90
98
128
124
132
158
168
158
160
168
182
182
180
172
172
116
164
154
130
150
138
134
52
66
104
80
52
40
24
28
30
26
34
42
50
56
52
22
24
22
22
22
20
22
18
24
22
14
16
18
14
12
14
32
38
62
68
56
52
46
36
32
40
36
44
60
76
64
54
64
50
48
36
26
42
46
52
42
30
28
10
22
14
16
22
30
26
34
32
26
22
26
36
36
40
42
58
66
68
58
64
70
66
76
66
76
104
106
102
106
112
102
130
134
122
116
124
56
28
2
2
150
208
382
354
350
340
388
338
344
346
342
374
356
364
376
372
382
388
388
408
408
402
394
364
144
282
266
258
64
66
280
260
244
238
158
116
144
182
198
198
186
152
202
208
214
214
220
214
218
208
200
216
214
218
198
200
188
192
196
92
184
176
164
172
138
142
132
98
128
128
126
90
114
98
102
38
82
108
84
78
70
34
32
32
30
28
28
36
28
22
26
22
24
22
24
16
24
16
20
22
20
14
14
20
16
18
22
20
16
16
22
18
14
20
18
24
24
18
26
28
26
34
30
32
32
32
26
28
34
48
40
42
44
54
46
48
46
56
50
58
62
60
76
78
82
80
68
74
64
96
110
124
108
122
112
116
126
54
32
2
2
136
332
360
368
342
342
340
348
360
340
338
392
350
334
372
382
384
402
416
382
414
386
410
398
382
412
396
360
194
246
264
250
272
268
246
224
238
244
248
278
264
256
258
224
158
98
134
242
244
240
216
238
234
244
218
228
222
218
210
208
208
204
176
180
186
188
190
186
176
164
136
148
118
144
150
140
138
130
134
122
62
138
124
124
98
42
38
40
46
48
42
44
48
42
40
34
38
42
34
36
36
38
38
34
32
36
30
34
34
42
32
38
38
40
42
40
48
42
28
44
34
50
46
54
44
48
60
56
52
50
62
52
58
68
58
64
56
76
68
70
56
68
84
88
84
88
64
66
72
104
108
92
112
128
132
116
82
40
6
2
2
128
42
308
354
310
350
364
346
356
318
372
374
384
394
346
356
352
358
404
410
396
394
402
374
412
388
396
412
412
398
406
346
228
274
266
264
272
280
276
78
94
266
266
268
268
254
270
260
118
112
128
236
238
224
238
246
232
228
222
216
224
218
204
216
202
214
54
202
198
184
170
186
168
182
98
178
176
142
166
156
166
170
164
172
164
60
156
140
114
68
58
66
58
56
58
50
56
56
38
44
54
56
54
44
52
50
50
50
52
40
52
44
42
50
52
46
42
58
62
48
50
52
54
52
60
62
54
58
66
68
72
68
70
82
64
80
74
76
68
80
86
80
96
86
96
74
60
80
78
102
104
124
144
102
74
90
76
36
4
2
2
146
26
32
40
44
50
326
330
354
350
366
350
362
366
364
368
332
248
400
404
388
432
404
400
404
388
396
400
422
396
406
410
408
390
484
408
236
270
266
92
258
66
268
120
106
278
272
264
266
268
254
258
252
92
122
254
242
246
228
236
226
218
238
226
222
236
236
224
200
194
44
80
208
204
206
206
206
196
100
190
184
176
160
198
200
200
198
186
186
170
182
184
132
72
66
64
74
66
72
64
62
64
70
58
62
64
68
68
62
68
66
56
68
56
56
56
68
76
64
62
64
58
64
68
74
82
66
70
58
90
72
80
84
96
86
94
84
90
94
98
96
96
98
86
96
76
68
74
92
112
110
118
114
86
80
80
64
44
2
2
2
36
26
24
26
24
38
38
46
50
54
348
362
368
376
372
364
364
384
398
392
400
410
392
394
414
408
428
398
396
418
408
398
424
264
486
488
490
472
460
286
272
268
260
268
268
270
268
248
286
258
282
262
264
252
248
258
200
206
224
240
230
444
300
238
240
226
220
234
234
242
238
220
232
110
80
218
220
214
214
212
210
210
100
194
192
200
198
196
202
226
206
208
202
208
210
98
148
82
74
80
72
78
74
78
88
76
74
96
84
80
78
88
80
72
88
94
74
82
88
74
82
86
84
90
90
82
78
68
68
84
82
86
96
92
94
80
100
112
106
96
106
110
98
94
96
80
80
84
104
110
106
112
92
74
88
78
64
14
2
2
2
