84
60
200
204
220
220
238
238
240
102
100
96
118
106
110
84
106
108
108
132
86
130
138
130
108
98
120
114
106
102
114
112
136
98
140
116
106
118
108
164
106
114
122
112
124
154
154
174
132
146
100
172
148
220
338
358
342
368
384
372
378
356
374
334
350
374
354
388
376
364
352
334
384
364
336
346
510
510
510
510
510
508
510
510
510
510
508
110
510
510
502
342
362
378
356
344
346
352
354
364
368
346
334
346
340
344
350
346
360
372
342
352
376
368
356
342
362
346
342
370
390
358
354
356
370
364
368
376
344
350
352
348
336
346
362
358
336
334
350
330
348
332
348
338
336
346
342
306
164
112
152
254
348
346
366
362
336
344
340
336
312
92
138
166
188
240
222
230
238
362
112
94
52
116
120
94
82
40
104
110
140
142
142
126
106
136
96
116
100
120
122
104
156
132
122
128
112
116
106
104
126
124
144
118
108
136
102
142
94
164
154
152
140
138
132
142
146
158
168
168
142
158
178
194
168
214
288
304
352
372
346
328
332
336
362
342
332
510
510
510
510
510
510
508
506
508
184
106
454
510
510
318
336
344
354
372
334
286
346
348
358
356
380
360
184
338
364
354
354
368
350
362
364
350
380
366
372
370
364
344
370
362
380
354
348
330
360
358
356
356
350
358
358
378
348
354
326
332
326
316
342
352
340
348
344
360
354
346
362
358
370
372
368
366
340
354
336
336
332
316
312
324
108
152
182
216
214
224
234
238
500
90
94
100
96
100
96
106
78
90
28
88
102
138
68
104
120
128
96
100
90
108
86
112
118
94
132
106
116
122
110
138
120
108
114
114
140
116
124
136
116
124
112
92
136
118
172
116
148
136
180
150
134
156
194
144
170
168
162
164
140
150
162
172
158
158
182
494
510
506
510
508
510
510
508
508
510
508
508
510
508
506
294
344
390
372
368
352
372
360
360
354
346
344
340
256
292
380
336
344
388
362
376
330
340
348
350
348
380
358
362
378
386
356
362
356
366
346
344
352
356
374
358
332
340
326
360
360
344
336
336
348
352
352
374
374
334
354
348
362
352
374
368
348
348
328
346
338
336
344
336
330
334
92
182
180
194
228
216
218
238
328
86
94
90
96
112
100
54
46
146
126
128
46
118
70
124
118
120
116
118
106
104
112
110
110
102
106
120
122
98
112
104
112
96
136
112
126
136
122
128
122
138
120
130
106
140
132
134
192
122
150
132
112
154
164
170
158
162
172
158
142
162
172
178
214
168
156
160
166
208
204
174
202
204
200
206
218
224
212
244
220
288
316
350
354
320
400
372
368
352
346
344
352
386
372
374
386
358
356
384
352
404
354
214
346
348
368
354
344
366
380
254
358
366
362
368
356
352
348
370
348
358
342
342
338
334
360
360
344
342
342
338
364
350
342
342
354
340
360
358
376
372
340
372
370
358
356
352
364
360
330
328
352
120
158
192
220
226
232
244
248
106
96
112
90
120
88
90
98
104
114
110
36
124
110
100
90
106
104
78
100
100
102
112
116
112
124
96
98
110
122
114
110
116
108
130
74
124
128
118
94
128
132
126
126
140
116
156
118
114
126
114
100
92
138
148
172
142
162
140
158
172
162
192
190
186
158
170
152
198
198
204
170
180
196
186
184
240
224
218
212
230
246
228
244
256
246
242
220
224
254
238
272
252
296
366
364
366
374
382
372
364
382
342
362
364
360
384
400
358
346
354
378
398
346
342
366
338
352
172
336
356
366
374
364
346
344
302
330
350
348
326
348
360
348
352
342
356
346
352
356
340
362
338
376
344
386
350
376
366
340
342
338
288
122
172
216
246
224
242
220
238
92
104
118
110
118
100
66
104
100
66
88
74
82
100
154
100
100
98
100
102
112
110
122
110
124
122
116
126
114
104
112
106
64
114
116
108
122
134
120
134
134
132
114
104
130
86
116
118
128
126
112
128
130
168
128
160
172
136
164
140
148
150
170
156
160
194
152
166
186
154
190
186
184
170
206
174
206
218
238
202
222
204
238
178
260
242
230
244
226
222
236
236
246
290
262
266
242
274
266
318
318
332
308
326
342
342
364
358
354
362
370
350
352
396
350
352
342
352
366
374
382
348
372
340
358
366
336
350
364
348
342
368
362
194
358
336
344
328
350
346
374
360
382
356
344
344
360
374
362
362
350
350
198
128
180
202
226
224
198
220
250
120
108
112
86
132
100
94
56
134
96
66
74
22
64
116
138
76
110
112
106
106
110
132
124
104
86
80
134
102
96
96
96
110
126
112
116
112
102
136
126
110
120
98
126
98
138
116
128
124
132
104
108
120
136
158
156
130
128
142
174
160
168
176
156
134
240
180
180
170
178
182
160
146
146
192
200
248
218
202
188
256
206
198
206
246
256
234
238
246
234
210
290
228
270
266
270
238
262
244
316
300
336
328
306
328
318
346
350
386
348
360
360
350
358
396
410
420
398
386
364
380
368
370
378
372
344
360
358
354
358
346
350
360
352
338
362
340
346
358
338
362
372
378
374
372
372
370
360
114
348
350
336
212
188
166
142
226
224
224
206
214
142
96
100
92
128
74
90
78
26
46
36
58
58
26
74
110
44
78
90
104
112
104
108
116
126
110
96
96
110
142
116
136
114
132
120
120
124
98
134
98
118
94
102
94
110
132
116
108
122
124
130
146
98
130
128
120
118
144
142
114
98
166
160
146
138
124
180
148
132
180
132
176
174
194
160
136
212
166
192
178
200
174
204
246
242
268
216
244
246
232
212
264
246
260
252
260
244
286
282
352
304
342
318
340
322
316
348
350
350
356
334
364
354
368
418
420
406
424
440
412
400
420
464
462
444
448
418
422
448
488
472
356
348
366
360
358
364
364
376
370
344
372
360
360
386
388
384
386
372
358
380
344
192
126
184
198
228
240
220
236
248
234
216
230
228
200
114
74
156
94
72
48
22
2
54
64
88
70
148
74
120
110
100
130
104
134
112
126
134
114
138
140
108
132
124
124
106
128
124
130
140
98
116
112
142
126
118
100
138
114
130
140
128
126
116
144
154
138
126
138
144
190
140
132
160
160
146
154
132
184
168
144
148
178
194
146
174
198
192
208
176
180
198
164
206
252
208
198
204
212
232
238
256
262
252
262
264
280
286
264
310
310
320
324
306
312
290
328
296
346
342
338
348
352
326
414
422
438
406
430
406
414
434
460
416
462
464
448
456
444
488
484
488
482
486
488
492
484
510
510
508
510
500
482
398
330
368
398
394
390
398
372
374
200
156
192
190
236
222
212
176
244
248
234
232
208
162
60
60
102
68
84
64
56
72
70
92
98
88
92
116
184
202
200
194
360
412
282
126
116
132
98
94
106
132
140
126
112
110
142
118
142
122
114
96
122
126
152
130
112
146
132
108
118
106
144
138
126
118
114
154
130
134
174
126
140
140
132
146
156
178
162
168
156
156
164
158
202
178
190
216
180
184
180
162
220
216
220
152
224
236
232
204
262
268
274
284
246
242
222
298
336
324
318
330
324
282
316
354
342
310
334
372
350
336
360
440
424
412
420
436
406
408
444
456
456
434
464
458
454
428
486
494
490
492
490
490
494
488
510
510
510
510
510
510
510
510
510
510
510
510
510
510
504
190
154
182
200
212
226
206
218
228
176
242
234
248
180
86
20
40
24
34
26
44
70
24
64
68
26
114
90
208
214
208
226
268
252
248
260
224
236
276
212
206
188
178
138
238
458
328
132
118
86
130
94
144
132
144
146
130
160
120
142
140
148
146
130
120
132
154
84
140
110
116
146
156
150
130
128
162
140
174
178
126
120
182
130
168
196
176
152
224
184
180
176
204
224
216
204
218
238
248
256
268
236
266
262
266
254
210
322
320
346
304
330
322
300
310
336
330
322
340
356
358
352
346
394
394
392
406
378
400
432
448
474
446
464
446
458
454
440
486
490
504
494
494
490
484
490
510
510
510
510
510
510
510
510
510
510
510
510
510
510
508
210
148
184
174
200
184
244
242
232
228
204
234
234
98
90
52
60
12
8
44
60
40
64
76
80
110
74
40
90
60
180
218
222
250
256
254
236
248
204
282
256
230
236
212
206
184
194
186
228
212
220
222
220
206
140
168
204
450
386
174
138
142
146
152
164
122
138
134
130
162
132
120
168
134
140
130
154
134
138
106
136
138
154
128
190
202
168
184
214
190
186
242
204
246
254
224
236
220
212
228
278
270
278
310
274
302
250
330
328
354
336
294
310
332
326
364
266
332
330
336
360
352
380
380
394
402
404
432
416
406
454
428
440
454
458
452
462
444
478
486
498
482
492
500
474
504
510
510
510
510
510
510
510
510
510
510
510
510
510
510
454
192
168
156
194
232
234
222
202
238
222
234
216
222
94
42
40
70
18
22
10
70
82
76
68
74
102
50
150
34
78
74
158
222
234
224
234
228
238
266
216
208
218
216
196
260
234
228
244
216
262
274
264
270
258
240
236
258
232
252
230
248
226
238
248
242
232
216
190
250
486
460
234
148
136
144
140
162
128
142
176
148
118
154
122
154
176
132
192
234
196
198
182
254
218
218
216
224
218
216
266
268
276
242
248
258
242
288
280
318
304
290
282
306
294
322
350
340
326
338
336
366
324
406
426
396
434
410
292
394
422
444
460
440
462
454
444
454
458
494
504
504
482
496
496
470
510
510
510
510
510
510
510
510
510
510
510
510
510
510
510
238
202
158
216
196
218
162
162
166
174
216
206
216
224
136
122
40
10
10
50
32
18
2
4
70
72
76
98
54
74
84
118
160
104
192
190
256
200
216
256
216
254
232
230
218
286
220
290
220
226
232
254
268
258
238
268
258
220
236
262
254
256
246
242
248
224
254
248
232
222
260
232
234
198
236
228
250
256
242
236
202
186
420
444
186
138
224
196
156
150
150
174
178
216
224
250
226
242
258
246
274
276
268
266
264
238
254
248
286
278
296
332
340
286
306
324
344
328
340
332
348
344
326
392
448
406
400
422
400
438
414
440
458
458
462
466
444
452
484
484
490
488
504
488
498
498
510
510
510
510
510
510
510
510
510
510
510
510
510
510
510
228
196
154
206
162
150
188
194
212
172
186
214
156
152
72
16
44
46
46
6
0
4
30
32
10
8
134
154
164
134
62
118
68
72
70
188
198
212
204
240
254
236
228
240
248
240
232
214
222
270
192
266
242
266
240
218
222
248
226
260
264
254
220
236
254
250
244
268
268
208
236
208
210
270
264
268
278
224
166
12
134
82
92
60
94
74
144
132
168
100
238
140
126
132
350
488
284
232
236
224
280
232
254
272
266
278
260
254
312
332
332
304
356
302
312
362
326
354
334
370
306
338
344
400
418
410
436
406
426
376
406
442
450
456
448
430
466
444
492
492
500
500
486
496
482
484
510
510
508
504
506
504
506
510
510
510
510
510
510
510
510
204
202
132
182
202
212
198
212
232
204
186
178
146
66
70
132
16
24
6
24
28
0
0
6
20
38
120
82
116
204
194
112
88
90
76
16
132
168
156
194
176
232
248
244
248
262
230
266
222
238
240
252
228
202
200
228
228
268
206
216
256
254
240
264
250
224
222
186
238
180
228
206
234
250
200
222
194
132
338
140
240
124
72
42
120
34
62
24
82
58
40
46
22
32
30
66
108
214
210
224
200
210
170
214
178
140
222
460
370
354
290
312
340
302
322
322
366
380
362
374
342
328
320
404
406
404
408
420
404
426
422
458
438
446
468
452
456
460
498
494
498
502
488
486
486
468
510
510
510
510
510
510
510
510
510
510
510
510
510
506
408
208
200
134
126
190
206
204
208
224
198
204
154
110
32
52
12
28
82
58
14
6
2
18
10
24
102
46
318
278
342
148
158
136
46
148
46
82
54
148
204
192
224
230
228
224
218
54
8
98
92
108
42
290
240
224
216
224
194
184
248
240
192
214
190
190
256
250
186
226
196
234
212
192
252
204
234
194
52
18
40
12
26
24
26
40
84
44
86
66
42
28
22
16
42
30
20
20
14
76
10
24
24
12
58
30
24
14
42
16
16
24
26
32
48
58
76
46
26
46
60
60
56
86
62
78
46
34
64
58
50
42
66
58
70
62
74
98
198
478
498
502
494
494
480
492
488
510
510
510
510
510
510
510
510
510
510
510
510
510
510
506
202
194
132
132
136
164
164
224
198
152
112
108
136
76
88
6
4
12
8
56
54
30
44
74
66
186
284
274
360
66
390
324
114
414
284
298
16
128
48
74
46
46
188
212
176
290
280
276
412
170
100
128
32
12
36
26
230
198
200
240
232
242
236
228
208
246
256
254
206
212
248
220
228
214
174
34
78
30
12
92
72
36
56
70
60
48
256
24
42
168
16
18
30
22
36
92
34
24
24
14
18
16
18
104
16
30
26
26
86
112
64
42
24
12
14
18
28
40
56
34
96
34
24
36
46
50
96
60
22
40
34
106
42
64
34
42
46
92
42
58
52
60
92
130
244
488
508
510
510
510
510
510
504
510
510
510
510
510
510
510
508
202
200
128
138
168
154
160
144
126
52
152
140
46
110
76
58
6
2
2
0
4
62
74
70
84
40
204
244
482
442
72
340
78
362
78
438
238
82
176
42
112
120
104
86
42
140
12
76
40
176
68
12
30
22
30
30
18
44
24
28
42
50
12
18
22
134
48
44
18
28
38
34
30
118
30
22
16
48
76
18
14
78
10
22
62
84
42
78
82
70
138
44
150
246
78
18
94
60
30
110
38
28
26
70
40
38
8
26
84
90
44
100
48
42
120
136
154
82
62
84
204
178
138
64
100
100
92
46
36
38
94
44
272
22
34
52
58
26
18
26
26
22
24
26
44
58
70
78
122
214
476
510
510
510
510
510
510
510
510
510
504
180
192
126
156
154
144
150
124
136
90
70
12
48
62
54
40
60
70
36
2
4
0
10
20
188
416
258
214
142
398
484
486
388
352
378
54
248
176
418
422
336
230
150
102
192
204
112
48
64
156
78
50
80
34
66
42
244
90
58
250
106
34
126
104
28
44
194
48
42
28
66
48
50
116
48
22
22
40
240
64
104
146
190
32
142
324
30
230
184
190
224
244
184
172
162
186
182
316
42
110
390
226
236
222
100
156
228
188
146
142
84
100
128
96
258
90
96
270
320
244
122
74
172
102
218
110
302
122
254
102
330
110
66
128
72
78
36
76
88
124
46
20
20
18
24
32
30
26
38
58
40
76
172
282
474
486
508
508
508
510
338
196
188
146
126
150
148
124
84
70
62
116
64
24
28
2
18
30
8
6
4
18
68
72
0
4
50
326
266
354
264
28
84
384
128
504
446
318
48
340
64
264
208
52
66
200
130
202
182
210
142
66
226
210
338
74
174
124
74
230
98
244
166
156
116
328
252
124
190
106
136
72
112
82
256
268
96
124
176
316
340
102
104
210
114
186
68
98
268
254
170
140
74
76
86
144
86
146
146
86
104
64
110
274
144
246
280
94
120
90
238
116
96
110
74
136
104
90
164
88
68
62
92
112
76
82
100
150
128
50
74
222
84
50
54
44
44
54
88
64
46
52
72
46
48
56
56
50
74
82
122
88
42
62
184
88
94
90
342
192
220
192
210
170
188
192
154
136
136
42
82
36
92
46
24
82
76
40
34
30
18
0
0
0
10
56
0
264
52
360
192
380
408
230
264
214
24
216
388
354
156
180
422
286
272
298
290
268
40
44
328
190
280
218
196
358
200
336
140
222
148
270
188
158
140
96
202
200
166
294
20
166
122
98
82
170
76
194
210
226
304
172
32
94
70
134
100
86
386
32
168
108
92
108
146
120
98
154
170
154
106
94
70
110
346
134
142
260
308
112
130
110
108
288
118
142
58
108
104
88
118
128
100
166
52
68
54
92
124
140
226
136
72
100
66
52
70
72
98
74
46
50
24
76
36
36
62
42
58
68
106
88
82
52
144
272
334
96
86
82
64
80
190
206
184
226
152
136
158
74
60
40
0
54
42
50
102
46
18
12
16
4
4
0
10
12
4
44
192
136
142
182
196
256
18
234
142
220
284
28
210
126
40
348
62
198
272
140
174
176
352
206
304
194
174
194
266
206
220
180
298
220
122
268
200
180
246
276
190
174
286
230
258
238
144
228
120
128
146
186
162
126
110
184
184
268
124
226
200
132
166
132
128
136
260
96
172
144
144
104
180
78
156
128
152
96
118
98
300
150
150
208
106
138
222
186
160
124
206
118
112
156
176
118
186
168
134
240
86
76
132
66
64
54
78
82
54
106
252
88
52
54
40
36
16
40
38
34
44
64
96
92
96
48
236
396
26
32
186
98
68
140
150
92
206
182
138
144
120
40
142
92
94
116
108
110
108
110
92
72
70
62
62
82
72
62
102
54
20
66
212
242
220
8
80
132
230
16
176
322
64
302
110
158
148
128
136
118
260
214
140
190
342
214
78
478
164
182
232
494
40
276
226
176
218
186
220
246
190
154
138
210
172
326
176
134
194
132
112
136
236
138
126
198
190
328
128
120
120
118
220
124
128
110
94
182
136
178
102
230
230
222
114
114
122
244
140
146
186
190
82
236
218
274
166
202
202
140
222
156
130
120
110
192
96
64
68
106
102
138
134
66
96
102
82
38
70
84
52
298
156
62
50
24
86
50
32
54
50
68
54
54
86
126
36
182
172
16
92
62
188
102
138
36
34
132
172
142
144
112
70
66
54
78
104
104
102
62
48
64
64
64
88
84
68
86
116
100
88
50
54
52
110
166
128
184
108
194
106
170
124
192
152
240
180
134
12
176
198
194
104
116
124
100
126
276
158
148
170
262
214
114
226
256
206
254
154
108
156
70
106
88
198
158
146
186
124
208
272
138
108
164
120
188
122
230
208
238
140
206
162
134
158
298
178
152
118
114
106
218
154
192
124
180
270
76
168
172
114
138
134
202
60
174
164
420
336
90
108
84
86
70
102
176
122
226
200
234
138
278
102
122
64
208
54
58
30
60
62
80
46
102
82
84
76
84
34
54
96
66
72
76
52
66
30
24
28
48
58
28
230
244
76
132
54
104
134
140
126
138
126
140
120
48
92
42
50
54
56
46
50
66
120
64
68
46
72
30
90
78
48
32
58
132
118
86
10
122
202
206
194
214
192
140
48
16
202
144
272
144
170
108
106
192
136
94
174
138
80
160
100
118
118
110
114
78
124
78
176
164
126
90
54
184
114
170
274
112
180
74
112
184
94
124
212
166
84
96
126
164
122
270
192
222
198
226
306
230
138
286
266
222
182
238
188
164
96
68
136
170
100
146
286
164
158
236
136
118
216
98
150
302
222
306
84
150
62
106
184
108
80
186
106
138
84
104
66
94
66
34
92
88
70
66
74
100
58
102
66
78
132
76
96
86
64
72
62
64
40
142
96
64
68
54
112
112
154
132
126
156
128
116
120
96
76
84
48
64
60
62
56
18
12
10
6
16
58
48
48
30
78
76
36
74
36
48
46
72
76
80
62
190
192
256
228
378
272
262
224
132
132
170
126
186
130
128
134
214
212
174
184
166
146
126
182
182
136
136
124
140
188
124
198
104
118
190
110
292
132
178
102
62
116
154
102
92
94
144
88
194
186
142
232
152
196
198
226
204
292
110
168
138
304
274
200
146
164
106
138
176
80
156
270
112
108
98
164
122
256
66
136
142
182
120
114
168
64
138
38
54
90
70
66
144
130
124
78
58
106
60
80
110
104
114
38
36
32
112
52
58
34
40
38
48
50
122
48
184
92
118
94
72
24
130
80
122
120
124
126
142
132
122
128
156
140
136
126
130
124
98
110
114
98
108
88
70
86
60
62
64
42
42
38
32
26
24
6
4
4
8
4
4
6
0
2
58
154
184
146
206
244
204
222
8
180
188
140
126
216
146
116
210
194
106
106
242
130
180
124
146
206
146
152
240
222
118
122
112
162
90
172
188
156
112
122
108
92
96
110
108
212
86
126
130
160
190
202
100
140
176
160
234
96
86
88
108
182
212
138
126
142
76
154
120
66
80
98
102
98
130
76
80
76
188
70
140
224
174
124
98
56
62
40
68
74
56
152
94
48
198
40
56
94
28
44
26
30
80
82
70
36
60
52
64
120
144
110
82
88
34
42
102
150
258
322
104
124
74
170
116
114
144
130
136
146
156
128
122
134
108
124
146
138
132
112
124
100
120
118
122
94
92
74
80
78
80
86
96
62
66
38
62
34
36
32
22
16
14
24
8
82
94
194
274
236
150
180
248
148
140
174
142
126
148
122
160
206
174
126
86
192
124
108
182
90
132
76
132
78
114
114
178
174
128
112
190
148
80
98
132
206
174
94
136
188
92
176
136
62
106
92
106
218
98
202
146
72
48
80
64
130
124
100
56
84
180
64
88
86
28
60
84
72
138
72
194
118
94
120
128
40
92
120
34
250
90
78
100
60
48
188
84
64
74
12
46
36
28
20
52
64
40
50
60
68
128
94
150
102
24
94
168
248
306
140
148
172
234
132
106
118
124
118
144
134
146
134
136
148
172
118
152
124
112
136
160
150
144
128
120
146
100
98
128
136
144
118
120
114
98
112
92
94
84
72
58
58
66
46
44
28
30
28
18
26
108
142
218
180
172
136
154
136
190
158
106
186
118
116
110
178
128
106
110
72
70
130
104
108
132
206
154
136
60
94
78
78
104
94
88
64
190
110
108
164
78
128
126
86
90
126
144
96
84
78
80
50
140
84
76
80
78
68
60
68
72
100
86
88
50
154
118
82
56
106
76
86
124
190
134
64
70
244
68
38
74
112
84
46
90
96
74
182
68
42
100
150
92
36
32
64
74
162
58
72
88
94
68
92
96
44
128
232
96
112
100
96
138
76
84
106
108
116
132
146
118
116
162
146
162
148
146
132
152
130
154
118
154
136
154
146
152
138
148
150
144
128
98
138
116
140
106
126
94
136
102
76
80
68
74
70
52
58
20
14
38
42
146
118
242
196
164
146
206
206
148
86
162
190
134
102
176
8
144
194
230
130
158
156
172
140
158
126
122
92
66
90
112
134
122
126
90
92
64
96
72
58
104
104
102
124
118
92
96
74
130
116
130
48
68
46
110
62
50
72
94
106
58
66
98
106
68
68
80
72
104
86
42
118
118
164
96
72
116
92
130
110
132
56
60
34
140
96
94
244
38
12
48
26
44
14
58
72
102
74
146
86
68
126
136
68
102
80
72
62
80
36
54
70
62
90
92
114
116
152
130
146
132
146
124
158
144
144
154
164
136
146
146
146
150
126
136
166
146
126
114
156
116
116
132
110
130
112
122
114
94
128
68
110
94
88
72
96
76
50
8
14
26
56
98
214
266
356
224
228
192
218
230
174
188
170
138
188
212
234
232
188
78
164
122
2
142
210
150
98
114
80
118
142
98
84
96
108
104
128
94
184
84
86
74
160
98
102
130
176
228
120
150
182
116
38
148
94
134
88
132
92
88
104
70
116
76
72
54
80
94
82
84
64
66
82
50
68
88
158
148
138
68
154
68
58
94
112
66
74
80
82
222
152
64
116
58
26
50
26
44
82
90
64
26
58
62
52
62
24
38
28
46
76
54
64
86
88
80
106
140
144
156
150
126
132
120
144
124
150
136
140
154
166
156
154
138
142
136
162
168
144
136
152
130
162
130
124
154
128
100
124
120
110
104
94
92
56
110
88
56
70
54
68
14
36
66
162
234
258
214
274
244
244
224
148
192
266
204
198
244
176
188
152
90
124
134
186
80
208
92
102
122
118
150
94
126
78
108
178
146
112
98
184
132
122
162
66
180
138
240
152
120
74
132
118
96
96
88
126
116
122
182
122
68
74
58
64
110
126
182
80
72
144
100
100
100
58
78
104
112
126
68
28
52
56
82
68
106
84
92
84
96
260
454
286
156
68
52
12
44
38
64
36
54
18
40
22
24
24
34
38
40
58
48
46
38
52
78
96
92
108
126
134
132
374
194
146
158
182
144
142
162
164
162
150
146
178
142
134
128
150
130
148
120
154
136
160
116
156
110
126
96
118
116
110
100
82
42
10
6
10
10
8
8
50
108
38
44
74
156
252
366
408
304
348
302
268
252
272
230
298
244
236
202
160
170
190
140
144
154
172
144
114
120
172
112
78
152
76
96
84
152
128
132
114
92
248
116
168
106
166
118
162
168
98
140
180
244
88
100
118
162
78
140
162
140
98
108
72
140
82
192
118
82
34
34
28
12
12
6
6
8
2
2
4
4
2
2
18
16
32
64
114
182
280
320
234
82
32
22
34
12
6
34
14
14
24
22
22
34
38
46
50
54
44
46
58
60
78
86
108
128
122
120
146
300
310
292
272
298
274
306
280
302
292
328
310
304
210
152
180
160
172
156
140
140
124
142
142
130
142
134
124
146
104
104
112
114
96
90
86
74
96
50
66
36
92
98
34
30
60
58
126
202
322
440
290
292
280
260
198
280
294
240
228
190
200
210
158
182
176
116
126
208
210
172
108
156
208
162
206
160
196
228
182
186
154
208
150
178
152
190
126
196
148
192
170
258
218
178
150
252
206
120
126
70
188
136
128
118
118
110
64
6
12
10
2
0
0
0
4
4
4
2
4
4
12
2
10
12
36
30
38
68
104
170
186
170
106
26
50
12
16
8
14
26
38
28
34
34
34
48
50
56
56
40
58
58
64
96
82
98
102
114
126
142
324
296
306
306
308
278
300
302
298
292
284
178
272
262
282
258
296
256
258
272
234
292
314
380
204
152
150
140
118
122
124
198
196
238
198
164
108
110
100
104
124
96
106
102
102
66
46
54
66
96
120
266
236
156
240
280
376
346
378
208
268
250
260
240
346
264
192
180
294
214
214
174
198
218
176
178
222
146
178
108
176
174
198
168
256
272
162
144
176
154
216
246
200
244
222
148
144
210
176
236
194
204
198
206
192
140
108
132
142
46
2
2
4
0
0
6
2
2
2
2
12
2
10
18
10
16
26
56
152
128
146
144
86
32
20
12
16
26
26
20
38
52
70
34
46
48
56
64
52
54
56
62
58
92
92
104
82
130
128
134
128
132
188
312
304
208
304
334
318
268
294
314
290
314
296
300
294
322
302
322
132
302
278
310
288
298
308
302
232
268
276
232
198
258
196
150
152
160
164
136
82
76
68
54
48
64
54
54
56
58
30
46
12
4
10
38
86
178
196
210
206
170
214
252
222
142
122
56
50
66
92
168
78
156
116
96
102
64
72
144
210
218
222
238
228
292
242
202
220
128
234
298
236
200
224
180
174
266
230
222
206
218
216
212
234
220
144
136
194
148
178
98
94
10
2
4
2
0
2
2
2
4
6
4
12
14
50
78
98
128
70
12
22
20
34
12
22
22
34
56
32
34
42
46
52
56
46
56
80
66
44
52
64
82
90
106
112
98
132
124
116
270
308
348
298
308
310
310
302
304
312
330
290
322
146
192
304
340
280
340
286
298
298
276
204
86
268
294
314
138
270
284
244
206
232
188
174
86
76
64
46
34
30
26
36
20
24
18
20
36
16
18
14
12
12
12
12
14
14
8
10
10
4
14
18
192
148
106
80
70
78
72
82
70
40
44
66
50
34
44
38
82
160
224
226
252
244
202
196
188
238
284
252
242
242
218
234
334
278
218
248
236
258
254
196
220
208
218
146
212
222
218
186
174
164
144
124
22
6
2
4
4
6
2
32
56
46
24
6
14
10
14
20
32
38
26
38
30
40
42
28
38
34
54
52
46
60
62
78
70
64
56
54
66
84
98
92
90
108
138
120
138
362
320
322
120
340
354
304
330
308
334
310
304
294
340
316
348
244
332
298
326
278
320
318
336
304
174
218
290
292
290
288
300
172
256
220
226
62
166
136
132
98
94
88
92
82
80
72
74
72
94
114
102
102
110
90
32
86
88
74
96
52
20
8
6
10
10
4
4
2
4
0
10
4
4
4
4
8
8
4
28
44
56
98
134
124
128
132
130
136
186
162
148
130
164
168
170
194
216
158
130
172
134
162
176
146
150
140
128
172
172
128
116
116
116
94
120
82
96
54
22
0
8
6
6
22
16
16
16
18
28
32
26
38
46
48
44
32
50
68
66
58
58
56
60
74
72
82
82
76
72
50
62
74
90
82
100
98
106
146
124
116
332
322
318
310
308
316
312
336
292
332
338
312
340
264
306
336
300
316
336
354
152
128
318
326
324
354
358
318
326
284
316
302
290
290
302
282
262
96
114
168
108
194
196
184
60
172
180
186
68
162
174
198
184
164
186
164
158
162
166
160
144
122
114
116
102
86
78
64
68
48
52
54
22
10
10
10
2
6
0
0
6
8
8
18
2
8
6
10
2
10
10
6
6
8
4
32
72
94
98
68
82
78
86
76
84
98
76
66
50
12
8
12
2
6
4
6
8
4
2
12
10
10
22
18
14
26
22
44
32
30
32
42
44
62
48
60
64
42
56
56
58
70
60
66
68
66
78
74
68
64
70
70
80
90
102
116
90
92
144
114
136
310
320
326
292
30
28
24
286
22
356
318
346
346
332
334
346
342
338
320
298
312
322
300
340
310
324
94
322
332
334
212
330
330
282
282
280
270
92
270
248
242
236
226
240
250
224
228
228
226
118
128
228
82
266
218
252
192
198
228
200
208
206
164
146
176
122
132
112
122
104
112
54
78
78
80
50
64
64
60
54
50
54
58
48
40
18
14
10
16
24
14
12
12
10
4
12
14
4
4
14
8
10
4
12
4
12
12
6
10
16
10
6
10
16
10
18
20
22
24
24
30
14
20
48
44
38
44
38
40
48
44
48
52
56
60
64
56
66
66
54
68
76
78
68
68
70
80
92
80
82
76
82
88
106
94
98
94
96
126
102
124
328
326
306
296
32
164
264
124
110
296
364
300
320
346
340
324
306
352
330
320
336
322
336
322
348
298
270
342
340
316
328
278
302
322
322
268
270
286
106
234
288
274
78
252
280
272
272
280
290
244
254
294
242
264
98
248
248
284
152
258
200
96
108
180
130
256
200
170
166
170
150
98
134
136
112
102
106
54
96
38
96
90
102
106
108
90
76
86
94
96
86
98
94
90
96
94
78
48
24
24
22
32
32
24
22
30
24
28
32
32
36
22
32
32
30
40
30
26
36
46
26
30
50
58
60
40
52
62
64
50
84
64
50
66
62
78
68
60
62
74
92
66
82
90
80
114
80
84
90
84
84
102
86
104
94
92
98
100
100
130
120
324
300
320
316
22
14
98
140
26
316
306
322
322
322
318
338
316
312
326
326
340
358
342
300
318
348
336
326
312
344
324
324
296
342
306
342
302
328
320
308
298
334
310
334
240
282
322
312
300
302
284
254
286
276
266
160
266
280
284
264
244
264
262
244
218
242
216
236
206
232
202
116
164
56
106
134
136
144
172
132
176
166
150
76
168
138
158
124
32
146
126
144
158
152
152
152
160
142
40
158
120
122
132
132
146
178
152
158
76
48
50
48
50
62
48
54
50
46
50
50
44
50
44
54
56
66
66
66
80
66
54
80
76
86
86
74
74
80
86
94
108
92
112
112
104
82
96
96
110
108
102
102
92
90
98
100
106
108
106
110
148
308
344
310
296
290
308
276
310
334
334
304
304
346
330
314
344
362
294
340
338
346
346
318
316
324
298
326
328
322
332
314
316
314
278
296
336
332
296
296
332
316
308
310
288
324
298
302
302
300
346
300
300
304
318
312
298
304
312
310
258
268
282
278
60
184
236
296
270
50
238
252
236
234
230
220
92
228
196
238
216
220
198
216
214
158
76
96
78
208
166
136
170
208
204
212
166
194
182
162
174
200
218
208
184
198
186
222
186
222
210
240
192
218
202
196
192
256
190
256
304
156
64
62
56
70
92
70
106
100
90
96
88
78
74
100
54
84
74
102
80
104
88
94
114
110
96
94
108
96
108
114
98
116
112
106
118
112
98
118
116
356
328
318
292
288
300
326
296
60
146
66
358
342
326
316
342
334
318
318
354
332
328
332
328
320
342
310
338
328
336
306
284
304
324
324
364
288
306
342
334
74
230
306
326
326
330
292
286
318
302
340
288
316
268
322
320
330
290
282
282
334
302
300
282
274
300
276
298
260
298
250
250
286
258
304
254
168
258
270
238
262
236
100
236
232
246
228
236
232
216
226
238
236
164
224
242
258
228
108
132
122
282
238
228
192
226
246
226
298
228
218
234
238
266
246
84
248
226
264
288
264
254
248
278
222
248
280
238
254
270
294
300
352
196
138
100
98
100
118
92
84
98
114
108
80
98
114
92
100
108
94
120
94
100
96
96
102
100
114
90
102
470
394
116
76
244
278
316
264
330
302
278
138
320
334
326
356
306
308
284
316
334
348
366
260
334
336
336
322
320
328
328
346
338
344
332
318
322
320
330
340
316
314
326
312
284
306
80
316
82
324
304
296
304
298
324
324
300
326
326
302
306
274
280
314
286
306
286
280
268
280
310
334
296
280
286
310
268
276
262
264
292
284
262
266
272
258
246
274
242
244
138
236
252
90
200
166
284
280
254
258
280
244
278
278
280
280
244
272
282
238
88
110
282
294
288
226
262
302
254
106
298
110
272
160
272
302
278
260
324
276
304
226
268
300
292
326
290
344
368
386
404
424
264
432
466
390
138
102
112
116
110
90
100
110
88
84
88
88
94
