0
2
90
168
152
166
164
170
162
180
194
196
198
192
204
202
204
214
204
210
214
208
208
194
204
210
214
206
210
220
218
222
206
232
220
224
208
222
228
238
232
224
220
210
198
226
226
232
232
230
244
214
226
338
322
302
278
310
286
292
286
294
320
254
262
250
256
238
260
272
248
230
226
238
232
242
230
218
202
212
196
216
222
204
224
178
192
198
190
190
172
52
506
510
510
500
202
176
184
202
202
196
178
186
188
194
258
312
306
314
316
308
324
324
322
324
312
242
202
324
328
332
334
312
328
322
312
314
322
330
326
328
330
330
328
344
330
326
322
312
334
316
318
322
324
216
266
318
316
320
182
194
274
244
160
306
300
296
284
196
206
0
0
136
160
160
168
156
166
166
166
172
176
192
184
194
206
202
194
202
200
202
206
204
206
190
222
214
212
214
214
222
202
212
208
230
232
222
232
232
218
226
236
234
238
214
240
234
220
218
248
202
232
248
232
236
204
284
282
258
290
318
286
296
250
254
240
258
250
262
246
270
224
228
226
232
248
220
228
202
220
226
226
212
218
218
194
206
194
206
224
210
196
182
68
508
196
208
208
210
214
192
192
198
174
194
182
178
162
184
184
282
326
314
302
316
314
316
334
298
302
330
316
324
304
332
326
324
330
336
334
326
336
322
312
330
330
330
324
316
308
330
322
320
326
326
334
318
314
312
332
180
292
160
154
214
312
314
284
224
218
214
0
2
92
84
116
166
160
168
170
178
168
160
172
180
188
188
190
182
194
202
210
200
204
216
202
212
212
218
222
208
216
202
224
218
232
206
220
212
232
234
228
228
232
236
222
256
236
218
224
226
222
246
228
234
230
224
234
238
226
198
362
300
298
266
248
256
272
250
256
234
236
240
230
218
208
234
254
200
210
212
216
210
204
194
212
190
224
186
202
178
210
220
198
202
198
198
216
202
218
190
206
204
180
184
194
180
172
160
176
188
162
156
194
198
300
316
330
322
326
328
320
310
314
326
334
284
308
314
334
324
336
328
328
324
326
348
326
332
324
324
342
332
330
322
328
318
324
344
316
308
312
314
314
162
302
306
312
290
224
226
216
0
32
36
50
30
62
124
168
168
180
176
176
172
172
182
162
188
184
178
202
190
192
218
212
212
214
208
204
216
204
218
206
210
208
204
220
226
220
218
230
224
216
216
238
240
258
228
234
216
232
238
240
208
218
232
228
220
224
232
228
238
226
224
176
368
254
254
240
238
176
226
252
236
236
212
252
214
212
220
222
216
210
210
206
192
200
202
194
204
208
192
210
190
204
204
198
204
186
194
200
176
196
208
202
160
166
166
158
162
138
178
186
190
176
148
172
180
224
310
324
328
320
310
322
312
318
322
320
322
336
330
216
254
340
300
334
316
320
332
340
332
318
342
300
330
310
302
318
326
322
326
324
316
324
314
296
306
300
228
230
218
0
26
50
2
116
104
116
150
140
182
172
176
170
176
168
168
168
168
192
178
180
196
188
190
208
190
216
208
206
216
222
208
218
230
230
242
222
232
220
238
218
240
216
226
232
224
230
236
228
222
228
228
234
224
246
230
242
242
252
256
246
220
218
232
236
222
202
148
248
168
12
168
160
16
114
146
238
214
196
202
190
204
202
224
208
182
182
206
198
202
194
210
194
170
198
192
218
186
206
172
162
180
208
198
186
196
180
180
200
180
178
204
174
180
154
154
190
192
172
166
198
280
324
320
312
314
312
316
316
326
298
308
326
312
310
306
332
336
310
314
326
324
310
304
330
332
304
332
306
320
336
324
316
318
332
318
324
296
222
224
228
0
0
12
6
44
44
90
190
190
150
174
152
188
176
172
172
176
168
174
172
174
170
200
188
182
190
192
194
210
208
210
206
220
220
208
218
224
198
226
224
236
222
232
232
216
230
218
220
234
222
200
228
194
228
240
214
216
236
226
236
260
210
238
236
240
206
230
194
144
106
34
78
110
88
40
36
56
58
90
172
212
200
224
228
224
190
180
204
202
172
198
158
194
194
188
194
182
180
182
182
186
196
174
186
172
180
180
178
184
204
184
202
182
166
162
164
162
172
170
180
172
178
162
174
194
332
328
320
336
316
302
332
318
324
322
332
316
306
272
320
310
322
326
316
322
300
318
310
310
300
310
310
336
318
326
322
314
250
236
228
220
0
38
18
24
20
24
122
138
164
182
220
184
172
182
188
178
174
172
186
186
190
178
186
158
184
182
182
192
184
200
204
192
196
194
194
200
176
200
214
232
226
224
222
204
238
214
214
256
214
228
216
204
210
232
210
240
214
230
234
210
242
234
242
226
186
200
186
198
126
58
194
88
70
128
90
142
60
36
38
32
80
38
100
202
216
172
192
190
200
184
192
188
174
186
186
198
186
198
190
186
178
198
174
172
176
168
178
176
168
166
160
172
166
180
150
170
190
160
156
154
140
154
162
162
152
172
172
178
192
306
324
304
306
318
316
320
308
322
210
310
330
322
318
322
296
318
324
316
310
320
312
320
324
316
336
330
314
236
244
228
228
4
10
8
34
22
0
36
6
102
118
164
120
94
148
166
170
178
178
170
184
182
166
188
180
170
188
202
196
180
184
200
196
164
218
186
198
204
198
202
206
210
226
216
224
232
254
234
236
230
228
224
218
214
220
216
220
206
228
230
240
222
218
224
232
234
188
174
166
106
82
86
82
120
158
74
74
72
60
74
70
54
40
64
66
100
72
66
172
198
180
190
172
176
188
178
180
166
176
180
178
170
148
174
182
188
162
164
154
166
184
180
148
170
158
156
170
162
166
166
144
156
156
166
148
180
154
152
164
128
146
148
140
252
322
300
336
328
318
324
320
318
338
326
314
340
204
312
322
332
318
316
336
328
330
322
318
298
234
216
230
214
0
0
18
6
12
38
16
4
36
58
138
170
168
132
118
158
174
174
178
170
174
172
180
178
190
188
168
170
192
184
196
196
184
166
182
194
196
202
216
200
206
184
202
172
198
232
204
206
232
228
224
210
230
226
200
216
234
224
218
242
222
228
226
238
208
122
66
68
122
124
66
148
198
208
122
154
124
76
52
36
38
48
34
106
110
138
112
112
26
40
106
34
56
180
170
182
192
204
168
176
182
166
174
164
184
172
168
168
180
150
148
172
172
160
168
182
166
162
162
124
156
152
170
164
152
150
178
140
148
156
158
158
156
164
166
168
276
330
318
318
334
320
322
326
312
200
312
314
310
298
330
326
322
330
330
304
274
226
226
212
212
16
6
30
10
16
12
0
30
60
34
124
130
108
138
108
88
174
188
178
176
180
182
164
192
164
182
180
172
172
186
192
182
172
196
200
180
242
204
194
180
192
200
210
198
184
224
188
198
190
182
242
210
208
214
214
228
220
230
202
222
212
218
200
182
98
100
124
144
84
108
144
68
120
98
82
60
28
50
152
80
28
70
58
40
34
8
38
34
2
52
8
30
10
8
10
6
8
4
10
32
26
62
18
10
36
12
38
10
20
44
44
46
48
44
68
52
28
44
42
50
42
38
52
50
62
56
68
100
148
146
140
148
168
166
148
158
148
170
174
164
336
322
326
324
326
322
306
318
326
308
302
330
306
318
304
300
234
244
234
230
222
0
2
0
0
32
14
66
66
60
70
34
106
158
94
174
218
210
70
142
182
180
184
176
188
172
180
180
174
186
186
184
188
164
208
242
16
18
184
204
92
120
206
190
190
198
202
190
196
206
206
184
190
202
198
202
176
192
206
182
190
202
208
190
160
106
86
86
44
40
98
162
176
134
82
66
42
78
20
58
0
62
2
10
42
26
42
28
28
26
44
62
80
40
52
6
32
6
18
28
34
42
8
12
32
42
18
30
10
30
32
58
30
56
36
26
46
18
54
30
42
10
12
8
16
22
52
68
76
16
24
34
34
70
84
136
142
140
158
134
176
170
162
154
164
318
314
334
328
316
314
332
314
306
326
296
314
232
230
236
216
222
18
22
28
30
8
10
82
36
84
60
64
54
88
152
122
72
98
62
194
64
168
184
182
184
176
194
190
190
182
188
184
194
182
198
8
56
4
50
176
106
48
46
10
34
58
46
92
68
90
130
28
76
38
22
84
112
70
72
78
62
62
108
46
54
36
92
110
92
74
70
22
50
24
6
108
62
6
22
62
72
40
38
2
32
88
34
52
94
40
66
56
64
22
34
20
62
24
0
14
18
40
22
40
0
20
12
14
4
16
20
22
24
4
18
40
14
38
14
12
14
46
36
8
36
20
18
14
24
6
22
44
18
26
112
106
20
20
56
92
156
160
162
148
138
164
128
162
218
336
306
312
310
320
320
308
328
226
226
238
226
226
8
16
28
14
0
28
22
46
48
16
68
36
92
50
60
214
216
222
40
174
114
82
94
160
178
194
166
186
170
188
180
166
170
148
42
2
72
56
26
88
70
2
38
92
78
20
104
230
86
62
14
154
76
86
24
56
72
22
118
14
68
18
60
56
128
88
68
22
90
58
132
68
168
64
72
70
204
104
182
102
82
124
80
126
66
144
318
126
72
218
52
162
8
54
28
118
40
18
34
40
30
28
58
24
120
28
32
26
42
26
26
54
68
46
64
36
98
66
124
72
114
98
120
132
100
42
18
36
18
42
182
26
70
22
12
12
14
118
52
28
114
92
134
148
148
138
148
162
154
160
134
236
332
296
304
282
220
220
234
254
218
18
56
36
8
16
22
0
28
18
24
30
64
56
152
152
252
34
30
216
30
118
66
114
40
72
22
128
50
76
50
54
116
156
48
60
2
56
90
10
150
70
220
94
112
194
186
88
220
86
200
158
174
190
158
316
282
184
84
214
204
216
154
218
240
156
56
168
192
52
194
166
134
180
206
228
46
236
144
150
172
226
206
170
132
110
148
122
134
156
176
144
106
146
146
156
118
124
122
124
138
54
138
120
88
18
116
134
102
132
170
162
132
106
84
190
68
86
76
84
96
82
148
58
76
76
18
116
72
146
106
150
180
192
96
116
30
20
22
42
214
176
166
42
78
94
154
138
170
140
144
128
152
138
144
146
234
258
246
224
200
216
14
2
0
26
2
8
4
2
76
140
42
10
200
196
64
164
186
254
188
198
52
30
84
52
126
168
146
214
106
90
180
52
282
54
176
152
148
64
208
80
200
188
176
34
142
86
248
164
112
90
244
166
36
218
260
192
192
164
172
236
206
224
172
176
154
186
78
184
214
174
232
198
228
236
192
188
212
136
208
40
152
308
128
154
178
56
142
200
68
170
304
118
112
90
128
162
138
98
16
78
144
72
114
72
236
152
48
64
58
124
124
66
110
120
88
118
58
88
66
116
20
148
124
70
50
146
80
102
46
102
200
266
160
108
30
62
98
84
192
192
290
72
44
22
50
42
48
94
130
156
164
138
140
126
128
248
236
228
228
214
200
180
96
26
44
54
56
56
48
22
0
34
94
206
40
200
64
36
204
42
20
204
134
192
30
86
114
196
172
176
186
30
226
232
218
136
200
124
134
186
52
140
44
178
118
184
232
22
176
98
244
152
148
192
128
146
208
174
180
252
234
236
210
186
236
144
262
122
192
176
84
162
50
196
190
256
208
184
134
178
252
260
34
92
126
204
28
202
158
116
160
128
188
112
28
108
114
72
128
112
170
18
180
92
56
62
122
102
56
112
22
76
58
80
126
62
38
134
66
70
88
46
82
86
84
96
48
58
52
72
66
140
162
122
88
114
62
104
68
112
124
162
168
188
168
38
24
28
26
110
74
94
132
138
136
190
232
220
230
218
204
190
108
126
80
112
40
74
40
74
38
62
80
44
112
174
34
176
252
98
268
256
228
26
262
276
30
208
196
42
22
204
52
48
192
136
24
224
38
168
30
158
72
206
144
124
26
156
84
186
126
148
154
228
190
192
172
24
198
260
224
228
30
230
30
114
140
32
160
254
126
200
192
172
270
202
190
138
182
218
168
68
174
118
184
170
190
172
192
124
140
124
20
168
144
52
164
170
116
144
50
110
164
158
166
136
94
92
126
168
132
64
96
64
48
100
104
162
102
48
82
144
94
72
136
130
106
92
122
56
48
92
162
90
162
124
112
88
82
84
232
72
144
108
92
104
124
112
62
22
48
94
102
46
70
156
378
242
234
220
226
216
198
28
8
0
30
28
30
32
26
26
16
38
240
200
208
186
212
56
74
236
62
182
216
26
24
130
82
86
148
230
164
276
200
80
258
206
150
216
38
228
204
32
14
126
196
190
268
172
180
192
154
130
136
26
280
156
186
276
126
160
214
120
244
152
164
202
270
214
194
34
256
202
178
208
50
200
186
206
190
268
176
184
186
214
152
190
170
184
184
168
130
164
106
72
192
112
114
98
104
140
132
78
116
116
16
116
100
82
118
62
114
90
74
108
86
148
94
154
160
112
142
136
126
78
136
44
86
36
80
76
144
214
166
118
82
168
68
46
96
192
144
104
56
106
120
104
96
38
56
40
48
90
100
56
56
62
234
226
240
216
212
178
22
0
6
36
10
18
18
12
12
22
8
40
190
190
242
236
26
226
260
28
286
184
196
110
148
200
196
10
194
24
14
140
216
128
196
154
228
236
224
152
216
196
136
158
210
236
156
204
152
176
226
228
42
194
150
168
8
246
202
198
242
152
148
156
198
308
180
190
160
218
180
190
174
170
218
30
86
220
196
188
212
40
210
184
186
186
130
176
150
132
174
114
140
114
102
136
110
110
182
166
130
100
98
104
120
70
76
124
198
98
202
118
96
104
70
216
212
68
160
168
76
134
146
108
42
110
94
200
156
164
194
166
86
48
60
90
46
118
164
72
70
84
92
142
168
102
56
308
300
300
302
72
76
82
164
86
80
228
224
192
196
78
102
72
74
38
56
86
22
96
88
94
104
210
84
24
10
216
34
194
192
256
24
270
148
20
260
236
220
228
232
56
126
220
186
240
8
158
78
144
170
118
130
152
152
178
220
56
32
176
108
158
118
184
224
128
186
84
188
168
182
166
214
162
238
176
206
164
168
206
182
82
168
174
234
230
266
190
250
180
140
186
46
192
234
158
156
126
278
108
144
202
20
166
136
108
184
190
128
132
202
100
138
114
96
124
66
24
144
220
136
214
146
214
206
142
144
114
134
178
226
192
230
214
102
86
164
134
102
196
272
200
150
100
74
18
76
76
174
162
94
160
106
126
178
124
106
292
260
26
46
168
72
72
70
36
36
40
176
212
212
182
0
0
20
38
44
54
40
30
36
34
20
58
16
172
184
152
232
2
260
66
230
64
258
214
188
110
220
6
204
36
220
208
164
190
46
178
218
132
32
206
164
200
154
4
190
144
20
104
192
180
108
112
160
222
122
178
282
252
156
140
110
194
198
140
186
244
202
170
196
226
22
226
216
188
176
158
136
258
138
120
184
186
254
188
178
214
114
166
156
122
222
112
214
242
168
130
86
98
104
146
146
130
138
216
78
152
174
186
114
130
98
124
198
230
222
142
184
120
188
178
44
98
206
164
140
260
92
250
174
242
156
126
46
112
96
82
118
212
214
138
104
126
182
210
158
116
300
188
14
14
480
170
210
68
58
156
86
166
178
214
170
22
32
8
2
4
8
14
20
2
24
14
88
218
250
196
200
172
212
216
4
220
186
142
14
266
200
236
26
252
102
226
166
56
228
64
174
156
168
176
168
160
82
214
200
200
108
130
118
160
50
130
160
96
118
96
88
108
146
114
114
120
76
162
208
114
112
126
122
172
148
196
210
272
176
170
152
130
186
200
94
102
128
176
114
108
90
84
166
32
138
112
134
92
188
132
220
138
104
226
208
10
256
46
108
84
134
86
234
114
204
168
88
184
136
152
260
146
150
128
234
208
108
90
194
118
122
158
182
222
270
184
14
12
74
144
32
182
242
98
116
54
90
50
68
110
16
118
330
226
312
270
268
100
136
156
164
198
198
338
182
170
74
18
56
30
24
76
30
72
24
64
14
152
234
200
46
78
206
84
168
196
194
234
148
86
12
2
178
218
210
224
218
168
94
222
176
106
190
178
182
206
140
96
184
158
168
106
104
168
142
86
6
126
168
132
134
134
176
156
150
22
150
176
172
124
6
92
170
170
200
142
258
188
192
158
124
150
162
58
10
128
80
116
228
172
142
116
58
90
0
70
88
166
94
174
166
10
56
80
60
64
0
126
104
44
62
100
76
122
48
146
208
144
58
126
168
160
170
236
82
120
188
232
118
164
184
220
68
88
276
248
140
220
244
150
176
150
184
180
30
204
190
138
88
128
94
10
14
68
68
36
38
62
260
168
180
224
286
226
244
192
128
4
12
22
10
48
80
80
68
66
42
36
130
204
212
184
198
182
174
118
12
168
44
204
158
260
268
194
210
14
24
218
192
230
206
238
204
192
188
188
6
222
224
176
190
170
174
142
176
146
220
182
180
202
158
202
186
160
160
94
42
232
154
236
152
144
228
206
168
134
104
176
144
200
180
118
128
126
126
90
108
104
120
142
190
86
132
120
64
170
90
108
82
138
62
108
78
120
56
72
94
48
72
72
46
100
100
38
56
38
52
44
60
68
50
130
178
118
138
126
168
58
222
176
160
74
68
82
120
230
230
140
268
234
286
244
150
208
164
144
170
194
180
162
90
76
90
144
72
78
280
270
110
198
146
194
412
210
200
188
174
122
22
0
14
14
50
8
26
0
16
92
98
56
160
112
174
206
8
14
182
188
168
104
200
6
186
76
34
112
248
232
218
10
164
190
8
84
196
214
220
152
186
162
200
200
184
196
172
152
168
170
236
200
180
158
174
236
124
180
252
138
122
254
154
148
138
188
184
126
198
130
184
178
186
250
134
154
114
102
102
126
104
108
98
90
112
134
104
86
120
70
60
50
96
158
90
84
48
66
54
62
170
64
40
34
36
62
38
54
66
40
42
88
124
28
34
106
50
54
82
140
56
72
224
198
52
94
126
148
74
188
276
306
290
306
258
232
208
228
158
96
190
190
252
208
168
164
134
176
266
220
90
150
134
280
354
198
206
208
180
140
78
20
28
4
24
6
30
36
32
44
60
138
28
106
20
212
226
218
168
218
150
116
208
222
226
222
264
256
248
208
210
126
242
204
210
194
178
158
170
236
178
208
204
224
240
210
222
190
226
178
224
184
126
216
200
14
256
170
198
182
196
252
236
238
160
278
208
200
214
234
162
190
248
24
182
152
168
196
112
82
108
140
122
170
136
142
84
72
78
90
110
108
62
8
106
80
98
42
62
32
46
42
56
42
54
60
36
50
50
40
46
62
68
74
40
66
192
168
272
16
82
118
126
144
232
96
232
186
160
196
248
222
268
280
246
236
240
156
210
98
172
190
206
270
248
218
198
218
248
96
158
100
98
206
262
196
260
236
302
258
296
66
28
50
34
46
14
40
56
8
56
56
62
44
90
164
190
198
26
164
20
204
214
222
208
192
146
56
150
142
124
138
66
136
160
158
182
212
176
176
164
180
158
148
192
74
176
238
62
62
226
132
216
178
222
210
240
218
260
204
262
304
302
204
192
206
196
226
184
220
190
192
174
248
198
174
162
190
194
130
130
148
92
158
8
150
146
128
126
4
80
54
68
112
26
88
78
76
78
54
106
62
70
46
62
38
72
40
22
32
56
44
58
102
122
242
238
100
234
226
34
36
138
164
34
272
56
140
50
160
130
164
98
48
158
270
246
230
186
214
232
228
202
264
292
232
186
310
186
130
194
200
188
260
54
210
270
264
302
170
212
210
88
40
22
22
30
32
2
46
52
70
52
8
48
6
60
164
182
46
154
124
130
68
20
88
12
10
12
6
4
6
4
2
2
44
38
38
60
78
112
152
186
160
192
182
72
74
180
186
174
224
212
18
136
250
242
252
238
226
248
28
132
164
268
228
188
230
200
184
20
202
184
204
210
220
192
182
196
162
176
146
100
152
118
140
168
104
108
164
124
104
112
126
104
130
68
108
102
74
114
86
86
70
90
70
68
30
52
48
44
46
62
70
68
96
208
152
168
132
210
224
112
134
206
106
288
68
112
84
106
112
194
142
72
128
168
248
144
210
232
202
238
222
260
270
242
302
124
138
232
204
174
242
286
338
360
306
282
294
220
224
46
144
56
0
44
42
62
78
46
62
66
26
64
34
38
38
62
38
122
110
22
80
64
74
70
94
110
56
26
24
28
24
26
12
10
4
2
6
30
96
178
122
168
182
160
174
190
210
206
212
192
196
230
234
208
104
216
232
242
260
280
248
258
258
248
234
232
264
210
214
164
198
188
210
256
196
166
198
206
172
188
172
184
142
190
178
158
166
190
138
100
92
110
98
124
148
200
112
144
132
20
68
110
66
88
80
66
28
58
52
192
118
126
48
182
196
210
118
236
264
246
232
158
214
292
262
122
52
168
148
178
174
152
132
148
176
166
102
258
220
260
266
294
276
308
256
164
126
226
290
226
240
286
300
248
194
222
238
202
244
136
38
298
54
82
60
50
4
80
58
32
62
62
48
76
74
90
56
46
80
100
112
70
144
172
168
166
178
162
192
172
184
82
46
46
32
4
0
8
22
42
60
94
106
168
128
210
184
170
174
180
212
194
234
202
218
230
238
224
216
238
236
94
214
254
236
232
282
150
240
250
260
240
226
234
232
244
206
202
192
214
150
174
176
172
192
170
144
202
178
178
146
150
106
112
158
108
150
132
138
126
100
88
136
120
78
82
64
124
86
54
64
114
110
270
276
196
228
168
198
188
134
142
184
202
256
178
94
46
128
170
174
236
204
198
140
220
230
194
220
264
276
274
294
300
310
208
134
196
236
230
268
264
248
196
236
292
270
234
178
152
88
38
504
60
76
44
72
84
10
82
94
62
124
118
20
80
136
174
202
210
238
94
208
178
218
216
74
136
228
210
220
196
208
190
176
160
6
4
2
30
16
10
18
36
92
108
164
184
236
216
248
218
228
174
190
204
220
234
242
230
242
242
218
222
248
252
236
250
244
254
238
204
244
280
290
278
242
234
246
234
204
74
258
202
170
152
204
42
166
198
160
178
200
168
238
220
192
140
114
106
52
80
150
128
130
98
6
62
94
128
12
78
94
102
202
234
230
222
184
296
302
208
214
122
196
220
158
116
130
36
80
168
162
190
178
200
254
246
202
248
198
256
300
180
278
332
150
214
240
230
292
260
258
262
250
268
206
170
136
140
130
46
52
510
70
130
24
54
78
94
38
120
90
94
92
186
256
268
226
260
284
276
262
278
266
264
110
238
254
244
264
256
246
106
232
240
224
122
0
0
2
4
10
22
10
40
62
72
98
182
194
220
246
218
214
224
192
226
226
220
218
106
230
212
238
230
248
242
218
236
264
268
244
266
178
204
280
268
148
202
256
240
256
272
240
262
230
226
200
244
212
240
220
228
230
118
144
212
178
2
194
128
102
76
2
166
184
50
138
44
0
0
4
16
54
80
88
124
114
166
142
176
196
196
150
136
122
142
96
140
114
58
104
158
232
180
210
270
168
228
252
214
198
250
254
310
230
224
238
290
260
260
232
212
210
194
88
132
138
158
154
140
58
86
510
98
64
88
104
90
94
160
154
156
172
208
278
292
302
302
298
292
308
114
206
300
292
272
268
258
260
168
266
256
262
214
250
216
4
0
0
0
2
8
166
22
14
26
34
60
52
114
190
200
234
242
242
224
190
226
236
230
228
234
144
210
242
258
130
222
236
232
294
294
234
240
258
226
242
248
276
218
240
260
260
236
236
252
262
242
256
252
236
216
236
198
212
204
244
162
184
144
112
148
140
168
164
206
212
100
98
6
2
4
12
10
14
20
22
22
26
28
42
76
130
160
174
178
188
60
32
182
288
196
144
232
230
188
126
204
188
190
230
220
244
258
262
258
224
234
180
168
174
200
156
132
132
124
134
166
140
100
108
38
312
510
94
74
72
118
86
176
260
306
348
338
334
326
326
316
332
322
328
324
318
320
290
308
270
204
300
276
308
228
286
248
226
268
184
10
30
6
14
14
4
20
4
12
24
20
34
28
42
70
186
210
160
262
264
244
218
222
212
216
202
228
248
248
226
222
234
234
222
254
234
204
196
232
246
210
212
224
204
220
234
290
302
340
310
326
304
294
286
270
264
270
232
248
236
252
172
240
190
166
134
176
162
172
174
152
146
114
26
14
14
12
6
20
22
20
42
26
36
32
34
38
52
64
60
92
124
120
208
304
260
174
166
198
126
142
128
170
214
204
210
176
162
174
164
170
194
172
126
42
134
128
128
168
176
162
180
164
130
60
34
508
510
88
68
24
222
296
346
380
388
370
350
346
340
346
338
346
328
330
334
322
326
310
326
322
320
312
308
208
288
290
280
286
152
146
16
18
14
8
20
16
8
10
14
28
14
44
28
52
64
56
60
18
92
178
228
208
184
184
186
158
158
184
172
190
156
152
138
110
94
100
62
32
64
82
256
126
164
200
248
290
326
292
240
322
328
204
288
294
284
256
258
248
240
244
262
234
254
190
226
200
194
202
82
154
162
216
198
164
2
2
2
8
12
18
16
20
22
24
44
52
46
48
80
56
92
136
174
212
244
262
214
154
86
92
114
124
86
156
140
44
46
60
56
32
34
94
98
102
114
136
122
162
156
140
156
130
130
126
48
50
510
510
96
90
68
290
358
388
380
362
376
376
352
352
356
336
348
332
340
326
358
342
352
366
302
336
308
326
304
308
314
296
254
276
186
20
18
22
50
12
18
18
34
28
22
44
58
48
56
78
52
46
40
44
20
14
62
96
74
90
98
96
110
112
104
40
38
42
44
74
56
58
90
74
68
86
70
96
110
146
160
252
308
312
332
300
324
302
292
264
236
248
258
288
270
256
232
236
260
236
222
216
218
176
168
236
172
190
202
152
8
4
16
6
10
8
4
14
22
26
54
48
66
74
60
54
122
176
182
178
194
168
162
136
126
184
136
92
108
88
112
116
106
94
168
104
52
86
74
120
134
100
120
156
134
168
140
140
132
62
58
510
510
90
88
300
330
396
398
390
368
372
362
362
340
354
332
342
354
354
348
340
362
364
366
338
342
346
314
314
326
296
306
320
274
44
10
12
24
28
18
42
46
66
42
48
52
56
70
102
146
136
128
108
138
98
102
20
72
18
14
10
10
16
2
6
24
226
226
224
236
218
220
212
248
272
266
296
264
184
78
78
118
182
220
250
228
258
252
250
240
198
184
230
204
194
196
212
232
232
226
236
238
200
166
192
146
156
162
180
234
164
128
0
12
8
10
10
16
16
22
24
42
50
34
46
120
162
152
184
176
168
182
182
148
96
72
44
56
52
20
28
48
56
64
72
72
88
72
104
120
122
120
134
164
140
140
178
138
88
56
312
510
510
112
120
334
318
366
394
356
372
350
220
346
326
340
346
330
356
380
354
344
358
352
358
334
332
328
330
330
334
320
326
320
262
86
30
16
48
54
60
64
88
72
90
170
196
214
64
136
210
202
232
180
190
180
76
144
174
148
118
114
126
32
24
18
16
12
22
12
2
10
8
14
12
8
2
10
12
6
6
14
4
16
12
28
40
60
130
120
152
114
140
134
122
126
132
116
156
214
206
210
172
164
150
152
168
170
170
220
188
194
218
146
18
12
20
26
30
28
32
48
74
102
160
164
134
136
126
138
86
14
24
20
40
32
28
36
34
50
54
54
44
60
80
74
86
84
80
98
118
134
142
140
158
138
134
120
124
66
42
506
510
510
116
134
392
190
328
358
354
324
348
252
336
78
340
346
330
328
348
346
330
326
350
328
322
322
320
324
330
332
316
320
316
304
82
70
92
90
68
88
100
170
226
236
268
278
286
270
252
260
246
208
236
188
232
176
172
192
194
176
178
142
152
144
108
96
24
20
18
20
20
22
20
16
16
20
10
20
14
16
22
18
16
14
10
10
8
12
10
16
4
8
4
4
30
52
82
88
80
130
144
94
68
62
76
84
76
98
112
104
136
108
108
104
94
92
64
60
54
76
60
92
72
32
10
18
26
30
30
36
34
42
38
52
58
58
46
64
66
56
92
88
72
88
104
104
110
104
98
110
124
168
152
126
142
140
118
104
50
52
510
510
510
108
128
442
458
450
442
348
254
332
342
322
166
348
348
344
324
348
360
354
338
344
344
326
318
344
348
342
332
330
318
316
346
276
230
220
206
196
242
282
278
318
312
300
324
288
296
302
288
292
314
260
252
218
210
252
218
148
210
204
204
196
186
170
144
128
144
148
114
34
34
42
32
30
30
38
14
32
46
40
34
40
30
38
28
36
28
26
36
28
16
18
20
14
16
14
14
16
14
14
18
2
16
8
10
6
8
10
6
4
6
6
2
2
4
4
2
18
18
38
38
34
28
40
40
48
54
40
58
52
54
62
78
70
74
78
88
74
84
90
74
104
86
112
118
120
120
126
130
136
140
140
138
128
144
92
98
62
76
510
510
510
132
348
456
456
470
468
444
434
448
426
290
324
370
372
360
338
354
344
366
344
324
340
328
318
348
320
300
328
332
346
310
306
306
336
320
342
318
316
342
346
312
320
322
336
314
306
198
300
298
288
296
286
282
278
262
250
180
90
214
214
236
108
218
138
188
194
194
176
154
156
156
86
60
54
52
42
64
50
46
50
50
46
52
52
46
52
46
40
44
48
40
36
36
34
32
34
34
38
40
34
36
32
34
28
24
38
32
34
32
28
22
32
40
38
36
34
46
46
46
40
48
50
50
46
58
70
58
52
60
72
72
66
72
78
104
80
70
84
94
96
124
94
112
116
114
114
130
148
140
140
142
138
154
112
102
74
62
400
510
510
510
122
444
468
468
488
456
470
452
450
456
466
450
456
468
232
342
354
346
368
342
324
358
334
332
350
312
328
330
326
322
324
336
312
328
332
322
320
356
346
468
314
374
344
338
354
308
306
320
288
296
286
290
266
212
190
268
228
252
250
230
86
222
102
224
236
204
80
206
210
182
150
188
168
176
160
72
52
64
88
66
68
58
64
72
56
76
60
60
66
54
58
62
58
58
60
54
54
48
60
48
44
58
50
52
52
52
46
58
44
56
50
64
60
70
52
56
44
56
62
60
56
76
78
80
78
88
74
80
98
60
102
72
80
98
90
110
108
98
120
118
112
116
114
134
132
132
126
134
130
124
140
144
132
128
98
64
66
508
510
510
486
126
446
464
448
460
468
450
460
448
462
460
446
466
470
452
436
464
452
102
342
332
336
356
338
52
154
348
332
320
322
344
322
324
272
288
334
310
302
482
468
320
322
436
378
468
308
328
302
316
320
312
278
300
300
286
276
148
224
132
264
232
228
216
228
102
214
212
78
218
196
224
80
214
204
192
202
198
202
218
106
92
102
94
82
88
80
94
72
82
98
88
74
76
66
80
82
82
82
64
74
58
72
72
76
66
68
72
70
58
72
70
66
66
80
86
70
70
82
78
80
78
70
74
92
90
106
84
90
94
124
112
116
114
102
110
106
98
136
118
116
118
122
100
120
152
130
142
140
142
158
138
134
126
114
100
46
66
508
510
510
472
126
440
454
466
450
438
456
456
440
442
454
466
454
470
444
456
182
446
426
420
438
444
98
332
338
314
100
264
340
322
342
328
346
310
336
348
322
292
326
318
324
416
482
490
332
344
454
320
474
460
290
320
308
296
278
282
260
274
264
264
172
126
236
238
224
216
132
212
82
204
220
232
126
218
222
228
198
216
200
224
210
220
250
90
94
116
98
94
96
92
94
98
88
100
104
96
96
102
96
90
98
96
80
84
84
82
84
86
86
82
92
74
78
94
92
84
94
96
110
76
96
90
96
86
120
110
98
94
108
122
106
110
116
106
106
118
100
134
124
108
124
150
118
140
144
146
150
136
144
138
140
142
134
108
78
50
94
508
510
504
234
410
450
450
454
468
446
452
444
434
468
444
460
468
474
450
462
414
424
434
434
428
436
452
412
428
408
80
342
316
308
308
342
324
316
348
328
328
334
330
310
326
338
332
416
494
474
492
320
498
298
328
330
480
292
282
274
260
276
254
262
262
252
244
250
48
230
218
258
238
258
164
224
206
194
228
242
248
236
242
234
244
250
244
240
216
248
234
124
120
84
126
110
122
110
120
94
104
98
96
98
110
104
90
84
96
96
104
98
88
104
94
98
98
100
114
102
96
96
108
102
98
94
116
114
108
124
122
100
116
104
126
124
114
114
126
128
148
134
130
132
134
114
148
142
142
118
148
144
126
144
142
158
122
96
78
50
408
504
500
506
34
424
418
444
460
446
446
448
444
438
462
456
448
470
462
470
450
446
442
426
414
422
430
430
438
390
428
418
450
420
418
122
342
316
324
296
332
304
344
328
330
330
300
330
328
310
330
346
320
320
358
332
454
318
302
452
296
280
280
268
290
262
278
280
268
282
248
258
240
208
264
254
250
240
258
254
178
230
258
196
256
254
256
248
246
256
252
250
264
264
240
250
130
130
120
114
122
130
116
136
108
114
112
130
110
110
90
106
100
120
114
106
108
100
122
128
108
100
114
122
116
102
116
114
116
108
138
110
128
134
132
110
144
124
146
140
132
112
128
140
136
138
130
128
140
124
158
152
154
150
152
126
130
128
86
70
68
504
496
488
490
12
