506
244
94
138
162
200
212
176
196
198
296
26
30
30
34
22
24
34
34
32
32
32
38
26
20
22
18
34
18
40
34
70
30
40
80
52
28
34
22
40
40
40
22
22
26
18
32
30
32
38
34
36
28
44
32
32
32
50
48
46
60
44
46
76
62
52
58
58
76
64
86
72
90
68
96
100
90
94
76
84
86
82
102
106
112
120
116
96
96
132
134
150
132
138
136
134
156
182
178
160
160
182
190
212
218
212
204
190
208
204
240
242
234
238
244
252
220
278
284
288
276
276
278
276
300
342
308
328
312
332
304
302
350
406
364
380
396
384
370
446
436
416
424
428
432
432
464
478
478
496
486
492
434
164
152
142
164
152
160
128
154
506
246
96
168
164
176
168
170
190
280
320
164
16
46
48
30
24
26
36
34
48
52
24
42
28
18
38
12
26
44
32
64
42
40
42
44
28
26
34
40
38
38
40
22
24
22
40
32
28
30
30
32
32
32
38
44
34
40
30
40
40
46
46
56
52
56
58
74
58
78
96
72
80
86
78
84
84
84
102
90
112
94
104
96
126
118
114
108
108
128
138
140
152
126
126
144
164
166
190
184
178
192
172
208
226
198
210
202
210
216
234
242
224
228
236
286
244
280
288
278
296
292
262
282
302
308
316
308
300
336
296
282
376
376
390
374
380
358
368
436
426
396
428
408
418
414
470
490
490
490
498
436
486
156
158
140
176
168
176
146
146
502
246
80
170
148
174
160
244
224
264
242
202
102
96
108
28
40
24
30
46
52
22
36
38
22
50
30
36
34
36
46
42
50
30
34
32
30
24
34
50
42
34
40
36
24
26
36
34
32
36
42
32
34
38
34
36
38
32
42
34
50
62
52
62
68
68
58
70
70
72
64
78
80
82
74
92
92
92
88
106
100
120
110
116
104
128
106
102
118
146
130
122
138
144
134
116
182
168
174
196
174
184
194
242
208
206
236
214
206
202
222
230
234
244
236
224
234
276
282
292
286
270
268
276
322
292
316
304
294
332
314
296
410
362
382
358
376
346
368
436
422
448
444
432
438
436
486
502
492
492
468
432
504
166
168
174
160
152
150
148
146
498
244
92
142
180
166
166
140
134
106
150
162
152
136
82
116
12
20
40
48
42
32
30
80
56
30
22
36
48
56
76
88
48
36
32
40
38
52
78
52
52
40
40
36
32
26
38
32
34
36
38
34
42
32
38
50
40
42
34
38
50
56
60
78
76
70
46
64
54
76
66
74
64
68
106
96
100
92
76
94
96
120
118
128
108
92
112
114
112
144
148
148
130
154
132
162
160
180
180
178
172
190
160
214
200
228
218
216
248
206
240
232
236
232
242
224
222
284
270
288
300
282
250
312
306
318
296
300
304
324
306
312
380
368
362
398
368
346
366
430
416
450
452
424
408
440
486
470
492
482
468
418
450
178
150
128
152
160
176
150
152
504
230
102
132
150
208
118
90
98
122
112
98
128
126
164
106
86
24
40
44
42
50
38
48
46
38
42
32
52
54
56
98
74
58
42
64
64
54
48
54
50
44
42
48
44
36
46
40
42
44
38
42
38
42
42
36
46
36
38
48
72
74
58
66
62
60
64
74
66
62
68
74
88
58
108
124
122
86
112
100
94
106
126
124
126
114
112
122
118
130
134
128
128
146
140
128
178
170
174
202
190
206
188
232
224
236
230
216
236
214
252
248
248
250
230
236
238
292
292
296
270
276
278
290
300
328
306
306
300
298
332
294
348
366
356
376
386
368
400
452
418
414
392
422
430
458
486
476
474
476
458
402
398
150
158
124
168
146
148
150
144
466
248
168
138
158
174
142
92
106
104
88
106
122
116
194
192
178
206
140
150
176
184
158
162
176
178
180
182
178
180
224
214
218
214
216
246
238
244
214
240
250
236
222
182
204
202
196
176
214
206
210
232
244
258
256
264
274
282
292
318
300
328
288
338
316
352
342
346
348
354
328
310
334
306
330
304
288
274
288
298
272
288
262
308
326
312
316
328
322
288
264
262
272
224
226
232
222
224
252
502
500
506
508
508
358
276
282
264
256
238
270
260
240
232
268
232
232
266
310
306
262
264
268
298
284
314
310
294
300
330
324
312
362
368
380
376
358
382
330
406
436
404
444
408
432
434
474
484
416
420
428
402
446
160
132
154
156
160
144
156
146
438
298
92
116
156
168
156
170
80
90
88
88
96
124
132
148
244
142
210
190
188
186
198
182
190
190
176
188
182
190
198
206
206
176
194
204
190
178
196
188
186
170
200
192
186
194
190
192
180
192
188
206
194
186
190
188
178
196
206
190
202
180
194
200
196
200
194
194
180
208
212
184
192
198
200
192
200
190
204
192
192
178
184
192
192
196
200
192
198
180
172
186
178
156
164
186
164
164
170
510
502
502
490
510
504
510
480
500
504
502
482
204
212
188
210
182
178
188
146
156
172
188
162
146
166
184
168
178
182
180
182
160
174
176
160
170
174
194
172
178
172
178
170
156
182
172
164
162
146
160
152
146
164
158
138
170
158
160
146
154
176
492
266
88
124
160
168
86
84
76
88
92
64
102
116
86
128
162
276
202
226
242
190
188
194
192
192
194
162
188
184
196
212
200
184
186
190
192
180
184
192
176
184
178
192
198
192
188
184
184
184
212
196
194
186
188
196
198
194
200
190
202
210
206
192
200
196
192
182
184
180
190
200
180
196
180
184
210
198
158
192
208
184
194
182
194
200
194
194
182
196
172
186
198
184
162
178
186
174
170
506
496
510
494
510
402
350
174
324
508
510
508
510
510
508
508
154
178
180
166
176
176
164
192
174
168
168
174
166
174
168
188
172
166
176
182
190
180
162
162
170
154
154
180
168
178
174
156
172
172
166
164
150
180
176
158
134
168
148
142
142
156
494
254
80
114
132
172
104
78
94
78
114
96
100
100
108
62
116
166
272
220
218
254
166
186
188
184
184
200
198
200
184
182
190
198
194
198
184
188
196
192
184
182
186
174
172
180
192
194
188
180
196
196
206
204
194
192
188
196
190
188
190
196
188
188
194
176
198
194
208
190
196
194
202
192
202
196
198
208
206
178
178
192
206
196
164
168
198
168
186
194
180
192
186
188
180
180
188
164
158
508
506
502
508
502
94
400
282
508
510
474
510
246
510
510
508
174
192
160
182
192
178
158
214
174
174
180
178
156
168
162
168
168
170
168
160
186
170
172
176
176
178
152
168
166
148
166
178
180
168
154
162
148
156
156
172
150
176
158
146
154
136
482
262
78
126
158
180
96
66
66
56
90
102
96
108
90
136
74
134
160
222
184
174
212
184
178
184
188
198
202
192
196
202
194
188
194
200
198
196
198
192
198
190
190
192
192
188
184
172
190
200
192
202
196
212
212
194
208
196
192
190
200
184
188
182
210
180
188
204
206
204
208
212
222
202
168
148
202
144
174
190
258
248
290
204
268
208
184
196
182
178
188
176
174
174
184
174
188
178
162
500
510
508
510
510
450
510
414
510
132
498
456
278
510
506
508
172
166
184
178
172
176
200
174
176
170
154
194
180
170
190
186
188
178
166
172
182
180
186
150
178
168
150
176
172
158
170
174
166
144
156
168
166
154
164
172
168
154
150
156
146
150
504
252
78
152
180
186
88
90
92
94
78
82
100
76
76
70
114
122
122
184
230
144
172
218
256
178
184
182
198
188
192
172
186
192
194
202
202
202
192
196
196
208
192
186
194
190
188
196
190
188
202
196
196
190
220
192
196
204
186
198
194
208
204
188
188
190
182
196
200
188
198
204
204
104
146
146
204
250
238
252
248
254
254
266
252
254
264
244
246
164
194
180
194
176
190
184
194
190
148
68
54
46
50
54
138
322
62
134
248
200
92
502
508
504
506
182
216
230
228
240
212
210
244
238
236
234
202
238
240
218
202
194
196
150
184
174
186
168
170
180
182
158
174
164
174
174
150
164
146
160
166
138
156
142
88
166
156
174
142
148
144
480
262
88
154
158
166
106
66
92
82
86
84
104
28
108
108
114
120
128
154
244
278
192
172
184
216
242
168
172
188
184
186
196
190
176
188
192
194
188
182
196
190
194
204
208
200
210
198
192
194
196
188
186
192
206
218
196
202
208
182
186
192
202
202
192
210
180
186
184
182
186
196
130
138
152
144
150
226
164
174
172
200
182
212
230
220
178
272
266
264
268
252
208
228
174
176
184
164
200
244
176
162
210
162
144
184
180
186
188
164
162
174
164
192
148
194
222
204
238
228
262
234
256
252
248
220
222
206
250
158
208
206
236
208
242
260
216
244
190
166
184
178
160
184
156
160
170
150
164
148
168
156
146
140
156
154
158
140
174
134
126
486
278
98
152
158
172
86
86
60
80
98
90
48
88
100
62
94
68
88
132
240
254
216
238
198
170
210
232
208
174
180
192
192
208
186
212
198
200
182
204
184
230
272
230
210
196
194
200
188
198
192
200
202
194
200
206
204
210
194
180
190
214
214
202
204
198
176
196
186
206
186
178
106
180
132
166
262
204
216
144
304
270
228
206
202
226
252
206
254
236
236
254
190
226
218
208
182
202
196
194
268
208
184
214
164
286
260
228
268
262
218
196
120
240
242
166
232
236
188
236
216
226
198
198
214
234
198
212
160
204
224
280
206
238
48
188
182
196
148
202
200
226
196
154
172
176
156
166
164
172
152
152
156
156
152
62
132
134
160
136
142
488
260
74
124
170
172
88
90
70
98
36
64
82
92
58
76
106
24
118
224
250
250
260
252
244
254
164
184
234
238
168
178
188
200
194
182
184
190
200
228
194
166
230
282
214
132
194
190
208
200
190
194
200
204
200
196
206
190
214
198
198
194
208
206
200
180
208
196
216
222
238
256
224
212
214
144
196
232
246
188
182
166
160
200
278
274
296
258
204
194
184
194
246
234
188
254
202
224
184
244
220
218
226
214
210
254
216
210
222
268
194
270
216
226
244
248
198
202
242
240
298
268
268
244
302
286
298
288
234
286
274
282
234
270
256
250
254
192
166
114
204
180
184
204
230
182
180
138
150
152
160
152
146
148
144
158
148
140
142
138
122
490
256
94
132
176
166
76
78
74
78
92
58
90
60
76
94
74
92
202
188
264
236
290
286
256
152
290
248
132
190
234
260
266
274
258
230
226
214
230
204
142
134
208
60
232
204
164
142
238
206
224
98
212
210
200
220
164
78
214
184
132
158
216
132
172
188
216
186
210
214
206
226
198
214
190
204
198
204
218
232
204
210
208
306
226
220
170
244
278
240
212
222
204
222
254
232
196
208
166
234
238
222
258
226
134
210
242
226
252
346
264
264
268
286
252
272
244
270
288
222
248
282
270
260
262
260
254
250
244
258
288
174
246
248
250
222
216
200
188
200
194
222
182
202
112
138
192
216
188
190
162
160
164
150
144
132
148
152
128
138
150
474
330
78
126
148
158
48
76
90
78
84
92
88
106
28
94
110
92
112
196
234
286
238
272
250
202
206
290
270
228
212
232
262
218
226
252
236
258
256
236
212
144
194
146
202
180
228
246
248
234
276
234
286
264
280
224
246
150
274
212
274
270
300
234
194
292
280
266
292
268
286
274
258
270
264
258
194
174
214
264
242
256
232
202
224
288
294
290
264
296
254
256
266
188
284
244
314
286
300
298
324
310
276
294
250
262
238
270
288
268
300
304
274
320
298
282
328
346
352
372
298
298
276
354
364
318
258
270
288
302
250
272
298
258
268
294
288
290
252
246
206
242
210
228
232
234
158
146
206
206
166
158
162
146
154
132
162
136
164
156
112
440
282
78
146
160
170
58
70
72
22
80
58
88
78
98
94
58
98
74
208
242
298
296
344
334
242
240
256
248
260
188
254
254
246
262
206
224
240
226
268
226
228
252
294
274
254
250
264
254
158
254
258
222
270
304
280
320
278
310
302
340
312
324
320
278
280
238
248
266
306
272
276
286
258
250
294
282
300
268
284
282
274
286
258
276
210
304
314
312
256
276
248
290
248
282
314
344
346
286
278
248
314
294
274
294
368
286
300
322
320
332
336
340
334
316
318
342
294
326
326
316
294
306
300
302
274
324
266
294
254
294
270
222
298
266
266
262
306
234
214
188
188
210
214
224
174
176
76
162
144
170
192
184
114
138
136
154
128
150
130
142
456
274
170
218
158
156
148
184
204
134
106
62
68
76
68
106
38
108
100
258
294
156
246
386
198
306
214
312
226
338
328
312
290
296
312
320
324
286
308
316
336
330
296
262
178
316
278
332
312
348
328
296
314
344
350
252
336
340
358
352
348
336
346
360
334
366
372
360
366
372
380
350
372
338
354
380
390
358
332
330
278
332
312
350
326
260
268
302
294
324
306
292
232
328
324
284
346
332
324
342
338
304
310
298
330
330
356
284
302
366
404
324
296
240
328
306
288
296
298
330
294
250
304
316
286
300
336
270
278
270
248
166
256
272
190
170
188
190
230
160
196
182
216
184
252
158
148
422
392
358
398
266
180
158
140
198
134
140
132
128
130
426
270
214
174
222
164
156
166
98
124
182
184
210
208
174
84
62
106
234
212
272
284
274
328
316
286
262
240
268
264
356
374
346
228
360
314
398
306
346
338
288
308
372
324
318
256
310
338
320
318
270
370
336
336
354
274
356
350
394
384
374
388
320
362
362
368
362
298
308
318
336
336
376
244
352
336
312
316
380
356
416
352
336
314
344
326
364
342
336
386
366
348
358
364
340
362
380
362
344
386
364
278
316
298
274
378
328
294
344
318
332
334
324
304
324
284
302
296
326
336
310
394
350
382
320
334
332
278
346
276
236
302
296
278
260
268
218
350
120
142
180
178
268
332
140
154
248
486
90
20
282
128
214
210
192
156
228
152
146
138
110
450
296
248
172
164
158
82
74
60
74
90
94
110
98
102
82
194
24
226
60
230
136
308
290
310
332
242
242
288
292
302
232
358
304
374
428
356
316
358
270
358
416
356
390
390
314
264
244
372
320
342
370
306
392
278
312
380
410
390
398
394
364
364
384
378
390
350
354
372
414
344
358
382
344
350
368
370
294
372
352
370
352
360
398
398
336
336
334
332
350
346
320
308
310
356
318
378
380
386
350
362
324
332
362
266
320
320
300
308
330
342
304
374
318
400
430
390
302
336
296
326
320
372
336
190
356
238
326
254
248
274
332
292
242
182
212
96
162
92
122
112
92
138
186
122
108
160
482
30
26
430
88
214
196
216
162
186
126
144
156
122
432
258
52
78
228
114
88
64
52
56
40
42
60
92
86
100
74
96
248
228
246
254
304
276
160
326
296
60
262
202
298
296
266
282
306
272
296
328
318
318
356
332
320
304
308
274
286
220
264
330
292
316
254
182
308
274
268
272
384
316
288
322
314
334
382
370
318
266
284
298
302
288
318
416
404
412
404
402
360
414
342
360
352
388
376
328
358
386
410
372
342
340
326
316
358
328
364
364
378
360
340
376
284
308
288
342
358
314
418
338
262
284
316
354
326
352
426
270
290
246
242
388
246
254
288
296
294
212
176
214
318
256
160
138
150
236
70
84
82
228
168
122
80
170
168
84
84
310
220
332
206
158
160
172
224
230
238
248
110
132
138
436
242
84
138
144
88
198
192
204
204
92
84
72
90
94
64
86
94
206
242
232
232
274
290
220
268
218
270
288
242
280
88
318
298
308
296
240
358
286
320
312
336
222
310
294
316
282
248
300
264
300
302
258
164
326
272
308
356
290
302
298
286
308
318
312
260
328
290
282
300
318
292
296
274
308
282
244
284
294
298
354
324
400
292
266
320
268
276
286
236
252
234
256
276
286
304
288
278
254
346
384
326
316
320
304
280
284
288
266
280
258
240
222
288
244
252
276
280
274
280
332
284
274
188
240
304
216
160
112
260
224
70
62
98
64
24
156
120
84
140
134
154
88
74
134
132
62
58
104
54
38
126
188
216
148
100
116
128
118
122
128
428
284
92
126
138
78
46
50
64
80
182
224
210
120
58
198
206
106
210
152
242
92
248
298
172
284
276
280
210
268
292
308
262
262
324
316
296
278
290
252
296
252
264
254
266
334
310
236
270
210
230
216
208
226
318
280
278
294
292
254
320
314
304
252
256
328
280
292
264
280
278
290
300
298
294
304
308
294
246
302
332
390
282
286
304
280
276
328
324
268
260
250
256
284
280
270
294
288
242
266
234
220
246
238
266
266
250
248
218
258
320
242
306
282
270
290
256
208
264
226
324
276
302
268
268
224
224
192
238
244
184
156
74
42
26
38
160
100
58
240
198
244
178
88
176
190
102
72
48
96
186
196
172
160
62
138
94
100
118
114
120
470
266
72
114
86
68
52
40
46
24
44
102
88
102
86
118
50
98
240
136
256
210
282
280
266
252
214
264
296
264
286
222
300
256
294
302
302
294
292
222
284
316
314
296
206
278
286
270
272
136
206
92
172
250
268
262
214
272
288
258
284
268
292
286
258
268
222
250
288
278
262
368
230
264
278
252
242
212
238
268
298
242
240
258
264
270
264
256
236
232
232
260
230
220
258
270
334
258
268
236
304
258
308
282
232
262
232
248
266
292
272
294
324
244
274
266
232
230
322
200
272
210
266
300
232
200
200
126
130
138
186
200
142
62
62
288
264
94
80
164
272
252
208
148
186
192
96
132
94
160
194
220
82
118
140
60
70
106
118
108
122
464
268
74
50
80
60
64
72
68
72
70
94
92
92
88
114
114
110
174
232
234
216
252
268
216
234
240
256
214
280
300
278
250
262
276
282
102
290
294
288
268
296
282
272
280
256
270
244
288
184
222
186
246
280
304
288
88
276
278
292
296
296
300
258
292
280
296
290
278
278
300
258
280
300
270
200
268
286
258
286
258
284
234
258
236
264
260
224
260
278
284
252
262
274
254
246
260
256
250
250
262
268
256
270
252
242
272
266
246
226
254
252
244
266
266
242
260
308
274
242
182
232
326
300
256
244
236
126
194
152
142
126
180
154
96
194
324
106
48
162
198
256
242
198
216
212
172
214
206
260
244
98
122
180
36
60
66
88
108
96
102
434
248
46
70
74
26
54
76
64
86
90
88
120
68
132
132
128
96
186
52
200
232
224
192
210
224
234
222
274
276
238
248
268
252
280
224
258
250
246
252
264
242
260
262
242
262
270
260
270
244
128
258
222
284
264
272
274
262
264
268
264
246
270
268
286
284
294
292
286
292
310
268
286
306
262
250
276
288
246
250
286
240
276
262
274
268
264
272
250
240
246
258
268
244
258
262
224
264
246
246
252
236
240
268
250
250
246
250
250
244
270
242
220
290
244
282
256
260
274
260
234
208
262
246
276
254
224
92
126
184
210
100
116
58
130
146
240
62
106
82
178
234
248
242
220
198
194
252
226
290
158
172
118
30
28
48
48
82
262
222
102
442
278
58
52
66
70
100
112
88
100
112
130
100
98
46
128
80
104
116
150
214
202
218
218
206
226
210
246
220
244
240
254
274
194
266
276
268
196
220
232
188
58
226
234
222
238
206
224
240
248
180
252
218
158
270
250
274
258
258
264
266
252
240
276
266
270
270
268
276
294
290
256
284
280
304
288
268
278
228
248
268
250
200
246
256
234
244
252
252
236
264
276
276
276
250
246
228
234
246
242
242
238
240
256
274
264
250
228
254
260
276
250
258
264
260
282
242
240
268
276
256
252
262
264
244
258
268
80
86
100
96
148
70
100
144
122
232
96
114
124
150
216
214
250
106
208
208
302
176
170
152
182
22
42
186
250
214
314
190
140
86
438
256
76
30
60
82
60
96
106
90
102
118
96
88
104
98
94
110
118
118
196
210
206
196
190
200
198
166
158
128
136
74
168
170
194
190
220
312
248
208
196
210
206
200
186
188
214
216
230
228
210
232
214
134
218
234
254
254
266
278
238
248
278
288
280
306
300
290
298
304
290
244
264
248
214
274
276
240
226
266
264
230
240
234
236
228
212
244
258
260
282
218
298
270
260
248
250
254
212
234
252
248
260
254
248
244
220
248
252
274
232
234
236
248
206
274
264
242
266
280
254
238
304
294
252
234
236
142
44
150
92
98
118
84
42
62
194
98
66
110
152
224
226
206
256
234
232
150
200
124
170
280
326
348
292
282
216
158
132
60
84
426
252
56
54
76
82
86
90
102
110
96
94
124
48
124
98
108
114
112
104
118
172
170
160
130
126
92
88
64
24
10
12
8
10
28
48
58
90
132
146
94
182
196
134
188
202
192
192
190
194
206
204
224
196
214
222
254
262
258
240
242
286
286
284
282
296
278
288
282
266
266
270
216
242
226
254
260
246
260
232
248
232
220
238
212
244
224
226
252
282
266
288
280
250
232
236
272
236
236
248
272
258
236
234
228
244
274
256
238
248
244
248
258
274
262
274
268
302
264
306
254
228
280
264
240
238
168
166
64
56
86
94
66
120
120
134
202
70
80
112
134
178
198
232
236
232
272
112
108
186
224
310
320
230
194
176
96
46
54
82
84
482
276
52
58
78
62
100
42
110
112
80
98
94
96
132
66
120
70
122
128
114
106
88
56
42
52
6
2
6
4
14
10
6
12
6
10
4
6
12
4
14
40
92
138
160
176
186
172
180
170
180
180
194
204
222
210
254
214
230
248
256
260
278
264
266
250
264
192
298
232
274
266
224
258
278
240
262
240
248
242
234
240
220
244
236
212
206
238
268
254
222
266
234
248
252
250
262
230
204
272
254
234
250
264
246
268
268
286
268
252
276
270
270
270
242
266
290
276
282
286
262
256
206
204
210
232
108
150
82
70
82
48
102
126
154
126
186
138
100
152
124
140
148
174
216
262
116
86
76
136
250
250
176
134
136
54
32
34
46
42
66
460
216
24
54
70
162
146
118
114
104
126
96
110
102
126
104
148
108
82
64
40
14
14
10
12
8
6
4
12
20
26
36
36
32
26
18
18
12
10
32
12
20
140
148
202
178
184
194
186
192
210
186
190
188
206
204
210
224
230
234
234
248
262
262
264
248
270
256
236
244
230
216
232
246
236
226
236
214
236
218
220
216
228
244
254
198
216
208
244
208
236
218
226
216
238
222
264
254
246
264
258
250
264
260
258
246
252
252
246
280
278
262
250
286
278
228
294
272
298
288
256
262
284
186
200
236
130
132
82
52
68
86
54
66
100
154
176
152
108
148
162
86
188
198
216
154
90
126
222
238
202
144
112
60
40
26
14
22
40
52
64
458
186
32
88
232
202
200
76
94
100
138
94
88
122
102
88
82
42
10
20
40
38
32
34
40
46
58
60
72
74
78
86
82
70
68
58
52
88
18
10
14
16
16
36
146
182
242
218
262
236
254
236
236
220
230
210
220
222
220
236
226
220
238
196
232
216
218
220
244
236
234
226
252
234
236
224
234
216
216
236
226
258
278
264
240
254
234
210
210
180
238
268
192
198
240
230
244
254
224
240
232
250
254
250
246
248
256
254
270
284
258
260
258
252
246
252
246
230
274
274
232
216
228
176
224
170
120
94
106
148
74
56
82
70
86
66
152
178
178
142
104
126
108
132
90
116
92
112
128
110
92
42
22
20
4
2
12
22
32
64
74
406
224
144
132
50
54
56
132
112
86
102
96
64
72
52
66
12
46
52
62
82
90
108
120
118
108
114
120
124
116
122
114
108
110
110
110
102
48
24
22
16
16
20
24
20
38
134
212
222
238
268
260
262
270
242
220
228
244
190
220
210
196
80
140
176
174
186
200
188
220
216
222
220
236
212
236
238
258
246
226
250
200
284
284
302
252
240
238
232
224
190
262
256
242
226
226
246
206
222
254
264
240
248
238
246
252
242
250
246
214
196
236
244
256
236
252
248
284
240
236
218
184
178
152
128
104
46
48
72
96
164
96
100
54
70
122
100
56
128
122
118
110
34
48
70
46
34
34
28
30
18
18
2
0
0
6
6
26
38
34
70
386
200
68
60
72
190
134
60
86
86
60
92
60
12
38
80
70
86
102
120
134
144
144
132
148
148
146
148
146
138
148
134
134
132
142
128
122
42
38
28
30
32
36
36
44
48
50
54
110
136
230
264
274
228
244
246
214
228
220
204
220
174
158
174
168
172
192
192
160
186
178
212
184
196
204
220
248
250
256
242
260
236
238
230
242
242
224
246
218
216
202
210
222
242
232
212
254
238
238
238
226
252
228
228
200
226
216
234
212
220
208
196
182
228
284
326
204
210
194
178
212
216
186
142
120
72
154
198
86
218
182
158
84
32
36
44
48
48
58
34
14
28
32
22
24
36
30
22
10
12
2
0
2
6
14
22
18
34
68
56
68
474
238
42
34
52
64
48
52
42
40
32
20
96
70
88
110
114
122
136
156
164
148
162
158
152
164
162
158
150
150
146
148
148
156
150
136
130
64
38
32
32
40
40
42
52
50
78
54
82
54
102
220
254
236
248
212
218
244
218
164
154
176
164
168
182
176
186
204
214
192
198
214
210
204
238
260
342
276
254
254
216
248
262
240
246
236
262
238
268
236
230
212
238
252
250
244
220
256
228
272
202
236
234
228
158
202
244
202
166
198
160
80
82
74
70
70
54
62
102
112
90
84
72
70
68
68
60
72
62
124
128
142
74
50
22
20
30
30
28
56
36
42
18
6
10
12
24
0
0
2
2
0
10
6
10
24
32
40
44
56
76
368
250
38
62
70
74
84
72
62
82
82
86
100
112
126
142
148
160
148
148
156
170
160
164
156
168
162
150
156
164
158
154
158
150
148
154
90
50
46
160
64
40
70
66
82
122
60
76
116
78
90
64
70
110
132
150
160
188
134
132
132
148
102
114
144
152
148
154
176
226
202
192
190
190
210
260
262
290
246
240
260
268
292
262
284
242
282
302
272
250
244
250
220
238
248
294
230
230
214
256
212
246
200
222
192
224
250
210
224
190
62
36
28
12
16
20
22
20
48
34
18
18
36
32
28
28
36
50
38
64
50
40
32
32
18
14
18
14
34
26
20
10
10
12
0
2
2
0
2
2
0
4
12
6
8
16
34
36
52
50
72
368
240
50
80
112
100
112
114
112
118
130
134
136
136
154
162
148
158
164
172
160
160
164
164
160
162
170
166
164
176
158
164
164
162
156
144
70
200
120
164
84
120
172
130
122
88
64
70
138
54
58
54
30
12
12
10
10
24
38
54
58
70
72
86
78
76
88
134
66
122
132
104
104
94
86
150
94
98
82
150
314
296
368
242
254
272
182
266
236
222
216
218
250
228
262
230
242
224
216
248
200
210
220
222
204
200
212
232
210
184
42
26
26
18
22
56
16
30
16
14
38
22
22
22
30
22
32
42
40
28
36
20
30
36
42
32
32
0
2
0
0
0
2
0
0
2
0
2
6
6
2
8
14
24
24
46
52
58
56
48
72
366
232
150
214
128
136
132
138
140
140
130
166
136
144
158
152
166
154
162
170
166
154
158
166
164
168
158
166
176
158
166
160
154
152
170
148
138
76
90
54
42
46
48
40
46
32
30
32
32
10
10
12
10
14
14
12
14
10
10
10
18
14
8
6
10
14
14
20
60
182
178
152
148
144
162
184
188
166
158
134
158
120
230
246
276
260
246
256
238
244
220
224
156
218
210
228
198
212
192
198
176
178
194
216
208
144
210
222
230
182
110
34
34
34
14
18
14
4
14
8
12
6
22
16
22
24
38
34
44
28
28
40
4
2
0
0
0
2
0
0
0
0
0
2
0
6
8
4
4
10
14
24
24
26
34
38
50
60
64
72
82
318
220
264
116
126
138
134
154
144
160
148
160
152
162
168
168
162
164
166
168
172
164
170
160
178
164
158
164
168
180
170
156
160
162
170
160
144
112
62
40
40
44
50
60
58
68
78
64
52
52
40
44
44
52
46
46
46
46
32
34
28
26
16
16
14
16
10
14
14
10
8
14
8
20
18
16
18
24
46
54
82
80
74
130
150
136
160
144
132
98
116
110
94
88
112
132
182
160
138
122
152
174
156
160
152
142
164
200
194
162
144
88
30
14
16
12
10
8
6
16
6
10
16
38
54
48
16
22
0
2
0
2
0
0
2
2
2
2
0
0
0
2
0
4
14
4
10
14
18
16
18
26
36
36
40
54
54
64
64
94
78
382
256
48
80
126
136
130
154
136
154
290
278
272
270
272
284
268
286
296
292
288
300
320
302
320
294
320
310
308
310
304
280
280
274
268
264
260
240
240
230
222
200
226
230
222
226
224
222
210
178
160
154
142
128
120
98
104
108
100
94
88
84
68
66
60
40
44
30
16
14
6
4
2
10
4
6
8
4
16
8
10
8
12
16
8
32
48
66
62
62
68
54
52
52
62
60
60
64
68
70
72
64
80
76
70
76
56
44
74
72
70
70
56
62
82
62
54
40
24
34
30
2
0
0
0
0
0
2
0
0
0
2
0
2
0
0
0
2
2
2
0
4
10
8
12
14
16
26
28
34
36
36
38
40
48
58
58
92
72
96
72
374
240
58
54
136
132
152
144
132
156
246
244
256
248
238
258
258
260
250
258
236
248
244
240
242
244
240
250
236
234
240
224
246
252
250
240
196
244
244
240
252
200
246
242
248
246
242
254
244
250
246
240
236
230
226
226
228
232
212
220
216
206
216
204
208
168
156
134
94
72
48
44
36
22
16
18
18
16
16
14
14
16
6
10
16
12
12
20
10
14
12
14
10
16
12
8
10
16
26
34
48
54
44
44
54
50
56
62
50
30
20
16
0
0
4
0
0
2
0
0
4
0
4
6
0
0
0
4
0
4
4
8
4
0
2
10
26
32
54
40
40
46
108
74
136
160
180
178
174
150
158
186
188
56
60
64
68
74
72
70
80
368
212
60
106
106
124
136
140
154
144
252
256
256
180
254
254
262
264
234
254
258
240
128
258
236
244
232
236
238
248
246
226
246
262
262
254
184
252
246
258
254
200
236
250
248
240
232
244
260
240
274
246
160
230
236
246
246
246
244
200
248
244
176
236
176
210
200
186
152
120
102
102
62
54
34
30
18
20
20
20
20
18
18
18
20
16
18
12
20
16
18
16
8
14
18
14
16
14
14
18
12
14
16
8
14
14
14
10
14
8
4
2
8
4
6
4
4
2
4
2
0
4
0
2
4
4
6
8
12
14
22
16
30
30
38
42
58
62
50
80
104
122
162
142
218
248
220
202
200
190
220
206
190
70
68
72
84
74
78
88
80
288
198
52
86
120
132
136
134
152
142
258
272
274
182
256
256
250
218
220
256
260
260
202
254
260
242
252
176
244
246
250
228
240
260
260
256
194
260
260
258
244
206
262
256
258
236
254
258
256
264
230
260
250
248
264
220
270
252
240
190
252
252
242
256
172
226
224
208
188
164
174
152
140
48
90
92
74
62
30
50
52
38
42
32
40
42
28
18
26
34
30
30
18
16
24
24
16
22
20
18
18
12
20
16
14
14
16
16
12
16
8
6
12
4
6
0
10
4
4
4
6
14
14
14
22
28
26
36
56
48
58
62
60
68
76
56
92
110
86
112
132
170
204
160
246
262
224
146
212
204
94
246
206
70
68
70
88
90
92
88
76
320
220
70
100
136
116
138
142
138
146
248
266
264
262
246
262
256
254
244
260
264
246
252
268
260
252
258
256
252
244
258
264
260
258
260
268
254
256
260
252
260
234
268
250
248
230
248
246
250
222
230
234
238
214
228
230
222
170
216
216
230
174
222
214
178
128
168
150
140
82
112
102
92
50
62
56
54
38
34
48
46
42
36
38
60
40
50
30
46
44
40
46
34
56
54
54
30
54
44
48
48
16
36
30
36
34
28
22
28
30
26
38
32
34
34
12
40
34
42
48
30
52
64
50
42
66
68
94
92
30
108
118
126
104
72
122
134
156
128
150
194
206
228
174
216
260
272
264
174
252
242
278
208
88
82
92
96
76
98
76
76
308
224
58
90
120
138
138
128
154
150
246
258
260
262
260
246
268
248
260
256
262
258
262
264
270
256
254
262
258
252
258
262
264
258
270
264
266
260
262
260
264
264
278
264
272
260
294
282
274
250
266
254
254
240
250
250
264
198
258
254
272
208
256
260
260
172
242
240
230
140
236
224
212
154
184
186
190
108
162
164
158
86
144
142
150
88
154
148
146
76
152
158
160
68
166
148
134
76
130
138
142
68
126
122
104
88
86
110
94
68
106
94
88
62
82
98
86
60
106
114
86
74
100
106
100
100
126
122
144
108
150
156
154
126
174
162
182
152
168
176
200
192
222
240
266
254
252
266
266
254
286
288
256
84
78
90
90
70
92
92
82
318
218
68
104
116
126
148
140
138
148
256
250
260
266
250
258
254
252
238
250
252
264
202
266
256
248
204
250
254
254
246
250
254
264
182
252
256
258
148
258
254
244
204
268
306
250
254
254
278
232
146
280
270
220
156
262
264
204
126
268
264
198
240
254
250
176
234
230
246
150
222
228
238
190
164
206
200
148
162
208
190
128
118
188
192
124
118
166
180
126
132
166
196
98
134
148
182
126
118
70
172
128
66
80
148
138
52
156
148
138
36
128
164
118
44
66
146
108
74
150
140
132
36
156
144
136
24
170
150
154
44
176
194
178
60
196
196
200
156
200
228
206
132
244
270
244
142
266
284
278
206
280
272
92
82
94
92
98
100
86
110
