510
510
510
510
510
510
510
194
244
306
284
300
306
298
304
420
92
70
88
68
72
76
114
74
118
96
90
98
134
100
98
102
112
104
106
110
102
122
116
140
130
140
140
138
134
118
110
134
136
166
176
188
290
270
198
304
208
196
212
196
208
212
258
228
230
236
228
214
254
236
216
238
238
246
258
272
286
234
266
284
264
254
296
276
270
282
302
250
254
282
290
284
286
292
274
332
288
300
320
306
316
314
380
366
360
354
354
364
328
370
352
384
386
382
402
394
454
402
410
450
412
414
450
454
442
446
444
446
450
484
478
488
492
486
484
492
498
496
496
496
500
502
510
510
510
510
510
510
502
304
282
320
326
304
300
312
232
504
510
510
510
510
510
510
510
510
510
510
216
246
318
344
350
328
446
310
294
94
88
104
74
70
76
90
94
92
96
104
98
108
104
116
112
106
104
112
98
140
102
102
110
100
120
122
108
128
114
126
118
126
142
144
172
178
176
186
192
194
208
206
210
206
220
214
260
230
232
244
236
236
226
218
230
232
232
224
254
254
250
268
244
220
274
248
230
242
244
244
256
258
288
290
280
284
288
300
334
324
314
292
296
346
312
348
348
370
356
342
356
364
384
376
376
384
386
360
372
422
418
414
418
420
426
446
454
458
436
446
440
422
488
492
484
484
478
480
492
496
494
496
498
492
490
510
510
510
510
510
510
492
302
308
276
304
266
270
302
244
504
510
510
510
510
510
510
510
510
510
510
196
328
300
254
302
300
298
284
276
112
110
86
96
76
88
82
88
84
92
102
82
152
110
98
100
108
108
108
104
106
108
96
104
106
138
116
94
102
110
114
106
144
128
174
130
186
174
190
196
178
200
198
182
198
208
208
230
208
210
204
206
236
222
224
240
234
348
210
206
200
208
216
208
220
210
252
250
260
242
252
262
256
254
264
296
274
262
270
302
318
314
300
318
298
292
352
338
380
336
352
342
350
350
378
372
390
392
358
424
436
444
448
408
384
396
468
416
432
452
480
444
472
480
490
484
486
490
482
496
500
504
502
500
500
500
510
510
510
510
510
510
502
292
306
286
284
292
254
254
258
494
510
510
510
510
510
510
510
510
510
510
184
272
232
176
268
264
262
346
250
112
170
124
134
122
76
90
88
100
86
80
86
114
84
96
102
104
114
92
116
112
116
92
96
90
122
106
116
106
108
104
132
132
156
154
132
120
178
230
176
194
176
170
174
188
184
190
212
212
194
216
194
218
236
262
330
194
218
254
236
236
214
328
228
228
230
254
240
238
234
256
240
268
294
276
282
252
272
246
320
296
268
290
306
364
330
400
434
500
506
508
508
510
510
510
510
510
498
372
430
418
414
410
400
392
406
442
414
434
430
448
428
426
476
484
472
490
486
492
492
500
500
494
498
494
500
510
510
510
510
510
510
494
284
280
288
306
286
298
296
252
498
510
510
510
510
510
510
510
510
510
510
174
244
240
44
142
200
216
74
278
238
110
240
138
114
100
108
98
90
106
88
98
86
84
100
90
96
92
100
104
120
116
102
114
96
120
116
108
116
110
114
104
124
136
132
142
150
118
158
184
182
184
190
198
186
194
198
224
184
198
194
194
212
214
182
230
262
234
206
236
208
244
232
224
212
216
250
224
234
238
244
244
246
248
272
266
286
262
274
288
270
308
292
260
510
510
510
510
510
510
510
510
510
510
510
510
510
502
394
406
430
438
384
392
406
440
424
446
432
448
458
446
450
478
486
476
456
466
486
498
494
498
498
492
496
496
510
510
510
510
510
510
498
306
290
282
274
304
260
306
234
484
510
510
510
510
510
510
510
510
510
510
172
252
252
132
72
46
160
62
214
166
108
240
168
102
134
118
102
114
98
82
114
116
100
98
98
110
110
104
122
122
124
102
108
116
138
116
122
124
128
128
110
164
152
152
150
156
166
140
148
162
188
192
200
194
188
208
188
194
196
296
200
228
248
238
208
212
222
236
208
224
216
210
236
206
242
256
246
226
240
258
238
256
278
242
248
256
282
270
302
296
308
308
252
510
510
510
510
510
510
508
508
508
510
220
510
510
500
380
394
402
386
382
414
416
404
428
448
448
450
432
404
434
482
480
472
486
464
492
496
486
500
500
492
494
500
508
508
510
508
510
510
500
292
254
260
286
300
312
282
244
490
510
510
510
510
510
510
510
510
510
510
186
250
242
116
98
58
110
98
144
140
222
276
228
130
238
176
148
140
132
136
138
140
148
128
130
144
174
156
152
140
134
130
144
138
152
162
174
134
136
138
178
174
154
164
160
164
160
148
156
164
168
140
144
156
144
188
166
168
176
278
194
210
198
218
210
214
210
226
216
224
222
202
220
202
222
242
234
272
258
246
250
244
252
248
276
266
266
272
300
310
296
294
224
510
510
506
240
506
192
508
378
410
508
510
502
510
508
332
378
428
384
404
430
394
366
454
424
450
432
422
408
454
482
460
470
486
476
480
492
494
496
498
498
488
494
510
510
510
510
510
508
496
276
278
272
292
272
260
280
246
472
510
510
510
510
510
510
510
510
510
508
184
246
214
32
42
74
92
56
106
246
234
270
316
282
238
376
264
298
282
288
288
276
264
276
264
248
216
252
234
262
310
388
424
434
414
388
340
288
232
218
200
184
184
166
168
168
164
166
170
176
166
226
188
154
170
190
182
188
180
196
194
198
228
216
210
214
184
214
214
238
224
216
212
230
232
238
236
220
252
244
232
248
260
260
278
276
254
280
296
312
306
282
234
510
510
510
470
510
504
510
508
228
508
430
510
510
508
352
416
396
400
464
406
418
386
428
418
442
444
438
436
440
476
466
464
462
490
488
488
494
500
498
498
500
498
510
510
510
508
510
496
492
276
296
284
280
280
260
286
242
478
510
510
510
510
510
510
510
510
510
504
188
238
160
46
142
24
68
134
130
134
168
222
268
278
322
282
358
290
312
288
284
288
286
282
292
286
296
286
286
276
312
300
290
284
290
276
302
284
284
284
300
296
308
290
282
296
336
282
286
276
274
286
278
252
236
234
222
282
390
456
468
450
400
336
260
240
208
204
236
244
212
188
214
214
228
240
252
242
220
240
234
242
252
272
240
270
254
260
302
294
308
294
250
510
510
510
492
510
510
510
510
506
182
496
510
510
508
328
396
416
432
404
428
402
412
460
458
458
438
438
422
430
476
464
490
472
484
484
482
494
498
496
502
488
498
510
510
510
510
510
498
498
296
252
286
274
286
284
250
204
464
510
510
510
510
510
510
510
510
510
456
202
244
160
148
102
26
156
112
100
130
250
22
194
38
308
198
302
292
288
298
292
284
278
286
280
286
280
276
282
286
294
302
282
288
294
290
282
294
304
300
302
290
284
316
312
310
306
296
296
300
306
292
294
296
316
292
290
292
304
294
290
316
306
300
294
308
304
318
280
220
224
236
278
262
182
148
240
248
204
264
238
192
168
172
192
310
338
366
438
386
344
304
246
510
510
510
504
506
260
234
510
510
510
510
510
510
508
340
388
422
410
414
406
402
420
432
418
440
452
436
422
426
472
460
490
484
478
488
492
498
496
498
498
502
490
510
510
510
508
496
490
492
274
268
272
284
254
282
252
226
424
510
510
510
510
510
510
510
510
510
382
190
244
90
86
6
146
72
130
140
66
126
128
128
134
246
302
272
232
224
280
288
286
282
288
304
292
276
286
280
294
292
290
302
294
294
296
294
296
296
288
302
298
296
294
294
302
304
294
310
294
292
306
302
290
296
318
316
290
284
314
298
300
326
304
326
306
258
296
264
302
204
214
174
112
168
220
262
246
210
262
224
230
210
120
164
284
312
316
286
298
296
270
244
510
510
510
510
510
508
510
508
506
510
510
508
508
510
266
230
234
256
410
304
354
348
384
350
316
286
316
346
412
452
470
486
486
486
490
486
496
500
492
496
496
500
510
510
510
498
498
490
498
272
264
248
260
252
248
250
198
488
510
510
510
510
510
510
510
510
510
288
198
178
8
106
122
114
110
170
160
184
100
84
116
116
158
208
300
290
278
214
264
310
300
292
274
280
290
290
288
278
298
286
292
270
286
286
286
286
304
282
296
280
288
292
294
294
302
310
286
284
296
316
302
298
296
296
308
310
290
278
296
304
312
304
296
292
152
282
210
232
188
188
146
124
210
150
212
76
198
252
222
166
176
210
164
40
88
84
180
234
292
312
260
240
264
296
312
336
208
330
306
280
216
122
254
192
182
156
138
154
118
120
136
108
116
138
144
98
114
92
204
178
176
148
118
108
182
208
142
148
188
220
386
438
380
242
284
326
384
462
484
494
262
254
294
302
232
320
252
216
456
510
510
510
510
510
510
510
510
510
230
192
78
16
88
8
112
116
120
46
40
166
104
34
132
112
272
284
328
212
220
244
286
274
278
284
278
274
290
274
278
286
296
290
310
398
260
248
370
168
298
292
292
312
296
290
274
294
284
298
296
288
302
298
294
304
288
306
276
296
300
300
294
300
288
286
220
192
176
254
226
110
200
206
204
246
220
284
220
98
78
88
86
130
106
84
94
168
150
102
156
166
216
200
202
188
202
136
122
118
134
134
146
122
114
84
84
126
94
116
100
112
94
148
114
96
148
218
258
242
200
228
134
190
132
118
142
202
202
234
124
114
132
144
170
178
184
288
404
296
312
278
278
270
280
274
276
264
260
294
220
438
510
510
510
510
510
510
510
510
510
238
208
128
12
148
40
98
70
40
86
128
48
112
142
140
160
274
226
274
304
252
220
264
274
302
286
286
284
290
284
288
294
292
288
368
254
340
384
328
324
166
210
152
294
286
296
286
292
298
294
286
286
294
294
308
294
286
304
300
304
304
300
304
288
220
224
274
150
160
170
232
244
194
98
200
202
218
82
136
80
116
80
134
142
112
180
138
166
160
190
178
160
168
212
146
156
152
126
90
164
136
192
128
210
160
176
106
210
214
190
154
186
270
176
178
174
164
148
168
200
346
172
162
224
90
142
192
194
216
144
182
172
186
234
162
182
146
126
138
144
190
226
308
284
274
296
272
248
276
250
200
420
510
510
510
510
510
510
510
510
510
202
196
106
112
126
106
110
90
108
96
126
82
90
20
116
276
178
288
138
312
352
186
308
260
206
278
286
296
294
294
284
290
306
290
278
46
278
240
188
122
174
58
128
120
220
206
158
260
188
228
240
148
218
272
240
202
216
164
212
204
208
180
206
210
172
224
178
146
252
194
142
84
180
196
168
146
120
98
126
222
56
186
172
174
96
86
170
302
286
218
234
222
186
240
318
242
224
266
238
262
224
266
232
260
220
220
208
226
178
226
176
178
168
204
224
190
182
132
192
218
196
192
172
194
230
452
208
196
178
182
204
256
232
224
174
206
294
200
260
286
200
122
196
140
240
254
272
266
224
240
202
450
510
510
510
510
510
510
510
510
510
188
206
36
138
106
102
18
14
148
156
88
38
64
20
168
54
210
308
442
262
338
372
200
166
256
250
230
262
298
282
278
292
230
240
202
270
168
128
84
190
50
180
104
278
212
162
118
170
98
268
280
190
52
198
180
116
148
210
124
110
124
150
206
128
166
60
144
132
178
104
172
134
228
284
242
240
250
296
236
294
218
166
292
374
232
294
238
348
240
236
224
260
236
250
286
238
228
322
294
372
296
222
260
262
224
286
270
248
378
268
290
272
220
258
192
250
258
192
276
278
246
244
246
350
224
122
302
248
182
296
210
190
184
152
282
278
272
320
246
232
206
158
86
128
190
242
308
282
244
256
220
400
510
510
510
510
510
510
510
510
510
156
190
18
58
44
80
50
130
130
8
112
102
94
126
130
158
268
202
326
386
362
330
340
358
270
346
376
348
268
280
228
266
276
236
302
218
274
276
304
350
224
228
244
266
340
290
164
312
366
288
210
358
440
160
264
314
324
244
318
374
200
262
262
168
306
302
338
260
292
148
322
120
250
272
220
322
264
404
296
342
252
386
288
300
306
260
306
378
338
368
374
368
280
324
286
312
250
282
344
312
314
256
360
304
260
308
378
282
276
240
268
266
216
264
312
276
450
440
330
276
210
204
196
170
174
294
250
268
250
342
318
304
334
258
292
230
282
310
276
300
272
308
332
436
344
152
146
304
338
298
214
402
506
510
510
510
510
510
510
510
508
146
208
138
98
8
28
20
92
100
164
122
108
172
136
164
300
230
318
348
374
408
316
364
330
330
154
334
318
242
350
286
232
318
298
348
172
368
196
340
358
358
316
338
268
352
348
284
380
308
418
428
364
446
296
436
392
368
332
400
374
370
380
376
386
358
450
166
320
334
340
430
344
358
298
326
294
358
340
300
256
228
418
302
338
398
352
398
302
344
318
354
288
434
382
332
296
334
336
380
348
282
286
324
314
284
316
316
384
344
290
314
318
324
264
310
286
268
308
314
268
322
296
314
260
302
300
264
254
256
348
166
196
104
170
116
102
156
168
216
216
290
498
356
154
60
378
242
208
234
246
180
348
510
510
510
510
510
510
510
510
510
132
204
128
68
102
116
110
68
54
122
8
68
130
120
84
292
238
348
210
246
354
402
354
416
388
414
402
190
348
406
348
374
222
384
308
396
394
348
346
350
332
330
356
356
344
384
350
360
356
378
392
464
408
380
412
416
362
376
368
332
388
380
314
186
428
468
430
432
342
356
434
398
344
386
324
404
422
336
434
388
390
330
306
338
412
428
362
366
424
370
380
352
338
356
340
458
360
358
396
358
356
332
312
338
306
440
366
326
308
364
330
352
252
258
262
330
342
356
324
388
446
362
246
310
280
312
332
392
74
82
162
84
82
158
94
70
116
212
262
330
202
494
310
26
150
350
260
186
126
138
220
430
510
510
510
510
510
510
510
510
510
128
206
84
18
34
64
58
106
68
128
106
148
80
296
204
338
390
80
340
372
372
208
358
350
430
242
422
380
420
222
286
446
388
442
352
208
442
340
404
412
316
398
390
378
386
386
340
410
368
350
338
394
326
402
394
346
372
378
360
354
350
342
426
346
384
388
408
392
422
458
402
414
396
436
286
458
390
404
348
360
402
350
406
362
372
448
360
498
428
354
400
482
352
376
326
420
344
400
422
392
406
310
366
402
304
276
328
392
328
366
272
418
364
396
300
396
308
314
338
284
406
282
378
338
338
390
334
28
96
126
102
110
166
298
192
122
130
152
230
252
126
274
354
278
378
326
236
148
208
200
130
236
510
510
510
510
510
510
510
510
508
136
184
72
46
10
108
118
122
96
148
174
240
264
44
202
46
314
310
386
230
332
296
374
386
346
382
406
394
396
400
354
412
306
420
382
250
410
264
342
432
342
348
354
332
304
296
268
320
354
318
286
302
322
286
342
306
280
278
332
238
328
378
420
424
378
418
218
438
454
412
424
374
412
324
440
412
422
408
352
334
432
394
324
432
358
412
368
432
322
358
360
368
342
314
310
404
334
400
278
238
264
256
260
464
352
472
462
348
392
442
374
384
296
338
294
368
360
374
396
352
406
314
258
134
64
40
64
18
136
212
100
216
134
240
200
208
194
116
168
124
76
56
112
108
128
118
118
166
182
168
236
138
508
510
510
510
510
510
510
510
508
134
36
112
42
54
146
116
132
122
146
128
160
160
200
292
310
362
338
286
138
176
328
320
48
296
132
320
208
348
350
316
268
312
104
298
262
210
254
258
218
272
308
284
314
298
294
304
268
312
278
330
294
318
316
302
286
296
306
284
262
260
406
360
406
382
436
374
402
358
356
352
358
376
370
440
380
398
392
340
274
284
220
240
262
224
268
246
278
246
334
348
308
418
304
242
352
400
416
374
368
352
414
452
494
446
240
448
376
362
178
252
312
406
400
196
350
344
400
384
370
164
356
150
196
114
62
52
80
208
254
226
134
126
336
242
242
200
182
198
128
108
92
62
70
94
178
154
270
116
186
288
198
510
510
510
510
510
510
510
510
508
140
134
104
126
158
84
96
124
12
122
52
92
144
192
234
162
332
266
282
318
314
364
332
260
200
310
350
346
262
154
274
346
318
308
332
304
230
288
256
272
256
284
240
286
264
268
222
292
254
278
230
254
286
240
278
250
248
244
288
256
266
284
288
242
284
292
282
298
278
240
330
284
274
264
388
310
278
268
254
360
290
194
280
396
248
292
256
250
282
254
218
284
206
202
304
358
384
308
352
348
422
320
310
352
252
236
280
252
226
308
258
340
224
310
332
464
392
332
240
244
150
222
94
268
66
98
148
50
196
264
224
150
214
194
196
240
236
228
198
204
244
124
134
126
208
274
286
202
210
236
178
276
502
508
508
276
510
510
510
510
508
90
310
202
244
262
268
248
224
126
204
124
144
104
176
48
264
292
198
234
244
322
82
304
324
272
360
118
274
278
320
350
148
316
278
248
254
240
256
276
246
262
248
256
254
268
274
252
274
240
264
282
280
280
272
280
250
302
282
282
296
286
284
270
258
318
292
332
238
286
262
290
272
246
246
192
234
226
194
260
230
242
222
286
172
272
250
258
174
256
288
246
272
304
274
294
276
242
344
430
306
228
280
360
364
284
282
258
226
222
336
256
246
290
172
234
266
306
264
158
192
192
192
130
118
136
144
44
132
226
250
168
172
268
230
232
262
240
258
258
194
256
234
274
336
276
338
168
252
216
162
120
234
502
508
508
336
510
510
510
510
502
18
50
10
108
82
208
172
116
62
188
68
158
226
224
204
216
86
248
246
296
136
274
74
274
308
156
318
372
308
328
112
324
292
292
280
262
308
230
302
276
252
268
274
284
270
284
282
286
248
312
314
258
290
274
244
264
250
272
278
298
270
246
306
234
260
282
262
282
214
264
266
216
208
222
242
254
228
226
232
206
236
240
198
210
266
216
246
328
252
226
308
178
272
252
226
252
280
290
248
268
296
250
270
276
210
292
266
244
182
224
208
204
202
340
320
242
212
220
176
278
166
216
124
232
150
54
158
76
70
208
174
110
184
110
204
252
206
250
234
260
248
280
320
316
178
196
312
40
60
112
128
222
504
506
500
330
508
510
510
510
470
98
22
94
10
114
38
68
94
120
28
50
106
44
146
94
188
164
278
258
68
262
216
174
222
262
242
186
298
294
78
348
174
208
206
224
60
204
244
266
244
270
156
258
252
258
246
276
250
280
262
262
288
308
252
234
288
204
264
252
266
244
244
276
274
250
224
270
236
236
230
166
270
184
216
150
214
180
188
188
228
178
188
220
36
198
250
320
238
248
268
276
330
226
310
300
336
264
332
352
218
274
240
192
186
202
244
240
134
212
148
176
196
214
278
274
306
288
288
226
192
184
196
216
80
138
30
14
72
70
116
56
122
136
188
100
206
212
234
260
260
292
402
166
218
208
274
26
36
56
126
80
196
504
504
506
498
510
510
510
510
304
98
6
88
132
118
98
106
72
32
106
130
114
16
144
124
24
174
218
132
244
214
194
164
106
200
66
156
160
134
196
34
236
226
94
246
202
160
30
176
186
190
210
216
224
256
256
238
230
202
274
222
214
208
224
254
232
264
260
280
214
268
214
218
232
274
202
240
228
204
174
220
188
204
186
216
164
152
190
238
194
216
226
232
262
204
230
234
222
258
200
194
244
256
244
278
238
274
210
156
248
242
246
258
250
232
184
182
196
126
194
226
236
242
148
174
228
218
220
184
238
206
214
278
146
122
36
104
82
78
142
84
90
156
158
174
216
218
226
234
240
470
186
204
180
316
418
438
320
328
338
304
260
262
402
506
510
510
510
510
510
158
58
78
154
146
88
118
78
74
132
56
28
136
138
154
96
154
50
150
220
44
226
192
148
146
138
26
10
8
10
10
92
36
48
52
104
160
212
204
170
166
152
150
176
200
94
240
214
242
180
200
252
210
232
260
244
222
250
224
276
258
262
280
218
270
256
228
234
208
218
196
222
184
210
160
206
196
190
156
204
172
204
222
212
200
250
308
204
256
298
296
284
330
200
222
260
264
232
224
236
222
192
230
234
212
194
226
182
104
188
190
194
232
196
204
208
198
194
222
182
184
266
218
166
90
166
180
108
126
70
138
170
158
80
148
82
86
202
216
240
334
124
118
140
284
286
404
438
302
266
114
86
114
102
500
506
510
510
510
510
510
112
72
46
136
40
126
122
112
124
122
66
130
114
84
160
42
126
142
136
124
144
46
66
12
8
8
10
14
8
14
12
8
12
10
20
44
118
132
174
258
270
226
204
202
188
214
214
212
88
206
184
224
246
246
258
246
208
168
238
260
228
288
240
276
226
194
222
144
178
214
212
190
170
188
188
180
192
202
208
186
162
178
212
240
208
170
274
264
218
250
258
262
214
230
242
242
224
302
240
270
246
246
194
220
194
228
192
218
184
202
180
154
230
206
196
228
218
208
214
168
160
236
170
182
118
54
46
52
50
50
104
164
128
40
114
156
168
102
234
268
288
206
118
244
272
244
192
168
138
126
90
70
68
376
504
504
510
510
510
510
510
72
98
70
102
70
118
128
118
24
138
126
44
60
126
46
94
102
64
152
48
42
16
12
12
14
28
40
54
50
38
30
18
16
10
16
14
28
96
128
190
230
242
240
256
260
180
184
216
248
224
212
234
230
212
254
220
228
226
244
226
232
192
208
194
210
216
198
204
184
214
210
186
210
226
174
232
216
218
250
212
164
178
266
258
270
220
288
238
210
208
252
216
254
254
226
262
260
228
266
236
182
276
222
260
226
192
208
140
172
132
152
196
178
224
182
194
150
146
152
152
134
234
164
100
60
54
74
180
34
74
30
124
156
94
180
158
214
130
162
216
160
128
158
204
198
162
120
42
32
34
48
62
90
492
504
504
510
510
510
510
506
40
82
80
118
144
116
156
146
160
48
126
144
82
158
118
132
20
174
30
20
28
36
58
102
134
152
156
182
158
158
136
114
92
190
24
16
26
22
34
66
90
168
200
266
262
270
280
294
276
280
160
204
268
240
216
222
216
206
226
218
172
208
204
214
180
176
218
198
196
176
188
176
214
218
206
218
198
196
178
222
232
248
236
254
284
220
262
210
222
246
286
254
256
258
230
266
268
226
212
210
186
242
232
214
252
156
160
140
160
154
176
164
182
208
204
166
178
150
160
76
100
170
172
20
28
30
42
78
118
40
38
102
44
114
104
110
106
90
148
108
98
70
90
64
66
36
48
32
30
26
42
38
74
490
498
504
510
504
500
508
506
146
368
126
126
52
248
258
226
120
150
144
134
128
164
76
148
40
34
104
140
136
156
176
198
202
210
226
218
218
218
214
196
172
144
164
156
56
38
50
40
30
94
170
206
240
226
270
290
272
342
346
284
280
262
256
234
226
194
192
220
214
204
56
194
204
190
156
194
150
168
166
190
156
198
198
182
208
186
214
208
226
228
198
218
262
200
222
214
238
276
258
242
280
324
268
302
260
214
214
226
188
188
270
210
168
222
190
112
158
172
184
176
220
204
204
180
122
98
60
158
124
152
182
222
132
150
190
178
102
36
34
36
100
174
110
18
28
36
38
42
54
46
34
30
14
12
14
10
8
22
36
32
56
486
504
502
508
504
506
508
484
112
16
146
246
210
246
278
250
168
122
128
142
18
76
34
112
172
188
182
208
220
230
222
240
246
248
242
232
244
228
226
224
208
194
54
28
52
42
50
74
60
36
62
56
106
138
192
218
214
242
256
320
316
292
284
268
220
242
248
238
242
202
202
192
194
220
234
214
188
224
210
208
238
208
216
232
234
222
222
228
224
236
230
198
192
226
206
252
244
258
248
228
248
234
254
260
266
240
230
202
216
258
176
244
180
246
176
174
126
188
180
198
270
206
226
142
168
60
66
124
78
26
64
42
74
60
124
154
96
32
34
34
40
84
82
102
54
44
12
8
6
10
14
14
14
6
4
6
8
28
36
40
82
492
496
500
510
508
508
510
480
46
94
56
136
200
122
110
94
110
124
108
36
100
180
190
208
212
220
214
248
246
258
240
246
250
244
244
246
250
248
248
248
234
214
80
30
20
26
24
24
42
32
50
50
68
88
114
172
222
214
228
266
274
282
308
340
276
248
244
194
196
194
194
206
178
240
194
220
228
216
200
270
232
252
226
238
274
250
252
310
296
346
274
228
248
218
210
234
258
270
234
254
236
244
316
254
268
252
226
198
208
228
164
212
184
146
150
168
216
132
92
60
108
116
72
58
38
28
24
14
22
18
26
28
40
92
104
98
88
62
28
28
28
10
18
30
26
14
18
14
4
2
0
0
0
4
6
6
16
26
56
50
76
488
488
498
508
510
510
510
508
266
94
78
138
150
126
100
54
50
104
188
210
214
222
224
230
240
246
264
244
254
250
270
250
256
246
264
264
260
256
248
250
250
250
68
52
24
30
20
18
38
48
50
68
68
82
86
122
128
134
160
126
112
200
218
216
142
144
98
96
108
94
128
160
170
138
164
118
126
146
102
110
86
98
102
112
118
128
156
242
90
288
318
250
286
262
236
260
278
240
244
224
292
224
272
286
220
218
226
208
232
198
196
190
164
22
38
36
28
18
22
18
26
10
22
20
14
16
6
4
18
28
36
44
76
78
56
62
60
60
44
36
62
36
46
8
4
2
0
0
0
2
2
4
2
10
12
32
38
80
76
62
86
492
500
498
508
508
510
504
500
102
126
208
216
224
230
218
228
224
238
238
232
242
240
252
252
254
250
252
264
258
258
268
258
264
262
266
254
256
256
240
262
250
230
104
68
44
40
50
42
40
62
76
68
98
82
84
106
90
52
34
18
8
18
16
14
14
8
14
12
12
16
12
12
10
14
22
192
134
88
82
72
60
66
90
92
122
114
172
142
140
186
240
280
366
316
256
234
216
238
252
284
240
274
290
242
220
218
250
254
244
256
274
230
216
22
12
0
8
10
2
2
6
0
0
10
14
24
18
4
10
24
50
42
84
78
56
92
60
68
42
8
2
0
2
2
0
0
0
2
0
0
4
6
14
32
40
64
76
96
124
72
100
488
494
496
502
508
506
500
500
122
194
230
236
226
234
248
234
268
248
256
260
258
274
256
276
248
270
272
264
278
262
272
246
248
262
268
266
250
260
268
260
258
172
128
52
50
64
58
74
72
80
96
82
102
124
62
54
22
16
14
16
18
16
20
16
14
10
4
16
8
12
14
10
12
16
16
10
14
14
16
22
42
26
50
42
54
72
84
122
116
106
166
180
204
204
192
174
174
188
160
186
174
176
216
174
210
214
250
216
224
224
258
258
298
278
26
2
2
2
0
0
0
0
2
0
12
4
10
6
26
66
66
74
82
82
50
6
2
2
2
2
2
0
4
4
0
0
2
4
4
10
14
38
50
62
70
86
126
108
110
94
100
500
500
502
494
506
506
504
498
140
202
228
234
252
244
262
260
364
366
354
364
350
356
354
350
364
358
334
344
352
350
360
376
398
406
414
388
330
308
284
274
268
122
108
96
68
232
168
134
82
108
80
102
78
62
20
18
10
24
24
44
46
36
34
34
40
42
52
64
46
48
32
26
24
30
18
8
10
12
8
8
2
4
8
8
8
10
18
24
26
48
46
48
84
124
132
116
128
136
120
98
136
130
136
136
150
146
174
146
140
166
172
184
206
190
108
46
10
8
2
6
2
0
10
0
0
0
18
82
62
86
44
0
2
2
0
0
4
2
0
2
0
6
6
4
4
8
16
22
30
44
60
68
62
98
102
130
140
138
130
110
128
498
494
494
504
500
490
504
490
132
210
254
234
258
266
274
272
366
372
370
372
360
326
360
364
364
366
358
368
362
356
360
336
362
354
350
344
356
370
368
362
364
278
190
126
108
102
108
90
72
80
40
24
20
28
28
36
140
214
248
238
240
206
202
180
160
166
162
162
162
160
146
126
88
100
20
14
10
8
12
6
2
14
10
12
10
12
6
10
2
12
4
10
18
10
12
12
18
50
60
84
110
116
116
120
102
122
108
116
80
114
80
100
92
100
106
92
74
80
66
80
14
38
46
58
22
26
0
0
2
2
6
2
0
0
10
0
0
2
6
0
4
8
12
30
26
32
46
52
56
74
98
94
132
134
134
148
156
144
172
128
118
478
466
458
506
500
504
494
476
162
204
252
254
246
262
234
252
380
360
378
366
382
332
338
378
372
382
348
238
348
378
372
358
380
306
362
376
296
312
344
382
370
358
364
362
348
236
134
72
48
38
24
34
64
140
188
196
256
296
292
312
318
320
326
322
308
314
320
330
320
312
292
300
284
312
40
30
22
20
14
18
12
14
18
14
12
14
0
12
14
6
8
14
12
12
10
8
10
8
8
8
12
16
14
10
14
18
88
116
130
96
96
94
108
68
52
50
14
0
2
0
0
0
0
2
0
0
2
2
2
0
0
2
0
2
2
4
4
4
12
18
28
28
44
46
66
74
84
76
92
110
102
132
136
134
158
148
156
158
164
106
142
470
408
432
502
500
500
500
416
180
226
236
254
254
260
242
240
376
352
330
326
348
338
318
310
292
304
320
336
336
372
376
380
368
300
348
374
370
388
372
320
362
378
368
374
328
306
320
314
292
272
208
258
268
278
300
280
276
314
338
330
340
360
274
344
342
222
358
278
342
344
354
344
344
306
234
238
72
36
26
26
20
18
16
16
14
20
24
34
26
28
24
22
26
22
28
26
20
16
18
12
12
14
20
10
12
14
14
24
18
14
12
10
2
0
0
4
2
2
0
0
2
0
2
0
0
10
6
0
2
2
2
4
6
6
12
16
24
44
34
52
60
64
82
82
76
100
112
114
138
134
144
134
130
162
164
160
190
156
180
126
142
484
456
484
502
502
502
500
322
160
222
244
252
272
254
266
282
372
386
310
384
384
378
358
364
378
372
376
378
380
380
378
366
370
368
368
390
374
364
388
378
390
316
360
390
372
352
348
312
282
234
220
254
290
316
340
340
270
328
364
366
372
360
284
364
372
366
356
344
308
348
380
370
350
302
278
280
290
236
204
104
156
148
146
142
120
126
90
90
84
74
60
46
60
54
34
46
24
36
40
30
22
24
20
24
16
14
20
16
14
20
20
14
10
6
8
2
0
6
4
0
4
0
4
8
94
42
14
32
40
44
66
80
94
156
134
144
138
162
120
136
116
124
120
128
124
136
132
134
138
152
148
152
170
188
174
182
164
160
156
156
152
494
508
492
510
510
508
498
264
272
234
252
232
234
258
234
282
388
368
328
368
372
382
372
388
378
372
380
294
376
368
302
320
380
378
300
308
386
328
320
376
392
324
390
374
388
374
358
352
368
368
384
376
364
370
374
390
356
364
382
380
320
386
376
372
338
374
388
380
376
380
368
358
342
318
280
224
192
184
246
164
232
252
246
238
228
160
220
200
216
188
172
170
204
186
196
180
122
124
126
128
90
86
44
52
22
42
28
30
16
22
26
18
16
14
16
10
16
4
14
10
6
18
56
18
34
32
80
96
122
142
170
186
180
204
210
234
242
202
264
268
318
338
308
386
372
330
314
340
334
322
338
298
180
170
170
162
192
196
160
184
152
486
502
510
488
488
506
498
234
172
216
224
246
238
244
258
322
390
384
390
320
332
372
372
356
392
376
386
364
372
376
384
386
386
376
378
382
384
370
356
370
390
350
272
376
394
368
352
378
388
366
270
368
396
276
370
390
388
354
266
372
326
346
376
386
362
358
376
388
382
374
372
372
384
342
366
346
362
346
334
280
326
306
296
284
284
272
286
270
284
270
276
258
250
246
266
268
250
262
204
214
136
82
56
98
158
130
126
106
56
92
106
72
46
42
26
28
22
20
22
18
10
14
28
26
78
84
148
184
198
216
242
248
234
148
256
240
256
234
308
312
328
388
350
422
400
340
372
380
386
352
366
314
200
162
162
188
160
204
198
158
162
486
492
494
492
480
506
486
228
190
240
234
270
258
244
256
334
360
400
410
154
128
110
292
170
386
388
392
378
378
384
390
382
372
382
402
380
388
376
396
372
362
382
382
380
380
384
384
378
378
390
384
388
374
366
366
370
378
368
392
370
380
390
386
394
368
350
364
382
352
274
382
380
298
326
378
344
326
340
360
278
286
332
340
302
220
316
326
310
266
282
294
308
284
308
296
294
294
308
250
274
272
276
186
240
242
232
220
244
236
216
210
208
220
202
186
138
104
58
74
84
124
108
182
206
216
178
152
122
134
178
214
204
252
284
286
290
284
260
318
336
364
402
388
340
440
424
396
366
388
340
360
344
190
186
186
192
196
174
190
148
160
466
486
486
480
476
488
478
226
194
224
244
240
272
268
288
366
394
382
398
250
288
290
208
208
400
390
380
384
374
388
374
392
386
386
390
374
404
382
380
384
382
374
378
386
376
366
384
366
382
380
394
382
380
360
392
364
390
378
382
388
402
382
382
384
386
376
382
376
378
386
374
376
396
382
378
372
378
372
360
390
364
358
346
338
332
354
332
326
328
322
348
330
322
314
330
238
304
328
274
176
276
302
234
196
300
288
290
238
292
268
278
174
262
268
250
230
260
238
264
256
262
224
258
264
256
252
286
280
276
268
424
294
304
300
312
308
300
318
352
348
312
372
358
400
370
342
384
398
426
432
402
310
188
206
180
200
214
190
184
156
160
480
490
482
