294
236
112
112
108
90
144
128
126
116
130
414
404
432
468
458
478
432
354
372
428
368
428
398
398
344
312
332
348
332
370
334
300
296
298
270
266
286
268
234
274
244
248
250
260
222
222
190
204
216
212
226
194
208
170
178
180
188
176
184
154
134
156
158
154
138
158
122
106
102
102
118
108
146
82
92
98
94
100
66
74
96
80
56
56
62
76
68
56
56
66
54
62
54
60
66
38
48
38
40
46
44
52
436
506
424
500
506
510
510
510
508
490
510
510
508
508
40
48
30
20
58
30
22
36
52
58
76
66
42
48
34
18
36
26
32
24
20
30
38
16
24
38
30
28
26
20
54
88
18
18
22
190
184
182
156
138
162
152
134
160
340
216
116
110
134
224
128
112
126
112
124
394
406
366
406
414
426
450
398
370
380
394
392
392
384
336
308
340
304
340
320
334
284
274
274
292
306
278
274
254
236
226
258
252
242
220
234
216
196
208
198
204
216
188
196
212
214
172
176
168
140
140
142
132
146
142
158
166
114
108
144
120
114
126
102
90
94
92
90
104
86
72
56
68
70
62
64
76
68
66
54
52
52
68
40
58
42
46
46
42
54
56
44
450
490
488
508
508
510
506
508
508
490
502
508
508
506
38
26
28
24
28
20
26
30
26
34
44
54
58
38
28
50
22
28
22
24
42
30
44
20
24
38
42
40
36
52
32
30
20
30
26
158
166
156
156
154
222
144
100
170
308
200
76
90
44
72
110
232
136
150
138
130
132
132
132
136
138
120
148
144
132
142
136
126
126
162
150
120
140
100
128
146
112
120
104
94
128
94
96
82
86
76
114
108
86
112
138
142
166
194
160
224
226
244
256
298
280
242
246
210
230
198
190
186
176
172
154
158
134
108
136
138
118
128
106
108
100
106
130
116
96
90
70
74
74
72
76
70
70
56
74
60
56
52
54
58
42
44
54
40
46
52
52
456
486
510
510
510
506
510
510
508
506
504
510
506
498
46
32
32
42
34
30
38
40
34
34
42
38
46
36
32
34
34
34
24
20
28
26
38
26
36
26
22
32
26
16
18
20
26
22
30
172
186
166
160
218
220
128
112
168
310
170
78
76
32
70
40
60
272
190
124
126
122
122
114
132
136
152
136
148
140
142
124
132
150
122
152
162
144
126
156
142
154
152
182
170
156
158
138
158
148
128
148
126
168
158
152
132
152
132
148
170
152
158
160
176
178
158
150
168
138
168
162
142
154
162
146
144
144
168
154
154
142
158
156
162
182
180
162
138
160
158
172
166
154
168
156
158
150
162
132
136
128
108
112
110
102
134
188
166
194
212
224
504
510
82
70
78
304
302
508
466
400
510
488
508
504
112
102
78
40
40
40
46
40
32
44
46
60
48
44
34
40
36
38
38
34
50
42
52
50
26
30
42
40
20
38
24
68
18
28
22
162
170
172
156
160
146
116
108
160
322
130
100
62
40
32
68
36
68
116
242
146
136
128
160
132
142
138
126
136
128
140
134
122
146
136
136
132
148
144
148
168
148
144
134
164
150
150
148
156
150
142
146
160
132
144
146
134
122
150
160
144
170
162
156
164
154
146
158
152
144
168
160
144
146
156
156
154
164
158
146
178
186
160
130
166
218
202
158
170
134
158
178
178
158
168
152
172
142
168
170
160
166
134
154
156
174
156
176
154
158
170
158
506
504
100
138
150
474
508
508
114
510
510
504
506
496
168
144
166
142
154
154
154
158
150
162
158
166
158
162
166
164
158
164
172
148
160
160
170
136
108
108
124
92
88
74
84
82
68
62
66
176
152
170
148
182
140
144
102
156
340
128
72
70
52
36
30
40
42
68
72
168
158
130
124
134
126
156
122
138
126
136
134
124
162
138
148
144
146
128
122
140
132
150
146
134
154
162
160
136
146
168
142
162
140
140
144
166
156
162
152
144
144
150
142
156
148
172
168
138
154
154
136
148
150
158
150
168
138
172
178
160
124
136
58
134
142
98
102
130
22
136
224
176
190
180
162
178
150
166
172
182
168
162
178
162
160
166
160
166
164
154
170
504
510
508
508
496
502
508
508
114
508
508
510
508
502
172
168
158
156
158
148
174
172
172
182
168
156
166
172
178
156
170
160
160
178
166
174
162
156
208
148
148
172
152
158
150
150
156
166
178
164
174
178
158
148
130
102
90
178
300
146
90
60
26
34
30
40
34
72
56
84
108
154
120
126
132
114
114
124
138
158
104
136
144
138
132
156
138
160
132
154
162
150
126
148
160
158
156
176
162
150
148
144
144
162
148
124
126
134
130
156
160
126
168
156
170
162
158
160
164
150
168
144
140
170
158
160
146
146
158
130
88
122
32
54
62
34
82
86
66
58
54
74
88
196
172
162
154
148
168
134
152
168
184
166
158
160
156
174
162
164
160
494
510
508
506
390
126
108
104
120
510
506
508
508
500
164
154
168
162
176
158
150
154
148
174
156
176
192
168
164
176
166
158
152
160
162
180
148
170
170
166
162
148
156
144
156
156
150
152
156
162
184
168
168
162
146
94
94
172
174
136
88
28
26
32
18
38
8
42
6
66
98
134
136
144
126
142
118
142
120
110
114
156
150
158
126
130
148
140
136
154
158
122
158
138
142
170
132
156
130
120
140
148
160
128
148
154
140
156
154
152
140
154
150
162
152
164
164
134
136
136
144
156
140
164
166
158
160
150
108
188
152
66
72
66
40
42
54
74
56
44
82
52
94
58
178
200
160
156
172
158
164
154
162
166
164
166
174
172
168
142
310
498
506
506
506
504
502
506
508
488
504
506
494
508
496
164
176
170
160
176
156
174
162
154
170
174
162
190
162
164
176
174
164
162
174
158
158
152
132
154
172
166
168
164
136
158
172
158
170
164
142
168
160
154
164
126
110
80
172
418
112
84
38
46
8
8
24
32
26
22
42
14
78
68
298
130
150
114
126
144
130
148
122
150
148
164
174
178
144
154
118
146
152
144
146
142
132
126
136
128
152
156
154
130
126
138
172
134
142
144
146
134
154
118
146
146
154
142
162
150
128
164
146
148
146
158
156
132
152
158
114
86
64
76
54
56
38
40
48
44
58
34
48
60
56
62
96
104
184
122
96
44
40
58
70
40
74
102
70
76
124
118
132
160
182
146
136
142
122
120
144
148
152
126
176
164
168
168
180
132
154
148
138
142
134
118
138
154
176
182
152
188
148
162
158
164
176
174
154
164
164
154
162
162
174
160
172
166
158
162
148
152
168
162
168
136
136
104
76
152
344
144
94
20
32
30
22
16
0
38
48
40
78
8
118
100
184
212
144
130
146
120
126
136
158
120
132
136
148
158
122
140
132
138
144
140
140
142
154
156
150
138
134
146
128
148
158
150
148
144
148
160
150
158
138
132
136
134
144
164
154
134
150
140
154
142
140
142
134
122
120
82
84
66
70
40
200
30
80
62
168
60
42
184
68
234
130
202
188
216
154
254
144
244
154
58
82
44
72
72
164
170
150
138
124
80
94
126
188
116
106
88
108
152
150
72
146
66
94
64
114
146
180
130
140
84
84
140
130
112
114
132
146
134
160
134
136
146
132
162
194
180
154
174
164
154
144
144
168
158
164
164
154
144
152
134
146
128
120
80
186
288
144
96
4
26
14
4
26
26
2
24
74
4
48
56
70
120
110
270
148
130
142
142
124
132
142
146
134
140
154
132
124
130
124
126
150
128
144
230
166
152
134
142
170
160
154
152
126
166
136
150
142
140
142
140
146
168
154
160
152
152
140
164
124
146
142
144
182
172
122
88
46
80
66
94
106
60
74
50
48
50
122
128
172
188
118
178
94
158
262
302
164
42
224
40
80
134
64
58
60
74
92
106
118
64
70
74
92
76
74
76
102
66
76
98
192
146
50
64
122
76
50
180
102
66
78
190
82
136
64
44
84
66
74
54
52
72
92
110
144
160
158
172
160
170
210
168
178
176
164
154
156
150
158
156
154
142
140
104
82
200
284
114
124
18
26
0
20
22
16
30
52
12
58
44
6
16
34
114
76
224
176
122
128
154
142
140
128
106
118
142
166
144
136
130
144
158
46
24
28
140
70
138
154
132
150
152
170
162
150
154
140
124
134
142
150
148
160
140
130
156
172
150
146
150
152
144
124
80
58
38
30
44
42
106
56
90
70
74
78
182
96
94
166
112
170
134
174
114
196
128
76
138
194
130
192
186
224
202
180
164
158
218
190
230
224
202
350
236
130
192
246
172
186
118
242
138
228
190
162
220
184
156
198
294
206
312
174
306
288
308
242
186
172
98
170
294
208
66
72
92
102
70
164
132
110
110
172
158
202
152
156
154
154
164
158
158
156
130
114
76
190
308
130
90
52
0
2
14
18
8
14
28
40
34
8
72
60
60
108
74
112
100
136
188
118
136
164
136
124
142
148
128
152
144
136
158
212
8
88
50
114
96
94
22
146
136
142
182
144
166
214
222
182
128
158
156
116
128
136
126
120
130
144
74
120
116
132
124
112
118
142
100
90
100
82
66
106
58
110
120
154
130
170
216
206
198
264
166
180
162
336
264
272
220
366
164
170
196
136
186
292
266
332
174
212
372
184
276
264
258
334
204
280
292
228
232
298
146
204
240
272
162
268
264
308
258
222
230
202
156
212
166
186
160
154
180
200
182
168
112
182
84
114
198
208
92
102
96
98
164
152
162
170
170
170
162
138
142
144
96
68
218
268
110
102
36
20
26
26
8
2
2
34
0
6
42
4
8
12
120
118
166
164
60
234
118
180
116
148
124
122
146
164
148
138
140
124
106
66
60
62
92
58
56
40
112
48
84
28
72
86
108
66
140
72
92
16
238
216
112
208
122
76
160
228
166
182
178
162
134
194
144
156
176
190
198
182
346
180
224
248
144
194
138
320
52
216
250
362
240
250
210
156
206
340
196
334
144
134
254
128
106
238
310
220
222
392
294
368
202
256
286
234
276
248
238
172
216
358
164
234
170
182
226
230
212
204
274
216
218
258
204
160
188
134
94
194
170
202
202
206
210
270
168
56
198
204
216
186
138
122
96
38
90
144
170
158
158
134
118
100
66
218
290
100
90
48
36
28
10
10
14
24
20
22
32
28
56
46
28
124
202
196
204
28
224
214
178
144
174
240
84
162
56
116
52
158
184
38
60
210
142
18
108
200
124
178
182
156
198
168
174
148
122
136
196
134
124
136
106
126
182
142
208
140
228
96
230
42
148
216
168
168
176
178
144
182
210
168
298
388
202
222
262
156
142
306
306
154
252
292
324
340
352
236
258
222
414
400
176
228
230
270
242
312
268
204
292
326
278
240
210
264
212
292
232
216
218
244
290
230
250
182
208
232
214
190
216
202
172
226
268
172
226
146
48
148
242
216
186
172
172
196
176
152
164
172
268
250
206
100
208
336
294
86
114
254
104
150
148
136
104
52
258
294
92
76
58
14
26
22
10
24
16
28
0
38
34
32
104
6
64
100
18
196
164
30
22
174
102
134
98
212
56
32
154
162
194
36
152
158
84
74
198
130
102
158
138
182
138
140
158
146
124
196
128
96
174
138
184
122
202
200
134
234
192
140
202
162
192
190
292
128
266
176
174
228
262
270
270
184
236
278
262
240
346
252
352
222
192
336
410
290
386
288
312
310
404
248
258
256
248
306
268
224
216
286
240
236
226
214
194
182
226
234
210
174
218
252
232
204
232
210
190
198
238
182
132
204
254
210
158
180
166
76
88
170
218
180
90
84
174
192
202
160
232
202
238
250
258
224
302
386
90
68
346
204
180
150
260
144
128
128
72
300
234
90
106
70
24
4
14
16
28
22
34
26
24
40
2
140
76
28
106
138
156
8
156
192
202
68
208
246
212
168
222
20
172
220
250
28
84
224
188
116
196
24
180
116
106
158
118
82
180
32
238
120
130
108
134
254
264
274
256
280
256
230
276
254
324
260
332
350
366
228
324
314
190
368
302
340
364
268
436
294
238
268
326
274
288
210
290
300
254
254
256
262
194
278
292
252
212
120
188
214
144
128
142
98
240
148
122
108
108
166
116
196
136
102
148
120
200
114
176
202
112
270
220
150
122
124
84
80
224
124
134
100
248
210
234
148
106
194
216
202
180
228
188
238
226
222
230
366
350
62
28
366
108
168
148
140
202
130
100
76
308
274
78
108
66
20
28
26
36
34
40
30
20
24
34
28
54
126
144
172
100
194
188
156
156
176
170
74
28
262
18
212
204
194
104
36
192
78
16
210
22
154
10
154
80
78
50
118
62
120
118
76
104
92
170
106
76
182
142
92
50
96
234
160
234
242
186
142
162
158
196
204
170
256
136
188
204
238
226
272
302
154
156
184
142
104
168
148
136
116
206
120
130
108
162
174
220
168
118
138
172
144
206
142
170
94
128
156
244
82
160
204
242
146
98
116
132
112
98
146
94
162
66
146
220
148
144
142
184
124
170
172
274
280
240
120
286
238
204
252
216
180
232
198
116
206
272
218
212
322
188
264
314
196
166
228
76
238
210
102
48
326
276
72
118
80
28
26
34
30
20
20
34
32
30
18
40
0
84
76
80
94
20
240
38
160
210
222
204
196
236
190
196
212
94
26
178
18
174
228
134
188
76
174
90
76
126
54
92
112
106
166
82
112
210
96
134
88
38
110
66
58
126
106
160
134
152
136
66
108
112
200
204
204
112
166
206
198
186
128
244
208
150
236
274
176
174
164
192
202
170
168
220
204
150
196
172
130
178
132
60
222
278
170
152
114
122
130
132
152
54
66
82
142
60
102
118
180
128
136
164
166
74
168
174
78
192
186
108
138
212
116
172
336
242
250
270
336
196
194
186
258
294
190
218
196
136
200
142
114
156
298
240
140
172
202
202
228
118
110
236
82
356
274
60
98
98
106
52
54
48
22
26
18
24
38
36
44
98
146
110
90
174
88
162
192
234
14
202
236
216
12
232
8
24
222
146
174
6
160
142
10
198
18
140
136
148
140
74
188
144
162
114
106
54
10
116
84
122
160
174
120
136
186
32
190
208
56
152
134
196
176
174
96
204
182
158
170
110
172
248
132
140
136
84
218
156
154
210
176
156
78
104
136
114
122
176
154
42
154
190
198
214
46
58
54
124
188
106
154
134
44
136
164
66
106
138
92
66
114
84
106
144
86
132
80
156
80
106
114
136
46
76
246
290
238
272
218
242
172
328
252
300
280
296
278
202
146
240
218
252
174
124
98
220
152
218
252
234
164
128
136
204
380
256
56
104
88
60
32
42
26
20
16
24
14
8
26
20
84
124
132
130
146
180
36
230
244
212
206
144
248
16
156
204
220
196
184
136
158
62
168
202
148
212
140
156
192
168
18
142
188
54
174
202
84
96
162
176
224
138
152
78
146
108
164
158
120
50
126
124
150
260
166
186
222
288
200
136
160
162
112
156
106
50
72
100
126
158
202
194
146
48
120
94
122
160
128
90
130
210
104
150
92
70
102
102
70
154
46
86
144
58
122
144
100
104
56
58
160
88
142
120
128
94
82
136
54
148
90
110
192
112
98
288
276
222
292
300
198
294
422
312
268
306
306
296
194
210
120
208
204
280
226
244
222
270
210
252
216
172
120
66
42
372
294
48
78
70
34
22
8
16
24
36
22
34
26
26
2
82
2
106
22
152
184
34
214
186
202
186
76
196
184
168
132
182
140
16
196
242
132
122
270
26
174
118
162
144
138
172
118
130
126
122
144
152
118
144
154
208
12
58
174
82
128
140
160
158
170
96
206
158
200
228
184
174
172
190
192
208
62
178
180
114
178
124
50
108
102
142
102
68
56
98
128
102
140
126
94
74
152
86
68
92
100
84
106
54
98
100
120
68
122
84
12
102
86
96
88
106
92
122
236
156
182
110
102
116
174
174
182
134
70
116
242
286
324
308
180
232
276
410
306
264
284
162
220
312
258
246
270
254
244
232
338
196
328
266
162
138
110
120
88
60
370
298
60
68
70
36
48
38
32
40
30
44
16
22
28
48
116
16
130
102
202
186
182
178
194
20
172
166
200
188
188
62
20
184
168
192
186
10
202
142
132
188
134
170
4
126
178
90
78
142
150
164
78
66
80
168
112
8
192
196
80
240
102
200
64
78
112
96
104
210
216
240
64
152
166
126
180
126
182
130
82
78
60
134
64
106
82
72
108
100
56
106
146
124
152
134
68
164
128
116
64
104
90
138
114
66
70
94
134
108
128
98
136
68
100
136
102
120
126
72
102
72
86
190
186
160
176
150
106
50
140
62
70
162
274
252
254
186
396
178
292
262
234
200
118
152
244
210
318
290
334
182
294
260
208
88
88
112
76
82
56
384
286
56
92
36
36
42
16
34
42
30
20
40
36
24
34
74
138
96
132
132
12
132
150
152
136
10
144
110
6
124
140
98
174
150
14
208
8
154
144
202
40
114
144
80
136
116
102
136
100
156
130
130
142
90
114
150
158
100
72
140
130
182
162
128
96
94
196
218
102
18
206
124
54
136
136
152
114
146
46
12
104
72
124
68
108
80
60
62
82
120
106
84
70
112
100
130
140
92
50
50
32
78
54
152
40
144
158
144
80
136
114
130
182
68
120
116
206
178
120
162
100
98
78
126
128
182
146
140
32
168
82
68
52
42
110
34
158
236
294
128
196
184
180
128
114
210
204
260
348
196
280
272
258
76
62
98
102
92
72
40
414
314
66
80
70
34
36
14
28
40
26
38
20
18
42
4
38
80
146
136
148
102
96
110
46
98
100
122
112
132
92
82
160
72
76
104
128
110
88
108
140
162
80
150
102
140
118
114
168
10
92
52
106
112
134
140
154
106
136
122
108
104
158
86
150
88
186
106
50
138
90
162
136
168
144
198
142
76
88
94
108
94
106
118
104
136
148
124
92
106
114
140
86
72
96
66
130
60
92
102
34
114
100
60
80
66
158
100
92
162
84
124
154
148
152
126
132
96
178
128
170
134
138
172
126
154
152
144
162
50
70
64
76
58
42
48
20
74
168
258
138
132
162
148
64
208
232
292
286
302
272
318
312
68
62
76
84
88
86
74
42
394
336
60
74
38
48
44
40
16
30
14
22
18
18
28
26
14
46
100
84
82
106
0
68
50
60
88
14
76
96
84
56
52
102
52
50
44
36
60
42
52
76
60
74
68
88
108
80
94
66
144
34
116
114
128
148
134
160
116
44
154
144
146
34
98
142
182
128
146
68
116
164
136
124
172
146
146
136
84
116
158
96
160
130
98
98
78
116
100
100
128
62
76
130
142
122
102
170
144
70
86
90
94
100
70
112
56
124
158
110
72
102
158
200
108
106
84
118
192
108
152
178
174
88
120
154
196
150
158
44
64
50
46
66
42
38
48
78
154
250
196
296
158
132
64
172
224
268
290
106
206
224
310
68
68
94
92
86
104
66
44
370
322
78
78
50
32
22
16
22
22
34
38
18
32
12
34
14
14
78
130
84
88
38
106
42
38
50
30
20
14
18
28
4
30
8
32
28
30
24
32
28
34
52
34
32
94
100
58
76
94
84
112
116
22
114
106
162
132
160
134
184
156
158
162
94
202
150
176
178
132
140
164
188
168
166
152
158
202
52
126
114
162
60
116
156
132
94
152
136
98
98
150
144
158
128
134
164
148
138
96
110
142
140
146
144
166
146
108
134
114
166
166
138
158
162
114
198
126
106
150
172
148
204
162
208
194
130
94
86
48
6
60
58
138
118
120
92
88
118
114
166
142
142
140
132
126
218
138
238
188
180
250
388
368
364
80
92
96
86
72
46
418
328
68
42
24
14
16
22
16
26
46
56
26
18
22
0
20
30
22
64
102
74
82
70
2
4
2
0
2
4
2
0
2
2
4
0
0
0
2
20
28
66
60
68
56
66
50
78
64
86
90
64
102
80
132
144
158
122
158
194
80
52
172
154
160
146
136
182
182
180
148
168
130
178
170
158
166
116
112
84
134
104
116
158
124
156
184
140
150
160
162
142
168
146
176
164
146
146
142
150
100
76
144
108
162
164
158
102
156
108
58
88
138
228
192
168
212
134
160
182
144
138
140
158
152
116
68
130
82
62
12
68
114
52
52
68
88
82
104
104
122
140
172
206
158
138
192
192
214
212
328
388
326
328
316
290
196
320
252
348
44
386
324
66
40
12
22
38
44
32
44
42
26
32
28
20
20
20
36
44
30
54
42
36
0
2
4
6
4
6
4
4
4
6
4
2
0
0
2
2
0
34
124
170
100
160
94
138
134
158
122
96
102
124
62
122
142
154
154
172
180
156
152
158
166
160
150
110
180
140
184
152
170
170
158
146
156
146
156
146
156
132
136
134
152
182
142
178
168
208
176
180
146
152
142
182
150
162
170
126
118
78
128
76
128
188
174
180
168
148
106
54
20
24
38
52
126
172
166
96
88
82
84
204
190
70
52
42
68
230
104
50
6
80
60
134
90
74
72
56
56
110
130
146
108
104
120
106
178
180
190
232
244
208
178
202
214
166
160
148
182
30
356
252
64
62
42
42
48
28
38
12
26
28
28
28
14
20
20
22
46
56
58
8
4
6
26
26
36
54
30
44
46
36
26
28
24
22
10
6
2
6
28
24
78
148
88
124
120
216
234
226
194
134
122
142
122
138
128
138
138
136
90
114
156
142
140
160
144
144
144
154
104
144
138
140
176
150
168
140
138
162
160
174
154
188
132
188
174
176
144
228
158
164
112
146
150
168
138
150
134
94
144
128
140
168
130
172
168
180
124
120
90
34
8
10
4
4
4
0
6
16
20
40
78
128
148
158
76
90
26
44
136
38
6
60
52
28
30
24
44
110
188
94
64
74
94
88
84
114
132
114
134
128
128
140
152
138
120
128
114
120
34
296
244
78
68
6
32
0
18
38
32
28
30
20
22
12
12
30
62
58
82
10
18
28
42
50
52
60
62
68
68
68
60
66
46
46
42
34
14
8
12
12
22
20
38
36
96
112
128
122
158
188
224
218
170
162
130
136
126
126
118
94
114
110
98
114
104
122
112
120
134
144
122
140
130
136
160
166
156
206
236
220
230
250
270
230
234
228
216
310
172
232
190
214
228
150
190
188
158
138
134
200
166
180
176
178
172
208
152
164
138
114
104
10
2
4
2
2
6
2
2
4
8
22
26
30
42
60
58
110
98
74
72
20
6
44
38
26
24
42
64
84
238
294
306
98
104
110
84
64
60
62
70
64
68
60
90
116
94
68
46
38
404
192
66
34
8
46
48
26
16
28
36
42
32
6
38
40
62
56
46
10
24
56
52
82
64
76
82
82
72
66
72
68
96
82
76
62
48
10
12
8
8
16
32
52
40
44
44
74
74
112
166
196
232
260
228
184
154
120
114
140
136
154
92
108
128
88
88
106
96
108
140
150
98
120
124
134
160
144
114
98
166
234
278
260
270
264
286
244
306
210
218
188
242
182
192
214
222
166
162
158
158
162
200
172
190
158
186
198
172
166
190
122
90
42
14
6
2
0
2
4
6
6
12
20
32
38
42
60
128
134
106
88
38
4
4
42
20
22
28
38
36
36
194
272
262
250
278
230
254
184
154
142
78
72
94
140
178
92
62
74
24
392
148
76
14
26
34
16
38
18
32
32
22
40
26
50
52
50
10
24
34
58
80
64
88
88
102
86
92
90
76
80
96
90
88
86
84
64
28
12
6
20
98
48
32
40
40
46
60
66
70
128
158
188
164
188
204
232
186
162
140
116
90
70
64
62
66
46
50
40
40
38
46
34
34
36
28
30
34
22
38
130
220
214
222
300
258
254
252
178
144
110
110
106
110
106
122
110
126
124
108
104
114
108
132
100
106
134
116
134
124
108
126
98
128
68
20
4
2
0
2
4
4
12
28
42
34
42
82
94
84
82
74
90
34
24
32
16
26
36
36
32
36
40
28
26
22
60
94
84
118
130
126
88
96
108
146
70
92
72
56
32
390
144
74
40
32
32
24
26
30
36
36
34
36
38
76
62
16
22
54
62
72
94
76
100
112
90
90
88
96
80
92
96
86
100
74
82
70
16
8
14
18
22
30
46
40
44
48
62
54
58
84
60
64
8
6
44
108
150
120
124
88
52
56
38
18
16
18
28
24
22
18
6
4
8
10
28
38
48
66
114
76
90
120
196
180
170
156
136
112
90
70
60
54
62
62
54
52
58
54
60
66
62
64
64
66
70
64
76
62
64
76
76
72
80
80
72
24
18
12
14
6
2
0
20
32
42
62
68
58
54
58
60
48
54
36
50
34
22
22
16
20
28
36
36
36
24
38
28
32
36
38
48
58
84
62
58
78
112
72
64
32
366
78
68
22
36
38
44
34
34
32
38
36
44
76
90
16
28
54
82
78
82
112
68
114
92
96
92
126
100
88
110
94
98
90
96
74
90
30
26
26
22
18
30
26
40
62
44
52
58
42
34
42
58
4
8
4
14
10
2
8
4
10
4
10
4
0
0
6
4
2
20
34
32
38
44
62
130
172
158
204
38
2
6
6
8
14
12
8
8
8
10
4
4
10
6
4
6
16
36
64
52
44
62
58
56
68
56
50
58
58
52
58
60
54
58
58
40
50
60
48
52
42
56
58
58
52
52
42
40
32
22
8
2
8
8
6
22
30
34
38
30
6
12
10
20
26
12
0
30
10
20
20
32
36
54
54
60
70
74
42
22
370
102
84
70
36
22
42
38
40
38
38
34
108
14
24
46
84
80
76
96
90
102
82
106
102
124
102
96
112
92
122
102
108
112
96
108
80
30
26
12
20
20
28
28
58
54
64
50
66
50
48
10
4
8
4
8
8
4
4
6
8
8
8
12
10
6
6
0
4
20
40
50
52
130
136
140
10
12
4
10
4
6
8
6
6
12
6
12
6
8
2
8
4
0
6
0
6
2
2
4
0
0
4
0
8
4
6
2
4
4
4
10
0
2
2
6
6
2
2
6
0
4
4
2
2
2
0
2
0
2
2
2
0
2
6
0
2
0
2
2
4
0
0
2
4
2
2
10
10
16
12
30
34
48
50
80
82
84
72
50
32
366
100
70
62
26
42
36
40
34
48
34
72
46
116
236
212
244
340
316
284
294
270
286
282
278
276
280
272
292
294
314
280
290
286
314
280
226
46
20
24
20
20
26
44
38
46
32
46
40
56
10
10
18
24
16
12
16
10
12
12
12
20
22
20
20
18
18
14
26
148
134
94
18
4
2
4
6
0
8
6
6
4
12
14
12
6
10
4
8
4
4
0
2
2
4
0
4
4
0
4
0
4
4
2
2
8
6
4
4
4
0
2
0
2
0
2
2
0
2
4
2
0
2
2
4
2
2
0
4
2
2
2
4
2
2
2
2
0
2
2
0
2
4
2
4
10
8
6
8
16
26
30
46
54
60
72
64
80
66
48
32
370
108
86
74
34
44
28
32
36
44
16
74
204
232
260
290
314
314
402
344
290
336
290
318
254
258
226
260
236
270
246
232
246
240
264
254
236
56
26
28
20
26
16
20
28
30
34
44
28
42
54
76
82
156
140
142
122
132
128
158
126
142
148
146
142
130
124
114
78
64
42
32
18
26
16
14
8
16
10
16
14
22
24
26
26
28
40
42
38
50
46
48
46
34
44
36
26
34
18
18
16
12
8
12
10
8
2
4
8
2
0
6
2
4
0
4
2
2
0
2
0
2
2
0
0
2
0
0
0
2
0
2
0
0
2
2
0
4
0
4
0
2
2
6
4
10
14
10
24
24
36
46
56
60
66
84
84
70
82
48
32
352
132
90
52
54
12
20
32
8
6
42
200
292
254
214
162
276
348
382
346
316
294
308
282
258
246
252
266
260
246
268
250
262
250
264
258
228
44
32
28
28
30
32
30
46
38
26
30
60
76
134
160
190
188
178
206
188
192
180
192
188
176
178
170
172
152
144
140
96
78
54
34
26
28
26
28
34
34
42
48
50
54
66
60
72
72
94
88
88
104
100
108
104
104
84
68
84
82
78
74
74
66
62
52
58
56
48
44
46
34
30
32
30
30
30
26
32
22
20
16
20
16
18
14
14
14
16
20
24
18
18
10
20
22
22
22
12
22
20
24
20
16
30
30
26
48
50
60
62
84
108
128
88
56
58
76
84
104
76
38
32
338
134
72
68
68
24
20
32
54
74
76
258
302
266
294
254
380
374
362
302
284
342
314
262
268
214
272
302
260
234
258
240
260
250
208
252
258
98
36
86
40
32
32
26
12
34
52
78
120
46
180
228
208
224
170
204
212
216
206
220
228
208
198
176
202
182
170
144
58
94
56
48
44
20
50
56
60
64
36
76
88
90
98
98
124
120
128
152
146
142
44
152
144
134
142
134
136
128
120
116
118
128
110
112
122
104
88
94
92
84
24
62
68
60
62
54
54
64
62
56
56
40
54
54
52
58
22
54
46
48
50
16
48
58
48
54
22
52
52
56
58
40
64
76
72
82
66
86
110
126
140
168
94
66
92
96
90
94
86
48
36
358
114
90
82
82
80
82
76
100
92
98
286
288
298
246
300
330
364
310
344
334
330
282
312
280
268
288
272
276
264
256
290
266
230
250
268
246
210
60
44
28
32
26
54
64
92
136
170
150
178
186
158
130
120
88
94
90
112
110
104
162
186
192
186
174
184
174
154
104
110
112
76
66
32
78
94
100
120
60
130
124
140
142
122
162
162
162
178
166
174
172
186
134
154
172
160
166
100
158
160
154
152
68
140
138
126
134
72
136
128
120
122
44
102
104
98
96
72
92
86
96
82
68
92
88
90
50
96
96
90
60
40
76
84
86
80
42
86
86
96
98
44
102
114
106
122
86
136
144
158
176
182
100
100
98
86
108
104
72
50
30
322
140
82
100
68
84
74
94
72
82
98
304
332
218
274
316
298
224
298
332
318
292
292
314
278
284
290
264
274
264
258
278
262
284
268
266
278
252
218
160
150
126
116
136
178
208
220
216
234
234
242
246
236
234
242
234
218
228
232
222
244
232
204
228
208
200
194
186
188
158
150
124
132
130
124
152
144
156
164
170
182
180
186
178
190
186
198
206
198
208
190
200
184
184
188
186
174
186
194
184
188
168
180
176
164
162
150
134
130
106
88
60
54
56
58
56
62
48
74
72
76
68
84
102
116
114
80
124
126
122
116
68
112
100
112
110
62
122
132
128
138
62
130
152
148
148
112
150
168
178
184
184
100
84
106
100
98
86
88
52
32
324
96
90
84
70
88
70
114
92
94
100
308
344
332
364
372
308
274
304
344
232
244
268
282
266
252
286
256
282
114
272
262
254
206
242
258
260
256
242
242
222
172
216
234
218
206
248
246
154
240
244
250
90
238
252
250
138
74
232
228
236
226
212
214
204
198
190
186
186
198
174
164
178
164
164
172
182
176
186
184
192
206
206
198
220
210
212
210
226
202
210
222
216
198
198
204
196
206
202
198
202
202
184
188
188
196
190
186
182
166
170
180
168
150
164
164
166
126
150
156
152
114
156
148
148
92
150
152
144
76
154
148
142
80
138
146
144
94
148
142
106
100
148
154
172
114
176
172
188
146
192
210
96
54
106
98
102
108
88
100
70
308
112
86
80
94
100
88
84
100
90
94
300
338
216
356
354
324
314
278
196
292
296
284
280
286
296
274
272
284
264
272
268
284
288
272
266
268
246
270
266
248
264
242
264
258
242
248
272
252
248
268
262
260
264
248
238
244
240
228
236
248
234
232
218
216
218
216
210
208
198
188
196
204
188
202
200
202
196
212
216
214
214
214
218
206
226
218
224
178
226
236
218
198
208
222
208
180
220
210
216
194
208
206
200
58
178
190
198
80
178
200
196
46
162
178
192
178
128
184
172
50
124
180
124
140
100
160
98
112
76
164
158
120
114
172
156
82
126
172
158
94
124
164
190
186
148
192
200
198
176
214
210
118
110
100
96
102
92
68
36
78
258
92
84
86
72
84
76
94
128
90
84
302
372
348
328
328
260
282
236
248
276
292
248
280
268
290
266
308
228
284
258
280
84
268
266
264
264
278
258
258
248
260
272
270
246
268
268
256
250
270
254
270
254
264
280
246
238
252
240
258
220
240
238
230
250
228
228
204
202
214
196
200
206
220
222
226
212
218
236
226
220
232
240
250
230
236
238
244
234
236
218
234
236
216
212
224
208
218
222
222
216
214
212
208
204
216
210
198
208
200
198
200
196
200
194
194
194
188
190
184
200
170
180
176
178
174
188
180
190
168
180
172
166
164
170
178
126
146
184
158
90
144
156
190
188
164
194
204
212
190
224
206
116
92
118
100
108
92
90
42
50
334
84
82
90
80
96
92
74
88
68
98
308
364
390
338
350
308
292
292
286
276
312
296
282
260
264
306
286
300
284
280
272
272
274
270
264
282
278
270
272
278
282
262
274
270
272
276
278
264
394
394
272
406
272
382
270
450
436
244
236
442
310
238
252
250
230
224
216
218
218
364
214
214
214
210
240
224
236
232
248
250
260
250
230
242
240
238
250
238
242
244
232
238
236
234
212
212
218
220
226
226
196
222
214
218
216
210
214
200
202
206
208
208
208
208
198
208
208
194
206
178
206
190
190
206
198
192
192
206
198
196
184
198
200
192
190
196
204
192
194
200
194
194
200
170
200
198
198
218
210
224
216
126
122
116
112
126
102
102
60
68
344
