510
508
510
508
222
176
240
264
282
280
318
310
370
62
70
80
80
72
62
68
54
54
60
54
60
54
52
74
58
62
58
56
64
92
48
86
78
60
70
40
58
78
100
52
58
98
118
48
54
122
124
92
104
106
106
108
104
92
112
92
112
134
120
118
132
126
130
134
146
108
242
170
128
178
152
172
160
152
182
146
168
200
172
140
182
178
156
234
214
202
232
206
184
242
252
244
260
246
260
230
278
270
292
310
298
300
308
324
328
300
324
344
326
316
376
438
510
510
510
510
510
510
510
510
496
406
442
440
478
442
442
458
446
458
450
490
498
470
478
494
496
506
510
510
510
510
510
510
240
228
224
234
222
224
224
258
314
452
410
430
440
510
510
510
508
258
180
272
266
302
290
310
298
370
46
58
48
56
54
36
38
30
50
64
62
50
52
48
106
64
66
62
56
62
50
68
40
80
78
68
56
84
102
56
64
60
60
64
110
100
80
118
94
116
102
110
102
110
102
118
114
132
124
128
166
126
118
146
126
126
150
222
154
156
164
158
172
138
150
162
146
158
188
174
184
162
162
174
238
238
238
218
190
210
226
222
230
240
210
222
230
270
304
284
306
314
296
282
336
320
336
334
336
336
330
386
508
510
510
510
510
510
510
510
510
510
510
510
510
510
510
510
510
452
468
446
482
498
496
490
478
498
500
510
510
510
510
510
510
208
220
220
222
206
242
234
268
272
486
424
424
408
510
510
510
506
198
222
190
302
300
270
252
266
304
50
60
52
62
50
30
50
14
66
62
36
48
54
46
78
56
42
48
48
64
72
46
104
68
52
52
72
68
66
48
46
70
54
108
80
94
90
108
104
96
100
96
80
118
88
122
138
126
136
126
120
104
108
162
146
144
150
156
130
134
158
138
180
152
144
180
128
168
186
156
164
170
170
154
190
200
212
156
214
194
204
220
242
262
232
252
230
272
272
304
308
318
298
264
346
340
302
336
322
330
324
368
510
510
510
510
510
510
510
510
508
506
508
510
510
508
510
510
510
426
440
442
502
490
496
492
492
494
496
510
510
510
510
510
510
230
248
204
246
220
224
250
226
296
490
430
446
396
510
510
510
508
168
116
148
178
104
282
272
270
276
78
48
30
48
62
34
40
62
60
30
50
66
46
70
74
56
52
84
56
66
64
72
50
52
58
60
54
80
90
92
98
112
74
108
98
72
110
90
118
104
104
100
94
92
92
102
124
124
128
140
120
124
136
138
150
130
150
114
150
174
156
170
160
168
116
136
160
154
162
152
172
178
150
126
234
208
182
202
206
220
250
268
274
250
234
248
210
302
302
286
322
302
300
300
298
326
340
276
312
330
310
358
510
510
510
510
510
510
510
510
406
194
510
508
218
504
366
510
508
418
452
466
490
502
484
500
496
498
498
510
510
510
510
510
510
266
230
242
230
270
194
226
210
270
434
434
424
434
508
510
510
510
236
100
110
46
168
76
164
348
246
36
54
10
40
30
38
56
62
54
56
50
82
66
62
58
62
50
58
40
70
72
56
46
72
50
52
74
52
94
92
64
76
88
90
78
84
92
90
76
98
74
98
86
112
100
100
126
130
122
134
114
110
130
160
132
134
146
122
144
132
250
156
144
164
162
108
164
152
172
228
166
156
164
146
178
210
218
204
190
216
238
290
214
238
254
244
212
292
308
276
296
316
296
298
332
288
326
318
326
324
354
358
274
202
494
508
508
508
506
508
506
508
506
296
504
444
508
510
508
444
468
452
498
498
494
488
486
494
494
510
510
510
510
510
508
336
220
240
214
256
182
210
230
272
410
418
402
438
510
510
510
506
144
106
60
102
72
138
148
64
184
132
42
38
38
58
64
36
66
70
52
48
62
78
54
84
62
46
72
66
80
54
96
72
72
58
58
132
82
78
78
68
68
72
100
82
64
68
64
92
98
82
90
44
118
112
110
116
114
126
118
134
118
126
126
134
136
124
138
396
196
256
240
234
334
204
358
136
180
162
154
156
168
182
158
192
178
210
196
202
188
270
278
206
230
256
270
230
300
288
296
286
332
314
300
326
316
326
330
332
334
298
398
368
378
380
388
350
294
294
210
150
134
192
500
510
508
508
510
408
472
448
472
498
482
494
498
504
492
490
510
510
510
510
510
510
416
234
230
220
220
210
210
206
266
404
420
430
418
508
510
510
510
120
104
28
120
62
70
44
128
78
148
248
32
34
32
40
54
40
64
88
56
56
72
72
70
94
52
68
64
52
62
62
80
66
70
62
74
98
64
76
72
64
84
100
96
92
110
116
74
100
104
94
94
84
76
102
128
106
122
108
118
102
104
124
142
140
134
290
258
100
296
190
196
112
214
190
180
92
324
144
208
174
150
176
186
234
214
206
202
210
248
274
244
234
230
246
238
280
306
314
300
312
292
320
310
312
336
318
328
320
310
362
362
378
368
368
352
388
418
360
402
390
432
398
382
416
340
280
312
450
448
428
490
496
496
498
498
496
496
510
510
510
500
510
504
466
222
220
210
228
242
192
246
268
398
406
438
410
510
510
510
506
96
92
86
100
42
98
58
78
114
50
66
294
88
52
56
56
60
66
72
72
74
96
66
68
72
58
72
70
90
64
62
68
82
78
82
84
76
100
112
80
68
96
88
88
116
108
102
86
108
120
100
92
94
82
74
92
120
148
134
122
94
120
116
130
130
144
232
168
128
294
290
298
208
228
248
266
344
274
284
254
276
308
142
232
212
204
222
222
212
214
258
234
284
236
258
242
276
310
320
294
280
316
312
328
334
304
348
356
352
316
364
336
312
346
354
390
384
396
396
418
412
402
412
400
466
452
470
476
418
450
462
506
500
500
498
504
502
492
510
510
510
502
502
498
492
230
218
222
242
260
220
262
274
390
410
424
396
510
510
510
506
80
80
106
94
72
84
70
100
34
104
66
180
82
266
32
70
68
82
92
84
80
104
110
100
106
106
104
94
94
88
98
66
88
98
96
96
114
90
108
104
174
118
160
104
120
114
106
116
116
126
138
96
122
112
110
128
124
118
124
146
136
118
126
136
342
368
410
374
320
406
270
250
192
144
186
182
212
258
230
264
224
206
152
310
158
118
308
178
144
184
238
224
222
224
224
188
176
204
202
212
196
210
222
200
250
182
174
184
182
174
198
246
220
218
314
322
330
336
350
358
320
328
382
426
406
430
412
392
414
424
392
360
384
380
398
354
290
268
248
206
214
180
164
196
124
244
268
218
258
214
248
224
280
396
430
396
400
510
510
510
508
82
84
88
48
76
84
50
72
92
104
88
128
124
120
236
220
228
240
256
274
266
280
282
268
290
282
264
284
290
284
266
268
268
282
278
264
290
278
264
262
260
278
272
260
276
268
286
264
276
276
274
272
262
266
286
266
258
254
228
276
282
256
260
254
266
152
212
120
226
250
256
192
238
270
212
260
184
392
146
186
274
126
290
178
184
240
148
92
122
140
146
144
162
174
238
234
168
196
108
132
174
128
206
128
120
162
146
186
112
164
184
198
150
178
172
246
198
150
162
140
176
164
122
124
156
182
238
198
234
300
354
254
238
246
268
262
232
238
246
240
232
238
248
214
238
246
216
260
246
240
234
202
266
366
396
412
402
510
510
510
506
72
78
70
64
54
36
64
56
74
22
108
36
120
118
276
130
276
260
272
284
284
286
290
278
304
286
316
296
294
294
288
278
274
288
300
500
474
468
212
276
264
296
254
280
288
270
290
280
286
286
278
260
272
278
264
270
300
270
262
276
280
276
280
280
346
400
232
196
150
322
450
338
204
220
184
200
206
182
168
212
234
204
154
134
196
168
266
162
138
164
192
172
208
190
196
230
144
252
162
210
146
134
182
174
192
134
150
120
144
122
152
164
158
176
232
168
160
148
156
122
190
112
156
202
146
150
154
224
226
216
214
192
226
246
290
334
244
248
268
252
224
226
228
256
272
256
236
262
228
248
230
254
266
356
426
402
410
510
510
510
506
76
60
76
40
64
90
62
16
8
94
66
96
124
148
128
208
246
324
272
274
266
280
270
284
292
276
288
310
276
274
286
282
268
286
500
500
508
352
482
198
186
254
270
284
278
296
268
280
284
288
272
290
278
270
230
208
230
206
182
248
258
288
248
246
224
170
200
160
188
198
254
208
190
170
134
164
126
234
156
160
148
248
114
270
200
138
186
210
142
146
160
226
294
254
202
186
262
236
140
178
184
212
266
230
174
276
180
200
266
264
276
338
300
284
264
294
384
288
354
366
262
362
244
224
142
154
168
162
166
150
176
174
140
124
176
252
232
278
328
280
250
224
232
242
254
262
246
244
220
246
234
212
248
298
398
404
404
510
510
510
508
72
74
28
64
76
74
28
94
90
60
14
116
92
58
86
338
398
430
316
232
248
286
264
270
278
290
278
270
276
268
276
272
274
314
98
190
96
510
236
316
248
148
210
142
224
146
192
156
250
210
208
164
208
226
206
206
226
168
164
222
234
120
188
180
150
142
120
230
180
290
168
252
134
308
228
222
262
274
338
296
298
280
268
280
240
342
276
268
300
376
194
386
354
308
336
308
342
214
366
220
322
286
276
310
318
230
366
302
342
288
250
238
260
290
238
244
242
216
232
254
350
312
220
272
386
176
248
234
246
254
192
214
194
222
158
174
118
116
194
228
186
246
280
186
248
238
214
238
260
228
222
236
252
226
398
414
432
510
510
510
510
72
32
58
46
64
28
74
98
14
14
62
76
80
146
358
394
438
404
408
324
258
136
244
278
258
272
272
272
288
274
272
282
282
274
156
374
258
264
236
200
230
134
224
226
250
132
330
292
318
354
342
334
370
268
306
300
302
260
298
158
290
312
288
292
318
278
322
280
242
274
246
268
242
280
318
232
264
308
190
228
266
278
238
272
336
190
128
228
260
274
284
330
252
226
242
340
288
240
244
320
244
326
278
296
302
234
208
188
292
236
288
296
300
234
284
316
288
260
288
300
236
256
320
328
260
196
252
162
244
216
272
308
232
210
180
192
148
168
186
172
156
140
182
184
190
156
220
250
228
252
230
190
216
354
390
384
396
510
510
510
506
64
74
56
66
54
58
38
54
44
68
20
94
78
148
384
432
386
428
364
346
404
276
218
126
300
242
256
270
236
280
278
224
282
228
208
280
178
334
332
332
342
328
190
388
310
350
324
334
366
308
374
310
392
362
348
278
342
272
340
342
386
306
324
318
224
272
188
258
264
208
190
224
302
242
248
196
212
214
216
172
254
236
220
126
280
276
284
278
294
302
174
182
268
294
230
268
338
306
258
178
216
298
268
288
252
290
276
278
274
322
260
314
196
280
216
252
296
320
284
270
364
194
362
260
224
246
164
222
212
262
198
170
226
152
140
218
226
202
178
302
304
264
160
158
108
198
292
306
194
214
220
218
242
240
454
406
386
510
510
510
492
38
60
286
248
86
10
48
34
56
32
66
80
114
62
146
434
442
466
470
460
462
424
384
418
410
370
322
382
388
226
146
274
342
304
346
388
340
412
424
354
190
314
240
382
418
420
368
386
342
344
306
320
362
422
396
380
386
330
374
300
220
268
302
256
252
226
212
236
250
246
264
224
206
220
278
218
226
240
262
300
288
238
242
264
282
254
260
256
238
242
240
298
302
320
242
230
330
234
264
212
298
290
274
270
260
258
222
196
260
306
266
248
298
316
308
322
292
274
288
258
364
334
224
296
252
242
256
304
158
146
182
146
198
168
130
194
210
170
236
226
266
216
166
170
354
356
246
258
226
160
226
204
234
234
422
414
414
510
510
510
476
74
426
334
140
120
62
72
110
58
54
36
94
84
118
254
374
332
506
506
506
508
472
498
376
404
482
504
392
458
336
298
362
444
418
246
402
456
342
284
410
452
400
348
390
392
348
402
414
388
398
358
324
264
384
298
418
284
302
204
228
220
216
208
170
220
188
188
258
158
210
248
228
230
264
290
168
216
268
194
182
210
274
266
210
200
236
262
198
168
174
180
240
242
230
302
280
242
246
252
254
312
202
190
302
284
274
350
170
268
318
176
154
198
212
222
256
296
162
202
122
180
218
262
356
172
218
194
212
220
152
56
90
120
84
144
132
130
98
176
184
180
194
192
500
78
98
440
190
166
344
320
222
240
248
408
430
412
510
510
510
472
132
74
66
32
26
18
30
48
60
76
60
106
58
74
316
248
396
462
156
360
102
200
454
464
506
382
506
508
506
506
498
506
328
474
500
504
436
338
380
258
248
320
140
194
224
206
276
314
366
228
172
122
186
250
336
230
246
226
314
132
154
252
306
172
90
178
230
158
206
216
184
182
130
170
120
226
156
114
190
178
162
172
300
224
252
172
214
148
242
252
182
232
184
256
230
232
200
226
186
270
120
212
234
268
274
262
278
244
264
276
136
174
110
150
156
212
158
212
182
210
284
248
264
244
130
270
152
108
38
36
28
62
88
82
80
92
98
116
114
120
114
150
190
484
60
36
242
174
322
272
268
192
316
264
410
404
392
510
510
510
448
276
202
186
88
44
34
36
34
90
70
32
86
102
296
260
278
98
402
368
266
348
316
392
238
264
502
508
372
104
396
400
374
386
192
264
312
192
152
296
220
304
190
174
180
234
306
320
348
320
260
190
246
204
294
340
340
114
158
296
136
182
170
230
248
274
170
162
194
148
174
176
136
130
300
138
196
104
156
140
190
188
260
216
144
182
192
226
204
224
48
130
292
266
210
212
232
188
180
146
284
174
278
138
210
242
282
102
184
186
140
174
218
178
184
166
176
180
156
226
230
244
208
106
130
152
154
98
36
64
60
56
78
116
92
102
36
122
52
98
84
150
108
72
372
308
368
288
112
230
292
310
158
130
238
432
374
384
510
510
510
398
144
54
76
78
44
56
54
60
82
50
62
96
74
230
280
288
302
374
172
380
318
390
130
432
354
108
288
232
296
306
164
222
270
254
320
344
336
308
370
220
158
310
230
260
162
240
220
308
358
268
196
224
186
270
150
142
194
226
236
210
220
194
272
152
280
190
270
150
130
230
164
222
280
174
88
134
148
212
250
138
144
142
114
232
108
138
188
258
174
168
158
182
154
180
240
188
286
228
240
138
152
214
238
280
204
184
310
214
164
200
148
132
228
268
162
138
156
176
152
258
208
152
214
116
136
116
72
96
76
82
66
248
34
26
42
110
126
56
68
92
88
100
88
110
122
60
48
60
142
142
214
324
344
86
394
394
386
510
510
510
384
112
138
78
46
42
22
16
56
52
18
34
88
38
144
316
316
264
366
376
356
324
508
470
184
426
356
308
272
288
302
196
306
248
334
326
316
164
294
298
242
268
218
142
138
264
302
282
166
128
194
314
264
164
314
226
232
224
234
194
240
158
182
202
174
170
126
186
190
112
136
144
208
238
110
228
162
222
208
142
162
226
180
156
224
160
156
158
220
248
198
132
168
234
256
184
196
186
176
206
206
176
226
218
224
198
190
172
244
210
194
206
112
202
134
102
122
204
260
156
262
158
208
142
46
78
106
144
80
70
80
76
226
48
46
94
88
150
76
62
72
132
38
62
52
36
42
126
228
176
102
36
138
158
104
394
392
422
510
510
510
374
122
90
110
138
102
200
360
74
44
468
118
110
166
106
234
212
96
362
246
134
322
334
352
280
370
278
312
298
286
288
240
290
270
102
242
264
304
230
298
246
238
166
202
188
232
204
132
204
302
320
234
162
204
196
246
246
196
174
208
274
200
172
252
216
162
190
178
194
168
248
214
180
160
182
132
196
216
198
238
250
190
168
170
182
180
146
126
152
216
136
186
202
174
134
200
190
176
164
218
178
158
216
150
186
136
102
186
234
138
190
184
112
162
112
184
114
124
102
154
214
232
234
122
84
76
102
98
66
54
86
86
212
40
28
58
98
122
192
138
60
114
112
82
138
126
120
108
132
68
90
60
174
150
152
314
378
420
510
510
510
344
106
140
64
36
78
64
38
40
56
26
60
258
272
62
178
226
332
198
342
326
264
306
76
108
336
206
238
326
272
178
200
204
230
190
250
118
276
214
278
344
294
238
200
170
94
210
220
228
236
178
268
320
186
224
188
190
150
200
190
260
142
202
204
262
244
166
234
182
210
144
136
156
142
162
142
120
248
172
190
194
118
184
166
154
144
132
210
218
176
144
156
170
156
200
206
194
150
178
220
170
166
112
186
124
204
118
128
176
210
164
192
154
186
166
164
194
178
212
232
240
170
202
86
54
64
106
88
62
46
66
66
144
56
32
36
98
62
134
166
150
176
116
110
134
92
94
132
104
114
116
86
120
108
134
190
382
418
510
510
510
316
102
254
270
412
300
288
274
62
180
226
216
100
110
132
218
252
134
262
282
322
270
386
344
384
356
286
258
190
280
276
204
70
262
240
336
84
336
268
222
260
248
310
280
200
182
234
282
252
236
276
264
178
256
192
280
212
186
210
268
182
238
304
262
304
210
188
220
224
148
218
138
226
284
144
134
170
230
196
108
134
90
172
188
128
138
98
152
144
138
132
140
158
168
172
238
200
174
208
192
166
146
96
172
114
214
156
172
194
196
144
168
122
172
226
112
188
216
290
162
262
228
164
122
64
108
116
52
48
44
36
42
110
26
56
20
74
98
120
84
132
148
134
156
78
94
88
74
114
58
74
86
90
82
326
296
354
396
510
510
510
292
162
392
216
72
98
98
54
26
64
104
98
98
10
166
226
244
44
272
268
178
340
368
180
352
80
276
334
244
248
72
198
230
166
164
238
298
208
252
154
108
284
310
270
230
238
146
164
230
196
238
214
202
186
244
278
184
188
248
252
242
284
258
304
248
160
238
170
154
218
172
146
174
128
162
168
164
156
152
154
100
108
128
192
140
62
136
164
136
144
128
130
188
180
156
178
178
182
182
112
180
154
152
214
176
142
160
186
192
152
210
154
212
188
106
216
242
154
214
290
200
212
184
124
72
72
54
60
64
46
44
34
138
44
12
36
82
100
86
80
148
98
188
22
88
60
80
104
102
160
226
254
318
304
398
108
364
366
510
510
510
230
86
76
36
14
40
40
48
50
4
60
32
114
150
128
202
184
226
268
292
258
304
300
230
254
276
300
296
264
170
220
42
236
110
162
226
262
134
206
124
312
252
230
246
192
224
258
256
236
260
194
196
218
298
222
234
210
214
260
260
262
228
348
306
304
228
260
200
182
136
130
130
172
210
218
196
132
176
160
188
150
174
152
110
170
170
160
120
160
150
194
178
128
154
158
110
158
156
164
120
134
104
116
198
164
88
152
226
222
146
194
184
286
216
132
180
214
220
206
284
226
256
166
122
110
78
96
80
44
96
32
68
70
30
42
42
52
18
86
50
118
74
2
34
62
36
168
54
278
354
146
246
122
118
106
92
330
360
510
510
510
184
58
56
12
42
32
36
58
112
62
42
68
50
76
74
84
196
260
164
102
200
254
212
198
220
132
112
134
186
218
216
228
198
210
174
226
160
234
160
224
238
184
266
254
142
194
262
200
252
116
312
276
276
178
200
236
280
222
270
302
294
306
250
290
276
212
212
252
218
222
182
206
142
272
238
190
244
128
164
134
160
228
156
146
168
104
98
186
160
106
100
118
148
132
162
100
170
174
174
170
138
90
152
100
180
214
146
200
110
100
144
222
188
198
230
176
166
226
238
226
212
186
120
134
114
76
88
74
44
48
30
28
78
30
70
26
36
18
36
36
32
52
48
34
36
138
304
192
182
166
168
130
120
104
58
136
322
350
510
510
510
176
66
86
94
64
74
298
34
54
70
24
54
40
76
100
136
214
146
202
204
166
124
150
152
92
132
124
112
116
124
140
146
134
154
132
156
140
188
202
224
202
184
228
252
226
258
152
184
228
208
254
308
292
268
274
198
216
260
254
248
286
278
258
248
232
234
218
172
112
148
186
204
138
218
112
180
170
142
120
114
166
170
166
130
144
136
136
176
116
166
152
138
156
188
162
156
168
178
176
128
192
186
186
136
142
172
154
132
188
132
176
238
212
158
164
224
242
192
232
210
194
180
102
136
54
52
48
66
76
48
36
26
52
46
14
26
74
42
50
32
82
80
30
38
134
294
276
168
142
180
132
94
74
74
74
74
328
374
510
510
510
132
42
66
4
12
82
32
64
16
38
4
48
102
34
72
48
126
142
168
94
162
132
144
104
50
12
20
28
32
32
26
20
4
16
32
60
90
116
138
158
184
212
194
228
248
256
224
192
212
256
308
288
278
242
304
250
210
264
206
262
212
200
220
230
200
166
234
154
92
228
168
152
132
134
158
202
172
126
190
188
128
138
160
138
200
146
104
158
158
152
194
128
168
116
124
154
166
192
122
106
132
210
182
108
168
198
196
176
158
142
106
196
170
146
148
164
114
144
116
218
214
162
90
84
70
58
74
40
56
40
38
40
40
42
70
56
24
54
20
28
28
30
20
72
128
148
144
130
56
34
24
26
36
62
46
66
272
328
510
510
510
148
72
298
124
58
40
26
52
4
48
44
26
66
68
132
94
40
92
44
92
72
20
28
38
32
24
16
24
24
28
6
24
6
20
2
6
42
74
140
184
156
188
214
212
182
228
248
246
220
268
308
266
244
242
274
258
250
218
220
226
194
48
140
152
138
146
156
136
114
100
154
110
124
140
88
94
176
150
144
180
158
152
200
174
150
202
186
146
168
116
220
130
152
134
160
204
186
138
130
206
166
122
122
156
154
208
38
70
30
26
38
32
48
18
80
52
100
116
138
200
104
118
46
38
36
42
54
48
148
44
26
22
32
64
22
94
58
100
20
42
54
80
78
90
12
64
48
64
18
50
36
36
56
44
48
48
314
322
510
510
456
96
52
52
28
60
14
30
52
26
30
48
72
42
82
124
56
40
80
50
78
10
44
32
28
22
26
44
18
26
40
32
54
28
36
16
34
34
52
76
94
148
134
190
254
302
274
262
226
258
256
238
252
278
188
242
180
200
130
104
154
192
174
200
202
160
148
156
134
144
120
150
138
164
98
130
158
156
134
148
188
248
210
218
194
162
232
216
190
132
154
138
172
176
178
168
194
156
198
140
162
158
146
168
174
108
146
120
12
82
40
28
14
12
12
6
24
42
68
46
64
88
70
94
110
98
116
162
126
30
58
30
18
16
34
20
12
6
18
26
68
58
56
78
68
60
30
4
20
38
32
28
38
30
48
62
38
332
330
510
510
504
94
42
22
70
34
68
18
24
62
50
30
82
66
132
36
102
96
28
32
16
22
30
36
34
58
68
58
84
72
82
76
56
58
88
164
88
84
166
82
78
72
80
100
142
244
232
266
288
298
280
238
252
216
198
192
202
182
202
170
190
208
214
212
184
186
172
200
142
162
124
160
148
152
128
172
158
166
204
220
148
234
206
160
134
174
200
176
214
162
144
172
128
142
122
176
96
126
180
138
142
182
108
146
164
148
126
88
84
16
2
24
54
12
18
14
28
12
10
26
46
18
20
44
28
66
64
114
84
48
50
24
16
12
8
14
12
12
14
18
18
30
36
10
22
32
18
24
2
30
32
70
40
54
46
36
44
306
306
510
510
310
76
18
36
42
12
46
26
32
44
52
76
58
132
90
98
96
30
36
26
40
58
110
128
136
142
146
148
158
136
138
142
134
138
134
22
40
38
6
50
66
84
50
72
92
90
170
278
272
238
212
212
160
162
158
168
170
154
160
142
186
162
200
184
192
166
168
158
116
94
124
96
132
128
132
156
174
198
230
156
164
206
210
144
168
210
180
156
146
154
156
150
160
144
124
128
132
148
146
178
166
172
148
132
132
114
126
92
76
20
12
30
22
34
16
8
10
12
6
18
14
28
10
46
36
26
102
80
54
44
26
32
16
10
16
12
12
16
10
20
12
12
34
10
10
10
4
10
20
2
14
40
26
40
22
26
26
320
314
510
510
304
66
48
54
58
30
36
8
40
18
56
88
86
78
90
82
40
38
60
106
144
170
168
176
188
164
176
182
176
180
184
176
166
154
94
68
44
94
42
82
46
42
44
40
46
68
72
186
148
188
156
126
130
132
116
158
122
122
130
126
96
142
150
136
124
118
122
146
92
108
112
126
106
96
102
120
124
140
128
138
152
226
226
214
162
158
136
164
122
130
158
150
182
156
138
128
140
146
154
150
148
180
160
196
146
112
134
136
104
90
12
16
8
6
14
10
4
24
24
8
16
30
16
58
26
112
110
78
74
56
36
76
18
26
12
12
16
34
10
16
4
8
10
16
4
4
6
18
34
36
40
48
40
40
48
38
44
294
342
510
510
232
62
40
46
38
42
46
44
68
90
60
50
92
34
74
38
38
102
134
190
204
198
202
202
196
224
212
192
186
192
196
190
184
170
100
150
138
26
66
32
66
6
50
74
80
54
76
76
80
84
66
48
104
116
90
112
88
72
100
98
128
96
94
104
124
108
94
198
114
114
104
92
108
104
120
168
234
258
198
148
156
222
212
158
100
130
68
96
126
114
124
148
132
182
146
128
152
138
126
180
140
146
162
122
136
110
120
108
114
112
12
6
8
22
4
16
28
6
24
8
36
26
34
50
54
78
76
64
64
66
82
56
20
16
16
4
18
14
30
6
4
14
2
4
6
10
16
6
24
32
22
42
48
50
68
66
14
340
382
510
510
502
68
30
46
42
48
38
58
76
102
72
50
74
24
34
72
138
180
200
214
208
226
220
220
220
222
216
204
210
202
200
204
216
258
108
88
266
76
50
46
78
76
80
80
84
92
86
98
46
40
12
12
34
26
22
44
34
40
58
98
116
92
102
98
106
98
184
206
220
204
180
186
170
114
130
136
166
124
122
158
104
110
194
136
94
52
76
102
164
148
172
94
118
110
108
120
136
128
136
116
140
118
108
138
132
106
110
106
126
128
74
72
8
24
14
10
18
12
8
20
26
30
90
126
108
98
78
58
36
4
18
18
12
22
8
20
16
14
14
8
8
14
20
22
6
12
26
38
36
10
36
50
60
64
54
50
30
330
330
510
510
440
66
50
112
64
164
92
26
52
84
52
22
38
62
128
180
210
212
214
230
236
200
214
222
214
220
194
240
216
220
220
234
216
138
112
76
126
112
86
88
196
114
74
96
104
42
46
34
42
28
40
42
12
42
22
26
48
30
52
12
12
38
12
30
28
28
12
22
26
28
26
12
38
10
16
38
36
54
76
100
104
104
150
98
104
52
62
68
72
76
102
110
72
44
96
58
56
102
72
102
106
138
112
98
106
94
88
64
56
56
102
82
92
74
60
18
10
46
78
74
74
56
78
118
32
16
8
16
16
4
16
16
8
6
8
14
6
4
8
30
24
8
38
8
34
14
12
26
34
40
64
50
42
58
40
40
34
338
354
484
502
506
66
52
38
64
84
134
80
80
40
54
68
130
194
200
218
200
230
238
230
236
232
234
234
228
244
244
218
240
250
230
244
206
156
124
122
88
104
94
100
96
38
46
50
38
66
32
50
44
32
56
28
30
32
54
28
56
26
48
44
26
46
22
38
22
24
20
16
6
18
26
22
24
38
14
30
20
40
42
86
80
82
86
44
88
104
78
96
106
114
84
126
104
78
94
74
84
104
102
94
86
100
90
112
84
100
100
84
100
94
104
90
94
86
62
70
56
34
12
10
10
16
16
14
16
8
26
18
12
8
20
2
18
26
12
4
16
6
30
28
14
36
38
20
42
50
34
32
22
36
32
34
56
66
66
42
50
312
330
496
500
378
50
42
84
56
30
92
10
16
46
106
168
204
212
218
230
246
254
230
256
234
244
234
236
222
232
224
228
248
222
198
220
214
198
140
122
92
46
42
44
50
58
92
68
66
56
68
58
74
58
80
72
68
74
60
82
60
56
60
52
68
38
36
74
34
56
28
46
8
46
10
14
12
24
10
10
18
30
12
22
28
14
44
12
8
30
30
28
12
22
16
10
34
66
98
116
120
70
124
98
114
122
94
114
96
106
88
80
10
18
18
24
18
16
8
18
12
42
22
16
8
10
8
4
36
12
8
8
26
18
4
6
24
18
8
8
8
24
18
42
20
16
26
58
24
48
24
26
6
40
24
48
60
68
70
62
86
330
354
500
476
438
102
18
32
92
46
34
56
132
176
222
246
226
234
246
260
264
280
252
248
250
246
242
244
240
234
264
252
232
248
242
252
250
248
226
174
178
184
204
206
202
200
194
184
202
170
168
162
146
144
160
154
140
130
148
142
140
122
98
110
108
98
84
92
74
50
54
46
50
22
32
42
14
4
22
24
4
38
8
4
26
18
30
32
18
26
18
28
4
24
6
10
22
20
44
24
12
12
20
24
30
26
16
16
20
20
26
18
10
16
24
12
26
18
6
20
10
12
18
10
12
20
12
48
10
16
24
6
28
8
14
6
24
16
30
22
54
26
36
14
50
54
28
50
26
42
54
30
52
30
52
56
66
86
50
62
76
264
326
470
470
470
108
56
40
80
112
154
194
208
364
354
352
350
360
346
344
342
332
340
346
336
340
332
344
336
314
324
324
324
274
314
330
344
324
330
336
328
338
330
302
326
314
326
320
328
318
312
292
294
292
296
306
296
284
300
280
272
284
266
252
286
256
256
250
216
218
208
200
196
156
120
130
96
92
72
76
24
10
26
52
48
32
22
38
32
38
40
50
44
36
46
36
10
46
50
30
54
62
44
10
46
10
64
74
24
28
64
44
28
36
32
24
6
4
14
10
8
10
10
24
30
48
42
44
42
68
58
34
26
34
44
64
84
88
62
60
92
78
94
130
126
148
162
136
120
104
152
168
62
48
72
58
88
76
72
88
88
180
330
494
490
468
88
106
136
194
232
226
238
226
356
356
346
374
360
348
342
276
346
340
354
354
352
330
334
346
326
334
338
326
270
346
328
350
332
210
324
340
320
324
302
344
322
346
332
292
302
326
320
320
312
316
328
326
316
320
314
282
298
292
304
268
282
294
290
272
278
252
252
234
220
202
152
148
122
106
112
68
54
66
68
20
28
48
60
94
2
32
56
60
68
52
18
42
26
58
54
52
44
46
30
74
60
42
44
44
50
26
42
12
50
46
54
36
50
30
22
34
16
22
38
54
42
64
46
46
68
82
60
38
62
56
84
78
34
56
80
106
116
66
152
220
172
190
172
228
166
202
192
84
94
62
48
100
86
112
116
130
158
338
478
488
478
108
130
162
222
230
248
228
250
372
384
352
334
348
354
348
354
352
356
352
336
350
346
308
342
326
348
330
332
290
302
354
344
346
238
358
352
338
338
300
242
340
338
344
318
308
306
332
324
316
268
326
312
334
334
290
314
316
300
290
310
220
288
306
308
296
136
282
264
128
222
126
198
164
130
138
112
100
56
74
70
70
50
26
62
56
64
80
48
40
78
70
62
78
30
64
68
48
78
56
42
38
74
34
66
80
16
66
66
54
56
54
52
32
62
56
62
32
68
40
36
44
38
22
46
74
44
32
14
34
74
94
112
44
94
104
126
158
124
222
234
284
204
242
228
152
290
204
80
92
98
98
120
122
120
126
124
176
332
450
470
458
106
126
150
206
244
228
228
244
348
316
356
314
338
340
352
352
362
312
344
354
354
346
286
356
348
350
356
338
288
356
352
360
344
224
348
352
358
340
324
314
332
334
328
320
262
342
328
338
338
188
330
306
336
338
248
312
318
314
338
288
236
304
290
292
276
148
250
296
274
220
168
216
210
194
114
120
128
124
102
104
86
46
70
72
82
56
66
100
90
90
108
72
94
108
88
86
64
82
76
76
72
28
82
86
52
54
52
54
68
44
50
38
46
68
50
38
38
26
36
44
66
38
52
46
40
60
52
26
46
52
52
74
46
54
50
110
102
110
102
120
158
138
96
116
112
128
124
108
116
120
108
120
106
110
136
132
202
328
440
498
508
104
136
148
212
224
236
234
240
354
358
348
370
366
354
368
352
366
352
356
346
376
358
356
370
352
356
270
342
352
204
316
350
372
360
342
354
336
346
338
328
342
352
338
346
344
342
340
364
344
362
368
348
350
354
344
336
322
326
338
322
334
194
316
310
304
284
320
306
300
286
306
292
260
208
226
222
198
188
168
168
170
146
180
134
128
156
142
158
162
162
150
162
152
150
162
146
140
150
160
164
100
146
128
132
84
132
104
126
112
120
112
114
124
126
138
142
130
130
100
132
136
118
138
130
132
128
126
138
164
168
192
162
174
188
222
234
242
260
268
306
312
278
304
332
328
310
316
114
98
104
120
124
134
116
136
162
218
358
458
506
510
108
136
150
202
214
238
224
242
340
366
372
350
368
358
366
344
358
348
366
198
306
348
354
318
346
354
262
224
338
360
334
266
368
360
350
182
348
348
358
190
342
358
338
230
326
338
322
326
356
352
334
330
356
346
124
222
328
310
284
330
322
216
298
288
302
290
156
344
308
330
202
304
314
270
254
276
252
234
130
232
208
194
138
228
208
218
62
198
158
170
118
176
174
188
80
200
166
86
186
212
102
134
184
200
122
200
206
172
160
120
196
180
160
82
184
162
150
188
192
166
170
188
162
144
186
188
230
168
166
166
190
214
188
196
256
238
234
294
288
304
178
302
328
364
158
366
342
112
138
132
134
142
160
134
138
136
224
346
