196
206
202
208
220
230
222
226
212
222
232
234
222
230
216
208
226
220
234
236
232
228
232
228
238
252
238
218
234
258
242
210
206
218
202
224
204
208
194
202
238
248
190
242
244
230
196
214
236
190
234
224
230
216
212
228
220
228
214
230
210
208
212
202
242
244
230
238
244
246
230
242
224
242
216
256
208
256
262
256
260
238
240
266
268
236
218
250
250
236
206
240
250
246
256
252
244
266
248
254
228
248
256
246
234
250
240
228
248
218
194
232
206
184
210
220
208
192
260
204
212
510
510
510
510
510
510
182
510
510
510
510
510
510
510
510
424
510
510
510
292
322
370
418
392
456
408
406
410
424
422
440
448
474
476
494
500
500
494
480
252
210
232
204
196
164
218
214
226
228
234
256
216
240
248
234
222
232
226
226
234
236
238
234
220
242
246
220
230
240
222
232
206
206
210
210
238
192
198
208
218
180
214
236
216
200
222
234
208
218
220
254
220
226
246
202
216
230
240
224
220
214
210
234
218
216
248
228
226
230
232
220
252
240
228
236
202
224
242
222
220
250
202
216
216
236
254
240
214
258
252
230
220
220
234
228
280
250
236
240
226
260
270
256
256
230
248
268
244
226
248
200
194
214
220
232
200
228
212
238
252
224
510
510
506
510
510
510
508
508
510
510
508
510
510
510
510
510
510
510
510
422
268
252
258
272
268
260
260
296
258
264
266
270
256
260
272
242
260
236
256
244
216
198
196
140
26
84
26
84
74
216
242
234
226
240
230
218
236
228
256
226
232
246
234
238
216
268
224
220
246
218
220
236
204
218
198
222
214
190
228
244
200
214
224
210
208
190
220
208
216
248
214
222
232
232
242
246
222
226
234
214
212
242
216
238
218
208
236
214
230
224
208
226
228
242
228
232
230
218
196
184
200
168
208
202
224
232
224
240
208
240
250
230
242
228
244
246
248
252
254
270
240
242
254
246
256
262
250
266
256
254
228
242
200
232
246
240
248
246
262
240
190
508
506
506
510
510
508
508
508
508
510
508
508
508
510
508
508
510
510
510
508
284
252
248
274
280
274
256
282
260
258
264
260
262
262
256
252
244
238
226
226
206
206
202
128
86
74
70
48
72
62
102
224
220
216
224
204
208
226
226
238
254
228
250
236
226
224
236
234
230
250
214
248
234
232
232
228
238
224
238
198
212
224
214
216
206
200
190
238
238
228
214
230
242
248
262
248
248
244
216
218
224
238
212
228
216
206
210
202
212
228
216
194
234
226
192
210
202
250
210
188
224
198
194
196
242
224
212
198
204
246
252
196
252
218
232
226
244
238
250
242
258
244
256
228
256
262
260
240
240
264
264
238
262
252
230
222
244
216
238
288
256
240
222
226
224
180
204
206
190
220
210
218
220
208
200
198
196
212
206
210
238
262
250
280
262
260
260
260
244
246
258
244
264
256
220
228
250
230
226
222
212
216
206
214
116
80
56
18
60
64
32
64
56
114
202
206
226
220
206
234
202
220
236
246
228
214
226
222
200
240
248
218
214
210
200
262
208
202
200
218
202
216
218
240
224
216
232
214
204
226
208
224
230
252
212
232
246
250
246
254
218
214
228
264
218
240
216
220
204
200
218
180
184
198
184
142
158
66
122
24
86
88
106
200
192
216
224
242
204
200
252
232
212
228
232
254
226
248
248
252
250
238
238
188
232
242
222
254
272
248
256
264
244
236
242
260
250
254
280
280
240
280
292
258
258
264
220
268
268
266
244
248
252
266
250
252
266
256
276
264
274
272
256
268
268
260
280
278
282
238
254
236
252
234
264
238
254
222
238
226
202
218
212
220
190
102
70
32
16
50
6
48
20
62
32
82
68
248
220
218
222
216
208
200
252
220
234
224
230
238
238
228
254
220
240
242
232
220
212
234
222
216
230
232
218
192
218
198
206
218
212
210
228
212
218
224
234
236
238
220
230
232
216
250
244
236
242
250
234
222
224
224
180
180
170
140
108
120
80
48
76
76
56
84
54
60
36
16
186
184
200
236
172
218
220
226
236
236
248
236
228
218
250
220
246
212
230
246
238
258
236
216
242
268
286
226
246
258
262
266
248
254
266
254
272
258
256
264
266
252
262
252
260
246
250
238
250
270
266
238
288
266
272
270
248
278
280
278
270
254
250
248
250
254
258
264
228
236
250
226
228
218
216
232
220
212
106
88
4
36
22
34
32
40
54
46
32
88
110
218
212
200
218
236
232
230
238
234
232
198
204
244
230
264
220
254
234
236
244
228
190
228
210
232
208
244
218
206
198
218
198
208
230
216
220
226
210
218
228
224
250
234
228
232
236
226
244
240
242
220
218
208
204
186
78
92
24
14
14
30
18
40
24
30
46
40
50
36
62
42
48
12
30
224
224
206
220
208
214
220
202
234
230
226
234
242
232
264
220
238
224
232
232
196
214
244
230
246
246
258
256
236
264
224
238
242
266
244
216
250
262
256
252
248
246
230
232
228
252
270
242
292
254
266
212
278
266
246
272
262
248
270
252
256
268
244
258
242
230
262
228
234
216
222
220
212
216
152
102
50
38
38
20
40
30
26
18
46
82
72
60
132
220
218
212
212
224
230
238
228
230
220
218
236
232
214
236
226
226
224
214
240
208
230
218
222
238
212
210
236
236
220
210
228
172
210
236
220
224
214
220
232
224
238
220
214
246
234
214
214
242
212
218
184
178
144
106
42
40
8
8
30
8
22
14
34
24
26
18
16
26
14
16
30
26
20
18
20
24
26
46
28
42
42
26
40
36
30
38
42
32
40
32
70
26
30
68
20
100
48
36
110
72
72
138
184
238
170
242
120
54
118
190
134
172
148
104
160
148
150
252
230
260
258
260
266
260
240
264
270
270
260
242
256
234
238
250
240
234
234
226
252
216
220
224
212
204
192
180
82
48
58
40
14
14
16
28
36
0
30
48
54
58
90
208
216
144
224
216
220
230
226
220
246
234
228
242
238
242
228
216
206
222
192
230
216
224
212
214
216
220
246
214
228
216
216
216
226
216
210
202
236
236
238
224
234
226
208
218
214
236
222
178
182
178
38
44
30
16
22
2
0
12
4
10
20
22
22
8
32
58
60
28
148
74
100
56
54
70
112
80
50
58
268
158
46
158
104
90
234
90
128
248
124
58
140
180
64
184
236
94
94
56
78
116
162
104
66
150
64
66
54
56
116
116
106
66
56
54
120
78
170
216
58
58
56
116
208
222
214
242
244
240
246
254
242
232
256
246
250
226
230
236
232
238
194
228
216
200
182
98
12
32
34
32
28
42
26
0
36
50
40
8
40
72
102
198
218
212
208
214
206
224
210
234
256
244
244
232
248
232
234
236
226
222
208
118
60
20
226
218
194
208
234
216
210
212
204
214
228
238
214
234
236
230
208
198
198
200
210
214
226
186
188
184
32
14
4
18
14
6
16
24
12
44
30
38
114
332
230
124
124
96
66
206
108
170
130
166
250
120
154
6
234
300
216
118
290
66
258
200
50
88
84
234
252
278
286
72
78
128
112
86
112
220
298
204
264
244
120
270
172
70
110
156
244
94
194
102
74
208
266
76
12
20
28
28
42
46
62
70
94
206
214
248
228
246
254
254
228
232
232
228
228
228
236
218
212
218
194
198
106
54
44
12
24
22
4
26
26
14
10
14
28
30
56
70
78
124
198
220
198
206
210
220
220
228
218
238
244
230
250
244
226
222
160
8
20
24
46
64
58
206
224
202
218
202
206
196
204
214
210
232
202
188
108
66
68
74
72
72
84
120
46
44
74
126
60
186
60
24
236
234
66
138
136
294
208
86
236
202
152
366
26
310
168
146
24
208
76
188
174
222
190
188
100
214
186
206
100
148
250
98
244
320
152
136
254
168
196
230
180
226
222
146
290
92
196
164
82
162
146
184
320
224
80
140
314
320
146
160
52
66
26
46
32
32
22
10
20
26
24
44
50
50
58
84
242
242
226
244
226
236
248
228
216
218
202
212
198
214
196
90
48
62
4
26
18
32
34
6
36
48
8
30
52
36
48
76
18
116
178
222
214
220
210
200
230
218
240
228
242
226
242
214
118
74
36
52
58
6
60
34
32
26
28
32
22
50
62
38
118
58
180
192
50
98
304
48
234
100
158
90
260
76
220
70
104
72
42
244
54
234
8
110
234
208
200
30
334
114
208
116
186
288
198
330
86
216
180
128
192
118
260
294
380
302
338
196
96
172
168
220
138
358
134
140
174
224
226
208
180
356
186
290
344
158
318
294
460
218
290
312
164
158
138
308
172
130
382
308
210
70
56
50
58
48
56
22
44
26
24
28
22
18
20
16
62
80
50
134
218
212
210
222
204
208
218
208
200
224
218
186
86
10
52
44
34
24
8
10
46
68
24
32
24
34
12
40
38
12
68
64
14
182
202
216
218
222
244
220
224
226
222
204
214
130
2
10
22
4
36
0
16
26
8
48
110
18
64
14
100
58
66
78
162
68
40
250
84
90
104
20
156
120
44
236
200
122
94
214
18
128
110
310
296
192
326
366
206
204
268
162
124
206
228
230
180
106
322
190
48
230
240
144
30
120
166
202
348
138
234
162
230
270
312
228
256
246
124
322
334
356
218
422
274
408
490
362
360
278
176
192
390
156
218
340
386
250
152
302
106
212
64
68
26
32
36
32
42
30
32
42
26
32
52
30
16
34
80
42
32
42
172
242
220
210
226
212
202
214
216
212
210
72
70
6
46
30
20
28
28
14
0
38
30
8
28
20
38
24
64
86
10
66
50
48
184
220
220
212
214
208
224
208
194
158
160
32
16
12
34
84
44
54
54
44
172
114
86
58
276
120
164
190
16
114
244
94
286
182
162
312
210
272
286
128
264
352
224
250
206
310
138
202
144
222
32
284
346
186
278
362
194
172
268
248
194
122
220
224
238
264
330
220
322
264
200
314
170
182
188
224
408
286
222
178
274
382
270
326
368
210
220
174
198
428
218
354
252
270
140
270
128
32
258
180
146
166
302
206
236
140
116
62
30
56
48
80
44
68
24
44
72
30
52
76
86
54
36
16
16
30
26
32
34
188
210
216
200
218
218
226
190
226
70
96
36
38
16
28
2
12
18
8
2
0
26
6
34
2
42
16
116
126
60
34
40
4
10
16
40
44
52
14
58
12
72
48
60
56
60
172
90
264
32
228
30
136
30
122
244
88
308
48
292
196
236
152
340
248
202
192
28
266
152
208
234
360
116
270
206
184
200
198
274
220
324
268
200
322
366
26
232
112
258
24
192
192
244
308
190
198
218
182
166
272
206
282
220
308
248
180
244
60
174
248
212
268
220
294
332
280
30
336
212
268
336
348
222
260
236
234
240
160
110
426
170
276
196
196
152
98
74
102
38
46
102
76
98
32
62
62
54
120
160
104
182
132
80
80
180
264
154
56
10
28
26
206
214
222
198
208
222
232
222
166
90
46
20
10
10
32
0
18
14
10
12
34
14
62
104
118
168
44
8
4
138
106
122
148
82
184
202
80
128
222
290
6
174
78
204
196
116
48
312
218
18
68
200
204
296
100
58
220
274
302
106
180
204
24
176
322
180
206
238
262
234
202
46
28
254
156
172
254
26
234
184
180
284
316
152
212
246
280
218
216
230
228
240
122
182
246
190
242
336
278
252
156
158
224
326
248
146
276
210
218
270
246
210
270
366
334
280
134
290
200
268
168
140
328
224
264
170
260
168
180
218
306
88
92
54
110
110
134
28
74
134
82
80
54
50
50
46
56
54
68
76
74
90
106
352
238
22
18
276
16
12
54
42
228
210
212
226
214
194
182
204
36
30
34
52
6
46
6
10
34
32
6
20
26
12
74
142
82
120
138
30
202
94
46
104
86
196
8
190
32
272
38
296
176
86
16
188
220
240
36
314
194
188
264
50
62
218
322
236
102
96
112
182
278
210
288
188
198
134
144
202
284
162
274
184
136
128
152
188
302
178
198
162
156
212
106
236
238
162
198
194
186
252
28
290
168
158
158
190
142
246
226
148
318
234
232
118
290
126
214
256
228
230
260
240
314
242
210
154
346
186
206
220
156
228
142
226
222
90
96
60
124
214
78
184
150
114
320
58
52
156
132
122
160
162
82
62
44
38
88
82
44
100
140
82
282
330
14
270
142
34
24
20
32
46
208
206
228
220
216
206
182
34
0
10
10
0
0
4
2
30
32
26
30
2
8
230
128
84
104
128
22
66
146
146
18
98
218
278
234
90
228
228
36
246
274
252
270
244
270
84
266
262
204
176
146
238
272
220
164
218
228
296
134
116
186
242
184
156
192
256
196
142
158
200
262
100
92
196
188
86
168
218
222
128
150
180
162
232
236
158
204
192
236
322
284
156
144
134
248
246
232
256
312
242
220
190
248
274
244
248
312
294
230
238
276
280
298
150
250
214
194
258
150
310
346
248
202
184
172
218
262
78
242
48
230
82
100
148
90
58
82
114
150
200
114
120
94
72
60
72
108
42
104
64
48
210
228
180
96
54
106
96
68
66
66
188
140
212
210
210
226
180
62
24
10
0
2
2
0
4
0
0
6
36
50
112
148
38
116
86
198
196
28
198
112
148
210
34
22
22
258
224
230
224
210
240
134
272
20
232
320
38
36
254
224
210
244
146
264
208
196
232
202
154
200
162
244
148
290
172
130
222
170
348
192
264
222
154
220
152
158
266
278
166
176
174
98
88
260
252
194
168
202
252
162
184
224
204
234
344
226
162
206
182
298
288
200
90
152
252
304
192
130
152
178
196
160
184
192
142
254
174
182
262
278
150
214
126
264
234
132
172
260
154
128
72
126
164
112
58
90
134
92
52
64
136
148
128
80
126
104
94
118
156
164
156
36
46
158
52
218
42
42
54
96
188
198
148
224
196
216
220
198
136
34
46
10
6
0
12
4
6
2
26
12
54
98
184
218
120
166
258
4
214
174
20
176
86
158
198
192
28
170
286
24
258
152
32
236
176
188
234
240
50
252
188
232
202
248
154
216
182
226
110
272
136
264
152
220
174
256
22
256
230
64
164
236
236
204
84
132
202
136
284
244
292
276
284
258
180
200
158
178
194
226
160
132
156
216
180
146
140
174
136
108
154
112
240
202
208
260
230
218
242
272
278
214
188
138
154
94
112
186
262
98
138
198
236
282
252
226
266
138
182
100
142
90
160
66
122
56
136
66
118
126
170
122
210
112
118
82
122
94
116
82
186
142
246
236
224
188
228
108
78
162
194
196
192
182
206
208
214
212
198
60
2
10
64
18
0
32
30
26
28
32
24
70
30
168
18
142
180
202
200
176
224
82
228
22
224
114
218
208
228
146
40
260
238
248
48
232
196
180
172
272
226
170
226
230
124
186
154
206
240
106
288
202
212
238
174
154
150
120
220
166
152
144
138
154
186
122
124
90
198
76
78
78
164
154
188
172
176
188
316
214
238
184
268
142
270
168
252
206
236
230
176
202
114
298
206
172
106
86
210
162
206
178
216
214
104
170
144
256
166
156
166
298
212
128
134
162
60
210
122
164
200
180
146
102
136
76
56
76
54
104
116
108
100
100
114
106
74
74
112
70
104
96
192
202
200
200
110
46
86
132
126
106
134
154
192
220
216
210
210
216
16
0
0
0
2
4
0
0
12
0
8
8
16
66
122
104
116
120
190
28
254
16
246
28
234
204
208
252
226
258
246
222
234
22
242
22
266
206
246
174
238
196
206
106
192
98
240
158
218
188
174
170
184
188
320
272
162
190
200
176
136
258
210
266
234
240
244
302
160
180
230
240
230
318
278
162
124
166
188
252
172
236
232
202
208
252
130
174
244
186
86
156
176
84
94
98
194
66
208
196
128
126
194
286
184
188
76
234
238
152
210
196
188
134
192
80
114
96
92
164
156
208
186
90
114
66
80
80
100
84
90
72
136
118
48
154
94
116
84
140
78
94
84
204
124
72
58
28
124
194
190
74
38
34
118
156
218
218
218
206
190
26
14
28
4
6
0
2
0
0
22
32
18
76
116
0
136
40
144
184
10
234
182
18
26
168
216
22
32
68
242
80
68
240
226
210
164
220
224
52
236
170
238
206
12
212
224
234
164
182
120
282
132
270
210
102
184
106
234
110
184
164
182
208
284
234
212
194
158
166
184
154
110
244
158
144
124
224
214
126
238
226
156
160
14
134
184
152
62
150
128
244
282
140
174
60
238
170
176
214
96
156
248
116
158
182
172
142
246
154
96
240
170
266
166
142
158
134
194
126
290
34
194
124
222
60
80
88
26
28
36
60
58
68
48
110
122
72
128
134
92
62
100
56
218
84
84
32
158
280
108
112
56
70
122
162
204
210
214
218
194
148
46
52
18
28
0
28
24
0
32
74
30
4
46
114
192
84
60
154
180
180
138
18
154
196
176
194
242
218
222
238
22
222
184
184
202
208
180
228
150
188
26
158
182
240
144
242
142
172
126
192
220
158
148
176
198
148
142
230
184
142
212
64
170
238
230
226
14
168
264
286
174
218
140
214
144
190
164
106
80
220
194
180
322
296
122
210
186
86
146
240
266
164
192
152
94
220
144
188
114
176
96
150
228
230
204
156
182
30
210
292
120
284
196
230
136
196
110
190
168
94
150
166
120
112
64
110
168
76
16
12
128
64
60
60
72
80
120
74
146
84
84
46
164
106
40
48
240
132
64
50
52
148
216
156
168
170
220
204
192
152
198
36
38
26
22
34
34
48
26
22
2
48
4
24
2
126
218
140
150
6
128
134
134
154
8
148
8
208
178
6
202
204
202
116
14
216
210
6
222
210
194
144
176
186
236
188
150
14
132
130
204
210
104
164
138
124
160
160
144
220
180
190
20
220
220
244
214
120
182
210
274
160
130
122
202
116
140
150
104
248
176
164
100
172
160
230
132
182
78
92
156
90
170
242
134
100
132
92
150
166
190
116
154
60
126
126
192
92
134
138
112
180
238
102
166
114
138
100
246
174
80
182
104
174
62
138
78
186
96
62
24
36
118
88
104
84
36
92
60
142
92
52
74
178
44
66
274
104
66
108
154
192
178
166
142
156
176
212
204
154
218
52
56
10
36
36
24
38
26
20
32
30
24
0
18
66
102
20
78
134
78
128
152
132
20
144
168
182
196
52
188
220
28
180
202
214
212
184
154
132
174
12
170
112
124
138
208
172
178
204
248
10
166
212
184
148
134
174
204
12
252
206
226
236
188
206
192
134
152
202
188
222
194
174
88
218
116
114
174
204
112
124
104
128
162
110
206
94
94
58
180
86
104
172
200
92
142
108
128
68
208
220
134
92
66
116
160
110
160
190
138
180
106
206
104
144
90
68
90
158
146
148
80
98
78
52
8
116
118
176
80
46
44
22
60
60
58
34
54
32
72
92
58
186
164
182
138
78
76
110
122
112
56
176
180
186
176
182
214
176
146
88
36
26
4
4
10
0
8
16
18
10
18
14
26
26
48
150
86
136
152
152
236
218
66
238
224
248
240
344
202
290
256
256
228
204
170
180
190
170
198
202
182
216
128
138
148
198
26
132
138
150
122
160
164
122
152
100
118
192
256
244
166
152
140
252
164
262
104
240
160
214
174
118
108
98
258
10
144
162
98
120
142
110
160
146
92
64
154
128
98
116
172
230
148
106
174
104
100
110
92
186
176
94
72
190
116
168
82
174
96
106
92
96
100
176
210
134
74
112
202
44
64
100
78
64
34
72
70
76
100
112
112
154
50
60
38
32
62
38
44
60
100
84
114
120
122
114
120
92
86
172
150
166
186
180
194
198
198
218
214
152
12
12
0
0
0
0
6
24
20
28
30
38
22
10
24
12
102
132
136
126
26
156
32
204
70
238
190
144
138
126
102
112
108
182
112
200
220
130
260
158
204
156
208
202
10
206
224
84
120
138
178
106
192
160
132
218
212
18
212
206
200
174
126
236
150
160
22
182
138
152
84
122
122
92
174
100
38
150
126
82
120
118
88
110
92
128
98
100
76
174
204
150
86
82
158
126
78
174
94
144
176
110
112
194
68
64
156
94
22
158
122
54
38
82
42
40
46
50
92
60
66
50
36
56
28
100
82
74
68
50
38
80
118
136
42
38
34
22
18
52
56
28
44
94
78
78
70
130
134
66
146
176
184
204
192
214
226
208
188
196
180
40
48
30
4
18
24
22
38
16
20
4
28
36
26
36
6
22
28
68
150
142
138
120
100
84
72
26
16
38
52
58
64
52
24
14
26
36
34
46
82
122
220
226
182
168
196
208
218
210
204
176
158
186
158
216
190
206
222
252
184
240
190
178
192
172
158
34
202
154
144
130
182
144
118
158
120
108
132
142
68
104
80
116
82
98
134
144
122
98
126
118
148
108
112
130
136
100
56
124
96
106
136
86
78
58
132
84
48
92
56
6
2
8
0
8
8
6
12
10
10
30
18
14
24
28
28
34
60
62
36
46
182
300
120
78
28
38
32
34
44
74
124
72
94
56
54
82
136
126
164
156
196
206
200
224
210
218
212
198
198
192
26
54
52
36
30
36
6
32
36
42
30
22
10
42
28
30
14
32
30
10
40
60
32
18
42
66
84
86
78
80
116
94
74
76
40
36
14
2
6
40
50
88
118
136
164
166
200
192
200
174
216
206
224
196
166
190
212
280
238
22
196
156
148
190
190
210
216
142
208
114
206
160
88
166
90
138
72
76
88
84
80
100
102
134
118
124
108
110
72
110
74
112
146
94
88
80
102
50
84
92
108
160
120
100
50
48
80
80
98
102
28
4
6
2
0
0
6
2
2
0
0
2
0
4
8
6
14
8
18
46
90
248
218
218
122
64
36
34
26
16
26
48
74
66
124
152
132
162
144
166
190
212
206
200
210
224
206
218
210
202
178
56
40
30
44
18
12
32
22
16
0
48
24
32
34
16
34
90
52
24
30
10
22
66
82
110
108
138
138
134
140
150
110
128
102
100
86
12
0
10
20
38
62
102
132
204
146
180
190
226
220
218
198
208
224
204
224
194
206
206
270
218
56
150
114
144
154
140
178
94
206
116
112
96
100
164
88
74
118
96
78
134
78
130
124
110
96
96
114
124
120
16
82
116
104
58
54
68
66
100
54
66
120
82
72
56
104
102
98
130
16
94
2
0
8
4
2
2
0
2
0
6
0
6
10
6
10
22
38
44
60
162
188
162
118
182
148
86
98
90
84
94
126
128
150
154
162
172
184
180
182
198
206
210
220
198
240
224
240
194
190
142
58
20
8
42
54
28
26
36
48
36
18
44
20
42
38
50
34
30
50
40
96
130
146
158
170
154
158
176
166
150
148
166
146
144
120
52
24
6
12
38
52
34
18
28
42
144
196
194
228
230
244
286
270
254
248
268
216
224
204
264
192
130
154
136
158
94
152
112
156
122
138
164
132
188
106
108
132
164
116
86
146
74
78
126
144
140
112
128
152
154
144
102
100
84
60
58
46
50
64
52
88
82
60
56
116
128
106
80
80
82
90
60
6
0
0
0
4
0
0
4
8
16
14
4
10
8
30
36
82
154
162
144
106
104
106
94
110
110
106
126
128
108
142
144
162
158
192
212
226
202
206
210
224
218
222
228
218
222
190
182
128
38
56
8
16
34
16
42
36
8
46
16
32
48
24
54
42
42
26
88
146
136
178
176
182
174
198
154
174
186
190
178
188
140
162
142
48
10
6
0
4
14
8
16
20
18
32
48
132
170
198
214
236
230
262
268
266
272
244
224
178
270
186
192
208
212
136
132
142
148
198
182
184
216
114
162
124
112
120
104
120
76
118
94
106
124
144
186
124
128
106
130
122
104
90
56
62
54
102
68
58
86
74
86
68
68
94
70
90
92
136
144
118
158
68
4
0
2
2
2
6
18
6
4
2
14
18
44
104
122
100
98
126
124
100
100
134
118
148
152
176
162
148
162
172
196
214
222
202
210
214
200
220
214
226
220
218
230
216
228
200
106
62
16
46
6
48
38
10
50
28
18
50
52
66
12
50
66
82
180
192
160
184
192
222
194
168
196
192
190
186
176
188
176
186
174
138
84
54
18
30
16
14
28
16
12
46
30
26
36
70
86
186
236
232
216
254
246
272
230
288
306
236
230
276
216
188
214
194
182
238
204
218
210
220
214
154
144
174
162
162
76
104
144
178
152
188
150
186
108
182
194
118
116
76
102
158
62
86
64
110
74
104
82
74
78
116
88
154
150
146
106
164
168
142
150
202
40
2
0
2
6
12
6
8
12
22
36
104
132
146
120
96
126
132
154
128
144
158
166
156
156
190
194
186
202
200
208
206
218
234
216
242
254
222
224
242
230
234
226
204
192
76
62
52
70
62
34
44
20
38
18
58
78
54
32
66
88
282
286
306
324
320
320
330
340
342
320
264
262
264
244
224
202
220
180
194
116
66
52
48
48
32
28
40
32
20
40
32
36
32
42
54
64
102
60
144
218
288
270
244
208
214
276
214
194
196
200
186
234
204
270
252
232
264
210
208
206
224
178
162
152
162
136
130
162
160
138
200
226
220
212
206
182
168
154
120
162
174
172
120
184
142
142
134
178
154
186
164
136
184
288
174
170
206
186
200
314
148
168
160
42
8
8
12
14
60
128
122
96
130
152
158
152
144
166
170
146
166
182
144
200
200
192
190
188
192
214
212
210
224
224
204
228
224
234
224
228
210
218
228
200
206
34
54
48
28
78
16
40
50
46
60
62
34
54
50
262
282
306
322
314
288
290
302
332
330
310
340
306
342
318
334
334
302
312
292
292
144
94
60
64
40
44
26
46
52
30
48
74
70
82
66
98
66
48
34
24
94
156
200
220
198
186
230
182
184
128
158
186
166
180
162
196
176
156
194
196
170
164
190
198
192
174
178
154
150
178
194
204
202
190
270
248
272
216
206
236
214
262
222
200
234
176
230
206
224
214
174
290
210
220
250
214
252
180
224
222
244
192
182
188
158
142
144
104
146
108
100
112
130
164
174
148
156
158
170
168
194
174
216
210
202
216
196
196
218
182
212
200
218
210
232
208
204
230
222
252
226
228
228
220
186
180
72
58
54
14
72
54
40
56
62
76
34
78
164
296
310
256
272
298
310
290
332
334
332
230
318
326
326
314
362
334
348
326
306
296
194
196
132
78
46
58
64
50
60
84
82
70
54
58
96
72
98
56
106
120
106
64
60
58
66
90
118
100
116
104
106
102
72
68
38
28
54
34
24
16
20
20
26
36
42
88
104
74
160
214
252
226
256
284
242
250
260
192
252
278
308
268
252
292
256
298
256
246
282
186
228
200
216
222
204
244
244
190
208
190
172
160
116
160
140
152
110
124
168
146
168
204
228
214
228
212
238
248
260
250
264
252
248
298
304
284
282
316
352
342
324
352
372
382
436
436
452
426
400
400
398
308
300
262
204
192
168
50
64
56
62
14
44
50
32
30
70
156
240
278
318
302
332
242
354
342
320
306
326
322
230
344
328
310
272
330
334
300
324
290
312
206
116
152
98
108
68
92
82
64
96
94
70
72
56
86
82
172
172
144
146
130
138
128
118
118
72
66
88
82
76
60
42
20
38
48
50
62
66
62
82
120
150
178
156
132
112
118
104
122
178
192
232
270
238
246
256
294
246
270
270
284
246
214
236
260
206
254
234
224
200
188
200
232
226
204
168
162
138
162
142
142
154
160
132
136
146
166
176
192
178
224
236
250
234
250
260
278
266
288
248
268
286
236
268
318
314
304
320
324
342
340
372
376
344
420
480
442
372
372
374
384
382
394
352
238
182
186
70
22
42
56
42
56
28
38
166
268
276
290
318
318
306
300
328
302
308
270
286
284
230
220
222
218
226
238
248
260
250
264
266
268
180
176
140
148
116
108
100
88
118
116
98
74
118
160
166
190
210
236
144
200
198
192
160
190
168
124
136
134
120
66
116
50
86
108
164
142
90
12
4
6
10
12
4
14
8
18
36
54
74
112
136
176
186
168
196
268
202
198
234
194
194
248
220
240
236
198
170
180
154
182
200
182
202
164
148
166
158
120
126
104
126
126
162
100
206
192
168
214
232
234
248
228
238
256
198
282
276
274
296
296
294
300
262
236
324
264
296
322
314
346
348
360
438
362
458
504
428
232
388
350
246
400
360
364
240
198
198
50
40
36
32
74
142
212
266
284
286
296
300
318
332
330
302
322
358
322
270
338
320
336
348
316
330
338
352
324
308
354
304
276
306
284
190
170
136
116
116
110
116
122
152
138
184
132
216
232
222
232
234
210
230
136
218
192
214
218
214
196
182
176
170
156
166
74
42
18
20
12
10
10
12
8
14
10
18
48
64
22
66
54
66
46
48
60
86
100
114
132
176
140
148
134
152
188
176
146
154
140
132
136
154
140
124
98
116
90
112
64
152
148
156
162
190
216
144
186
206
232
140
242
268
264
256
288
306
238
278
282
280
198
292
298
326
284
372
322
298
312
334
348
274
376
356
388
360
420
452
426
450
406
378
418
436
394
360
228
192
188
170
148
156
284
310
314
270
324
318
316
310
312
340
312
328
320
294
286
334
252
304
308
322
314
320
270
310
324
308
278
266
326
282
202
236
268
250
216
108
172
180
186
118
162
190
240
224
170
260
280
250
182
208
266
166
216
238
230
248
236
232
222
194
190
180
176
168
60
40
34
30
32
32
62
114
126
120
100
102
108
36
88
100
102
94
100
106
96
96
98
84
84
80
56
112
76
80
96
80
112
136
138
130
92
142
182
190
160
154
180
178
216
206
230
194
212
212
218
222
236
264
266
248
276
284
280
276
270
278
292
312
306
282
314
306
322
332
338
340
322
346
362
384
338
334
334
390
366
408
430
436
416
410
404
402
384
372
348
232
198
194
204
208
196
322
236
332
326
334
330
306
346
336
324
338
332
354
308
326
326
314
288
342
316
304
336
354
362
338
330
308
346
316
306
302
284
280
270
254
228
258
258
230
244
224
288
284
220
182
278
282
256
252
286
232
190
254
178
272
276
152
172
232
238
188
196
202
204
92
160
172
176
154
82
58
164
122
140
52
142
156
38
22
138
126
150
128
142
140
144
148
36
130
130
102
118
28
162
146
176
148
152
190
178
96
142
178
198
80
194
198
234
234
200
234
220
228
190
260
282
266
268
278
276
284
310
264
288
324
278
320
312
326
320
316
304
286
314
328
334
348
344
370
368
324
354
370
372
386
388
404
416
434
392
414
412
410
422
388
240
184
200
184
180
178
332
362
318
312
156
74
112
344
104
270
330
316
332
324
324
356
306
322
334
324
308
356
358
356
338
332
318
328
332
314
308
348
308
312
282
308
296
298
288
308
328
282
296
316
298
288
304
318
296
280
292
294
286
298
292
286
254
252
254
268
226
222
214
212
204
216
174
170
210
184
176
176
130
156
160
180
172
162
184
178
166
188
182
178
146
176
146
162
140
188
182
172
208
186
194
178
184
202
216
170
214
228
236
224
198
246
220
250
274
254
276
258
256
160
290
290
268
198
294
302
292
300
314
308
308
308
218
310
300
306
216
322
350
340
340
324
332
334
332
286
376
344
378
266
376
390
406
436
402
408
448
460
414
416
422
230
192
192
194
200
204
328
324
342
248
144
100
92
90
230
308
322
358
318
332
332
340
324
344
314
322
328
334
362
330
324
324
324
322
332
306
336
306
320
304
290
316
288
308
308
288
298
294
296
288
296
288
324
310
302
304
292
288
290
260
260
286
276
278
256
242
252
236
250
226
232
224
212
198
172
206
202
220
204
204
210
200
198
176
182
200
192
202
186
202
208
208
198
194
200
208
206
202
228
226
222
232
218
234
250
268
276
260
270
282
266
266
268
268
250
276
296
292
286
302
308
304
314
308
298
300
310
340
290
310
328
326
304
336
326
330
348
308
332
324
372
348
370
382
364
334
402
344
384
358
412
398
378
414
448
438
442
458
450
424
420
236
190
196
206
188
192
316
338
310
334
114
282
278
282
130
324
336
332
322
316
282
336
346
352
330
346
334
332
350
304
332
352
298
336
340
326
334
328
322
330
340
314
312
318
312
314
324
290
314
312
312
292
282
304
300
306
312
300
298
296
288
282
282
258
250
262
250
268
244
232
254
258
254
236
232
242
242
252
230
236
238
218
368
366
236
286
230
216
234
222
310
222
226
226
216
242
400
230
250
248
246
272
284
262
262
256
330
296
260
238
284
314
292
290
298
294
316
304
298
326
306
302
304
308
294
320
326
316
308
326
314
322
334
342
326
348
344
330
348
364
370
370
362
398
358
348
370
346
394
390
380
210
268
232
278
388
266
460
448
438
414
236
192
194
192
186
194
326
326
334
308
114
86
90
236
108
312
336
350
308
324
328
334
334
346
330
320
330
340
318
280
326
338
296
324
336
340
318
316
308
330
326
316
316
344
348
330
334
276
192
196
318
302
304
254
294
282
156
310
298
304
288
280
288
294
274
274
268
274
234
264
268
452
402
386
284
280
270
254
260
254
314
288
386
360
212
320
358
266
282
354
388
382
428
484
448
256
260
334
268
464
336
442
302
290
462
336
298
482
284
292
416
418
404
412
414
330
416
426
336
336
366
454
318
324
302
344
312
326
340
316
326
364
350
334
330
320
336
344
344
356
368
358
356
380
336
380
382
358
364
382
384
404
386
408
416
424
438
472
468
466
424
222
