270
276
274
270
278
270
272
262
268
262
292
276
276
262
268
262
278
276
276
254
298
292
270
260
270
296
274
292
272
282
286
288
294
296
276
284
264
274
260
274
270
274
280
256
234
256
262
266
250
282
278
254
236
256
232
252
222
228
246
232
264
254
244
204
232
198
212
224
254
218
252
204
228
234
212
198
198
214
250
192
190
184
218
200
190
210
182
220
210
214
196
202
240
216
194
244
242
218
214
244
222
238
218
246
210
224
266
236
250
210
242
254
236
254
258
256
240
256
250
240
282
276
284
252
262
268
262
264
250
264
274
262
258
258
244
250
254
244
252
250
230
246
260
232
244
246
206
240
240
274
246
272
242
228
234
240
228
242
248
240
240
288
282
286
288
274
270
256
276
280
270
284
282
276
272
260
276
300
264
286
300
278
268
262
258
282
284
288
252
278
266
304
282
282
280
276
252
256
268
274
254
272
242
258
282
270
264
262
250
256
262
242
240
268
242
224
230
224
218
234
230
218
230
224
218
218
232
208
190
216
212
234
240
224
206
222
212
106
186
150
94
52
74
178
208
188
202
212
202
222
234
208
222
198
212
230
252
212
206
198
200
216
222
224
210
196
192
240
192
218
206
230
258
236
232
264
236
236
216
260
254
250
242
234
266
234
236
260
266
268
270
252
234
252
238
238
240
260
238
266
238
244
242
262
238
230
246
246
260
254
224
242
240
276
248
240
232
224
240
236
238
270
270
266
278
282
254
276
270
282
282
266
294
286
276
272
272
274
284
260
308
272
266
254
280
276
290
302
272
268
262
272
260
268
270
268
264
266
286
288
254
280
262
266
260
266
268
272
256
254
80
250
242
260
254
242
242
236
224
246
236
226
242
224
218
252
226
230
222
214
218
232
216
198
212
214
202
194
210
190
172
120
292
134
124
114
90
32
84
64
168
178
196
210
204
224
236
212
232
210
214
242
228
200
240
198
204
190
232
190
190
196
222
218
252
258
276
244
270
232
264
244
262
268
232
250
262
256
248
264
270
250
248
252
232
250
268
258
246
248
242
236
248
238
274
214
248
250
252
234
216
240
240
244
260
242
256
238
246
240
244
230
236
270
274
280
268
258
290
266
280
276
258
296
278
256
248
272
274
268
284
280
258
270
298
268
286
274
242
286
258
262
278
330
260
264
270
272
270
278
292
270
268
286
260
252
282
286
286
288
58
276
284
282
222
238
220
256
236
256
272
238
212
214
228
202
200
218
206
222
220
210
212
206
214
196
200
90
104
84
26
44
74
82
68
102
164
168
112
178
28
130
130
112
2
216
190
194
240
218
194
224
214
248
172
222
204
210
182
260
198
216
202
224
224
258
242
248
232
240
246
224
262
244
256
232
260
252
250
248
230
242
232
234
226
242
252
250
230
238
256
262
240
268
258
276
258
224
244
266
250
238
244
266
250
252
224
248
266
256
230
246
218
236
262
276
270
276
286
250
280
274
258
254
270
274
256
268
276
264
280
272
282
268
280
280
264
302
282
288
276
290
272
288
254
280
284
270
280
312
248
280
288
272
258
276
250
278
278
252
250
270
270
256
218
256
244
238
258
276
272
236
218
210
244
220
226
204
232
224
212
228
216
210
222
202
206
90
148
176
124
44
106
432
190
40
60
52
22
14
66
56
112
154
84
116
84
78
22
248
224
206
190
206
208
194
202
188
194
180
198
200
210
208
250
232
262
260
268
234
256
264
250
260
258
236
256
252
240
218
272
242
260
246
240
246
254
238
282
250
248
252
250
232
226
246
236
256
250
234
238
244
270
252
232
246
230
246
236
252
238
224
228
240
256
274
258
262
280
280
256
282
260
274
256
258
282
274
268
276
252
262
280
260
266
260
268
250
284
272
292
248
286
254
272
276
260
278
272
288
286
284
268
294
274
274
280
276
276
268
264
272
242
284
266
236
250
232
240
212
256
246
242
218
208
226
234
208
224
222
210
202
216
174
202
192
222
222
204
124
58
64
78
78
58
72
100
154
236
504
230
376
276
114
62
92
230
62
40
128
316
232
50
62
88
42
60
102
184
178
174
188
206
190
248
238
232
236
238
266
222
248
216
242
286
268
244
242
240
238
244
250
246
232
266
220
238
262
252
260
228
248
216
260
236
228
264
236
226
258
252
236
238
218
238
230
256
240
244
250
226
272
228
236
228
220
284
270
268
260
256
286
256
262
252
278
268
272
276
286
264
266
276
280
274
276
260
280
270
286
264
262
294
292
286
286
262
274
284
294
284
288
280
288
266
266
278
268
240
256
270
274
282
248
248
264
242
250
236
222
262
270
240
240
224
216
202
226
220
212
192
212
222
186
210
184
206
176
84
104
32
2
20
34
84
50
168
224
320
332
302
344
294
176
196
226
304
218
260
348
336
278
226
110
118
128
108
28
180
92
100
90
130
108
66
58
156
228
210
294
246
208
240
240
268
238
254
244
262
250
240
256
260
254
240
248
256
230
220
246
228
248
250
234
230
246
260
266
246
232
256
244
252
234
242
230
236
260
208
232
234
248
240
262
230
240
230
268
264
276
258
274
254
258
262
264
266
258
262
274
278
264
258
268
252
296
276
260
250
288
270
298
288
280
282
248
262
274
270
260
272
258
288
272
268
258
276
268
292
264
252
284
260
280
240
250
284
246
264
254
244
238
234
262
238
258
252
198
212
202
228
202
220
152
130
126
182
218
216
202
148
164
242
138
288
334
194
304
272
284
274
158
146
282
192
146
182
148
166
284
162
266
326
112
178
100
162
168
118
58
150
120
42
132
136
46
50
54
92
162
112
80
204
240
228
240
226
244
256
226
262
238
254
236
250
234
240
250
216
232
228
218
242
244
238
262
240
218
244
240
262
240
246
266
246
220
212
220
244
224
250
228
248
248
256
252
240
242
270
252
228
194
114
116
98
146
142
250
252
248
278
276
274
264
270
290
264
286
296
264
272
290
290
282
270
292
288
264
282
270
276
282
264
270
268
292
270
268
246
236
234
268
256
242
252
258
284
270
250
246
272
252
234
246
240
232
240
244
158
162
220
506
404
196
242
226
322
242
122
170
146
150
102
128
32
462
162
174
194
164
194
392
256
178
176
228
178
166
274
64
148
270
142
190
134
214
194
136
140
242
92
56
116
100
140
74
112
20
30
110
76
98
70
166
76
100
84
96
222
242
252
244
224
226
254
252
252
242
252
262
242
232
232
248
224
254
264
236
240
254
246
250
246
254
242
262
240
234
242
230
246
258
236
240
252
254
226
244
238
238
292
214
144
108
120
128
100
54
146
86
144
240
272
266
262
280
286
266
272
266
302
262
272
268
252
254
278
278
282
252
270
284
256
268
260
264
284
244
300
242
236
172
270
206
90
190
246
246
240
226
262
220
248
224
128
178
260
268
234
180
248
254
194
116
178
108
164
196
254
132
184
206
172
240
214
232
300
304
248
358
362
436
310
416
328
296
330
378
360
314
236
264
286
70
262
224
330
164
126
210
280
304
294
242
134
204
32
46
152
168
66
86
84
48
70
72
102
166
60
84
98
76
160
242
232
240
234
254
224
242
248
244
240
238
256
226
246
270
244
256
242
254
248
268
218
260
248
254
262
258
270
222
248
244
232
246
226
264
254
228
262
248
198
166
152
106
92
68
88
86
128
146
112
134
212
266
268
248
236
284
282
246
294
288
274
278
272
260
276
272
246
258
276
296
252
272
268
278
264
256
98
284
256
254
218
220
208
210
24
148
200
192
270
232
256
134
186
108
162
144
198
244
182
210
244
216
378
324
506
334
460
498
388
506
508
496
502
506
432
506
388
448
410
324
450
432
376
398
430
358
358
506
292
254
308
270
290
390
204
184
214
266
262
250
166
182
194
206
178
254
240
120
244
50
360
190
128
116
42
264
128
118
76
120
94
82
70
214
218
258
234
242
240
236
232
252
270
262
254
264
244
276
234
250
236
258
226
230
252
232
240
258
236
250
254
222
228
226
266
254
240
276
256
218
168
166
136
96
102
100
94
114
132
104
160
120
126
170
262
268
286
262
268
252
256
266
270
262
274
268
282
270
262
256
282
262
268
244
256
246
246
250
264
268
248
216
114
46
138
200
202
218
118
84
208
416
200
188
232
376
222
338
438
340
342
494
346
276
482
388
344
192
448
506
218
260
320
416
334
334
282
316
322
294
414
294
430
448
360
404
490
282
320
442
412
346
294
330
292
316
348
262
358
232
252
302
260
192
286
216
262
160
160
102
290
134
224
166
132
170
80
138
34
164
128
90
100
182
144
140
168
122
226
214
234
238
244
240
258
242
244
252
230
240
238
228
244
248
246
248
254
248
236
236
262
240
246
240
220
254
260
234
272
258
196
166
152
148
142
122
112
84
122
118
100
170
98
184
148
68
152
242
268
266
268
278
272
260
258
312
266
268
284
262
270
288
274
266
260
266
264
246
104
154
158
210
302
104
166
260
238
156
282
348
64
360
334
210
434
402
412
328
510
390
172
416
380
234
318
508
352
378
348
314
406
338
306
126
314
364
306
458
362
428
322
328
384
342
282
282
334
384
320
286
286
368
330
352
360
504
368
148
320
292
342
344
314
364
196
250
268
202
276
274
338
212
300
240
190
302
266
116
192
128
186
50
42
86
110
130
118
152
100
70
68
118
244
240
218
242
266
232
242
226
250
250
252
248
240
264
250
246
230
224
246
258
250
230
218
232
240
248
250
260
246
194
146
152
138
116
122
110
74
114
70
134
124
92
158
128
140
172
176
184
310
240
236
248
266
252
256
262
262
252
272
270
278
288
276
278
262
258
182
76
202
216
154
150
148
168
214
444
298
486
418
392
316
412
436
362
452
450
390
452
502
386
344
414
424
504
334
428
252
336
294
292
390
436
348
318
390
370
456
360
352
384
182
248
300
288
328
216
296
338
358
344
350
358
336
376
294
314
358
352
326
282
370
318
312
254
220
212
258
302
214
268
344
278
238
194
198
302
164
242
236
244
124
58
126
196
64
70
76
76
60
28
30
106
142
236
216
224
220
254
236
226
262
250
248
232
238
252
252
250
232
228
230
236
246
228
220
242
238
210
270
256
188
146
148
156
140
140
76
114
68
106
128
114
122
120
118
114
140
166
182
198
160
208
100
70
226
218
284
268
242
268
280
272
240
192
206
268
158
174
404
264
474
438
332
328
364
224
420
232
314
498
314
472
410
412
420
324
428
390
488
398
332
434
430
442
304
404
494
414
446
338
476
372
504
410
294
266
414
330
462
300
350
272
374
320
298
410
192
460
296
440
316
298
328
274
302
308
314
304
276
386
294
284
272
302
268
276
332
274
336
272
396
246
218
214
288
294
192
116
258
280
286
208
120
210
112
180
250
142
202
146
124
130
40
76
92
50
78
248
254
248
220
244
260
230
214
250
254
234
244
244
236
228
242
234
248
256
234
220
228
260
264
246
144
124
132
146
130
126
106
126
116
124
66
92
102
64
124
104
168
146
172
170
192
232
212
168
160
18
178
214
226
192
200
348
196
444
504
292
502
288
422
358
368
378
380
292
334
312
490
322
438
390
436
458
456
400
402
446
308
410
410
340
436
426
358
374
432
466
338
492
320
424
294
442
446
250
290
450
308
390
428
340
344
278
296
306
340
128
256
258
348
286
300
268
284
322
364
272
294
226
178
286
280
274
328
268
242
244
278
290
266
218
382
236
238
378
244
312
234
310
206
166
234
124
244
156
244
216
332
148
92
154
50
168
36
204
62
212
24
152
148
218
240
234
240
242
250
230
232
248
258
240
246
232
238
232
218
242
230
240
274
264
266
148
126
104
150
126
140
140
126
100
50
52
124
88
70
108
106
136
74
350
204
216
162
452
312
486
458
332
318
288
384
506
286
228
374
434
508
382
410
124
468
368
500
384
388
478
314
476
386
418
442
384
430
484
390
508
460
350
390
396
410
450
438
498
442
492
428
454
350
412
364
290
430
302
338
330
436
330
358
352
366
262
388
360
268
462
74
250
278
272
230
348
298
266
144
294
208
364
366
98
298
264
272
228
268
280
338
252
274
332
244
296
276
208
284
236
190
274
280
230
278
164
204
186
208
202
132
290
294
160
94
216
154
84
156
156
108
138
18
56
32
94
184
226
236
250
246
254
264
238
232
224
218
230
244
242
242
222
232
282
266
242
164
130
108
136
132
166
114
84
42
40
88
112
100
50
48
90
236
276
296
274
310
324
412
440
272
328
506
244
208
500
496
300
418
474
492
500
354
486
342
502
426
500
454
384
496
336
508
448
506
506
408
466
508
456
496
422
372
410
368
444
372
334
302
246
336
406
490
318
98
338
314
346
352
394
386
252
426
286
398
420
358
304
346
258
390
316
322
218
262
332
260
226
238
248
210
308
338
314
268
310
288
294
290
274
328
272
290
222
290
250
224
226
146
206
280
248
242
262
204
272
186
214
210
254
260
232
236
222
276
118
110
192
116
72
226
132
12
8
6
36
62
54
84
210
250
254
238
236
236
246
234
258
224
254
252
226
260
258
278
282
270
238
126
106
124
148
146
128
96
90
98
84
106
66
64
84
206
304
442
448
366
376
408
270
348
482
446
438
482
508
390
436
426
438
472
510
484
362
490
412
438
438
378
336
476
472
354
292
378
160
284
404
362
438
204
346
400
344
412
502
368
344
310
250
126
262
360
416
388
92
398
460
452
436
384
452
424
306
304
302
262
252
326
252
184
130
160
234
208
206
256
136
204
310
268
218
298
268
298
340
310
282
276
340
310
306
290
260
298
288
214
280
180
236
208
194
208
202
188
184
178
162
202
192
252
232
172
228
146
180
112
142
130
222
26
28
70
84
86
100
36
78
48
54
80
70
228
222
210
238
240
236
240
240
240
232
248
266
220
266
264
262
260
228
94
120
120
154
116
126
106
86
98
84
42
46
96
274
478
430
506
446
506
474
426
344
342
444
402
482
398
402
400
466
284
298
456
156
312
448
484
442
408
98
360
396
450
356
354
328
314
468
456
400
446
412
496
404
380
398
348
440
424
348
338
294
320
314
214
272
202
252
336
362
272
316
290
300
414
286
322
256
290
322
238
152
210
162
62
232
166
166
208
206
260
210
196
282
228
296
318
248
222
232
320
284
306
262
258
392
208
190
222
160
252
222
176
310
256
218
218
214
272
196
234
214
182
208
200
284
110
188
226
180
98
22
64
42
84
142
128
148
94
128
42
10
56
26
140
228
242
238
222
248
224
242
248
254
230
238
278
270
272
250
258
104
98
108
122
118
154
154
130
140
106
92
86
142
428
332
438
310
446
500
510
494
436
214
218
404
450
404
468
434
366
452
380
344
230
366
388
366
334
344
386
400
384
344
418
416
358
320
328
284
328
332
406
328
368
380
400
330
436
326
364
384
376
356
390
316
256
326
332
296
274
378
174
260
324
96
254
320
234
242
236
286
86
254
68
200
198
202
114
168
184
180
222
190
208
224
240
178
196
298
284
28
168
214
186
218
192
200
158
180
198
156
176
246
272
180
208
234
230
276
208
332
256
204
176
228
256
206
142
222
170
70
34
28
96
112
104
184
214
126
74
26
24
42
66
18
48
190
234
218
238
222
232
246
264
234
216
274
268
264
282
284
240
84
52
84
106
170
182
148
134
114
62
104
162
332
276
510
452
326
352
422
506
400
226
284
362
434
464
432
276
374
474
462
508
508
446
370
470
408
498
436
508
384
410
404
416
486
382
474
310
500
490
504
414
358
342
372
116
486
380
416
342
332
320
338
314
282
276
368
238
206
200
240
248
264
10
222
240
238
206
158
200
196
128
110
90
218
192
182
178
168
156
166
156
190
190
148
126
210
244
192
198
182
106
150
144
152
154
198
120
188
116
104
160
212
214
224
202
284
224
258
324
270
314
262
240
238
256
226
190
174
56
38
118
110
136
156
190
170
136
136
124
52
26
34
52
50
70
48
230
220
234
236
222
238
240
238
264
274
262
274
272
248
226
64
146
114
68
106
148
110
132
100
102
106
198
242
368
476
346
416
390
428
482
388
454
410
394
438
506
318
188
484
354
432
380
456
492
454
356
482
420
376
446
324
158
448
400
458
386
362
316
450
474
302
390
414
410
358
422
416
340
258
230
270
244
238
208
242
202
180
186
188
122
174
240
160
228
174
234
178
136
154
242
96
160
124
206
146
190
160
220
126
166
156
124
138
88
172
162
150
146
100
106
72
90
198
98
104
114
0
124
134
114
130
106
130
130
206
158
196
182
186
244
226
54
238
242
174
10
140
16
34
132
84
92
76
128
164
174
222
170
112
238
80
56
42
30
44
44
102
206
208
222
228
256
232
214
278
262
268
272
270
246
232
30
0
6
78
58
60
46
40
62
90
86
310
330
236
370
506
382
370
362
344
430
432
394
372
502
378
428
304
388
404
390
374
470
354
388
334
346
386
386
464
300
190
374
406
320
350
420
282
82
300
404
448
402
300
346
268
290
196
144
196
178
250
186
270
212
184
192
180
188
144
222
168
150
118
178
168
152
140
142
106
142
48
124
188
164
130
118
112
102
88
128
108
142
96
104
108
80
134
74
102
108
94
60
126
102
88
100
46
76
132
82
124
62
118
200
134
174
170
206
190
142
122
62
154
164
166
28
54
108
140
96
98
96
94
92
130
188
194
212
234
234
222
106
74
32
14
52
78
176
242
210
214
234
230
286
282
274
264
284
280
120
38
62
64
108
90
86
108
0
10
28
32
210
362
208
354
400
330
352
330
294
360
224
78
284
306
328
262
274
288
320
314
316
126
236
306
310
268
440
280
338
292
414
354
332
334
246
280
404
278
270
294
328
260
284
284
248
188
158
244
170
240
178
256
172
318
152
256
154
268
164
220
164
206
106
188
120
0
90
110
134
76
138
212
132
92
130
136
118
148
56
138
146
84
132
134
84
74
128
56
58
66
82
68
154
64
82
64
54
72
92
58
102
102
90
142
154
140
196
210
162
58
76
42
120
200
10
160
116
176
226
186
46
52
60
44
242
190
206
224
238
228
188
160
156
4
2
24
40
24
130
204
224
216
236
288
288
276
268
264
100
72
92
82
80
82
56
12
6
4
2
0
0
14
174
194
252
124
342
310
294
288
288
258
228
236
294
238
270
246
288
264
232
248
256
120
278
294
290
266
198
244
216
238
212
228
238
182
228
230
228
200
206
200
190
202
238
194
154
142
178
304
216
358
210
342
220
290
154
262
164
322
196
202
124
144
88
234
8
182
88
70
16
108
152
0
132
152
122
136
112
160
0
102
126
82
88
100
130
98
60
66
56
86
82
78
66
84
34
80
124
134
112
64
46
76
94
124
180
170
100
108
158
134
116
150
44
142
294
306
338
278
284
294
232
172
152
200
132
160
102
192
220
162
168
158
200
60
12
34
16
34
102
228
210
204
274
292
266
268
146
106
116
130
108
94
88
80
70
58
24
36
6
0
10
334
268
212
118
190
152
256
252
248
248
234
248
290
288
328
340
270
244
386
260
346
282
266
234
204
234
236
88
208
232
200
190
246
50
170
220
180
186
232
224
240
188
112
214
224
236
300
204
258
214
290
224
122
214
252
210
268
188
166
162
208
126
146
64
160
186
142
140
66
168
174
148
214
162
222
166
126
116
126
94
40
74
114
0
66
174
124
58
74
108
100
62
70
118
52
96
48
106
50
100
96
106
132
156
172
248
234
202
144
104
218
288
56
394
430
414
266
310
322
250
292
240
210
114
116
222
186
300
218
134
264
244
414
0
122
0
54
44
48
176
208
220
262
274
264
286
98
92
92
86
112
122
84
68
52
64
68
56
34
42
52
78
160
278
214
160
220
72
230
366
442
364
264
218
190
170
160
162
192
184
182
198
182
212
214
194
198
222
238
278
236
244
250
266
236
214
234
226
200
176
216
232
168
78
216
206
34
242
248
216
218
214
180
16
116
220
206
182
188
126
152
180
164
132
182
122
140
128
86
120
168
194
166
202
196
198
156
150
156
184
178
80
116
154
46
104
128
96
52
66
136
194
116
60
44
88
40
38
52
54
72
148
96
58
174
158
212
140
172
174
158
234
186
510
244
308
284
352
160
266
252
306
224
242
198
150
244
148
190
298
66
274
364
0
0
92
30
112
62
28
16
198
230
288
272
272
194
148
120
132
142
148
116
70
72
50
34
62
80
32
58
46
70
58
174
152
314
150
146
166
144
130
122
30
30
86
76
84
80
70
88
100
82
86
58
48
54
92
110
208
186
198
216
186
260
230
262
242
298
258
242
220
218
192
230
228
226
28
226
220
206
226
210
208
132
192
164
192
130
146
34
144
184
186
112
184
140
100
142
68
150
80
156
228
224
232
202
144
140
210
224
188
140
124
164
78
150
184
110
112
62
82
122
84
78
74
6
36
70
92
108
58
104
64
126
78
122
140
118
138
196
132
232
252
268
292
274
292
200
176
98
284
228
218
222
240
184
210
322
262
192
76
234
202
0
8
56
110
60
22
44
14
74
214
476
468
482
300
278
186
148
134
104
60
68
74
86
40
66
98
50
72
58
34
54
50
34
72
58
92
18
24
64
98
96
156
154
128
148
126
144
136
120
106
118
106
86
64
28
30
16
54
92
254
268
242
218
228
266
290
230
244
264
204
260
252
196
208
224
230
242
204
214
196
154
186
200
208
132
110
150
90
160
204
168
138
114
128
88
44
84
172
154
186
210
30
204
206
230
210
260
154
164
166
168
160
108
194
158
114
166
114
114
118
72
92
62
54
94
104
60
60
94
96
146
74
104
120
84
174
182
206
210
198
234
190
318
272
190
214
188
158
154
206
244
192
180
102
200
96
122
222
110
14
166
68
46
0
50
72
4
0
20
164
218
490
480
432
276
254
190
146
136
118
136
84
76
110
100
48
86
56
46
24
64
92
58
22
2
22
90
98
116
136
146
156
136
158
164
166
174
174
160
168
150
152
126
44
118
84
84
62
62
68
32
68
112
208
360
410
296
242
226
258
282
320
258
264
218
232
232
246
186
206
232
182
220
200
202
190
196
174
176
184
140
198
128
138
94
74
106
130
148
212
176
222
46
216
216
240
178
218
208
190
134
150
170
156
182
144
134
132
146
136
112
84
96
78
72
84
162
28
76
84
78
116
52
82
118
122
164
172
112
114
116
166
164
166
154
276
232
150
246
114
92
186
256
196
142
212
172
162
218
142
280
248
288
282
216
66
6
10
86
20
190
214
492
484
310
244
188
148
142
70
128
126
128
158
94
116
90
126
70
32
46
42
4
22
98
128
122
160
148
168
180
176
204
198
178
172
190
196
182
178
182
164
164
180
84
124
90
80
30
34
36
58
40
34
76
82
120
254
296
304
336
364
362
422
298
258
276
262
264
294
252
284
230
260
240
208
222
192
242
204
190
194
194
154
98
124
134
192
192
196
220
180
214
192
236
216
234
218
222
270
218
174
168
148
182
144
118
402
126
196
122
146
160
102
38
50
120
108
108
98
110
114
120
132
120
124
104
182
200
86
114
162
264
244
246
250
264
132
146
184
84
164
196
134
152
104
160
202
324
312
380
250
26
174
172
84
36
54
12
10
26
202
204
488
480
266
258
168
116
108
102
104
70
122
136
96
134
166
92
68
34
2
154
198
222
240
298
292
208
212
208
188
206
190
196
198
162
172
202
196
196
182
166
170
28
76
64
50
40
48
40
20
26
50
24
36
68
98
102
146
254
172
226
268
326
278
396
408
430
466
404
382
324
308
298
286
298
246
236
224
244
252
268
252
224
196
150
98
154
156
244
204
226
242
248
202
236
232
258
294
258
208
214
192
214
170
158
140
120
172
88
100
162
130
50
88
70
64
38
14
0
0
12
4
46
66
74
40
78
114
124
40
84
74
248
176
192
254
172
212
142
172
80
252
142
160
126
136
152
188
336
258
272
130
224
118
66
12
30
80
100
164
208
190
476
406
334
164
108
80
78
76
90
112
72
120
144
78
18
34
2
172
250
262
308
328
334
350
346
364
346
326
338
338
340
340
262
212
220
214
224
210
190
188
114
30
40
30
46
84
60
46
116
64
62
46
64
70
68
16
2
12
0
4
12
182
248
332
398
422
358
476
346
342
362
376
434
372
386
420
392
326
282
264
248
236
218
220
200
194
208
202
214
280
260
284
254
238
248
252
288
232
226
188
220
130
158
188
152
100
140
156
132
104
70
34
4
0
2
0
0
0
0
0
0
0
0
2
22
66
60
86
42
104
156
282
226
260
202
124
60
246
224
250
152
172
272
230
208
300
216
206
158
184
120
156
208
222
202
156
168
156
184
204
202
494
350
324
72
108
78
84
64
50
102
112
96
142
60
0
190
242
326
94
368
310
390
378
376
262
370
350
374
352
328
348
360
360
334
356
366
364
358
314
204
164
196
168
140
136
82
92
150
88
78
84
26
34
32
24
24
24
14
18
14
28
18
16
10
196
264
312
346
354
274
284
324
292
312
322
296
316
234
278
124
204
188
142
188
376
226
264
234
260
290
296
322
278
274
236
276
270
244
236
246
234
162
214
206
188
218
194
212
174
214
118
114
46
60
6
4
0
0
0
0
2
4
24
38
46
62
94
48
140
164
256
338
302
220
274
194
180
202
172
204
166
200
232
304
240
266
206
132
256
200
270
252
214
190
160
108
124
190
172
190
206
486
444
254
152
62
34
56
84
92
22
96
22
48
210
294
314
346
376
400
396
376
396
390
424
396
398
348
378
384
366
372
402
326
384
364
350
352
344
372
336
298
286
242
208
192
144
46
52
58
58
54
44
42
60
52
64
48
42
52
40
32
26
42
40
24
24
26
12
18
222
210
266
276
244
258
142
182
134
142
200
96
120
168
148
216
214
282
346
294
324
308
364
330
400
360
332
312
276
258
266
242
236
210
264
248
270
246
240
226
242
262
264
258
200
126
36
28
22
52
34
62
58
86
82
90
74
110
174
264
280
326
312
284
260
160
168
128
206
150
68
154
192
252
282
292
338
278
258
222
172
160
138
90
92
96
114
134
156
164
194
192
472
478
170
172
90
78
66
50
40
62
204
136
188
318
400
390
376
434
400
416
416
348
416
386
408
404
388
398
334
388
380
196
242
380
392
362
360
374
354
338
318
272
280
262
260
236
242
214
236
60
224
192
110
94
68
82
76
86
60
58
64
48
54
60
54
50
32
20
24
28
42
206
340
304
372
276
126
8
56
64
0
0
0
0
0
2
0
8
54
152
228
240
230
256
242
254
276
304
256
276
262
282
280
324
314
286
300
310
298
318
288
322
336
286
236
188
106
162
138
124
154
104
134
144
144
146
160
202
290
258
240
264
286
256
196
140
160
218
170
134
202
114
100
142
146
118
132
138
86
76
68
84
88
82
96
134
180
150
166
208
228
416
434
400
306
178
198
260
292
250
330
338
350
400
402
408
390
386
358
224
328
408
412
432
406
402
396
398
382
398
404
354
288
324
396
392
416
274
350
362
364
326
316
284
274
260
268
256
248
248
224
248
252
252
250
250
226
234
246
204
128
88
68
64
58
60
52
32
50
34
32
24
28
28
24
22
20
8
10
8
2
2
0
0
2
2
0
0
0
4
4
10
8
10
8
14
4
0
22
48
88
138
176
218
196
198
200
208
214
228
212
206
192
200
210
208
208
182
168
158
152
126
140
154
186
180
190
236
250
286
246
278
232
226
198
166
142
122
100
100
136
138
134
70
68
58
80
76
70
82
86
98
106
112
102
122
114
142
144
172
192
210
370
416
444
448
392
374
326
378
396
424
398
408
418
432
418
390
418
400
412
406
408
252
414
390
322
246
374
386
392
408
366
428
392
380
282
386
284
370
346
376
326
364
342
346
310
324
300
262
306
260
274
276
276
296
280
268
268
258
262
230
228
236
222
240
248
222
118
54
60
54
34
28
38
32
32
34
22
16
14
20
6
2
10
8
6
10
12
12
10
24
18
14
16
16
8
10
6
16
0
2
0
10
6
6
2
2
2
2
6
0
0
4
0
6
0
0
0
4
28
58
74
76
80
64
68
70
88
62
60
60
50
36
54
106
54
48
62
56
56
44
64
62
62
102
68
80
74
86
106
78
90
124
126
136
134
164
156
180
194
188
202
470
458
448
470
414
436
160
440
438
424
412
404
398
264
412
412
398
382
392
390
422
342
400
392
408
406
400
404
408
396
400
290
226
376
412
376
344
374
258
388
230
350
216
360
262
312
320
92
338
320
338
308
296
290
266
312
288
206
274
286
282
258
238
256
238
228
234
210
194
210
200
182
110
40
32
28
30
44
16
38
22
46
28
34
18
30
28
18
24
26
40
36
50
30
14
26
38
16
28
30
24
0
14
12
8
14
20
12
14
2
16
18
16
10
18
14
8
16
10
16
20
38
36
36
50
56
46
58
56
56
56
70
48
70
74
58
48
72
70
74
84
98
72
88
108
98
102
106
98
118
110
142
132
132
152
154
156
182
190
194
204
436
446
432
424
452
434
420
438
420
420
418
444
352
298
310
420
444
414
400
310
414
420
422
394
390
404
412
404
402
422
410
388
420
442
256
382
404
354
220
246
252
372
266
378
192
340
278
326
330
322
314
306
306
318
338
298
298
278
272
272
302
224
278
282
270
142
254
248
242
230
216
238
194
188
186
200
178
180
122
76
46
28
24
38
46
46
26
32
42
50
40
54
52
60
34
44
62
72
62
38
56
20
24
22
18
14
24
24
32
18
24
34
28
24
22
36
34
34
32
38
46
50
62
52
36
62
86
66
82
72
74
84
80
80
96
62
104
88
76
104
90
92
110
110
134
116
130
130
132
140
132
154
160
174
180
154
192
196
192
200
196
452
458
422
448
424
434
422
426
434
438
434
448
398
416
424
422
414
430
442
314
436
408
384
420
418
388
334
364
362
410
404
426
384
412
348
414
396
362
416
380
392
378
372
374
336
162
108
342
304
298
340
344
306
320
314
354
310
324
326
300
310
298
288
282
236
184
284
274
266
258
224
248
212
210
216
216
202
208
194
196
200
196
160
204
188
172
106
58
44
54
64
84
92
60
94
64
58
114
94
68
56
52
50
28
22
40
30
40
44
36
70
38
58
50
56
46
48
44
58
44
52
74
68
78
70
78
88
100
88
104
102
104
102
102
90
114
98
120
90
118
110
94
130
124
122
126
126
126
128
150
148
154
160
166
148
184
182
178
172
190
174
430
422
434
428
448
418
436
422
444
448
436
434
444
424
434
434
412
414
394
454
426
412
404
414
398
332
398
260
412
402
394
402
330
388
410
416
386
402
388
388
364
372
384
344
370
360
398
222
350
334
336
358
174
218
274
308
310
318
282
316
282
284
296
296
294
284
268
282
248
150
286
252
250
242
246
230
238
222
254
218
210
222
216
218
218
214
200
218
200
192
198
210
168
116
76
68
98
138
114
78
94
96
78
72
72
50
48
62
40
44
70
54
56
74
62
56
52
50
64
64
78
78
106
90
96
106
114
108
96
138
126
102
130
136
112
126
118
108
122
120
144
126
138
132
142
148
164
142
160
156
172
188
180
188
160
198
188
168
208
200
212
440
458
440
438
442
450
432
430
422
452
414
438
454
438
420
428
420
410
418
408
396
394
412
420
392
382
384
402
394
436
404
402
272
418
386
424
420
384
334
256
350
398
352
358
350
386
386
332
370
334
400
362
330
370
350
342
334
342
268
136
268
322
294
308
308
278
282
286
286
208
272
166
264
148
238
272
250
226
238
252
50
244
232
246
226
240
228
228
238
232
212
234
210
228
238
238
232
230
232
176
102
112
98
98
94
90
74
64
88
60
74
62
70
90
76
76
86
74
86
84
72
98
94
96
112
122
134
112
142
130
116
136
122
152
146
138
124
138
130
144
158
156
144
162
124
152
148
152
146
172
176
188
132
164
174
180
170
202
176
206
208
456
432
438
446
436
450
436
446
436
462
438
450
440
446
398
418
464
442
414
428
396
416
428
438
396
400
402
414
394
360
368
382
394
414
390
386
432
386
362
392
278
396
382
400
272
350
368
366
388
380
394
372
412
336
326
366
316
342
380
356
276
316
318
288
290
226
126
262
306
284
274
238
274
170
274
154
270
230
264
256
236
246
236
270
248
250
250
232
250
246
232
248
258
242
236
250
248
228
220
232
252
268
228
234
236
214
230
158
134
114
120
80
88
100
104
92
86
96
90
90
92
118
120
126
142
132
150
138
146
146
146
144
150
150
142
154
156
146
136
162
152
174
132
156
148
148
168
168
198
170
172
194
188
170
196
164
192
208
182
186
198
436
426
434
462
444
428
454
426
452
446
452
442
438
448
420
426
430
432
392
406
424
404
436
418
426
422
396
380
428
424
398
402
400
378
400
398
420
368
390
394
412
380
398
408
360
166
378
426
388
376
378
376
346
288
398
376
368
380
336
352
334
310
338
328
310
322
314
300
302
302
308
270
214
126
230
242
294
152
240
140
254
242
264
260
268
256
270
258
280
298
250
250
242
240
178
254
262
240
180
252
244
256
258
246
250
256
242
242
248
224
220
242
246
242
164
118
112
116
118
122
98
110
126
150
138
144
146
148
166
174
154
150
158
138
158
156
162
164
156
156
182
154
158
176
146
154
168
170
184
176
184
174
176
176
192
192
182
198
174
222
204
