510
510
510
510
180
142
222
252
266
266
264
252
236
410
510
510
510
510
510
510
510
510
510
508
504
508
508
510
498
508
504
500
504
506
504
450
440
454
424
436
418
440
406
418
414
390
386
380
380
316
320
322
334
348
352
350
304
308
332
308
314
374
348
318
338
344
336
352
344
300
288
292
332
306
304
322
314
268
202
202
168
144
102
166
178
164
132
178
132
184
150
160
242
224
260
244
204
238
290
266
214
248
268
236
256
226
206
182
236
246
204
194
144
96
44
72
118
56
54
80
72
86
36
44
92
254
242
204
228
224
194
194
192
218
218
188
202
210
190
208
218
216
206
210
190
196
186
180
152
186
148
84
28
40
68
140
260
218
272
276
270
510
510
510
510
162
172
232
224
258
252
274
218
242
438
510
510
510
510
510
510
510
510
510
510
510
504
506
508
476
496
468
498
488
490
476
426
442
444
422
428
424
448
408
410
404
426
386
382
386
328
338
332
330
322
316
320
290
292
290
292
308
340
382
324
360
358
346
336
306
294
316
298
294
316
326
322
304
302
190
164
112
148
190
130
196
134
100
152
124
158
126
120
246
264
284
234
184
286
264
244
184
236
254
268
224
224
204
190
202
218
146
76
102
70
50
60
76
82
106
90
90
72
64
92
66
222
234
214
248
212
142
192
218
170
176
196
226
176
186
206
222
186
212
184
202
196
210
172
150
192
172
122
32
50
46
194
254
240
278
296
242
510
510
510
510
142
168
218
240
254
242
148
108
68
272
504
510
510
510
510
510
510
510
510
508
510
510
508
502
496
492
490
480
498
498
484
446
448
438
438
430
432
438
404
362
426
400
398
370
400
306
344
294
296
330
330
326
316
302
318
334
326
324
378
336
314
364
334
344
318
300
294
308
252
316
324
294
298
194
172
168
120
210
182
158
148
162
108
142
162
132
134
140
110
250
244
256
218
262
272
240
232
246
238
234
216
178
196
170
228
136
86
82
74
72
60
90
76
78
62
90
76
104
40
36
68
218
196
198
218
218
158
208
194
202
200
202
156
194
188
206
220
162
194
178
214
202
168
142
180
152
168
124
42
70
70
224
280
252
270
278
258
510
510
510
510
128
170
228
258
262
234
78
86
106
118
146
454
510
510
510
510
510
510
510
510
510
510
508
500
492
488
488
478
488
500
486
442
430
438
420
410
442
428
414
406
404
400
376
356
368
342
340
338
302
322
322
332
290
298
284
298
322
316
344
318
328
336
350
340
352
308
304
304
330
302
320
282
266
190
186
148
196
162
178
156
114
136
82
160
166
144
138
118
150
252
204
204
162
214
252
210
246
256
228
256
180
204
192
186
196
104
58
98
116
52
84
92
74
82
76
98
94
66
24
36
154
192
260
206
222
208
168
190
166
212
214
218
166
204
182
204
196
214
166
196
200
182
188
160
140
128
150
144
44
42
42
260
274
256
228
260
200
510
510
510
510
118
162
222
208
258
216
86
88
66
108
166
82
304
508
510
510
510
510
510
510
510
508
510
482
508
506
498
492
472
436
478
430
434
432
420
420
450
446
408
410
382
366
388
400
380
336
338
318
348
342
358
308
304
282
288
314
306
292
356
316
340
334
358
342
298
338
284
290
310
314
264
304
176
150
178
140
182
170
186
152
148
120
154
112
156
122
136
140
138
242
224
268
216
180
230
212
204
190
230
228
166
224
226
178
100
122
50
102
106
80
96
66
94
94
96
82
92
42
44
18
218
164
202
218
246
184
226
212
196
204
176
204
202
192
200
160
190
198
174
180
196
194
178
136
154
166
140
124
50
58
48
278
202
208
228
248
230
510
510
510
510
106
180
202
226
212
136
96
84
92
114
82
78
130
242
504
510
510
510
510
510
510
508
508
508
510
510
510
510
474
510
510
510
510
510
508
510
508
354
410
388
424
384
382
406
388
342
312
314
324
340
332
332
312
306
308
286
298
320
328
296
338
332
338
324
306
344
302
274
304
296
302
210
220
184
148
142
186
154
144
158
132
104
102
156
186
154
136
122
118
140
214
208
230
142
248
224
208
208
226
240
162
222
232
82
94
98
82
92
94
72
96
74
36
80
58
70
72
54
64
34
220
174
194
200
218
176
188
160
192
212
188
182
180
188
170
192
208
182
200
196
196
192
172
136
124
140
130
102
38
32
36
298
242
232
240
244
238
510
510
510
510
104
160
222
218
204
94
84
46
84
42
98
76
100
138
86
474
494
510
506
510
504
504
502
508
510
510
160
148
224
506
506
508
450
510
510
510
510
354
374
394
374
396
366
382
374
328
302
330
352
320
310
356
302
284
298
298
284
304
294
298
312
272
318
336
296
330
246
270
290
328
228
218
196
134
166
178
176
148
146
176
134
126
94
128
154
146
132
146
122
144
130
126
250
172
270
222
254
226
186
182
168
268
88
58
76
88
100
102
60
140
212
88
74
94
90
80
52
76
72
30
206
202
206
260
210
254
188
150
152
178
232
190
204
200
198
208
208
204
182
178
184
160
152
126
160
128
150
114
40
18
42
312
256
236
208
228
228
510
510
510
510
114
180
242
208
196
70
104
60
82
82
58
76
42
70
138
94
420
486
500
502
504
502
504
508
510
164
298
186
224
508
372
508
198
508
510
510
510
350
368
378
372
350
346
362
360
332
330
296
312
332
314
310
294
306
276
298
322
300
296
226
228
278
214
264
260
322
282
308
282
204
164
148
192
146
138
106
162
196
140
164
106
118
106
112
120
110
120
138
142
128
130
94
216
234
312
204
214
226
182
226
228
248
100
64
82
86
82
114
90
228
220
190
90
66
92
92
80
74
72
74
182
212
220
238
216
204
172
210
172
156
178
170
174
194
208
192
196
180
158
218
184
180
142
128
130
136
94
34
30
24
32
344
220
230
242
224
238
510
510
510
510
104
180
216
234
196
62
86
48
48
62
36
42
58
68
70
106
76
186
218
264
272
246
270
510
510
376
500
508
508
508
510
510
510
510
510
510
510
202
238
232
256
260
260
240
244
208
214
234
206
230
230
216
246
234
242
240
242
228
310
274
326
388
390
442
430
478
362
236
218
146
158
164
142
106
120
88
128
102
128
116
96
114
126
116
148
162
96
108
112
122
120
114
130
240
260
210
236
224
182
120
96
122
96
86
96
102
94
92
42
188
212
160
72
66
78
82
66
46
56
40
70
76
232
248
206
218
220
214
246
202
208
200
192
220
168
184
200
174
174
220
202
196
144
148
120
54
38
8
38
26
34
346
262
250
262
234
252
510
510
510
510
108
190
210
212
126
82
74
56
56
56
4
42
28
36
62
84
90
94
142
218
224
246
264
510
510
510
510
510
510
510
510
508
508
224
510
510
510
210
254
250
250
280
248
248
222
238
214
214
280
218
240
252
230
274
266
252
242
226
242
276
246
246
288
272
226
130
166
104
104
118
76
70
74
62
34
90
104
120
92
38
212
240
228
274
248
200
278
168
252
244
256
248
224
242
176
250
248
220
238
226
214
214
174
210
264
198
200
212
244
252
278
306
334
332
344
362
354
310
266
198
208
198
126
106
236
246
204
246
244
230
230
218
196
204
164
206
216
226
206
192
220
166
46
34
30
34
26
24
30
38
34
360
258
258
246
254
252
510
510
510
504
116
182
206
202
102
70
34
54
16
22
28
36
44
12
28
70
90
82
66
136
214
254
264
476
510
510
510
510
510
510
510
510
510
510
510
510
510
202
230
260
220
224
206
210
230
224
246
266
242
254
238
286
234
212
256
260
244
226
210
238
226
244
266
212
210
110
118
78
40
52
8
18
8
20
34
14
26
40
12
36
32
50
6
22
4
10
24
86
184
230
168
164
204
174
130
112
54
46
58
32
18
12
4
10
4
24
6
14
24
0
10
14
8
4
14
6
4
40
102
186
222
260
276
268
246
270
232
322
318
312
292
288
318
290
296
300
262
272
296
312
260
272
258
230
242
228
222
216
236
224
186
274
244
252
262
232
230
510
510
510
506
102
156
228
164
90
76
20
52
16
16
36
16
44
14
2
18
54
74
70
54
118
236
222
246
254
248
226
222
224
226
222
222
208
200
194
168
134
224
238
244
240
228
222
252
206
238
252
256
220
202
224
206
208
262
206
244
272
246
236
214
248
212
232
194
20
22
34
8
22
18
2
4
2
4
8
6
2
50
2
2
0
32
50
50
16
32
0
0
2
0
0
0
0
4
0
16
0
2
2
0
12
28
0
0
2
2
2
22
6
6
10
4
4
2
2
14
12
4
18
2
10
20
10
2
6
32
182
294
272
280
254
302
288
258
280
286
276
282
308
300
290
260
244
250
246
244
276
258
246
246
232
266
258
250
260
230
244
510
510
510
506
116
150
192
158
74
78
52
48
36
4
40
8
42
16
26
22
40
74
68
40
88
88
204
230
246
252
270
232
216
214
254
228
264
230
236
252
242
232
258
260
284
248
240
232
238
236
234
236
266
250
226
244
234
232
260
218
232
216
270
238
256
236
126
158
26
4
56
50
4
10
2
10
4
30
12
4
8
0
2
2
2
6
2
0
12
6
0
4
0
4
2
2
0
4
0
2
34
0
4
16
0
6
4
2
0
26
12
12
22
36
6
44
14
4
10
18
16
6
0
10
28
12
26
2
16
8
4
12
38
14
20
220
240
308
296
278
296
250
262
260
238
254
260
248
280
252
262
232
252
256
248
268
262
280
242
246
248
510
510
510
484
116
174
172
204
54
52
24
8
42
6
44
44
22
28
24
44
42
56
64
78
30
44
52
180
224
222
254
234
260
252
256
274
242
222
240
254
228
246
222
242
242
208
204
204
176
182
178
208
202
214
252
214
214
194
208
202
236
224
234
228
206
76
90
126
82
96
78
8
22
32
12
4
6
4
14
2
4
2
4
0
0
4
12
0
18
16
0
0
56
12
0
14
18
0
32
0
8
2
4
24
2
8
18
6
20
60
0
62
38
38
62
26
4
0
2
18
58
62
20
96
0
8
28
22
76
6
22
28
0
10
2
8
2
12
44
236
246
236
258
250
232
264
274
260
260
262
280
256
264
256
286
254
252
240
244
272
238
510
510
510
388
114
194
186
204
62
46
28
2
34
4
44
36
42
6
22
12
40
24
90
94
64
54
20
60
152
204
216
224
222
244
226
232
210
222
216
234
256
176
86
66
160
200
194
180
180
170
208
190
168
202
158
212
210
222
192
192
178
180
208
110
92
46
36
18
10
0
0
2
0
0
18
20
4
14
6
14
0
6
28
14
4
12
16
6
26
20
6
0
0
48
28
10
2
2
18
10
28
20
32
12
6
2
32
40
12
38
70
52
128
28
64
90
72
36
128
78
30
30
60
32
68
82
22
60
48
2
92
0
0
18
0
2
4
2
16
4
22
4
28
186
200
230
236
248
226
262
250
274
266
274
268
246
256
260
248
228
258
510
510
510
308
112
168
146
190
88
62
40
54
4
24
46
22
22
22
46
26
34
42
18
86
98
26
78
28
52
96
188
214
208
206
256
244
208
246
226
220
82
114
16
174
58
22
14
30
26
38
58
70
68
82
34
22
24
6
6
4
18
4
32
2
26
2
4
4
14
2
22
0
0
0
2
26
12
32
4
0
0
0
0
22
50
22
78
2
14
64
8
74
52
68
10
0
32
90
34
80
68
6
46
118
106
128
80
76
20
116
62
48
102
46
50
78
78
82
84
134
36
122
210
142
156
50
20
80
68
116
0
44
8
14
8
0
0
0
0
2
12
14
4
0
2
28
52
248
222
234
238
234
246
264
268
248
254
248
252
232
244
510
510
510
212
120
178
148
158
74
44
68
48
44
14
42
0
40
8
22
36
50
0
8
134
50
68
56
84
66
68
90
86
182
210
238
212
220
224
220
246
48
14
14
54
58
42
2
18
12
20
0
24
0
4
6
6
14
0
4
20
0
16
0
18
6
46
0
24
6
12
0
2
0
8
24
4
30
8
30
16
24
104
26
8
6
38
84
62
52
54
88
128
60
48
72
70
76
62
104
92
88
84
74
68
24
138
110
72
134
110
114
56
98
42
84
84
52
76
6
56
170
188
70
168
52
108
246
104
88
40
20
4
20
42
20
4
4
0
0
4
4
12
2
4
18
18
12
0
28
52
244
238
258
212
288
268
254
252
246
208
226
510
510
510
188
140
182
180
166
96
38
40
24
2
16
44
10
48
12
28
10
2
82
94
98
122
50
108
132
82
132
54
22
54
26
54
126
164
196
178
46
58
24
40
14
34
0
26
28
22
54
16
40
6
4
0
2
20
22
0
4
24
34
12
10
4
28
88
36
28
80
90
58
74
68
84
72
40
18
76
38
90
64
44
60
38
6
46
62
112
36
62
64
86
54
104
102
48
112
58
96
88
78
92
148
12
120
82
82
84
122
76
42
84
108
62
68
126
64
254
92
130
170
130
98
122
124
226
26
88
72
110
88
60
92
32
8
46
44
50
52
56
76
36
64
8
28
10
16
84
70
26
32
246
246
254
244
254
274
240
252
248
510
510
510
160
124
188
152
158
124
8
52
0
4
0
26
34
10
44
22
44
66
34
126
120
100
212
110
146
166
170
88
50
52
58
24
34
76
76
62
24
58
88
12
82
2
52
22
4
72
12
96
34
74
8
46
28
58
38
68
6
26
58
50
36
100
40
86
66
118
38
126
120
4
140
0
58
76
154
118
130
2
110
66
130
92
136
72
24
68
84
94
168
54
94
94
154
34
128
88
172
106
118
146
182
148
106
170
32
110
124
144
104
124
102
44
120
156
120
200
170
150
8
140
250
244
210
196
124
196
150
86
142
126
102
74
88
58
34
56
56
78
96
124
88
80
20
216
154
196
42
14
24
48
6
232
246
264
238
244
250
218
510
510
510
148
132
170
188
68
12
36
38
46
72
6
0
0
6
38
0
30
146
164
52
56
266
84
102
172
262
176
76
298
152
210
194
82
122
104
54
98
76
112
134
174
128
76
44
128
130
142
68
12
126
90
2
52
54
80
96
110
74
100
112
112
34
106
148
182
120
154
94
136
148
106
186
116
100
94
30
150
122
126
108
138
100
104
106
144
206
46
136
214
280
280
126
128
210
210
72
184
116
278
154
280
172
134
168
110
124
36
202
192
174
144
156
132
204
194
22
214
170
238
134
160
126
174
138
172
176
206
190
104
152
112
116
72
38
50
118
72
70
66
90
48
102
412
292
6
358
320
72
40
4
26
8
34
234
234
266
266
228
510
510
510
130
136
174
80
62
50
50
4
0
2
34
54
44
44
44
32
40
48
180
190
202
238
148
116
182
280
76
232
32
166
400
242
62
262
108
110
212
104
78
168
82
60
232
258
236
134
246
110
158
180
98
64
50
156
214
32
160
124
92
182
90
98
68
86
48
164
132
138
200
224
64
160
26
112
86
178
130
158
38
56
160
116
150
144
124
170
120
204
128
142
322
140
138
114
160
144
192
168
298
142
202
178
98
120
148
168
138
136
144
216
170
312
130
186
232
224
174
202
198
188
354
240
238
164
276
290
218
110
166
244
204
172
48
42
82
82
98
100
88
102
90
168
496
266
14
38
272
66
36
4
8
38
40
42
256
250
242
232
510
510
510
130
134
102
58
38
20
36
104
28
2
0
0
2
52
0
46
98
150
78
236
254
126
132
282
60
318
214
84
186
82
88
200
284
242
256
56
218
98
170
146
392
164
366
44
266
292
164
298
188
188
152
62
44
192
138
118
158
182
24
204
106
64
172
134
148
178
106
60
174
52
162
164
168
190
78
160
180
120
142
204
172
160
212
144
136
118
146
136
150
224
96
172
232
338
204
230
150
140
160
172
192
176
190
158
180
236
292
288
220
146
212
246
192
188
268
168
230
386
242
262
218
328
194
80
104
130
248
170
232
228
272
130
56
52
94
62
14
44
86
70
88
82
452
410
58
336
230
18
94
32
72
98
94
128
256
234
224
248
510
510
510
104
78
70
54
58
42
34
10
42
80
46
2
6
2
36
42
142
142
172
196
236
288
250
296
258
234
202
312
178
116
338
166
84
258
98
224
136
282
220
184
322
104
110
244
196
140
142
168
94
166
226
0
80
84
68
190
48
298
126
126
170
62
196
160
30
176
160
264
254
120
186
200
62
190
62
226
170
156
144
182
44
152
188
148
258
84
140
182
230
242
170
214
262
208
174
210
210
126
168
46
254
290
220
62
230
216
146
196
176
324
172
206
160
166
292
190
148
294
238
170
252
162
242
114
82
130
300
250
282
248
212
100
42
58
122
68
108
72
86
84
76
38
112
430
294
322
66
106
144
38
62
80
142
196
208
204
236
230
510
510
510
98
74
56
62
12
48
24
34
34
30
0
86
2
26
4
38
196
240
40
196
308
94
304
272
294
272
338
98
228
306
274
352
252
254
372
394
252
248
310
322
276
208
88
256
76
236
304
334
330
98
128
178
54
64
20
284
232
280
232
182
228
234
106
154
164
138
164
196
186
276
152
246
208
152
186
182
148
140
194
156
194
188
240
172
162
124
254
200
222
208
298
266
136
122
130
206
152
228
208
190
260
204
136
208
220
184
116
212
208
232
132
170
32
196
166
160
294
212
280
336
226
166
106
148
184
72
76
122
134
284
346
88
74
52
186
48
90
102
88
112
88
68
94
110
128
184
104
78
58
76
148
170
220
232
232
234
226
240
510
510
510
88
76
76
36
28
40
4
24
34
20
34
38
8
24
36
38
86
298
306
252
318
172
386
96
66
334
340
392
62
320
116
316
312
322
128
86
368
344
170
376
164
278
350
148
116
290
246
320
204
182
126
120
116
86
136
136
192
258
48
312
326
232
148
138
262
80
144
98
270
148
168
94
170
266
190
208
266
88
200
188
244
212
180
184
170
268
248
208
262
176
180
192
178
246
262
122
126
270
160
164
174
94
218
192
262
250
220
182
294
264
140
206
324
216
132
238
252
174
106
106
122
132
86
100
112
136
98
132
272
356
358
44
36
108
260
162
122
202
222
184
116
158
178
218
254
136
64
46
88
176
158
160
210
216
224
222
230
238
510
510
430
68
76
72
60
50
28
56
34
16
20
12
34
32
14
36
20
148
116
288
260
356
298
64
340
320
322
96
336
280
374
320
332
266
162
378
334
84
290
358
338
350
232
342
344
380
334
322
370
330
238
304
28
128
114
130
212
146
242
210
240
250
246
242
292
182
232
240
66
162
202
242
58
250
156
172
278
228
200
184
204
100
170
276
202
186
240
248
90
168
254
276
216
128
192
222
220
216
184
206
170
190
210
182
196
190
104
172
122
162
226
188
104
296
242
188
130
254
284
248
280
168
94
74
112
138
110
114
124
206
226
306
94
52
112
70
174
180
176
130
192
124
100
118
320
142
136
140
116
220
142
152
180
178
190
50
240
242
212
510
510
402
68
68
60
64
42
26
36
36
22
36
34
34
6
40
64
40
48
306
388
336
384
176
322
214
270
316
162
338
104
276
238
330
138
400
410
354
416
372
386
166
388
376
254
358
344
100
332
104
298
174
274
176
198
122
116
136
176
270
298
262
248
216
258
92
298
242
252
274
278
254
254
210
248
308
270
264
90
334
228
198
216
256
122
202
266
218
182
222
182
292
174
258
220
272
196
228
174
204
230
208
184
258
220
194
190
154
110
168
192
238
156
174
138
184
116
110
174
284
250
300
184
92
76
134
150
164
150
158
154
148
398
120
86
140
138
164
262
242
254
164
158
174
212
128
104
116
198
156
114
118
114
124
110
88
82
216
246
240
510
510
282
68
68
62
64
42
52
58
2
50
4
60
20
38
14
64
70
164
246
310
136
356
396
348
458
304
448
372
420
396
406
294
428
434
452
388
322
238
386
384
406
374
354
106
406
344
410
398
322
386
230
398
130
178
248
140
344
348
92
260
314
284
308
268
100
264
250
230
276
188
232
202
280
320
250
308
298
182
222
166
272
288
226
204
392
298
282
208
202
228
228
310
188
254
274
254
152
232
208
228
180
276
212
142
214
312
176
206
176
186
126
100
184
150
260
120
272
212
356
316
218
194
86
54
120
106
168
136
110
162
118
300
236
130
162
148
246
232
222
238
224
130
328
290
130
106
144
134
80
64
112
152
60
88
60
160
222
230
220
510
442
302
54
50
76
70
58
46
42
34
22
48
56
12
32
52
70
92
98
234
330
384
376
370
262
424
302
460
392
408
462
416
408
326
402
428
394
108
428
442
422
398
334
350
406
312
330
164
424
432
424
286
320
228
182
170
194
380
366
170
328
136
276
334
288
338
268
266
268
268
256
244
258
266
258
242
296
282
192
294
260
304
202
182
236
236
314
286
302
212
276
224
244
184
204
212
214
190
262
172
184
164
218
232
222
218
270
202
248
150
196
192
236
104
38
200
230
256
294
272
322
238
126
86
54
50
74
104
66
64
78
182
404
226
130
182
170
134
292
240
244
198
240
380
132
110
130
194
246
246
158
96
74
36
74
124
188
236
242
228
510
402
230
72
96
76
78
56
44
38
44
70
38
42
56
70
76
80
74
126
70
120
390
324
430
408
458
426
180
400
468
440
320
448
456
360
462
406
360
298
450
160
356
198
190
356
286
200
424
406
390
400
336
326
172
192
140
84
344
382
378
370
180
342
242
336
246
304
84
230
318
260
280
242
262
332
186
240
220
246
268
286
230
290
212
388
256
294
352
240
284
258
318
246
260
310
256
210
280
260
260
110
234
252
266
246
252
242
312
186
164
250
174
212
244
126
214
176
266
244
328
298
346
114
100
118
30
28
74
58
74
100
262
226
226
184
170
154
204
214
260
288
254
422
82
74
150
240
414
334
144
80
72
64
100
70
190
220
224
222
230
510
510
266
80
92
96
78
46
46
52
30
62
68
62
80
84
114
80
102
162
120
250
310
338
290
380
118
404
428
328
362
454
460
462
466
464
442
364
420
388
430
466
394
432
470
386
380
370
352
392
330
402
370
310
192
160
96
250
376
394
218
296
338
330
360
256
322
336
290
276
288
332
234
272
272
292
140
204
232
312
274
260
282
236
70
312
212
254
60
188
254
214
338
264
338
276
312
258
220
248
228
306
234
322
290
264
290
298
166
238
178
266
24
264
276
310
302
274
288
364
356
260
314
360
108
136
96
76
56
42
46
146
236
184
266
154
102
150
200
162
122
224
308
132
110
180
176
184
134
122
84
88
110
62
106
210
238
210
228
232
242
510
510
506
86
62
92
122
104
104
114
106
106
92
80
98
148
88
98
98
126
84
150
124
254
266
298
296
172
282
296
342
336
338
362
376
378
422
344
398
394
388
436
416
406
402
362
370
296
266
338
300
394
248
66
260
384
346
338
368
104
366
382
326
392
372
364
394
308
302
200
294
94
316
256
264
288
256
122
288
246
58
316
308
314
232
340
302
242
246
340
306
222
264
306
350
328
312
234
340
362
274
262
262
294
296
284
346
284
262
108
128
222
162
242
314
284
286
180
308
174
268
258
188
160
360
84
106
92
52
82
124
200
136
152
142
296
82
176
146
184
166
188
240
108
70
148
220
158
140
148
92
134
94
192
184
190
224
226
232
244
224
510
510
458
106
144
148
72
88
92
88
102
110
100
94
104
80
92
84
22
104
156
116
170
188
174
140
152
90
124
78
80
112
72
112
86
190
272
278
334
342
368
366
450
336
350
358
380
364
286
368
360
388
260
260
316
404
350
378
432
306
398
408
374
348
382
356
78
350
312
378
298
328
288
296
200
268
228
278
174
308
306
378
310
362
278
356
340
336
308
322
276
144
278
294
312
334
344
278
338
320
282
336
318
364
316
348
246
308
190
52
174
144
130
198
156
52
154
102
156
132
212
110
134
98
118
144
68
72
46
128
76
144
122
176
200
164
176
132
258
344
218
202
122
164
122
160
130
178
134
114
70
218
190
160
204
200
232
240
216
234
242
510
510
344
104
180
204
204
196
206
174
156
144
128
174
140
124
130
120
172
154
164
148
158
162
150
182
182
160
162
166
180
176
192
196
158
154
146
138
120
112
232
334
326
372
386
354
394
336
420
394
410
354
118
254
190
392
366
370
454
412
230
346
320
412
394
394
350
406
254
366
316
320
274
272
40
344
344
192
316
274
384
312
322
322
358
370
394
344
276
352
340
270
258
314
304
346
254
344
314
320
382
342
348
388
308
334
60
74
48
54
16
46
58
54
72
92
104
104
106
106
104
104
114
146
74
102
170
212
246
60
54
114
182
162
118
104
192
184
170
128
160
132
112
104
126
122
138
78
228
140
190
174
202
190
206
218
228
230
254
208
232
510
510
262
110
188
228
218
224
254
240
202
196
204
222
210
228
218
216
244
216
238
214
226
202
228
246
202
200
212
186
218
206
206
204
216
180
224
196
180
72
110
90
230
344
392
390
378
342
344
404
358
364
344
376
382
368
326
420
364
434
432
390
414
352
376
402
380
334
412
270
360
314
308
290
278
370
352
316
320
350
352
320
302
344
372
448
420
384
374
294
334
362
302
402
336
294
360
310
334
288
340
328
278
360
370
82
46
18
8
16
4
12
6
10
30
22
0
36
26
70
80
90
84
130
140
186
266
382
410
308
244
86
92
68
134
126
100
150
130
58
102
86
70
84
116
150
92
116
178
164
172
204
258
240
218
204
230
240
238
222
242
510
510
216
118
210
236
238
244
224
244
216
198
198
226
210
226
204
246
194
214
238
234
240
214
224
224
224
234
242
232
224
244
216
232
222
216
220
212
122
88
48
26
62
96
260
352
442
380
392
408
384
364
412
434
346
382
334
376
360
296
314
340
400
412
360
388
284
388
354
296
304
306
330
306
312
318
368
64
302
346
378
326
364
348
398
436
426
442
388
402
338
376
394
390
402
324
292
334
302
336
344
294
296
358
324
80
20
36
16
6
8
14
6
28
32
22
10
34
26
58
80
92
104
146
198
246
330
458
434
284
116
82
60
94
78
126
106
96
98
70
86
54
108
114
114
146
154
198
196
202
224
232
192
244
234
220
248
246
230
240
260
510
510
196
116
192
214
232
252
228
232
194
208
200
214
200
196
230
222
224
256
218
246
230
264
248
270
232
248
260
246
228
224
258
242
258
246
244
214
78
52
50
38
66
60
96
116
228
352
372
410
408
412
456
474
420
426
406
414
374
364
394
398
398
418
384
358
360
374
384
366
346
356
348
350
362
346
324
408
374
308
332
356
434
426
408
418
406
418
360
392
364
400
276
420
414
346
370
366
358
270
338
276
328
382
356
276
44
4
16
4
12
4
4
6
16
22
32
50
66
74
106
130
164
180
166
310
368
366
310
244
242
154
144
96
64
84
104
146
106
98
158
134
136
190
194
250
214
216
198
242
192
214
256
246
220
248
254
242
252
252
262
510
510
186
124
220
216
260
240
226
236
222
212
220
190
220
218
228
236
232
240
246
250
260
244
236
256
244
248
254
244
214
240
262
262
250
236
258
202
88
88
82
66
66
64
78
66
54
140
218
304
420
482
478
492
486
484
458
432
396
360
380
402
394
404
412
380
392
342
326
340
362
388
366
398
362
400
404
366
432
394
398
328
414
430
404
438
378
388
354
376
348
352
290
400
384
294
368
360
336
300
326
304
356
278
386
364
306
24
8
20
20
6
8
14
24
10
28
48
84
92
126
166
198
290
344
316
280
278
210
248
274
194
166
170
106
164
152
160
152
192
178
202
172
190
224
212
210
208
232
212
234
230
236
210
226
250
234
232
246
248
248
510
510
168
124
212
222
230
236
234
226
210
232
214
210
214
202
224
224
218
242
242
238
262
218
264
244
258
266
278
260
220
280
240
244
278
238
234
122
108
102
90
96
102
74
80
64
62
64
66
142
182
246
342
422
438
446
426
352
346
384
348
384
410
358
392
374
316
366
372
380
378
338
380
416
364
354
386
346
288
246
244
350
382
406
378
348
374
386
350
358
300
374
342
340
340
338
312
330
264
330
344
370
336
312
392
358
332
286
86
2
4
4
12
20
20
34
76
106
138
132
246
374
394
366
370
360
314
270
196
210
114
148
176
188
184
180
196
194
192
218
196
204
164
212
212
280
242
232
232
248
230
264
274
232
246
232
312
264
246
262
256
510
510
164
152
190
242
252
248
246
240
222
206
190
228
200
252
220
228
232
246
270
230
242
262
262
260
246
252
274
288
244
286
254
270
244
232
240
120
96
110
106
72
64
74
60
70
86
76
70
60
100
114
170
196
280
326
296
290
398
394
382
400
354
382
362
312
312
262
282
274
292
248
286
264
138
110
96
102
86
106
162
160
302
382
368
362
374
358
420
350
362
364
314
346
354
326
314
348
332
326
340
342
392
318
334
346
292
290
276
274
214
94
20
76
130
246
290
324
316
352
362
304
316
264
262
184
120
156
178
178
196
198
210
204
228
214
216
228
244
240
218
230
232
266
242
232
246
256
256
254
230
274
266
256
250
222
232
258
230
246
252
510
510
146
146
212
230
264
256
230
230
228
216
196
224
226
224
224
246
234
202
224
272
260
260
252
288
280
276
264
242
256
260
230
230
280
276
212
160
164
100
114
98
92
110
116
90
90
108
126
118
126
130
138
132
106
120
68
110
226
306
362
366
348
384
302
320
194
188
142
130
134
146
112
130
158
194
200
144
166
164
176
182
248
318
388
372
366
338
396
354
390
338
320
326
320
318
364
338
330
266
312
336
338
310
256
280
290
334
280
342
332
340
326
320
282
278
312
248
272
198
92
104
146
144
140
182
190
210
198
204
252
230
212
244
204
254
248
234
208
244
220
260
230
238
258
244
248
232
248
248
286
264
280
270
256
248
254
278
248
240
242
510
510
136
152
210
232
260
254
234
244
232
206
222
244
212
204
254
242
226
216
256
238
246
268
276
246
238
262
236
226
252
254
264
272
258
262
204
218
176
148
152
136
106
108
110
122
138
156
114
162
116
150
86
96
124
152
132
116
154
130
120
92
94
94
110
100
78
58
62
46
42
58
54
56
64
70
92
92
112
142
176
178
212
206
252
206
226
220
260
288
262
308
278
226
244
226
238
206
272
278
266
258
254
302
270
258
292
252
236
242
256
206
96
98
100
128
174
166
156
166
166
176
190
232
222
208
214
258
238
226
220
268
258
232
216
264
260
254
276
236
262
248
254
272
264
270
272
284
250
280
280
246
240
256
266
244
264
252
268
250
234
510
510
112
162
218
252
264
252
262
246
224
202
404
406
394
388
346
328
312
318
306
284
280
272
278
268
284
266
256
282
256
278
226
282
286
246
262
262
222
206
142
90
58
62
80
120
154
146
172
168
124
130
142
144
190
210
180
154
170
154
168
140
138
148
138
122
124
122
66
46
62
46
44
40
46
32
30
34
54
54
38
38
52
72
96
116
144
162
146
154
152
178
184
194
132
202
214
214
148
186
184
118
92
84
98
88
116
106
146
142
164
156
160
158
178
188
218
190
214
218
180
162
228
246
234
266
234
248
246
268
262
238
272
248
254
256
262
262
258
308
242
246
254
252
268
260
232
232
240
246
254
250
274
248
228
258
246
242
242
238
258
510
510
114
164
236
244
266
260
256
256
230
242
420
436
450
446
436
472
478
498
478
348
478
444
458
440
414
446
406
420
408
402
410
418
406
436
434
398
384
400
406
436
426
392
414
386
354
354
352
358
358
340
332
354
352
340
350
352
334
358
346
336
200
290
312
302
274
242
228
176
166
128
132
118
64
56
88
80
70
102
104
94
104
104
120
104
122
116
94
96
100
94
104
88
84
98
110
110
106
150
168
104
126
132
136
144
152
198
160
182
212
174
198
174
196
228
204
206
230
246
218
226
240
252
248
220
268
274
250
278
264
234
282
264
264
238
296
252
274
272
236
270
254
266
250
262
274
254
256
246
264
274
250
240
274
254
244
276
260
238
246
510
510
130
170
216
242
258
268
260
238
238
236
448
448
428
386
356
434
472
506
506
404
478
438
450
422
334
416
426
414
398
414
400
408
408
416
420
414
426
378
414
420
420
392
406
420
356
392
414
414
384
396
364
376
352
368
384
394
378
374
372
364
296
340
340
352
332
214
282
302
292
316
262
310
290
272
292
300
286
272
268
266
258
248
272
262
272
266
264
278
238
264
278
294
290
298
298
298
286
350
338
304
336
174
308
324
328
330
344
344
358
358
360
370
396
372
390
384
370
362
332
356
362
362
360
318
340
304
278
278
292
286
272
276
262
264
262
226
264
294
264
268
266
262
214
292
262
264
270
252
260
264
274
252
264
244
260
266
258
250
230
510
510
116
190
234
260
256
256
238
226
238
276
378
442
484
458
484
498
502
510
502
414
504
478
446
440
248
430
410
430
396
390
414
410
398
368
440
408
412
412
410
424
420
414
328
408
420
404
418
278
400
162
368
380
396
386
406
380
392
424
366
260
366
378
360
382
370
184
326
318
316
288
314
308
304
322
314
310
312
312
228
292
224
308
320
226
262
274
284
292
280
320
248
296
340
332
336
322
314
338
364
326
378
188
316
340
362
378
366
386
404
372
386
402
382
384
382
370
384
386
366
370
402
412
396
414
408
412
422
428
404
392
418
412
376
402
402
394
438
386
402
404
376
424
374
444
424
390
434
416
396
384
410
402
424
392
248
264
238
234
232
