510
510
510
292
118
190
170
232
214
216
230
220
24
10
26
76
144
124
140
156
148
162
170
176
182
200
196
168
196
170
188
168
190
172
178
208
158
196
202
172
166
146
68
74
60
70
74
50
104
80
58
74
82
90
44
98
114
206
210
142
166
188
220
190
228
194
220
216
182
228
220
112
110
96
172
132
126
118
134
130
98
142
166
112
146
146
158
142
272
316
268
272
280
304
344
358
316
314
286
294
328
252
232
286
290
252
278
314
310
306
298
286
262
348
338
510
510
510
510
462
510
508
510
508
510
510
510
510
436
456
452
452
474
464
504
494
500
506
500
504
500
510
510
510
510
510
510
264
202
232
226
216
196
186
154
102
508
510
510
510
510
510
510
510
284
160
166
240
232
206
240
228
222
24
12
24
94
110
130
108
136
142
140
182
158
144
174
176
144
154
182
166
176
186
204
182
238
196
192
198
220
176
204
98
48
50
94
80
72
84
72
84
66
96
116
88
78
86
92
204
254
168
172
200
208
220
238
220
192
208
218
112
60
156
112
148
144
126
94
122
98
118
140
116
128
122
154
162
106
182
270
248
290
278
254
296
310
312
328
248
258
280
264
276
280
258
300
278
276
290
298
272
282
282
346
344
510
510
510
510
130
508
290
500
400
508
506
510
510
424
442
466
468
432
456
496
498
504
498
494
504
504
510
510
510
510
510
510
300
232
230
212
200
198
182
142
96
502
510
510
510
510
510
510
510
234
114
172
206
216
154
114
158
168
2
16
24
24
102
114
108
124
158
142
184
148
172
160
192
158
218
206
188
182
164
174
190
190
216
226
230
188
196
196
100
84
88
86
86
96
78
90
228
148
44
100
106
108
98
86
88
196
188
204
216
162
144
218
210
208
230
126
160
112
120
88
132
108
146
138
132
144
148
142
112
134
132
148
188
180
196
262
274
274
240
274
272
294
298
312
282
222
296
304
264
278
260
274
268
264
304
292
272
298
262
338
328
510
510
510
510
460
482
152
508
506
126
508
356
510
426
442
430
468
448
444
486
488
496
476
494
496
494
510
510
498
510
508
508
286
210
224
204
170
202
178
142
114
498
510
510
510
510
510
510
510
272
144
182
234
108
92
94
104
14
4
10
22
18
22
76
112
108
116
172
194
196
154
156
196
194
194
182
202
166
220
222
200
196
190
192
206
164
188
76
100
78
68
86
90
78
90
68
222
178
94
90
80
88
84
90
98
92
192
174
236
218
208
220
232
190
136
114
136
90
124
122
110
110
114
136
114
166
130
178
162
86
106
146
206
172
156
208
258
302
296
312
270
236
234
288
236
168
254
292
286
268
248
258
302
272
268
268
250
232
268
342
306
510
510
510
510
510
508
508
510
510
490
140
140
510
404
418
430
418
450
460
498
466
488
474
492
488
496
506
510
508
510
510
506
350
204
196
188
188
194
170
142
118
482
510
510
510
510
510
510
510
292
150
218
146
86
90
38
22
64
24
60
2
8
18
30
24
38
120
146
168
174
172
194
186
186
186
188
190
214
192
192
226
170
220
210
138
82
94
88
82
66
44
84
84
110
84
60
100
98
74
92
84
92
98
106
122
130
78
104
198
166
210
174
230
136
114
114
124
124
126
108
122
136
114
120
140
202
158
234
256
220
224
346
374
362
386
418
428
420
438
470
430
414
348
334
330
264
270
272
220
196
202
188
158
230
210
210
226
168
144
196
152
510
510
510
510
510
168
150
218
488
504
508
510
510
202
204
192
192
176
192
214
222
220
224
194
244
234
196
206
218
192
208
212
190
204
178
184
170
184
180
164
114
368
510
510
510
510
510
510
510
272
106
202
184
82
42
84
46
66
28
76
48
48
24
74
68
164
244
342
436
472
498
500
502
490
490
498
470
454
434
442
386
382
336
278
282
252
246
234
260
256
204
260
250
264
246
268
268
306
282
258
228
248
260
280
262
270
232
220
308
256
286
242
266
300
250
268
238
300
258
292
280
220
248
284
296
274
244
270
250
254
216
248
202
226
238
216
264
244
246
246
216
196
210
262
164
182
258
222
268
288
264
238
238
222
240
218
220
208
218
206
160
508
508
508
508
510
510
510
510
510
510
510
510
510
200
186
208
194
216
192
174
224
164
196
220
196
206
246
194
188
190
178
188
214
186
202
168
182
166
156
160
126
322
510
510
510
510
510
510
510
222
142
200
190
92
92
40
0
32
26
70
46
46
68
230
220
226
256
284
298
270
286
294
244
288
340
340
300
250
292
324
314
326
308
274
312
274
278
266
272
282
300
282
292
284
264
278
312
240
268
280
304
296
296
270
280
274
258
232
266
290
308
290
242
292
276
276
280
264
238
202
218
290
168
232
168
206
200
266
280
214
158
264
174
234
250
220
230
192
216
246
228
244
252
232
228
216
188
204
244
226
240
194
228
238
204
256
218
182
164
184
214
202
158
156
162
136
122
100
132
140
402
500
510
510
156
242
194
190
198
182
174
182
178
210
152
166
188
206
210
178
178
202
192
178
194
160
192
160
170
194
148
122
250
510
510
510
510
510
510
510
238
138
192
218
20
66
32
68
34
84
24
34
58
42
18
186
224
246
264
228
264
280
300
272
304
276
270
256
248
308
334
296
304
280
242
274
270
282
236
264
270
280
266
262
288
288
268
278
268
232
288
238
264
296
300
280
214
288
272
296
272
220
250
294
266
288
288
270
248
186
118
62
104
102
138
54
88
36
8
184
182
200
260
206
204
254
174
198
220
182
220
252
232
224
204
230
160
208
236
226
170
182
238
224
198
166
184
234
212
152
178
176
170
162
230
204
198
172
182
210
198
146
170
158
180
182
198
164
166
198
196
146
182
184
170
160
196
168
172
178
198
188
144
216
182
180
162
190
156
132
166
160
112
210
510
510
510
510
510
510
510
244
142
196
164
102
72
66
32
72
66
50
14
66
28
30
32
202
226
298
246
320
246
290
338
328
272
280
342
296
300
272
288
314
240
252
312
266
282
274
248
224
242
226
242
288
294
312
238
244
244
274
282
278
274
284
290
276
288
248
270
264
244
254
274
258
252
250
180
176
34
88
64
58
88
38
52
66
52
98
74
46
62
36
46
150
240
220
188
208
190
174
206
218
194
238
248
244
170
156
110
62
40
38
16
24
30
14
32
22
14
34
24
40
78
60
80
66
76
56
80
64
92
70
106
88
152
116
140
172
174
174
194
214
164
194
182
150
158
164
162
194
200
184
174
142
180
156
114
136
154
158
120
110
170
510
510
510
510
510
510
510
246
142
192
78
50
72
76
46
32
22
68
20
4
82
62
66
40
210
244
252
218
252
286
330
280
270
302
308
296
298
294
296
318
268
268
222
262
294
282
276
256
276
254
226
230
238
296
264
230
246
254
230
252
254
274
254
238
264
276
262
244
224
232
248
164
244
80
76
6
20
54
40
46
50
40
12
40
54
44
0
8
0
32
32
36
48
14
28
34
6
4
40
22
40
4
18
22
16
32
10
34
2
12
16
40
54
12
20
14
44
34
36
90
34
70
64
40
30
78
52
50
60
60
62
58
22
20
38
72
54
86
100
112
166
180
160
150
170
170
158
172
150
180
178
134
190
146
152
144
166
132
166
128
140
510
510
510
510
510
510
510
238
132
178
90
100
0
58
70
48
66
38
40
66
34
68
72
126
40
214
224
216
236
270
292
280
266
276
244
306
336
292
296
258
274
294
308
264
242
296
260
230
188
224
218
204
220
218
216
276
242
270
258
238
252
236
266
268
256
280
278
230
236
172
158
236
26
48
6
30
14
30
8
46
14
30
18
38
20
46
36
46
12
8
0
4
18
4
2
0
0
6
0
24
6
2
8
0
18
6
0
2
0
16
22
0
12
50
2
0
8
4
24
14
52
28
32
52
18
62
64
32
46
108
46
112
42
4
74
6
2
48
6
12
18
50
94
76
164
156
156
162
176
152
142
158
154
152
144
158
168
126
134
140
128
510
510
510
510
510
510
510
232
120
186
104
78
80
76
78
42
68
60
62
64
48
70
68
106
32
68
170
226
278
256
266
256
288
272
292
256
288
250
308
294
232
268
272
260
274
230
216
218
202
216
236
250
256
230
256
258
262
246
262
258
224
216
244
236
252
204
230
224
206
222
170
84
64
0
42
2
4
6
2
2
4
2
20
6
0
4
2
2
4
2
0
0
16
6
4
0
0
4
4
0
34
30
48
22
0
6
0
56
2
48
0
6
22
14
0
20
14
10
26
146
40
86
32
116
188
132
210
260
108
104
62
84
58
66
22
56
18
0
28
14
32
44
12
26
82
88
84
172
166
142
154
162
160
180
164
158
120
164
132
112
118
510
510
510
510
510
510
510
216
146
220
56
76
72
70
32
66
70
40
74
44
54
48
76
50
88
36
56
174
240
238
250
240
276
312
278
278
284
294
242
272
282
290
252
172
36
2
2
42
210
188
230
248
246
290
272
218
272
232
240
232
204
206
246
240
220
224
222
190
172
108
138
68
64
34
14
4
12
6
14
6
2
0
8
26
4
38
12
48
0
6
0
2
6
34
10
6
0
0
36
46
2
30
26
2
42
0
42
66
18
42
40
12
100
20
32
18
26
14
68
92
32
122
52
96
86
90
108
294
92
134
170
84
88
88
4
42
0
0
34
52
34
22
12
12
16
22
20
118
76
74
138
144
166
172
154
132
108
110
110
112
126
510
510
510
510
510
510
510
224
138
178
44
72
58
52
6
72
6
2
2
72
46
36
86
104
84
30
88
14
192
226
228
238
268
278
272
280
248
252
250
270
272
294
82
44
50
86
44
26
24
38
38
238
206
260
238
268
246
252
222
218
242
228
134
88
38
38
36
14
24
16
24
16
2
36
12
30
42
28
0
8
8
2
20
2
0
0
2
0
8
0
20
2
2
8
0
2
10
24
0
14
6
0
52
76
22
44
16
72
6
16
46
12
48
66
16
46
88
212
72
42
38
118
18
92
64
66
54
104
76
42
106
122
146
122
82
70
30
18
4
36
46
34
6
0
6
6
2
14
18
18
32
60
82
142
148
130
150
98
130
100
112
510
510
510
510
510
510
510
226
126
206
76
2
52
30
64
50
72
52
2
38
42
46
40
96
94
66
34
98
98
178
220
236
244
270
264
270
264
260
272
270
274
174
42
94
6
64
60
68
30
0
0
24
28
0
18
6
24
16
20
36
20
50
2
38
0
2
22
14
18
2
8
0
0
2
4
20
2
4
32
0
18
2
10
4
0
96
2
0
64
16
2
26
26
26
8
30
2
40
0
34
0
24
30
52
34
50
72
102
116
70
94
42
24
64
36
30
78
50
76
58
78
98
36
172
64
62
46
70
140
102
162
178
172
58
144
104
52
16
58
36
54
24
2
42
36
0
8
20
8
0
26
24
20
22
46
56
110
94
130
118
106
510
510
510
510
510
510
510
234
124
180
68
12
56
44
58
70
42
22
4
50
44
62
10
22
42
70
108
26
88
90
44
218
248
184
218
234
254
224
262
246
218
66
48
44
64
34
12
26
4
8
36
40
20
4
36
2
20
22
10
22
70
2
38
4
66
22
66
0
4
2
20
0
0
0
8
22
2
4
96
0
142
2
0
0
28
2
4
80
2
54
66
40
20
18
18
4
2
46
20
36
44
32
22
52
80
0
40
94
8
94
70
84
54
62
86
86
70
2
78
50
150
158
156
60
98
132
80
82
80
58
178
6
172
170
66
84
68
28
48
30
62
74
54
52
70
66
94
82
50
30
32
14
8
38
54
88
142
42
130
116
96
510
510
510
510
510
510
510
236
134
212
146
32
30
54
72
50
66
48
30
58
98
64
36
28
76
88
16
140
44
74
28
98
70
88
222
228
196
254
258
196
114
52
30
52
22
26
16
56
0
54
54
4
4
18
38
24
62
116
110
60
32
84
30
46
130
80
26
80
82
32
68
10
32
54
54
48
20
2
108
168
64
116
106
42
44
46
20
68
92
48
8
38
6
22
18
52
38
22
12
72
4
24
92
156
42
40
58
80
50
44
10
106
70
140
4
204
54
176
134
108
112
88
116
152
92
38
90
128
158
96
132
142
130
126
92
100
98
86
42
66
54
92
78
28
72
84
140
116
130
112
70
34
138
270
178
54
56
78
168
112
82
510
510
510
510
510
510
510
222
112
210
164
46
68
32
60
4
32
68
26
26
88
16
6
10
86
0
54
104
134
30
78
64
28
30
44
36
36
52
68
26
86
78
76
42
192
154
64
2
116
12
110
114
4
24
18
92
8
152
14
140
142
192
154
124
176
96
86
36
72
80
70
32
72
74
62
62
4
62
84
8
88
78
6
58
4
2
50
64
2
76
42
76
64
58
48
46
96
72
66
50
54
48
146
26
78
158
76
188
22
80
118
126
176
110
88
164
78
140
148
116
92
164
170
156
58
82
104
166
144
24
104
112
108
112
78
120
58
80
70
64
24
42
42
34
92
100
96
90
100
138
54
374
130
14
172
266
70
50
32
190
174
508
510
510
510
510
510
510
200
92
218
160
20
30
54
54
54
4
54
32
60
42
76
46
130
54
112
128
96
176
124
30
138
120
152
178
70
124
126
130
130
54
268
226
54
196
184
130
82
82
176
192
188
72
142
70
6
184
106
134
16
238
136
46
76
104
148
210
148
10
92
66
98
2
84
14
150
98
90
50
74
0
96
82
100
88
44
42
100
26
40
102
74
36
72
10
66
48
84
42
26
16
90
82
134
110
126
174
204
52
84
110
122
172
142
104
140
202
178
244
104
94
148
104
52
70
92
270
156
130
100
94
124
134
100
92
70
24
80
30
56
62
52
26
60
90
168
114
110
96
122
154
454
72
10
38
326
76
48
54
38
76
172
376
510
510
510
510
510
192
114
194
126
68
0
96
14
88
36
70
70
0
58
0
80
104
12
76
124
148
192
228
244
252
242
142
188
222
120
192
126
56
198
176
120
220
56
226
106
172
104
158
72
56
92
54
26
148
210
130
22
200
252
64
308
128
130
66
106
152
72
96
108
52
80
126
148
240
32
116
86
218
108
92
26
102
108
84
14
98
74
74
46
114
84
90
54
98
86
178
116
22
142
128
88
156
190
184
268
138
84
88
72
234
172
124
136
128
126
128
102
138
186
154
110
96
138
110
224
138
98
232
122
118
66
128
98
56
46
54
56
64
76
42
84
58
82
24
98
120
124
142
156
404
348
38
362
372
60
80
44
56
74
98
110
506
510
510
510
510
190
118
210
54
20
96
28
12
36
104
54
82
52
80
78
70
156
152
64
214
212
208
248
220
218
128
198
218
64
194
64
232
228
68
244
234
276
272
278
282
230
100
216
262
124
164
222
184
62
162
188
32
202
80
124
144
138
128
94
154
134
94
120
178
78
126
44
158
98
118
128
152
132
6
114
142
108
98
104
90
126
72
128
108
154
184
72
268
102
42
162
174
68
96
94
124
132
130
216
108
106
134
100
88
126
152
96
138
214
120
110
136
84
202
46
90
88
76
80
68
134
130
132
126
108
82
64
26
48
48
40
58
166
36
20
76
46
2
80
50
76
78
66
74
218
430
270
398
254
74
78
76
60
96
238
122
224
510
510
510
510
210
112
212
36
6
32
62
34
44
24
74
6
28
58
68
42
126
206
128
250
180
286
136
248
202
298
128
178
200
168
228
146
288
116
326
240
236
166
140
346
48
208
262
266
90
26
50
276
110
150
130
112
112
48
108
122
28
264
34
80
144
84
218
136
108
50
94
108
98
42
116
116
88
104
0
202
174
62
108
150
172
130
42
112
122
184
186
182
158
50
204
278
160
120
86
190
148
0
132
118
112
176
140
106
138
50
114
92
144
60
54
172
134
198
88
98
112
242
168
124
50
162
94
98
116
94
104
16
32
14
42
46
56
74
32
46
34
80
62
58
22
36
72
66
38
40
220
140
206
188
134
70
48
162
238
222
508
510
510
510
510
196
128
208
66
4
32
50
52
34
50
42
2
12
90
72
130
196
186
264
286
52
22
338
82
134
252
236
204
168
276
80
330
190
314
308
316
286
82
188
266
54
308
90
242
66
280
162
166
228
130
184
44
130
56
94
276
72
102
230
304
122
10
204
114
166
46
166
200
102
134
120
162
144
88
94
222
250
132
120
132
72
180
152
232
160
138
106
68
150
104
234
186
204
190
136
184
128
120
156
206
178
136
10
70
168
242
162
114
170
160
74
126
130
72
134
116
76
168
88
70
38
84
90
148
58
76
112
16
12
44
50
60
62
90
106
124
86
126
120
100
82
92
50
76
70
150
180
234
216
114
90
74
100
178
460
510
510
510
510
510
510
198
122
192
12
62
40
50
94
74
0
18
48
64
98
52
58
152
132
60
216
230
228
288
124
316
134
322
322
198
294
300
60
306
304
68
224
52
284
88
306
160
128
248
312
188
72
232
124
184
80
170
64
100
158
26
162
186
64
138
124
162
212
212
26
116
202
132
80
198
240
42
252
112
162
134
200
132
232
112
200
32
194
196
226
172
134
174
208
132
88
184
100
154
178
178
110
122
208
118
188
108
218
14
90
56
160
162
178
164
152
84
6
202
102
122
114
124
98
154
92
74
128
148
92
76
96
36
68
18
46
46
38
46
30
74
94
56
96
66
122
96
124
88
176
166
302
272
174
68
138
68
122
174
48
504
510
510
510
510
510
510
160
114
42
36
52
76
36
0
72
0
96
50
14
14
94
140
218
116
212
220
284
38
150
52
330
324
80
136
306
86
310
230
84
330
356
172
150
324
250
282
138
256
112
356
214
142
192
72
216
176
164
284
116
226
268
178
258
100
150
102
204
180
124
166
236
74
124
42
114
166
200
152
130
144
144
134
130
136
110
112
84
160
156
186
108
210
150
200
98
90
126
58
76
176
170
140
34
136
106
158
94
138
114
78
66
132
156
204
126
102
120
78
134
64
66
50
58
4
144
60
110
146
64
58
22
28
34
54
38
54
30
80
34
48
82
88
104
112
128
78
72
154
126
150
278
164
144
60
148
160
114
150
52
52
502
510
510
510
510
510
510
168
78
70
48
14
44
70
48
44
38
58
38
56
64
100
34
118
268
136
226
148
256
296
262
198
300
318
248
334
300
82
212
336
352
138
336
310
294
238
234
334
266
100
116
238
254
212
242
206
54
232
82
184
168
288
198
270
312
174
218
210
142
196
158
316
218
164
128
246
66
228
210
174
166
110
244
106
112
206
108
170
96
116
208
126
114
216
222
88
176
34
110
168
96
166
202
26
230
228
168
174
160
98
120
112
110
218
112
172
164
36
102
78
124
164
94
104
74
88
24
178
220
108
24
36
40
42
62
40
98
58
72
14
22
86
84
148
188
104
160
162
66
146
148
146
146
78
214
170
212
94
52
60
58
478
496
310
508
510
510
510
132
44
52
32
76
14
72
40
62
40
38
22
32
70
44
122
200
146
222
322
234
280
62
276
362
178
328
336
76
324
328
366
330
302
282
354
352
366
284
284
154
260
350
212
292
58
268
296
386
314
262
200
316
266
354
130
358
86
224
208
176
280
226
222
300
204
296
336
230
206
254
156
260
120
260
102
192
94
98
112
156
104
206
132
130
274
124
142
50
248
120
224
144
110
118
130
232
204
258
180
160
96
124
152
86
140
174
236
242
144
108
70
146
26
116
82
96
106
154
110
194
274
112
86
34
44
22
22
28
28
60
80
96
48
104
146
106
70
220
152
258
108
220
140
164
78
148
130
92
128
84
110
132
212
226
218
138
160
510
510
510
114
56
26
16
6
46
44
58
48
70
34
64
24
34
50
108
198
194
118
222
296
214
340
276
340
382
146
386
390
266
246
360
366
224
392
402
154
368
408
160
372
354
312
304
400
322
90
168
334
400
168
124
370
376
364
378
390
404
406
214
294
232
312
114
318
262
220
314
196
236
310
180
204
132
242
118
82
162
114
92
66
122
26
244
230
260
216
212
118
140
196
172
220
128
182
156
66
156
240
202
92
212
126
160
48
148
216
172
44
132
178
106
120
38
138
166
140
148
90
102
170
102
142
88
38
24
22
30
22
18
68
36
70
82
100
194
178
210
194
236
164
140
144
284
112
80
60
84
174
168
176
224
240
150
140
142
116
502
510
510
508
80
72
76
34
70
42
52
64
70
44
44
34
30
76
94
126
106
70
242
176
254
298
298
248
246
142
346
432
302
414
392
414
276
378
312
394
420
386
414
378
384
366
374
102
384
392
384
378
318
116
130
254
332
114
356
380
134
384
312
332
120
324
314
162
224
234
140
256
294
310
280
20
246
278
108
204
278
6
204
76
120
246
206
170
170
250
276
194
86
178
216
116
168
200
106
146
152
112
204
208
204
212
82
80
122
82
146
216
122
168
104
74
208
120
120
156
134
0
104
260
266
180
204
120
46
40
32
34
40
24
28
102
30
56
84
106
150
258
240
236
172
272
274
344
68
88
136
194
278
248
142
94
98
154
106
100
238
510
510
510
510
74
94
60
58
56
46
44
34
42
22
54
70
4
38
40
56
152
246
288
302
314
316
310
342
262
404
216
434
374
412
330
346
370
334
380
420
258
280
306
448
352
128
442
430
412
312
306
322
230
218
256
302
300
72
356
384
384
346
224
260
274
226
82
294
236
314
242
276
16
238
128
78
180
166
178
96
202
134
282
144
196
206
196
146
284
258
178
208
182
122
228
196
150
148
140
124
98
218
110
110
168
112
134
94
150
88
196
158
158
174
112
106
136
108
136
224
116
102
200
302
188
74
126
116
42
56
56
28
20
32
34
84
92
76
116
144
262
238
268
154
290
266
394
160
92
80
126
260
304
232
100
96
98
92
124
178
500
510
510
510
344
104
54
52
60
44
74
70
10
78
80
44
40
88
78
84
44
108
214
130
296
110
270
292
276
304
264
292
368
374
104
360
348
350
316
342
436
362
380
392
414
368
366
348
204
374
86
286
270
214
208
314
146
206
360
340
342
294
314
224
326
260
384
150
262
300
280
380
252
184
198
222
212
288
216
132
234
194
146
324
168
214
176
268
196
180
106
176
292
168
16
240
248
180
266
136
118
28
96
178
68
116
62
100
170
142
108
94
176
98
90
84
78
140
88
174
74
132
240
6
126
106
36
88
74
34
38
50
26
24
34
54
66
98
24
64
146
196
256
118
218
244
288
102
80
64
92
242
152
166
150
68
88
68
90
200
506
510
510
510
510
170
92
62
74
32
82
114
82
82
4
70
86
76
94
44
86
56
108
128
228
118
282
216
220
220
208
170
154
134
182
220
234
252
294
336
340
396
386
390
366
306
164
294
346
368
386
342
286
356
348
90
292
222
330
192
330
102
298
270
322
344
254
416
312
192
336
302
306
294
136
284
320
240
116
178
154
272
266
250
252
44
192
244
110
234
186
126
208
258
172
186
172
156
126
78
136
126
86
152
112
168
154
118
180
174
20
38
30
40
30
0
24
6
42
14
114
130
88
152
96
66
38
28
46
42
50
18
40
50
62
32
22
114
36
72
20
82
90
168
128
28
120
280
76
34
94
204
118
64
126
70
62
114
158
44
90
510
510
510
510
510
228
78
24
76
24
62
78
58
92
32
40
88
72
98
40
92
34
102
74
132
186
218
166
122
108
102
66
42
52
74
76
58
62
142
192
258
282
292
362
246
304
336
316
256
358
320
312
234
72
352
322
278
284
310
276
340
376
358
352
386
294
236
232
372
286
360
360
254
136
216
348
288
324
128
196
236
300
306
284
190
260
238
108
198
124
132
174
204
150
164
122
228
170
150
234
234
80
116
198
210
184
110
170
160
230
54
10
6
2
32
4
20
10
14
36
46
74
78
72
80
68
96
30
10
12
54
88
52
36
76
62
118
24
84
50
74
68
114
64
86
48
146
160
74
70
56
72
112
54
66
76
72
90
80
48
92
510
510
510
510
510
272
80
52
66
52
74
82
92
70
18
62
84
100
132
52
80
130
26
130
122
122
54
20
28
58
102
166
158
150
138
178
198
150
144
116
108
72
102
198
182
330
334
336
304
196
72
258
264
200
328
358
316
344
344
248
330
400
140
400
424
98
270
94
354
398
124
288
346
116
292
36
302
194
190
238
30
206
296
298
352
236
324
76
294
194
174
154
282
286
276
200
168
266
190
190
122
200
184
262
144
170
142
246
216
58
216
4
8
6
0
2
14
8
2
12
2
6
2
18
26
52
54
72
48
70
70
52
124
112
120
6
26
146
92
40
74
92
132
54
66
38
44
22
32
46
40
42
38
46
56
58
96
80
104
62
100
506
510
510
510
340
242
80
64
38
60
42
60
38
36
8
82
0
78
112
72
86
42
64
46
74
92
130
172
180
192
198
194
202
218
242
212
224
206
182
172
154
128
64
100
170
248
298
294
326
234
268
108
374
376
332
366
300
238
388
176
230
276
362
314
370
326
338
352
340
356
308
282
216
64
194
312
310
288
264
318
238
306
320
188
294
290
282
282
262
180
270
260
170
210
308
220
244
194
170
138
38
216
222
162
102
194
236
210
190
108
164
12
4
28
8
2
8
0
4
10
4
0
6
6
20
18
32
64
64
86
108
126
130
202
56
28
42
60
68
18
10
30
58
32
30
34
38
58
50
32
54
26
24
62
88
104
116
102
110
82
78
510
510
510
510
324
118
98
22
64
92
34
22
54
74
52
106
102
90
70
84
46
68
138
180
202
204
224
218
182
252
224
232
238
206
246
218
182
228
240
192
168
62
72
78
92
102
162
290
206
266
412
394
310
390
302
320
202
386
366
330
276
356
148
386
358
218
174
298
260
306
314
40
292
182
330
236
158
102
218
250
288
304
290
176
378
122
296
320
206
142
264
226
284
162
202
232
230
174
144
270
180
262
258
224
256
246
184
222
232
240
94
136
2
0
2
0
0
2
0
2
2
2
4
6
40
28
68
44
88
118
136
120
196
142
128
44
6
8
4
8
42
10
44
34
24
12
32
20
12
28
48
64
84
102
108
110
94
114
102
82
84
510
510
510
510
510
510
110
58
90
124
100
62
82
102
74
8
30
58
118
184
194
212
228
250
198
270
264
208
252
252
272
238
256
246
238
222
246
232
202
184
94
68
92
78
64
70
108
60
228
84
320
358
346
396
284
360
378
358
248
252
264
264
312
332
286
268
216
350
222
288
230
250
198
334
114
208
270
280
234
198
216
220
264
230
48
220
220
240
298
70
308
310
148
260
164
174
240
142
104
216
138
214
242
278
206
166
144
214
236
222
116
162
128
80
20
4
12
4
4
14
6
6
14
10
22
44
82
88
106
120
112
218
176
182
152
74
42
38
20
52
50
46
22
60
62
90
70
46
32
38
64
86
92
102
112
126
126
128
122
104
82
508
510
510
510
510
510
154
106
176
208
156
86
78
126
166
186
206
220
232
232
220
242
254
280
228
240
272
234
276
258
256
256
260
252
260
254
270
244
228
206
86
92
94
80
56
76
60
72
78
94
188
246
288
392
374
390
372
368
296
308
368
96
360
312
300
96
326
292
338
122
310
294
244
360
264
268
346
312
296
224
318
84
184
274
260
264
328
294
366
270
302
334
354
246
184
292
268
238
152
178
130
254
176
174
184
130
164
176
192
240
174
248
278
130
242
64
0
4
0
8
10
16
22
40
52
72
98
144
270
156
208
184
170
140
184
202
180
92
80
82
50
38
72
52
28
50
64
78
74
88
86
88
116
116
122
146
146
136
146
118
92
510
510
510
510
510
510
194
116
216
244
238
226
226
254
204
266
230
226
286
240
246
230
240
274
252
234
248
264
242
272
218
256
228
240
244
266
294
268
232
238
70
40
72
62
70
54
36
78
84
62
102
104
134
196
244
354
278
380
304
358
342
378
374
286
358
314
306
290
292
308
322
84
342
282
222
280
302
324
286
262
306
310
262
260
282
364
364
284
276
240
256
324
382
230
306
366
278
294
286
238
210
244
50
164
192
234
144
150
232
226
242
230
258
292
264
262
240
256
134
212
84
164
218
236
188
294
222
204
196
240
192
158
170
204
174
52
14
22
38
48
50
62
92
94
90
92
94
102
92
86
118
84
122
112
142
134
160
166
156
116
98
510
510
510
510
510
510
226
108
222
290
260
232
290
244
244
264
274
246
236
264
274
248
290
284
252
270
266
228
282
274
260
242
262
278
264
274
268
264
272
172
64
54
44
76
96
150
88
74
174
110
88
194
200
148
110
184
238
266
222
266
328
328
330
292
298
320
344
320
338
290
326
354
328
252
292
266
254
318
260
198
204
126
102
182
224
264
330
256
220
222
256
356
376
314
350
298
364
348
292
230
260
202
260
256
298
276
212
260
232
322
284
256
312
318
336
310
266
246
300
348
336
290
326
282
262
268
202
250
144
180
172
50
42
58
68
64
84
76
96
100
94
86
114
118
106
94
84
98
94
104
102
122
86
114
136
146
166
162
130
124
88
508
510
510
510
510
510
210
146
210
238
248
254
276
252
282
292
260
258
276
254
272
280
274
266
278
252
252
258
270
286
274
276
266
270
256
250
298
280
264
188
160
138
138
108
182
90
102
146
118
118
134
94
116
152
154
142
94
54
54
88
118
228
236
192
216
222
254
260
222
210
120
100
66
80
52
54
68
80
86
82
64
52
78
98
102
182
210
354
314
240
268
288
322
274
300
268
266
252
260
226
198
212
252
212
298
252
304
318
338
260
288
214
310
256
254
300
300
242
298
276
310
256
228
240
212
206
114
112
148
154
148
164
128
192
196
196
208
234
226
250
282
288
296
328
332
344
306
332
264
352
310
342
132
126
154
160
162
174
152
126
88
508
510
510
510
510
506
130
114
222
242
260
258
264
264
408
426
438
418
414
442
462
432
452
448
430
424
446
436
448
418
416
390
406
446
368
432
460
462
462
378
256
186
174
150
108
106
138
120
104
112
122
136
106
118
122
130
140
240
260
280
268
206
144
132
122
120
130
154
152
154
72
50
66
88
108
182
180
196
162
152
136
116
116
76
92
94
226
282
220
208
240
206
206
232
270
296
220
234
206
160
194
218
240
258
226
262
212
280
294
240
232
256
210
236
250
228
192
202
218
224
208
140
114
114
138
178
196
188
204
200
256
188
92
226
204
238
244
152
282
292
324
356
320
382
384
346
356
306
330
326
348
352
126
134
156
156
188
166
156
132
88
508
510
510
510
510
508
172
156
204
274
258
286
244
254
406
408
434
410
420
426
422
416
428
430
424
438
406
430
430
458
398
410
426
420
380
420
422
422
408
372
378
332
168
160
158
172
140
154
144
146
142
146
184
258
260
232
222
316
330
300
310
212
282
314
220
302
284
254
248
214
124
52
34
50
4
30
18
40
32
52
80
70
78
86
100
150
118
124
116
142
94
134
172
180
236
200
160
180
212
188
140
194
218
204
204
230
166
212
206
156
204
198
222
208
192
122
116
108
132
176
164
130
224
124
200
240
254
218
240
218
226
258
178
116
224
278
268
176
314
298
316
360
306
384
380
420
322
384
360
348
388
362
144
172
182
192
174
184
160
138
98
510
510
510
510
510
510
146
106
146
174
246
264
296
264
468
416
430
382
426
414
438
428
416
394
428
406
408
426
382
416
416
420
414
408
356
380
440
422
444
376
384
410
378
328
316
180
292
298
316
302
294
314
370
350
368
334
266
368
346
334
352
284
346
338
342
354
310
230
324
276
250
220
184
176
118
32
50
46
40
66
68
102
122
72
142
128
144
124
98
122
110
114
138
110
92
124
126
112
80
82
114
108
120
126
98
94
128
144
156
144
80
128
164
172
172
128
198
210
210
214
166
126
238
214
254
242
166
242
252
262
268
258
260
248
270
280
264
158
288
298
300
318
244
276
334
356
300
186
230
212
240
252
116
162
156
168
198
184
164
144
104
506
510
510
510
510
510
184
120
218
270
264
242
256
248
436
418
450
366
398
420
408
418
454
408
442
446
428
440
366
422
378
424
434
432
376
428
430
430
452
348
406
394
428
380
358
302
346
332
350
352
252
300
318
282
262
230
264
272
260
260
258
252
272
280
298
260
284
308
312
256
284
246
254
274
260
228
212
180
188
172
180
200
128
162
200
178
102
170
176
206
188
182
168
154
162
176
186
172
160
178
220
238
216
216
178
194
266
212
238
222
228
238
230
170
280
240
250
186
254
268
256
258
284
294
284
264
306
316
284
300
308
284
316
306
252
316
350
312
322
338
356
370
366
406
372
410
408
398
314
406
426
396
144
154
164
170
200
154
166
140
104
508
510
510
510
510
510
202
142
222
256
230
250
250
280
394
412
414
444
416
404
432
424
432
422
422
414
420
428
402
448
422
404
412
432
436
432
418
450
422
454
444
452
448
438
386
422
406
388
400
380
398
362
398
380
402
388
386
414
412
328
378
384
396
308
388
394
362
352
390
336
334
282
306
300
296
284
286
238
250
240
224
202
166
220
226
234
112
218
208
224
222
226
226
246
234
226
228
232
270
236
276
218
252
246
292
296
290
280
228
308
288
294
286
190
296
278
276
170
272
294
274
262
304
298
308
298
276
286
312
290
316
334
296
316
298
350
340
302
306
344
342
264
354
392
344
254
428
448
376
266
434
416
150
160
132
168
182
200
160
128
114
508
510
510
