510
510
510
510
510
176
156
158
178
230
198
204
232
216
482
500
502
500
504
504
498
492
480
478
484
480
482
444
444
456
460
454
444
438
510
162
510
502
176
508
150
510
168
510
510
510
490
344
310
288
290
274
322
314
292
258
294
284
284
280
296
356
310
288
316
290
288
296
266
258
288
304
290
302
216
194
168
120
130
158
166
152
122
144
142
126
142
140
94
134
206
258
232
264
244
216
222
190
216
210
232
210
222
196
216
192
124
74
116
118
66
88
94
100
44
68
86
84
72
62
108
196
226
164
228
186
202
146
242
210
206
100
150
160
198
186
202
194
176
174
182
186
136
154
186
130
54
24
52
44
352
268
236
228
234
268
218
154
182
510
510
510
510
510
510
510
164
118
132
116
188
190
204
210
218
216
210
250
226
250
214
236
214
268
392
426
458
458
470
434
436
432
412
422
494
510
232
276
510
334
508
148
506
178
510
510
510
468
372
312
306
306
298
308
298
290
272
296
272
284
278
308
308
306
318
288
314
310
278
282
260
296
274
290
280
166
148
160
118
170
186
154
154
134
142
94
132
116
136
142
142
122
214
244
252
210
224
230
156
172
254
228
210
180
238
198
212
90
78
84
90
96
88
116
106
56
58
98
68
76
98
90
172
222
196
180
198
192
206
188
226
206
138
138
192
190
190
184
168
182
174
156
176
150
132
144
174
118
14
44
38
386
250
216
244
250
258
174
146
196
510
510
510
510
510
510
510
120
102
122
88
94
122
192
206
220
206
188
208
200
214
242
192
226
256
254
226
222
212
236
230
242
234
228
222
504
510
508
510
508
508
510
508
510
510
510
510
510
422
348
290
284
304
314
316
294
308
240
312
282
260
268
298
268
236
268
304
296
308
308
338
266
258
300
258
174
200
188
152
152
124
134
162
150
160
140
146
126
136
110
92
108
146
252
236
238
220
206
210
212
158
254
230
234
210
190
214
136
112
78
118
126
106
86
118
76
46
86
122
88
36
86
102
172
176
206
196
198
172
198
168
188
174
132
148
156
178
224
186
186
184
186
144
156
156
136
158
162
114
28
30
32
374
250
232
240
234
228
206
144
212
510
510
510
510
510
510
510
132
100
96
116
100
70
108
124
210
192
208
220
232
214
214
226
190
238
200
212
212
228
226
230
240
228
250
234
508
510
442
356
392
432
446
460
508
510
510
510
510
348
232
292
396
480
402
342
318
286
288
272
266
292
296
292
256
212
238
302
250
320
318
274
284
268
274
216
172
162
116
58
112
90
136
46
42
58
76
156
130
120
166
86
110
92
126
220
224
244
240
200
240
182
222
206
190
242
234
92
114
124
80
62
92
94
78
118
72
52
82
92
8
16
54
112
160
186
182
162
186
172
212
210
220
186
166
154
164
196
200
192
172
182
164
190
156
148
118
148
148
118
42
24
38
318
262
252
268
230
224
204
152
218
510
510
510
510
510
510
510
108
98
92
68
100
90
44
90
104
128
194
196
210
206
238
220
202
230
198
238
208
214
216
236
254
254
240
252
510
510
508
510
508
508
508
510
508
508
508
508
508
240
282
204
222
262
244
266
234
260
228
234
208
234
178
204
226
376
374
326
210
242
220
186
264
256
272
134
40
66
122
34
110
54
76
86
50
102
80
80
28
14
112
64
108
108
114
154
224
264
226
216
190
210
222
208
212
244
106
84
118
112
70
94
92
88
92
86
64
38
82
76
28
16
16
70
132
168
194
166
136
182
158
190
158
192
172
190
172
164
152
166
150
160
174
184
144
116
128
146
148
116
48
56
48
300
254
240
254
224
248
204
134
212
510
510
510
510
510
510
510
102
98
70
36
92
64
104
106
54
128
88
182
218
226
204
222
202
194
230
222
230
234
208
236
220
216
252
218
220
204
178
164
192
198
206
210
200
188
232
178
202
202
236
230
206
258
258
242
238
256
228
236
250
256
228
238
248
260
256
216
222
244
244
222
186
74
114
38
44
28
40
18
54
62
64
10
38
100
50
4
2
0
42
2
2
36
46
58
74
80
64
78
66
44
64
32
68
34
56
50
54
62
60
78
32
20
68
98
4
48
60
34
54
54
70
30
84
40
66
52
62
88
56
56
78
162
194
160
170
154
184
178
188
206
144
172
132
142
122
152
108
122
52
32
56
294
274
216
232
262
214
192
128
226
510
510
510
510
510
510
508
80
94
82
54
62
56
48
38
94
56
126
80
166
204
214
200
198
222
230
232
246
194
232
222
236
242
270
204
270
242
216
240
252
242
258
220
246
266
234
250
214
260
216
236
222
228
258
266
236
234
268
232
258
232
210
220
224
266
208
236
244
266
250
198
40
60
40
68
56
48
36
4
8
2
22
26
16
24
52
80
20
2
0
0
0
14
16
0
6
4
16
2
12
2
10
48
6
44
20
42
56
32
86
36
52
72
56
40
54
8
190
24
66
46
64
20
2
30
48
0
12
66
24
50
40
54
56
64
108
36
88
198
176
170
158
156
162
122
126
146
152
102
42
30
62
236
236
208
222
228
218
174
118
228
510
510
510
510
510
510
506
80
74
76
58
66
58
28
58
28
84
96
126
40
132
194
204
224
244
240
238
250
238
216
242
250
220
256
230
236
252
224
264
254
250
238
258
260
260
260
216
210
210
206
200
204
230
226
240
238
212
252
268
238
242
260
228
226
208
222
264
210
204
250
20
22
78
8
40
38
48
2
8
2
6
12
2
12
4
2
18
14
4
2
30
10
56
36
66
18
46
48
42
36
62
6
12
2
68
76
52
10
0
0
32
4
28
50
52
58
16
26
32
0
20
30
20
14
30
40
0
72
32
14
2
34
8
8
62
94
52
44
76
40
40
170
178
156
142
106
124
130
44
42
48
50
216
176
254
212
234
228
202
142
240
510
510
510
510
510
510
406
94
92
76
56
34
68
28
76
68
64
80
100
104
72
82
176
230
206
234
246
230
210
226
204
244
218
246
184
246
236
212
262
232
274
230
268
266
220
208
220
232
200
210
230
178
178
206
180
216
280
282
232
242
240
234
258
230
220
210
260
208
200
60
68
6
28
22
44
12
22
0
2
28
2
8
22
12
6
2
2
60
50
20
28
0
2
2
72
108
6
62
166
120
2
6
0
72
18
42
34
0
16
8
0
10
28
84
72
48
40
6
90
22
146
96
110
26
26
2
56
58
144
136
162
30
142
0
56
4
10
2
34
18
18
38
8
90
120
118
132
96
8
28
18
34
236
224
214
192
242
214
202
130
276
510
510
510
510
510
510
242
88
66
66
64
46
34
82
44
54
82
72
30
98
106
52
66
178
212
258
218
246
216
246
238
216
234
218
214
216
236
212
208
260
238
222
30
72
80
74
62
202
222
170
200
228
204
202
196
222
198
200
252
224
236
222
206
212
184
218
244
180
118
54
44
2
4
18
2
6
2
32
28
34
4
10
0
0
2
2
2
12
6
0
6
22
2
72
12
16
28
0
0
10
40
12
62
172
6
48
106
42
0
44
66
98
54
64
48
18
98
212
192
78
202
174
52
98
46
54
86
76
122
94
10
106
20
4
72
38
12
58
82
2
14
2
12
24
6
68
42
10
26
16
8
32
248
222
236
196
228
206
170
132
330
510
510
510
510
510
510
154
84
70
70
72
70
0
86
78
2
82
84
70
60
52
106
86
58
116
202
204
214
244
204
208
218
224
256
240
254
200
238
232
212
152
102
70
110
56
74
112
82
46
28
36
124
134
116
100
92
96
70
80
42
92
28
24
52
94
2
60
32
18
6
38
4
18
18
46
0
30
0
4
2
0
28
8
0
6
2
8
0
2
28
68
2
34
2
2
6
2
2
20
46
4
88
48
114
42
116
98
128
88
96
70
132
86
142
98
108
32
224
46
42
94
16
102
42
150
130
128
100
120
104
10
144
98
184
74
86
24
2
78
10
24
14
10
16
28
44
34
14
6
16
36
48
212
216
222
208
190
216
190
138
410
510
510
510
510
510
510
142
86
84
48
96
82
16
90
24
58
22
70
46
76
64
48
28
66
60
86
172
220
244
210
204
232
232
230
246
232
198
216
238
146
32
156
58
46
78
38
90
24
6
76
104
44
28
4
90
74
90
4
52
20
2
8
6
4
2
34
30
6
4
2
0
66
4
2
10
4
8
42
4
0
4
8
4
100
20
0
20
58
62
2
16
6
4
10
30
118
204
168
106
72
138
130
138
66
160
24
76
74
108
58
126
114
168
188
148
154
88
86
40
118
118
62
96
38
12
164
126
136
78
78
138
80
180
54
84
62
60
98
100
58
2
16
6
4
4
4
32
54
54
28
48
14
236
196
222
202
178
194
170
122
474
510
508
510
510
510
510
130
112
72
86
62
12
62
74
30
54
94
56
30
84
114
90
64
60
104
106
60
194
200
204
194
232
200
232
218
236
216
232
230
128
78
70
92
112
84
62
64
48
50
142
82
206
104
52
86
0
26
110
66
90
0
100
50
0
60
4
34
6
78
60
14
18
2
64
2
86
88
70
90
92
8
134
64
60
54
86
94
78
76
70
94
60
64
116
12
46
2
58
2
120
196
134
138
62
92
154
84
124
128
92
142
14
192
108
220
168
98
134
60
112
102
84
172
62
88
94
70
118
238
310
158
100
76
84
62
86
102
92
106
62
2
26
68
22
54
76
82
54
4
14
40
46
74
212
224
230
222
192
174
112
498
510
510
510
510
510
510
112
92
74
46
76
54
62
44
16
70
80
38
16
18
62
74
90
96
128
94
66
60
132
192
202
178
200
208
192
198
174
214
210
82
52
110
78
82
68
104
82
56
78
4
248
12
10
204
38
72
74
94
14
80
76
62
76
108
82
188
0
100
88
90
64
30
60
6
66
96
8
40
48
40
58
88
106
46
46
20
58
32
84
0
46
94
54
82
146
84
108
24
92
94
180
24
130
88
76
4
132
118
120
138
166
166
200
76
120
150
304
114
116
138
100
230
86
60
10
138
90
152
108
44
96
140
80
58
98
88
104
112
112
28
60
98
84
50
64
154
102
132
140
80
4
26
48
86
32
232
230
208
154
114
506
510
510
510
510
510
510
114
54
76
72
54
62
60
44
18
94
72
90
88
98
2
22
62
96
160
104
88
112
92
84
38
44
74
52
48
44
60
76
16
36
62
122
76
58
124
104
120
34
156
218
160
200
106
132
58
108
62
98
216
68
198
164
194
278
306
24
42
106
74
144
60
82
44
86
54
56
88
122
172
118
134
18
138
26
56
74
116
106
130
56
88
110
66
156
136
96
152
150
120
200
134
98
92
126
130
178
154
100
68
122
162
238
212
146
228
284
172
214
262
178
204
38
160
98
182
108
114
124
70
104
78
128
112
64
84
76
132
118
60
74
72
6
74
120
114
110
164
156
172
80
30
180
168
90
86
132
134
200
172
116
506
510
510
510
510
510
510
114
66
44
62
58
76
60
56
4
56
44
64
66
78
30
86
88
148
66
186
210
122
108
120
102
36
68
20
100
104
100
180
192
198
240
110
66
204
136
284
120
270
116
240
220
264
102
172
134
218
200
58
110
210
206
100
96
198
102
166
102
174
118
152
142
152
80
88
114
30
112
180
180
74
130
170
118
134
56
184
86
162
156
84
42
126
88
126
134
178
128
276
192
196
36
228
300
128
86
162
120
16
258
210
98
136
256
178
174
262
150
280
60
210
118
156
138
98
100
68
78
170
126
114
100
130
120
198
114
84
174
148
58
42
54
20
120
118
76
104
128
186
178
154
394
220
114
138
90
28
120
104
164
106
510
510
510
510
510
510
510
112
72
40
54
6
80
0
42
68
24
66
24
86
64
82
50
32
76
166
170
122
60
190
184
82
116
228
194
92
98
156
82
216
88
260
326
256
188
214
98
240
196
98
160
140
218
106
190
308
90
148
122
194
78
176
160
144
152
28
180
122
98
46
106
98
160
98
86
116
92
104
300
68
118
108
134
64
156
14
168
112
110
182
78
172
146
130
2
198
194
134
50
222
192
98
106
292
152
152
138
150
144
272
96
80
106
240
202
226
266
198
322
56
210
194
116
116
120
130
98
70
100
62
158
102
104
136
88
130
88
54
98
60
118
40
110
108
90
116
118
86
180
176
136
450
48
6
278
140
102
68
76
136
110
510
510
510
510
510
510
508
118
110
58
62
66
70
52
48
52
92
70
64
26
74
32
130
174
152
258
202
184
164
152
190
216
192
86
148
232
122
108
110
266
188
48
268
180
152
242
190
224
194
218
60
168
206
302
288
258
178
56
78
224
202
208
110
144
114
132
62
178
116
22
182
150
110
76
184
94
140
138
160
50
114
162
180
32
196
130
82
108
200
194
192
124
188
172
136
186
250
178
234
214
244
186
150
98
164
114
164
80
150
132
184
210
108
190
102
178
268
200
186
194
204
176
318
236
164
106
100
136
94
104
114
136
138
160
196
62
72
78
82
68
2
48
90
132
118
102
134
166
84
122
158
446
80
6
316
166
80
44
36
92
154
506
510
510
510
510
510
504
120
136
70
54
50
64
76
54
70
72
86
40
68
48
108
214
114
260
242
166
44
228
166
238
200
176
286
176
242
80
256
206
110
300
78
258
126
220
216
288
322
50
256
266
130
108
372
208
104
164
220
136
252
76
248
52
180
220
148
220
240
294
192
210
142
40
106
110
138
132
8
132
210
152
118
154
126
204
98
72
178
44
134
104
102
138
112
180
200
94
250
158
262
144
152
38
164
124
210
144
98
166
132
266
166
152
240
186
142
238
126
174
232
170
86
238
122
118
98
106
198
90
106
96
150
130
90
58
46
70
88
34
286
24
44
68
126
8
100
124
122
128
126
200
444
276
314
364
188
60
48
54
48
90
192
510
510
510
510
510
384
126
114
58
56
58
66
54
58
60
16
56
22
42
90
108
258
128
174
306
286
202
62
40
192
84
152
220
308
274
112
160
78
246
328
302
190
266
132
340
126
300
320
324
210
88
312
168
90
150
190
112
210
328
214
302
308
146
20
190
158
188
242
290
194
138
182
130
166
54
192
40
150
156
156
112
196
92
130
128
210
104
26
146
212
180
182
78
166
210
70
282
130
194
144
184
34
262
178
194
166
158
180
116
208
116
116
228
282
212
194
200
140
174
180
182
218
162
150
82
104
118
104
96
148
130
116
84
138
52
42
88
50
76
92
66
106
70
50
124
56
58
132
70
124
232
402
334
324
64
98
104
96
88
108
120
456
510
510
510
510
240
122
136
46
62
10
44
4
76
4
64
72
50
62
54
76
258
220
142
316
260
74
110
256
286
258
262
310
140
46
278
260
114
220
156
338
278
272
104
200
280
294
186
254
104
200
170
190
72
172
254
242
96
276
260
250
128
282
86
236
254
38
252
252
122
134
174
72
98
80
202
236
128
152
254
186
222
190
116
164
156
158
108
186
150
152
200
156
110
222
130
192
216
268
232
118
154
200
212
232
164
226
222
32
134
130
132
226
200
126
134
164
216
234
146
116
278
108
122
62
44
36
96
160
134
130
52
92
88
68
56
70
4
54
74
28
108
152
80
118
104
126
74
118
64
60
92
166
88
130
126
110
52
114
114
200
416
510
510
510
510
154
128
110
34
36
46
18
82
42
92
54
58
2
66
80
214
266
214
272
308
322
210
172
108
316
206
300
252
342
106
222
84
300
270
274
300
48
294
260
34
146
262
104
170
318
302
178
306
216
324
152
240
278
286
128
324
82
214
284
240
250
178
230
204
272
194
66
136
242
170
250
170
164
66
126
170
146
140
200
150
136
132
118
104
204
186
232
94
162
136
124
230
274
138
204
116
154
274
190
264
130
144
136
72
202
156
214
276
184
182
94
96
160
188
108
120
194
158
212
92
78
78
118
112
102
90
74
78
22
60
58
70
82
54
104
64
198
150
180
158
110
200
154
154
170
90
196
208
154
314
114
112
98
126
194
508
510
510
510
510
510
150
122
98
50
38
70
30
82
82
58
52
68
64
100
102
196
234
256
176
310
290
196
288
258
264
232
248
168
250
184
234
238
226
282
238
318
246
264
328
294
266
316
294
236
240
122
282
354
208
284
100
302
226
250
226
276
206
190
290
296
252
230
190
200
156
196
214
202
158
168
246
118
216
198
152
184
182
148
34
164
182
332
148
120
134
210
212
162
170
178
216
206
214
314
164
86
134
30
176
216
146
66
118
268
176
140
18
160
194
192
92
122
152
102
230
182
176
164
192
152
26
114
150
126
52
26
98
70
50
44
90
96
232
40
66
96
222
144
196
148
160
130
188
168
216
122
240
92
166
84
126
112
202
98
76
510
510
510
510
510
510
136
140
110
48
44
10
20
8
26
4
44
82
80
56
92
72
212
188
64
272
124
242
234
126
114
322
276
164
286
194
318
354
102
330
358
118
344
92
266
146
368
114
350
318
222
170
266
62
152
300
306
62
310
330
282
268
196
160
262
258
238
230
116
176
124
134
312
12
188
182
48
150
306
274
276
112
174
142
202
86
236
246
146
98
178
198
124
132
230
146
162
280
312
8
276
148
204
4
224
200
166
14
264
290
246
188
94
206
126
118
124
190
132
86
98
26
76
120
78
40
76
148
152
104
50
36
88
88
60
102
118
64
168
40
78
92
140
212
170
206
92
140
82
140
196
212
188
210
120
190
76
200
132
70
72
510
510
510
510
510
510
130
110
138
50
42
28
52
70
16
60
22
64
56
104
106
232
262
326
196
178
276
98
350
320
102
332
104
322
226
284
318
334
322
360
326
164
254
228
336
72
300
200
322
324
62
350
314
134
188
250
176
196
268
246
158
158
222
54
306
54
236
360
230
242
240
148
164
182
264
244
176
104
254
214
250
12
216
256
282
136
300
110
126
62
152
158
240
12
240
134
248
308
260
208
272
288
242
154
234
116
104
232
292
230
150
180
192
208
274
84
120
72
134
206
198
72
98
106
10
46
88
182
144
96
28
36
90
72
78
86
110
110
116
126
80
114
92
150
166
110
44
236
196
240
236
212
250
142
202
176
192
126
144
88
64
508
510
510
510
510
510
146
182
82
42
26
10
50
4
108
30
96
94
56
60
134
174
278
178
272
322
62
304
250
232
296
66
306
330
318
358
330
358
352
332
120
362
114
290
374
338
298
336
284
346
308
272
308
332
332
352
310
326
282
314
290
298
340
306
236
148
180
330
310
170
122
220
164
178
200
184
208
164
26
212
270
172
246
188
262
228
144
200
130
232
0
260
318
210
162
152
2
192
280
290
192
268
330
238
258
94
186
198
198
148
138
166
254
144
236
108
82
108
224
158
264
146
154
216
170
56
72
200
168
86
58
68
64
74
60
66
56
130
92
114
114
112
116
118
150
110
88
150
232
220
162
228
20
230
226
180
142
134
112
68
98
232
366
510
510
510
510
198
146
74
36
86
64
46
64
38
52
56
88
86
30
96
176
138
224
212
124
266
270
284
290
284
264
314
76
368
72
378
366
154
356
150
382
288
342
320
384
158
106
302
358
314
346
330
154
282
328
302
312
346
158
238
84
312
280
196
192
144
322
344
186
112
188
144
208
188
200
152
192
212
236
204
274
162
156
200
254
150
168
166
178
148
216
260
300
242
216
50
188
306
256
242
162
216
236
256
112
40
312
126
256
222
210
4
156
184
84
206
150
132
212
306
188
160
200
154
174
152
186
128
50
46
52
38
34
32
38
94
144
42
98
56
72
88
224
184
96
254
224
240
180
294
82
146
204
160
70
68
100
138
166
122
170
196
510
510
510
510
120
142
100
90
56
14
44
6
58
56
74
18
42
8
4
64
182
200
284
68
294
296
302
322
190
148
318
290
358
372
312
336
348
222
362
394
382
382
182
384
332
260
372
164
266
262
186
296
344
130
330
214
158
262
244
200
148
72
250
312
220
276
230
296
276
32
254
340
278
170
166
70
74
274
150
218
40
236
242
280
158
162
232
126
276
250
260
134
268
172
182
244
252
106
222
148
126
212
188
268
38
244
174
252
82
120
232
160
188
184
140
156
222
178
152
258
276
208
298
198
160
296
84
80
40
42
30
64
42
36
44
108
20
98
178
82
60
158
300
192
226
246
244
276
390
140
188
122
274
292
228
116
142
150
124
154
268
510
510
510
510
108
98
100
122
140
70
120
54
98
76
78
28
102
36
118
156
178
234
136
280
250
246
294
286
318
312
342
254
358
340
386
286
326
264
368
362
174
316
198
308
314
296
332
376
310
152
280
338
360
102
220
206
298
210
284
280
164
184
202
308
64
294
240
194
132
172
302
136
122
170
240
228
208
254
230
116
188
240
34
116
208
192
236
224
254
254
242
202
194
194
144
220
226
22
216
170
122
194
132
164
82
144
312
132
106
138
166
162
130
160
176
214
170
116
202
270
340
256
318
148
162
136
112
92
32
58
86
34
32
38
68
80
106
76
152
94
128
274
66
292
316
214
228
426
100
138
156
204
374
308
252
174
122
98
96
200
504
510
506
510
504
86
84
86
82
58
82
32
74
8
72
90
88
58
74
76
54
168
290
282
138
256
278
296
318
302
166
270
92
308
292
292
334
358
378
364
314
292
374
334
240
92
330
140
226
322
320
332
272
268
342
312
320
318
308
272
158
242
244
216
162
62
296
204
264
160
332
298
200
2
262
44
260
234
120
90
230
290
206
286
138
222
232
234
214
174
292
224
182
186
176
98
194
306
194
146
148
122
248
148
146
226
78
200
204
226
230
230
108
70
102
186
222
264
266
204
208
318
210
236
202
156
62
138
52
56
94
68
48
30
74
46
96
208
26
200
140
190
182
96
236
232
306
318
86
60
144
174
238
150
242
188
128
50
144
202
392
510
510
510
510
394
94
56
78
68
66
70
68
90
40
70
120
18
106
84
68
60
68
246
188
192
288
98
196
96
248
226
246
218
160
188
98
248
210
318
318
316
332
340
278
284
298
302
310
346
296
318
308
288
316
288
270
134
310
278
244
296
260
186
228
212
260
216
330
192
288
240
292
324
174
160
216
286
264
160
222
170
200
200
232
192
126
196
142
134
212
224
12
248
178
238
204
232
262
206
120
204
132
116
152
216
158
264
122
174
108
128
58
70
76
86
132
110
162
166
160
220
2
104
100
126
136
92
60
116
32
42
22
40
54
26
34
100
182
168
110
112
134
180
234
68
194
264
234
114
122
54
224
156
70
108
60
156
160
226
378
510
510
510
506
508
208
98
88
84
68
76
88
94
62
66
80
102
62
92
68
82
126
114
82
220
140
210
194
174
138
116
128
108
32
52
46
30
54
62
112
164
228
220
218
284
114
312
266
258
228
316
292
56
184
254
242
306
170
286
216
246
120
258
184
222
282
318
296
322
194
276
0
248
244
254
272
264
222
240
240
238
168
232
226
210
282
166
176
302
122
208
196
192
282
190
176
182
92
214
260
178
148
182
216
184
218
114
154
152
126
6
18
0
10
20
22
50
58
66
64
88
76
110
104
146
144
136
82
40
30
80
66
46
42
34
74
110
96
184
178
170
152
130
114
80
74
206
168
198
112
26
200
108
102
56
50
116
178
224
166
114
510
510
510
508
510
142
88
102
60
44
38
70
70
44
114
96
54
66
106
72
112
132
88
104
94
168
138
110
62
78
40
50
72
114
122
122
140
132
118
106
82
30
76
120
170
268
272
264
222
312
310
264
308
288
304
288
340
362
342
322
294
328
316
122
300
290
304
36
328
312
298
276
248
230
262
272
156
304
36
212
272
228
298
44
196
252
240
292
196
262
266
278
214
228
104
154
240
274
138
248
238
232
308
140
244
202
268
216
132
52
14
22
0
8
6
8
16
12
28
36
18
26
58
52
80
90
106
116
82
100
126
174
208
122
158
12
54
40
142
68
92
100
246
196
102
98
132
128
102
32
124
70
90
98
152
90
94
272
142
72
134
510
510
510
510
510
132
70
72
64
60
46
30
72
64
44
96
92
42
100
124
94
108
110
110
92
130
32
62
54
90
132
118
134
132
146
118
154
172
172
142
120
44
64
84
172
200
228
322
312
330
290
310
324
336
344
318
246
316
324
294
54
308
314
308
332
260
310
260
322
222
290
228
236
206
270
10
192
294
242
254
270
330
296
320
226
266
310
244
218
286
190
180
268
240
212
138
234
224
226
300
280
210
266
232
114
252
236
232
226
134
22
26
2
10
4
18
12
6
4
6
18
10
10
46
38
78
76
90
118
140
152
146
362
354
142
60
78
76
108
84
4
96
142
74
4
24
62
64
98
92
90
60
98
78
70
112
142
186
170
66
136
510
510
510
510
510
120
60
54
62
16
76
12
82
62
58
60
66
112
110
114
106
86
68
44
68
60
88
120
188
176
186
182
154
154
170
152
150
172
164
154
120
48
58
56
42
94
136
246
308
318
286
336
312
330
356
322
340
288
234
256
236
288
256
230
210
240
184
250
270
212
36
182
222
192
194
178
254
294
298
222
294
288
42
294
294
280
322
300
264
100
248
186
324
232
190
178
282
266
276
308
186
244
196
246
232
216
156
268
178
230
196
2
2
10
12
4
6
2
6
14
8
24
54
50
54
78
86
80
122
178
152
190
296
350
254
118
104
56
88
92
134
90
74
38
78
44
66
66
90
84
66
94
72
66
114
188
186
174
170
72
158
510
510
510
510
510
102
52
108
38
94
44
64
54
74
80
70
106
102
136
104
104
94
104
52
84
136
176
156
212
222
224
176
138
148
166
214
198
194
220
200
102
28
20
12
22
2
54
88
152
154
270
292
252
254
344
92
378
306
328
306
254
222
260
242
180
300
176
236
194
264
254
196
180
194
216
270
190
198
216
268
274
300
192
290
268
300
80
296
286
294
326
82
270
272
200
182
180
204
256
326
212
206
234
260
136
222
272
182
154
248
186
128
6
4
12
8
12
18
12
10
16
48
20
60
72
114
98
114
126
132
178
190
244
298
258
172
92
76
132
122
166
62
24
52
16
20
32
46
40
36
90
108
138
164
200
184
212
192
162
84
220
510
510
510
510
510
106
92
98
84
60
66
86
30
92
86
54
94
110
108
26
86
66
96
134
176
214
234
224
196
190
194
194
192
194
224
146
226
166
224
180
88
46
28
4
34
0
2
20
74
98
170
162
230
272
300
334
350
328
312
324
318
272
248
290
218
232
258
238
216
196
240
212
224
176
244
272
238
212
172
192
286
228
224
238
314
264
294
328
220
258
308
290
216
246
186
272
270
198
282
272
258
250
252
204
274
284
192
202
180
212
184
228
142
14
2
4
28
4
6
24
6
42
24
56
38
114
140
174
262
206
228
268
270
276
268
170
116
88
38
72
42
62
42
56
96
102
50
44
130
66
150
152
188
190
212
238
238
194
148
100
310
510
510
510
510
510
92
70
96
84
76
46
60
60
86
66
108
108
82
114
68
134
166
202
190
190
272
266
290
266
258
232
234
246
192
228
242
250
208
210
200
96
84
84
46
40
78
90
62
62
68
78
78
108
182
248
278
324
300
312
294
236
226
240
192
222
268
238
238
228
232
208
240
210
258
274
232
218
194
212
190
176
258
184
220
240
308
330
292
260
368
334
340
224
270
270
304
248
264
310
358
236
204
306
174
266
224
256
262
238
234
174
248
178
294
64
2
4
4
22
24
46
52
58
76
94
150
354
340
198
266
322
276
282
262
254
164
148
124
122
130
64
76
52
36
66
88
98
168
192
164
204
208
162
196
206
204
236
206
106
100
394
510
510
510
510
510
88
86
84
70
80
80
54
66
28
102
110
34
68
148
188
198
186
208
194
202
204
290
312
280
316
328
318
256
248
220
230
262
172
204
184
76
90
74
96
78
88
80
88
74
24
74
102
86
100
130
166
232
264
224
222
290
312
256
218
182
178
204
192
228
250
218
240
196
246
174
214
204
140
134
114
134
102
134
196
150
228
372
218
168
322
316
332
334
330
320
292
292
212
280
260
270
284
314
328
294
300
282
258
308
236
218
248
164
258
296
300
168
84
80
92
278
322
248
264
330
266
342
304
274
268
238
220
182
182
234
162
88
64
62
84
88
122
146
140
186
192
176
174
244
236
198
200
208
238
202
216
236
220
164
100
460
510
510
510
510
510
100
68
90
80
74
100
102
116
104
70
90
142
202
198
228
200
218
234
232
188
176
206
258
248
276
282
262
278
242
228
248
236
204
190
182
120
76
106
90
70
100
76
88
54
68
90
86
76
118
110
106
76
104
58
48
82
152
206
172
134
198
212
186
234
186
114
102
82
86
70
84
102
80
98
102
126
92
102
116
136
120
246
258
354
326
372
316
186
264
280
312
224
306
214
298
234
248
282
292
298
328
258
346
338
332
312
264
320
332
360
248
268
268
272
278
294
338
314
302
336
272
252
198
218
244
214
94
88
98
116
134
130
170
180
186
156
206
184
186
208
194
202
170
198
200
232
234
242
206
244
236
250
204
166
104
504
510
510
510
510
504
100
132
152
136
138
116
94
90
116
340
336
408
380
378
418
432
446
454
330
472
394
308
340
270
272
228
224
238
284
212
252
296
246
210
182
122
120
140
114
96
100
82
76
102
88
102
70
98
60
82
58
56
90
114
106
94
86
60
50
68
56
64
58
112
120
64
38
132
206
250
226
210
242
192
212
200
182
136
110
120
94
140
258
294
298
268
288
268
236
280
256
254
286
198
200
222
286
280
282
276
236
296
316
294
292
320
274
286
282
306
318
244
294
282
276
268
230
242
218
226
144
72
64
92
124
140
158
172
184
178
154
186
186
190
192
208
214
198
206
216
234
224
204
206
258
224
238
226
228
224
226
258
238
166
100
506
510
510
510
510
364
114
158
192
202
210
206
176
164
184
384
398
410
410
442
430
462
472
470
406
448
424
400
390
390
376
362
394
372
360
374
360
336
314
270
210
176
130
110
106
124
130
110
122
110
72
66
102
52
86
116
160
142
128
174
150
162
148
138
126
96
98
126
130
78
106
84
56
48
28
2
28
18
16
26
58
68
80
86
96
96
108
104
128
108
164
182
208
212
222
208
190
158
170
164
176
198
204
172
152
202
196
210
228
262
254
268
266
258
254
234
220
238
230
176
132
66
90
80
94
126
146
164
162
166
192
192
200
204
206
190
214
182
248
204
228
228
222
230
232
236
256
236
200
208
232
224
228
230
262
246
234
234
254
182
106
508
510
510
510
510
222
114
184
198
228
194
220
208
208
196
362
414
270
266
436
412
442
504
464
450
430
422
408
390
392
392
416
384
354
344
338
360
360
338
342
362
344
276
192
148
142
80
96
202
166
212
196
154
114
160
192
186
184
200
186
160
176
154
146
134
148
168
140
150
106
122
130
78
66
100
36
48
48
44
32
34
44
58
52
54
54
62
66
64
64
62
62
80
66
62
52
76
78
92
88
102
124
142
160
106
132
128
122
140
142
158
108
98
82
70
62
100
88
90
114
148
170
164
192
188
180
176
200
200
216
210
228
204
202
228
242
224
224
252
214
230
254
218
242
218
200
218
250
234
212
230
240
258
254
256
230
244
280
230
160
100
504
510
510
510
510
204
112
184
212
200
218
210
200
192
244
304
428
448
428
436
398
492
468
478
444
358
412
434
404
388
394
394
376
260
356
356
304
348
372
360
366
350
368
376
360
332
316
320
342
324
324
332
316
308
340
346
340
334
340
334
324
330
302
284
242
186
148
144
172
116
118
122
104
88
80
88
78
70
70
86
82
66
92
84
84
82
76
72
88
58
84
86
78
78
92
102
82
98
92
112
100
92
144
138
134
144
136
134
160
136
148
162
156
158
186
200
164
190
192
176
184
202
204
222
228
220
240
216
200
216
244
214
252
256
228
228
230
236
238
234
238
228
198
246
238
206
212
210
226
242
252
242
234
218
214
266
252
232
244
150
108
510
510
510
510
510
186
124
184
230
228
198
206
216
212
196
412
442
448
454
450
468
450
446
308
332
364
414
404
362
404
402
348
386
372
368
352
324
372
370
380
370
346
368
342
362
350
296
326
350
374
362
350
354
348
352
340
350
344
344
330
318
348
332
274
342
326
342
318
286
292
272
246
240
128
256
234
150
110
86
106
116
118
114
112
128
94
92
102
100
96
92
100
102
110
120
130
130
128
132
132
182
182
182
208
202
188
188
170
144
168
202
206
200
216
222
210
198
218
234
208
206
218
216
218
210
224
254
212
242
226
246
234
224
238
220
222
222
238
252
268
250
242
230
230
242
252
256
262
252
268
260
260
232
250
230
270
218
242
242
186
104
510
510
510
510
510
174
142
180
202
212
200
204
218
222
222
416
452
458
458
450
444
454
454
456
422
446
412
392
388
410
394
390
362
374
330
294
250
240
340
372
380
350
326
348
370
354
336
284
362
390
388
388
320
352
352
372
364
368
356
362
346
370
340
224
350
338
350
336
168
302
298
290
274
136
256
248
266
254
260
256
274
258
252
236
272
274
244
262
232
158
114
120
140
124
164
172
150
158
160
152
170
226
214
218
190
170
226
196
232
216
212
190
214
224
222
196
238
238
238
202
250
236
252
250
224
248
238
260
250
238
282
242
248
274
268
244
242
236
258
274
248
236
264
230
242
266
288
222
224
274
258
250
270
238
222
252
276
258
220
174
96
510
510
510
510
