210
244
208
252
226
6
18
16
24
8
14
78
126
80
116
132
116
116
104
110
150
118
120
124
152
128
140
136
120
112
156
144
126
118
172
154
118
40
36
44
54
46
38
32
38
56
170
160
78
50
76
70
66
66
70
62
80
218
160
200
214
170
152
210
244
202
128
88
122
80
90
130
96
86
74
96
60
82
98
90
96
92
112
92
92
124
122
170
172
190
260
290
274
274
166
244
186
296
320
160
234
214
256
250
234
254
240
232
282
272
294
254
270
278
280
344
338
346
322
334
508
510
510
510
510
86
144
510
164
120
510
424
106
104
510
510
484
508
510
510
510
510
510
510
510
510
510
510
510
510
510
510
300
300
288
276
270
276
244
188
82
252
252
246
278
224
24
10
14
12
12
20
18
32
26
100
116
120
120
146
178
132
146
142
138
124
146
136
120
144
148
180
162
138
146
46
62
58
50
56
54
54
66
66
60
60
54
54
60
64
62
56
72
70
82
60
76
84
90
104
102
226
246
222
216
234
142
114
110
88
60
106
86
110
76
98
80
86
74
98
98
86
78
84
100
114
106
126
104
130
150
178
154
186
172
174
166
170
156
154
192
214
208
236
228
214
198
218
220
244
258
274
278
282
256
284
330
330
316
326
328
370
510
510
510
506
90
116
510
136
510
510
226
476
508
510
510
486
504
508
504
506
506
508
504
508
508
506
508
508
508
508
508
282
304
282
274
258
294
260
208
92
212
208
210
222
198
284
178
250
326
346
370
422
438
448
476
438
376
396
362
434
388
330
312
294
274
300
308
282
250
294
264
284
290
246
250
242
260
242
212
278
258
270
268
240
278
218
238
266
200
280
240
262
280
310
256
256
264
288
236
252
254
266
228
272
288
262
270
212
278
136
122
94
80
48
0
50
46
60
38
50
50
14
2
184
254
218
194
132
232
188
220
280
226
236
242
210
194
238
232
236
224
220
236
208
230
180
190
216
216
216
196
190
234
234
240
172
230
232
234
246
144
510
510
510
510
508
510
510
106
96
510
146
510
510
510
510
278
286
262
276
278
280
288
286
302
304
296
284
296
274
302
274
280
282
272
260
254
276
268
216
94
266
238
220
236
228
198
36
66
162
158
224
216
260
264
250
270
240
250
262
288
294
274
284
278
274
244
276
260
268
250
270
262
262
250
272
270
260
258
288
260
274
216
246
300
292
276
296
246
138
252
246
256
238
242
234
276
252
226
252
248
260
258
226
210
190
214
232
58
94
46
48
68
38
40
38
20
16
20
56
4
42
48
30
22
40
26
6
14
46
234
188
140
194
176
184
250
212
190
216
220
200
214
194
204
220
238
216
146
112
94
32
32
20
12
20
22
26
26
62
48
70
94
118
272
508
508
508
508
508
506
506
328
130
106
114
510
252
274
252
260
252
256
296
274
274
276
286
300
294
292
298
274
288
252
268
246
256
272
246
214
116
252
256
252
246
94
74
58
74
68
66
38
134
190
240
226
258
310
252
250
256
250
264
260
270
256
258
234
288
292
254
266
282
246
310
286
264
304
288
244
270
240
266
226
232
252
262
244
236
226
266
264
280
260
256
240
230
254
270
216
232
256
258
230
282
192
166
50
14
30
2
0
6
4
0
2
2
4
4
2
10
16
4
2
12
18
16
26
12
6
16
18
4
0
6
6
2
16
12
8
14
18
2
10
8
32
0
0
6
40
18
2
22
18
58
20
22
24
10
22
22
22
34
40
40
54
86
50
58
54
76
96
310
504
510
510
510
252
240
268
276
250
250
280
258
272
264
268
290
306
288
280
272
262
274
252
276
264
240
262
208
116
236
240
254
230
98
60
60
62
54
46
36
60
2
160
228
258
242
280
262
256
244
256
260
262
238
252
280
266
254
284
290
270
242
272
282
262
278
270
246
278
266
242
256
282
252
252
234
258
258
254
286
256
240
242
270
244
262
236
224
226
232
236
254
244
230
136
28
20
2
10
32
2
2
4
20
36
2
12
12
38
36
4
26
4
2
0
2
2
22
28
2
14
18
44
6
26
4
26
2
16
8
6
6
36
4
4
0
2
22
18
0
12
8
10
12
14
8
10
58
22
66
26
36
16
22
14
18
72
16
22
44
72
40
78
44
80
226
244
262
274
268
268
236
254
264
268
262
298
276
272
274
268
260
254
246
246
236
242
230
158
90
246
252
268
218
60
82
38
42
34
90
50
94
84
36
44
192
242
262
254
252
256
282
280
234
306
254
294
284
280
282
266
306
290
280
256
292
288
266
224
246
252
288
236
246
228
244
254
240
256
232
270
266
290
286
238
250
236
266
292
272
208
190
226
166
150
14
24
8
0
0
12
4
8
2
0
20
20
0
4
2
10
0
0
14
78
36
40
56
0
4
12
46
4
12
22
4
10
2
2
20
24
4
10
6
0
2
10
0
16
14
68
22
28
0
24
38
98
6
44
54
14
44
30
58
24
72
44
234
26
12
24
52
34
26
32
28
22
28
56
118
248
282
248
278
246
266
266
282
260
262
282
268
268
152
244
250
266
212
246
152
90
260
238
248
238
4
80
78
10
82
66
64
72
20
64
50
6
104
244
272
276
282
252
270
274
236
254
270
252
272
268
254
292
276
268
254
290
290
272
300
286
316
242
242
258
228
222
256
256
246
250
270
288
250
256
192
256
248
272
246
254
238
208
200
200
30
0
0
0
0
0
2
50
8
4
4
4
4
6
8
2
0
0
22
4
6
0
18
0
6
8
16
16
0
12
6
0
0
14
42
2
34
6
2
10
10
12
52
24
16
26
40
28
14
18
60
8
36
148
58
60
24
136
80
84
134
12
96
20
22
40
34
22
16
30
22
30
16
34
16
20
66
96
56
256
234
244
284
276
290
266
268
278
260
238
292
236
258
250
238
222
100
238
254
264
228
52
98
64
10
18
64
78
22
48
54
46
64
20
48
166
214
242
288
282
282
276
264
236
238
286
244
278
266
288
282
286
292
268
284
232
264
244
266
254
224
250
258
206
234
222
230
242
252
256
254
220
242
246
234
240
244
204
170
210
30
20
14
4
2
0
4
20
18
6
2
6
4
14
10
0
36
0
10
2
4
8
2
2
36
24
10
2
10
2
2
14
6
8
2
6
18
12
8
30
26
0
8
24
6
28
20
40
34
12
24
50
112
68
214
14
214
24
30
32
60
112
132
36
10
80
28
44
26
36
36
42
20
12
8
16
18
8
8
54
72
118
56
204
264
264
262
264
266
234
254
276
270
308
280
232
230
112
266
260
286
262
224
72
38
34
64
6
90
36
56
58
46
60
44
72
14
86
230
250
274
272
266
232
254
280
288
254
274
296
300
264
296
266
276
254
264
258
204
296
256
256
290
238
218
234
250
236
236
228
234
248
214
216
196
192
36
6
4
28
6
6
4
16
18
0
0
2
2
22
0
0
6
24
28
62
52
56
72
46
0
8
10
0
14
6
26
20
14
48
24
14
4
28
60
2
10
34
24
30
36
16
40
4
50
70
72
24
40
26
26
46
108
32
122
258
78
88
124
30
52
110
52
118
36
24
40
58
24
26
40
22
32
26
2
32
26
2
6
12
4
12
18
48
90
92
30
226
234
242
232
248
274
290
294
264
204
156
102
252
258
246
270
270
238
238
158
40
56
58
46
56
94
30
98
36
36
68
58
52
148
226
224
292
274
284
244
278
288
286
286
286
286
286
290
280
270
278
248
46
56
24
30
208
238
224
212
220
206
254
74
12
34
52
4
28
16
14
60
62
36
36
2
20
24
0
6
20
18
0
36
42
0
24
4
2
18
48
0
24
30
46
6
14
10
18
18
6
6
26
18
44
28
0
52
22
22
56
56
40
58
38
0
20
34
114
24
26
16
28
10
74
100
82
22
76
216
144
104
116
90
128
56
202
66
58
42
310
20
34
18
26
64
54
54
42
32
0
16
16
22
24
16
18
14
22
26
12
26
38
170
224
248
276
234
266
250
184
200
84
268
254
290
262
256
228
220
228
150
10
20
50
40
34
8
44
64
86
56
94
70
78
54
104
240
240
266
248
228
242
272
294
278
244
288
288
284
254
98
14
8
0
16
36
56
52
12
16
14
4
18
6
28
0
44
4
24
62
34
40
20
22
24
98
66
58
46
80
46
78
32
10
54
22
76
58
6
98
32
70
50
72
20
50
34
22
14
54
68
50
50
18
68
38
40
36
40
66
60
14
182
104
82
82
16
22
56
52
120
94
68
94
92
166
284
38
108
146
78
228
108
266
64
124
136
40
70
46
30
26
56
58
30
54
80
46
52
28
50
32
32
26
42
44
58
44
28
20
18
30
60
34
24
162
272
272
248
238
266
208
112
256
272
280
268
60
70
54
16
44
4
28
42
52
48
4
46
76
78
102
32
76
54
70
46
32
208
256
236
246
226
244
250
258
302
284
296
272
234
42
8
16
40
14
28
12
20
42
2
16
40
28
26
40
28
8
38
2
34
2
44
66
62
46
44
92
82
24
26
4
52
268
160
148
132
44
52
150
92
82
52
44
54
42
58
28
58
50
60
4
90
210
72
40
118
64
50
24
58
70
58
74
212
206
236
82
202
130
58
82
130
138
86
274
132
62
222
104
270
166
52
18
248
104
166
138
50
144
176
58
54
72
84
52
46
38
24
46
58
58
32
34
38
48
174
76
92
36
18
124
48
38
48
34
46
30
262
230
218
234
212
122
260
274
266
270
150
28
40
42
46
64
2
34
56
46
28
8
54
34
64
98
40
36
88
54
52
68
88
204
210
216
228
236
248
260
270
298
240
36
2
8
20
14
16
0
30
42
50
44
46
18
46
46
28
64
58
128
70
70
36
38
4
90
72
80
106
68
60
138
46
140
64
110
72
112
6
58
44
104
60
72
50
62
114
2
60
52
60
66
72
84
74
78
76
44
86
22
140
78
66
64
70
120
112
94
72
76
148
76
76
112
66
76
88
144
74
92
116
144
78
194
132
168
108
166
90
136
168
212
46
160
112
82
110
84
44
52
124
36
42
52
32
118
58
78
158
132
66
216
268
34
202
78
36
24
30
44
30
232
234
236
122
278
254
268
246
28
52
56
8
34
36
52
38
48
14
62
42
54
8
58
68
22
44
86
28
90
38
74
26
44
196
224
212
218
222
244
238
120
50
24
46
14
0
62
52
70
72
38
96
16
114
90
70
100
14
152
234
128
10
60
54
76
190
78
192
30
200
28
72
96
108
104
100
40
46
190
84
86
104
36
52
114
84
80
76
52
62
22
68
78
120
70
80
114
90
68
120
188
96
58
154
42
110
200
106
52
122
224
92
96
112
154
56
256
78
92
64
154
234
176
76
84
116
100
94
120
154
294
68
82
158
90
82
106
130
38
80
96
50
70
50
50
102
114
140
254
168
70
310
28
14
18
10
56
24
6
28
36
28
84
192
92
294
278
260
254
64
46
40
2
18
34
24
42
34
30
0
50
78
56
24
100
84
108
130
166
86
132
88
42
0
2
40
26
24
12
38
52
54
10
44
26
30
144
28
92
206
40
96
18
162
190
4
134
204
218
188
10
282
140
236
152
234
192
196
192
216
202
190
164
172
210
100
176
150
146
76
132
112
188
130
146
2
172
48
154
72
88
62
100
184
116
140
192
140
24
102
226
136
92
94
120
106
154
142
154
110
138
168
102
90
96
150
114
98
146
94
160
152
224
252
310
154
114
228
158
124
208
112
176
150
46
68
44
48
118
96
124
98
72
92
84
134
210
118
196
262
148
36
380
32
10
36
104
40
32
20
20
22
24
34
200
94
262
246
258
264
82
54
26
8
0
30
10
6
30
46
50
8
54
36
48
68
96
112
142
12
156
58
110
78
24
0
60
6
72
36
212
42
38
188
206
244
104
224
186
214
152
162
136
214
134
130
106
166
132
282
88
322
288
234
104
174
78
126
142
28
222
72
142
150
258
180
238
140
168
100
178
128
144
198
50
76
46
120
132
196
66
60
62
178
82
88
98
102
62
194
122
236
130
154
194
66
206
116
118
184
118
90
144
90
178
134
124
124
236
236
172
96
112
160
122
200
172
206
90
270
98
224
94
96
82
40
46
62
86
166
192
242
64
108
186
216
158
218
200
280
202
206
236
324
180
352
266
132
50
56
32
56
60
170
132
284
130
260
250
284
278
204
48
34
10
10
0
24
22
26
38
38
40
60
44
10
96
122
154
104
172
282
94
156
156
144
58
208
174
288
146
230
208
160
44
268
228
262
234
142
170
260
222
244
318
32
164
114
234
244
270
26
302
28
180
84
314
128
208
268
250
232
94
206
220
194
58
230
158
68
176
82
122
18
152
84
124
110
88
62
126
90
74
186
220
140
142
86
136
154
144
172
188
164
170
142
162
68
100
50
104
128
82
72
66
64
38
54
52
246
150
170
192
222
118
108
254
174
224
76
216
272
144
66
50
122
60
58
120
138
154
270
140
68
86
180
184
58
188
310
140
262
188
120
246
258
256
164
298
484
176
42
56
146
262
228
196
102
252
272
288
238
240
96
70
58
30
40
52
20
34
14
44
2
44
18
54
36
72
208
136
236
272
130
110
218
172
42
34
272
12
254
190
238
274
60
288
132
306
130
200
266
330
54
270
204
276
276
246
306
42
246
168
252
238
232
40
258
184
204
192
294
206
304
266
124
252
242
132
222
170
156
182
218
168
122
136
106
194
156
232
106
70
150
100
214
172
122
82
198
194
62
178
92
112
206
146
234
180
68
196
134
184
94
108
92
60
126
44
118
308
168
136
164
170
194
156
164
224
138
122
108
124
156
68
96
128
62
190
104
102
252
200
132
108
82
174
308
138
206
228
258
258
270
274
248
278
324
344
402
60
92
54
146
276
158
162
150
106
262
250
298
282
242
18
18
36
16
8
24
2
4
0
30
30
4
24
70
120
18
128
238
136
244
228
248
226
68
200
140
164
194
284
186
324
274
158
330
336
242
190
246
70
322
296
32
300
218
298
152
352
274
240
158
302
140
138
234
282
236
198
220
258
78
300
328
154
182
162
108
186
140
160
168
146
178
152
80
50
12
158
136
166
136
134
138
94
58
104
254
190
58
220
82
126
130
104
136
82
310
204
192
86
262
146
338
210
60
74
116
262
234
240
224
254
188
64
258
146
84
172
208
116
82
102
78
138
136
158
102
78
162
218
268
82
146
98
222
290
220
88
202
302
254
348
288
332
378
202
30
52
80
352
250
200
144
146
124
182
100
252
270
270
248
288
6
14
4
14
26
40
32
0
34
16
38
66
28
48
150
94
114
52
320
216
276
314
80
236
176
40
108
300
246
296
280
172
266
324
38
220
28
242
304
298
228
154
296
242
362
340
356
298
292
308
60
210
246
220
252
64
338
250
284
268
194
214
310
322
310
152
216
198
112
232
116
66
54
96
60
80
158
98
158
118
76
78
56
74
198
212
304
76
234
150
316
106
244
296
208
254
22
164
214
210
132
168
144
162
188
172
230
78
88
176
96
60
102
118
148
162
90
118
108
108
80
118
102
148
82
128
144
70
228
274
148
92
184
220
166
246
214
322
302
168
260
474
358
168
60
162
250
216
282
146
126
138
114
156
94
102
270
262
244
268
252
26
46
14
0
8
0
18
8
12
24
60
36
46
14
158
170
194
142
326
288
40
276
42
94
224
128
30
218
38
294
300
184
34
288
236
254
182
308
32
286
224
48
262
306
370
268
310
226
292
336
332
246
276
212
212
284
346
166
290
302
276
238
44
302
224
244
84
290
194
256
284
72
274
26
122
178
80
158
76
100
164
96
174
196
326
216
164
116
106
236
122
160
156
160
24
148
110
298
236
244
102
136
176
60
122
228
186
142
248
162
192
192
228
102
174
214
184
170
128
68
110
80
130
76
78
92
76
102
158
92
224
150
170
198
332
334
148
220
350
166
314
406
60
188
196
114
200
160
80
106
116
164
178
114
212
92
238
232
258
230
246
188
10
10
28
0
16
0
22
22
30
18
2
60
108
88
178
44
220
330
284
298
326
264
268
208
200
258
192
338
284
346
292
292
248
296
156
216
240
278
350
346
220
282
320
248
344
162
330
350
360
232
256
250
50
326
172
264
178
248
252
276
216
230
326
214
190
270
258
140
160
200
124
194
298
164
246
122
134
196
196
188
160
260
54
246
250
280
310
144
104
154
190
90
170
128
254
80
244
232
196
324
262
76
126
302
200
206
78
274
226
254
218
92
148
74
222
126
228
170
86
74
110
58
138
54
124
140
78
236
48
186
140
86
220
264
268
186
240
258
222
230
80
202
232
204
292
156
96
150
188
140
124
178
110
302
88
236
272
270
274
218
230
0
34
30
12
22
14
14
10
2
52
12
36
128
104
192
168
246
296
270
284
202
90
318
154
260
276
210
118
286
316
88
316
50
268
250
18
292
288
40
236
154
338
318
286
322
258
356
298
256
310
354
312
322
266
300
210
152
298
326
142
244
210
280
274
146
212
188
104
58
194
246
158
204
210
82
198
172
150
212
182
102
244
150
304
300
228
232
246
152
272
146
64
152
254
198
96
296
268
278
244
162
278
264
104
216
208
112
74
246
188
170
210
124
252
302
300
304
176
90
44
70
110
168
118
210
156
282
172
42
218
112
252
256
202
200
64
174
206
206
256
168
114
202
306
412
318
268
228
120
100
72
96
342
124
102
240
272
268
268
282
234
20
18
28
2
12
2
12
0
32
20
26
14
10
152
212
176
198
294
198
278
242
52
244
138
240
30
312
56
348
314
348
338
310
218
244
236
264
276
310
228
278
274
96
288
276
334
318
256
182
250
30
224
236
142
280
214
292
204
302
22
186
120
324
244
192
200
214
164
158
204
310
240
122
234
166
182
186
224
216
270
208
180
146
218
200
268
284
220
258
234
172
190
188
114
218
262
206
254
116
154
262
190
246
156
236
210
278
196
166
194
220
132
222
268
306
306
294
202
144
138
28
80
78
72
190
154
234
148
30
212
206
158
204
100
214
88
196
296
260
72
210
162
216
370
324
70
218
164
78
78
130
394
146
146
104
276
244
284
268
242
164
18
24
12
32
30
28
36
14
30
14
2
32
62
168
16
170
152
280
56
124
240
268
206
316
292
254
338
352
398
272
350
56
394
322
350
302
316
144
208
46
302
308
244
280
222
236
302
308
242
164
266
356
282
162
258
222
252
192
184
334
264
132
228
316
222
258
302
218
150
288
264
258
204
122
196
178
202
262
138
156
212
272
260
142
264
164
230
252
238
304
156
130
214
210
146
158
74
136
286
194
354
278
184
226
202
88
298
120
252
244
172
112
246
156
318
266
326
398
82
46
54
106
182
164
90
182
178
116
58
242
222
186
276
134
112
184
182
174
56
150
192
278
366
226
148
148
80
64
98
288
300
192
184
158
108
268
254
278
278
212
138
24
36
14
4
0
28
6
48
48
40
34
32
84
158
240
68
232
314
158
142
178
180
312
296
262
340
338
226
334
176
420
354
124
424
352
374
350
296
286
246
386
330
310
330
298
30
290
258
296
210
358
302
154
310
352
296
324
216
206
206
250
280
278
284
248
260
186
240
242
146
212
162
46
210
278
264
300
220
238
284
286
244
220
286
224
248
290
238
204
320
232
258
286
160
194
216
320
238
258
310
264
166
164
176
148
144
140
208
196
266
252
206
252
192
200
226
246
196
188
56
68
84
164
106
146
186
104
108
112
216
124
194
148
186
186
316
318
220
134
118
320
326
262
204
110
72
76
222
100
252
224
210
266
262
156
284
274
256
254
232
4
14
28
22
46
14
14
22
20
10
36
30
36
72
156
208
224
164
60
196
236
310
286
82
140
262
46
230
350
364
294
338
354
284
392
380
382
332
278
350
316
380
308
260
354
336
350
314
24
234
324
208
310
280
244
138
344
228
264
234
354
264
298
232
336
290
394
190
258
328
104
266
366
190
370
294
292
322
370
192
330
260
274
306
312
332
202
244
276
380
308
212
272
342
298
156
120
310
340
222
312
176
152
112
268
144
68
78
116
192
98
54
162
104
114
174
172
118
80
80
54
94
208
122
132
120
132
134
82
110
156
246
212
212
270
282
170
308
198
258
274
298
262
228
134
224
136
92
244
272
238
264
256
280
254
158
248
268
274
230
194
18
22
14
26
6
20
18
14
40
36
36
42
42
78
126
196
194
72
266
206
134
280
162
314
320
394
382
380
372
82
396
420
66
316
424
336
358
144
320
42
372
360
372
374
322
136
332
324
344
246
302
236
242
316
300
164
286
190
280
286
222
382
294
284
294
288
268
256
304
310
362
336
376
358
302
298
376
366
338
302
342
314
290
328
304
300
294
284
306
256
280
162
232
316
378
128
372
306
344
286
106
72
56
40
54
64
84
106
92
64
92
76
86
78
74
98
100
152
90
42
20
66
86
128
124
162
84
110
192
240
144
122
118
186
196
312
188
292
246
186
220
186
268
294
140
242
202
188
256
246
264
282
278
286
264
208
270
284
246
214
14
6
8
10
12
20
32
34
36
36
46
20
46
34
36
146
104
294
296
270
258
318
280
318
242
324
274
280
342
284
318
344
376
368
334
362
400
194
342
218
322
294
308
364
324
392
366
348
272
322
246
218
230
346
342
250
216
358
212
326
200
218
258
276
294
178
292
386
286
250
286
330
210
368
304
332
362
370
368
190
284
256
262
314
318
332
354
228
384
350
226
226
334
346
346
356
210
202
282
206
148
22
10
12
8
0
10
12
2
0
16
12
8
10
14
18
34
60
80
88
132
88
196
286
60
238
248
254
344
126
172
180
154
192
146
82
166
188
212
250
142
274
152
194
240
236
232
200
196
196
244
288
286
290
298
276
212
284
234
216
212
50
46
26
4
2
26
18
24
22
28
66
42
4
62
64
54
152
222
146
300
244
272
294
246
270
292
314
186
192
182
134
174
192
182
172
188
80
224
208
222
256
322
284
348
334
342
330
290
106
394
334
262
304
350
274
216
260
214
354
230
232
226
206
282
210
336
386
322
350
244
338
326
298
376
338
270
306
344
336
234
328
262
218
240
232
326
310
344
286
276
290
272
246
304
308
266
344
154
100
310
220
10
4
0
6
2
4
0
10
6
6
6
10
14
12
44
48
92
70
88
102
170
250
234
360
114
194
98
120
182
182
80
146
148
96
110
186
212
142
70
122
120
166
256
234
234
226
220
240
238
244
292
298
284
296
272
224
286
274
256
52
34
18
0
14
2
18
26
16
22
42
34
34
68
50
56
74
68
32
206
258
262
144
264
256
196
138
44
92
130
166
166
176
154
98
22
16
22
36
98
180
232
296
262
290
274
272
324
340
244
194
328
354
326
352
276
262
184
136
330
338
236
208
242
284
352
252
276
206
244
362
230
398
354
392
330
292
282
310
344
222
334
268
290
260
384
300
430
346
360
354
268
342
166
170
228
310
356
270
144
178
294
96
6
2
0
2
0
6
6
4
0
0
4
4
16
40
58
94
84
130
122
206
246
264
366
378
160
126
148
180
168
222
208
154
84
158
196
216
88
222
254
258
234
280
262
234
230
252
242
232
248
284
288
270
312
274
210
258
220
256
56
24
4
28
34
24
20
46
12
22
22
70
16
44
90
102
82
62
78
30
206
232
236
220
136
58
154
178
208
190
224
228
228
198
186
130
8
10
2
48
18
54
190
202
294
280
352
302
380
364
338
298
386
328
304
390
316
252
342
346
288
280
218
188
172
182
182
346
366
398
362
346
406
344
390
386
344
220
218
326
338
354
330
326
160
330
358
310
406
386
334
344
216
218
188
252
344
258
282
236
218
94
188
244
86
0
8
4
4
0
0
4
0
6
22
16
52
64
114
144
204
266
336
300
322
346
380
336
240
176
146
206
200
218
154
170
204
238
264
292
268
274
270
272
300
284
252
246
248
220
242
290
300
314
318
312
260
214
254
306
208
58
12
36
26
50
36
36
50
32
40
52
28
80
88
26
68
52
106
86
106
48
182
14
62
164
226
214
256
218
264
246
266
220
230
252
28
14
12
12
26
16
28
46
56
98
216
256
284
288
350
354
450
404
452
352
308
322
230
380
272
348
310
376
296
280
354
374
420
354
394
344
398
392
326
330
384
280
202
250
268
298
228
302
226
246
354
368
340
318
314
368
424
292
330
250
174
326
188
196
304
170
204
288
190
280
154
130
16
10
8
4
18
22
18
42
56
66
126
266
426
394
428
442
420
396
418
402
388
300
152
124
182
258
228
260
266
260
276
296
282
276
308
300
296
304
266
252
268
250
240
258
284
290
306
312
320
286
242
252
258
238
70
56
44
56
26
32
58
42
30
4
54
56
76
78
18
98
72
62
12
110
132
60
136
210
214
260
234
262
256
242
276
280
236
232
222
36
18
36
12
6
8
4
8
14
30
66
120
158
104
264
314
256
374
408
354
360
362
298
276
336
342
346
400
398
332
342
332
242
374
346
382
344
338
320
172
66
122
164
156
232
334
348
332
290
254
324
310
314
314
282
310
266
282
250
216
250
286
280
226
328
138
232
228
232
268
276
280
248
292
102
24
60
24
118
136
176
228
338
350
372
348
306
346
360
332
252
196
206
212
190
232
246
250
266
268
282
290
292
308
294
312
292
294
296
274
264
268
276
262
260
254
286
300
330
344
310
284
224
256
268
194
104
44
6
18
28
24
42
94
28
26
14
68
54
52
26
60
80
84
116
62
176
226
228
258
260
256
252
284
238
240
272
284
244
232
206
42
60
44
34
30
38
40
40
40
56
40
48
56
84
100
124
154
312
304
284
298
338
342
368
322
314
328
362
360
376
282
318
284
204
94
48
64
100
102
130
178
154
172
88
138
230
268
250
278
280
332
286
288
344
232
280
230
248
302
216
288
262
252
236
234
258
302
288
266
294
294
250
316
346
340
282
288
326
300
310
320
304
332
304
280
196
210
210
240
274
234
290
276
276
276
282
288
272
262
294
296
306
318
324
316
320
310
318
318
310
310
262
268
246
260
286
290
298
336
324
296
270
210
220
250
220
52
66
8
26
30
80
44
18
38
50
58
70
46
94
66
100
46
100
166
250
220
230
216
276
266
264
254
262
258
256
290
264
256
240
64
62
46
56
52
58
34
48
44
50
64
76
76
64
84
86
90
106
150
200
84
228
228
298
336
340
248
284
212
120
92
138
164
196
152
104
104
108
150
102
96
74
94
130
138
160
200
226
218
182
178
184
186
164
178
218
108
194
204
156
230
172
204
194
220
204
246
258
288
268
252
322
292
292
286
310
274
266
270
232
148
154
158
186
208
218
232
276
274
250
300
308
300
286
274
292
280
286
298
310
288
312
324
316
322
320
320
310
334
308
310
300
272
264
274
274
284
310
298
320
306
328
278
234
250
248
182
62
50
56
140
50
28
8
36
20
66
42
64
70
64
100
74
54
202
246
232
282
280
260
250
256
260
272
260
268
270
264
252
268
262
100
62
58
42
56
70
60
52
40
62
62
84
74
102
146
162
178
100
68
64
72
72
80
62
72
64
64
54
54
36
32
40
30
22
18
14
28
38
42
52
70
54
36
68
52
58
64
52
62
152
144
82
196
190
234
184
120
186
170
190
198
152
132
154
200
202
222
160
184
228
234
220
158
190
208
166
206
196
186
218
212
212
222
226
262
252
250
262
280
252
276
344
298
290
300
312
322
296
296
288
328
320
308
318
306
330
298
314
288
274
264
260
252
262
250
254
284
304
294
294
316
290
284
250
262
284
216
100
104
110
92
44
32
2
66
46
44
46
84
62
122
74
108
228
204
242
234
236
268
258
246
240
222
240
246
258
242
248
254
240
224
166
106
80
60
84
64
54
68
66
64
72
78
98
158
114
136
154
158
110
146
164
116
114
92
90
118
104
104
94
88
80
62
46
30
42
70
70
58
52
70
108
104
94
78
106
68
80
82
60
40
50
46
44
48
38
50
40
66
80
64
82
84
132
150
160
122
128
172
136
162
164
166
178
228
246
264
248
294
294
304
300
306
314
344
220
348
368
368
336
360
390
358
334
312
350
378
352
412
390
458
496
482
502
504
508
494
508
508
508
506
504
498
494
496
498
492
256
304
300
314
318
294
260
250
256
280
176
148
142
72
58
50
54
42
58
58
86
68
74
122
64
364
398
390
398
428
424
406
418
466
256
444
426
426
438
416
434
434
432
416
424
216
92
88
108
88
82
54
76
108
106
60
88
206
348
366
382
402
392
368
334
348
334
352
342
366
324
338
298
364
350
330
306
314
296
272
282
296
308
326
310
308
314
302
328
310
318
314
288
302
332
298
320
302
260
274
310
286
324
348
324
360
340
344
296
336
338
388
362
344
328
400
360
378
366
386
398
402
404
416
410
414
384
444
426
220
374
420
394
418
446
398
394
440
432
438
428
422
426
428
454
428
480
490
496
506
450
510
510
510
510
504
488
478
510
480
504
270
286
298
334
340
300
278
258
256
278
178
40
60
42
56
50
44
62
46
70
46
18
86
278
384
412
424
380
380
404
404
408
368
400
290
426
400
444
420
424
430
420
390
392
446
372
202
160
120
116
128
156
88
134
198
340
368
412
420
402
430
402
376
240
364
364
360
354
356
370
366
296
324
366
340
344
330
84
340
334
312
310
314
332
190
358
338
330
324
344
334
350
112
332
368
358
340
296
150
342
218
352
354
350
368
396
390
360
316
360
400
378
428
358
404
406
396
428
426
144
410
396
386
422
388
444
438
440
408
230
284
414
458
452
438
438
458
388
418
424
376
420
432
436
438
450
500
484
500
510
496
510
510
510
340
492
278
270
394
466
508
276
290
286
300
308
308
308
248
238
274
206
12
76
60
42
48
36
50
52
76
30
74
340
408
206
292
388
408
386
386
338
420
380
398
278
314
402
412
362
424
426
442
332
416
434
284
432
396
324
180
218
314
376
414
382
390
236
420
418
274
446
416
360
200
378
372
368
238
380
362
362
306
360
370
352
372
322
298
350
334
332
332
350
354
192
338
324
320
194
350
332
366
156
356
336
368
192
364
354
374
216
356
380
384
354
418
416
410
344
434
384
430
390
396
422
464
402
408
412
408
416
412
416
444
464
260
426
466
448
280
428
438
454
276
454
490
438
374
432
446
430
378
428
442
450
424
470
486
508
508
508
508
510
508
508
510
508
508
412
510
510
252
302
288
290
322
300
308
252
232
246
220
106
58
66
32
86
44
74
60
86
212
350
360
418
406
420
378
418
410
398
324
416
384
408
290
432
416
400
332
414
384
426
320
412
432
432
402
426
388
412
392
394
430
418
420
402
420
384
390
272
418
404
378
194
396
368
378
186
388
356
372
268
336
348
336
334
310
340
334
356
266
322
308
302
196
298
276
242
160
300
270
288
154
296
288
292
176
246
254
214
104
232
280
284
128
232
294
248
186
270
248
256
216
242
260
242
228
218
214
232
222
214
242
230
154
214
248
234
234
170
236
232
226
238
268
254
286
280
238
358
320
250
298
294
280
366
394
426
450
486
498
508
506
504
488
494
456
466
490
502
502
284
284
312
308
350
336
318
250
216
242
264
182
64
106
76
60
78
50
126
364
386
364
398
406
402
436
420
418
402
428
398
402
390
384
406
424
290
412
408
410
396
420
416
424
446
400
430
408
434
424
412
416
420
406
402
410
440
430
434
412
424
314
402
400
386
306
386
386
378
374
358
388
382
368
364
378
368
350
396
412
386
362
362
368
366
386
348
362
378
358
228
376
350
368
348
378
382
404
360
388
386
414
386
388
404
456
428
414
420
408
416
418
422
418
404
284
462
432
458
392
432
446
414
422
412
420
452
418
416
438
442
448
450
432
430
442
466
438
482
504
350
456
432
450
434
472
478
496
506
510
510
510
510
510
510
510
508
510
510
510
508
316
308
302
346
336
330
318
260
242
204
178
160
118
94
90
76
206
370
394
410
370
394
444
402
384
422
402
398
370
420
390
410
392
400
410
404
286
326
362
430
420
404
312
432
414
374
316
444
456
416
338
438
412
430
366
400
416
432
302
422
412
352
356
386
386
322
138
384
378
358
234
160
394
364
294
226
390
390
372
234
368
384
354
320
368
382
386
122
382
380
234
136
364
382
360
156
130
400
388
378
194
400
416
390
418
410
406
438
162
398
400
410
424
408
430
270
244
430
452
380
220
182
434
452
436
478
414
470
458
432
446
446
452
444
484
460
464
336
444
490
298
414
462
458
464
386
492
496
492
476
510
510
510
510
510
510
510
510
510
510
508
292
312
300
332
328
342
308
240
254
214
230
258
234
404
396
384
404
374
390
420
368
414
418
394
404
364
430
414
414
378
434
410
402
406
412
426
286
276
342
398
428
366
242
396
422
308
298
442
418
404
326
404
410
404
392
420
434
392
360
434
374
362
362
364
388
346
292
366
364
372
354
342
368
386
358
340
388
386
364
336
378
356
376
362
362
376
394
376
384
412
368
390
398
406
392
420
386
362
390
416
420
408
408
396
414
418
452
414
426
456
480
408
418
476
444
476
410
472
482
430
424
452
462
420
486
470
456
416
452
478
446
436
442
458
458
452
468
436
462
480
478
452
490
480
472
468
492
502
494
490
506
488
508
510
510
510
510
510
510
510
508
274
280
334
320
330
328
326
258
