474
24
28
30
20
36
110
146
144
176
134
146
204
170
142
180
162
238
188
194
200
218
202
178
186
184
190
240
202
238
214
258
246
192
64
28
94
70
34
64
52
74
96
96
166
162
280
106
76
98
96
92
72
96
96
52
140
244
218
158
222
230
276
210
252
62
102
84
92
102
124
104
90
102
80
88
88
70
88
108
106
80
78
74
78
46
62
112
120
106
94
100
98
88
138
130
160
110
152
134
132
116
176
208
208
284
278
274
272
282
394
458
488
474
486
496
472
412
416
400
498
510
510
510
510
506
506
506
506
508
508
508
508
506
510
510
510
258
256
248
274
306
270
326
278
296
290
284
324
264
308
268
258
296
278
288
286
364
394
416
492
478
18
26
22
28
30
68
12
68
140
196
140
172
194
168
194
176
184
170
146
214
214
212
200
166
226
240
244
202
200
210
166
70
68
44
60
34
82
56
40
76
88
72
92
76
80
86
102
80
88
100
88
106
88
86
84
94
98
106
210
216
200
216
216
126
68
132
118
146
148
194
224
246
332
352
440
444
422
460
406
428
324
266
214
182
130
160
74
78
144
98
156
146
122
122
174
168
188
184
188
166
144
118
174
172
182
184
194
152
164
178
196
192
188
184
248
202
238
234
224
494
510
510
510
510
508
506
510
508
478
478
344
496
508
510
510
510
270
276
286
270
298
246
304
228
272
284
252
218
238
262
256
282
290
270
256
310
348
378
420
404
496
38
22
30
36
18
32
24
38
24
30
100
156
166
192
184
202
170
160
188
260
252
240
234
198
276
286
270
280
380
128
294
440
430
504
504
504
506
504
506
506
504
480
418
350
342
334
314
338
350
308
348
310
312
308
322
278
242
308
304
320
246
292
254
292
312
260
250
248
280
214
222
246
232
148
194
168
148
156
166
128
168
150
150
164
144
188
108
168
264
168
154
166
210
148
196
170
146
158
198
208
160
154
158
190
186
132
160
146
200
194
146
196
220
200
206
162
178
210
200
400
510
510
510
510
508
510
508
510
508
506
510
508
508
508
508
490
230
286
232
262
252
230
238
236
214
258
310
230
260
236
272
294
268
272
258
294
326
410
458
432
508
342
428
488
356
338
272
320
328
400
370
336
350
314
398
348
404
326
354
328
360
378
368
382
430
426
358
410
364
336
350
334
382
324
310
366
350
296
282
384
324
342
334
304
356
340
412
390
334
258
332
320
284
304
258
272
372
314
338
294
202
268
304
280
266
238
264
232
246
186
194
178
144
212
140
114
84
84
80
94
102
126
154
134
140
106
156
144
164
124
164
134
128
124
170
148
126
152
136
194
154
140
142
190
150
156
142
200
204
156
174
218
198
154
170
186
178
242
206
230
148
114
128
118
174
148
178
172
162
188
160
202
202
208
238
238
204
228
248
214
218
208
210
210
202
246
210
244
236
232
288
232
296
272
240
256
288
292
448
396
414
354
366
398
200
172
162
84
66
40
214
204
282
362
356
390
308
282
416
370
366
450
388
348
348
418
386
404
340
404
320
326
320
296
360
302
290
342
276
296
360
344
310
346
316
346
266
350
244
316
300
332
320
344
344
304
280
280
306
300
278
210
244
288
260
286
324
308
258
248
182
210
186
190
120
48
94
22
2
68
16
2
2
4
18
16
70
110
80
126
106
138
134
104
100
156
154
156
150
156
144
92
132
148
128
154
120
164
156
164
176
142
142
196
172
136
228
150
202
188
194
184
216
216
226
226
224
246
206
176
234
196
196
202
230
228
244
236
238
240
192
212
248
202
214
212
226
208
196
250
172
240
232
332
248
236
258
256
296
388
440
440
352
338
394
216
232
88
80
64
88
58
34
110
268
304
420
362
396
372
460
388
352
340
342
366
352
344
402
332
360
320
338
342
390
290
346
372
342
306
318
294
336
350
350
334
282
256
280
298
338
280
366
290
324
272
300
218
288
268
242
310
278
294
312
240
178
262
158
186
218
166
264
142
114
60
28
38
32
4
22
20
16
20
32
8
16
2
22
4
6
2
56
112
108
124
100
124
118
144
118
108
138
154
152
150
160
154
142
152
150
154
130
138
160
184
186
244
202
188
136
160
202
214
202
190
192
196
178
180
192
208
190
222
184
184
230
186
230
234
244
266
190
190
240
220
208
214
216
202
250
214
234
246
280
256
258
230
268
316
354
436
426
338
372
372
338
154
118
48
34
48
46
26
32
60
136
280
330
326
304
324
388
290
306
384
350
320
400
360
334
332
332
350
330
320
296
334
300
300
264
326
282
310
360
298
280
294
306
200
314
312
322
302
312
290
294
284
238
306
266
330
268
294
222
210
240
262
230
248
198
192
168
100
36
76
24
28
2
16
8
10
2
2
2
4
4
8
2
12
6
4
0
4
4
2
0
6
10
2
18
24
64
104
130
114
104
140
102
112
150
156
136
90
120
108
148
128
134
160
202
160
130
138
160
204
214
224
210
178
164
184
186
182
200
188
202
182
214
192
184
196
188
252
190
258
212
234
212
232
228
190
246
206
252
258
232
242
268
264
266
430
396
364
370
376
350
370
220
88
58
66
54
26
40
42
92
18
42
192
290
296
388
370
364
288
354
340
342
366
354
394
350
310
352
300
362
256
356
330
330
290
316
270
234
248
224
260
334
234
302
306
332
312
244
242
252
238
330
318
302
306
270
254
274
300
186
236
262
268
198
184
130
130
72
24
6
0
6
4
2
2
0
4
6
8
2
4
4
4
4
6
2
0
74
4
2
6
12
4
4
6
12
0
8
8
2
24
34
20
6
8
4
10
4
6
14
10
14
16
12
28
14
20
18
22
22
42
52
30
48
38
74
86
104
174
160
174
162
134
192
180
214
196
206
212
240
232
218
192
216
200
250
196
204
270
212
246
264
228
266
296
352
438
422
402
400
366
338
114
80
50
56
46
32
64
22
20
28
34
16
48
296
344
310
372
296
302
342
330
330
348
344
350
340
314
348
354
364
342
324
282
278
286
252
250
246
238
216
234
326
300
246
260
280
290
224
292
286
270
270
288
262
234
256
290
272
272
194
242
194
200
236
180
32
26
6
0
4
4
2
4
4
4
2
4
2
0
6
2
4
2
6
30
18
122
2
12
0
4
34
0
2
0
4
2
24
20
32
4
4
4
8
6
2
8
10
12
8
4
8
20
8
6
4
2
10
14
6
10
20
4
0
2
24
16
26
58
94
104
84
128
148
180
190
160
222
210
206
238
238
174
198
198
238
228
252
248
236
210
236
242
250
338
392
440
386
360
382
316
116
90
58
56
50
22
30
46
4
48
34
48
18
68
188
318
302
360
324
348
344
330
426
336
336
304
322
310
342
370
338
316
324
312
282
286
78
42
156
242
164
222
218
258
286
264
208
254
258
232
186
322
244
222
280
218
194
184
188
238
110
206
268
124
12
2
2
4
8
4
6
2
2
2
0
2
2
12
16
40
14
0
14
76
8
0
4
6
6
30
4
0
0
0
30
42
32
36
6
2
0
252
0
4
8
4
2
4
14
22
2
8
0
2
6
26
20
4
0
14
14
2
2
10
8
12
2
0
4
4
2
18
42
32
32
20
124
168
198
142
144
170
188
194
208
208
190
232
210
224
194
210
228
256
360
366
412
356
290
398
332
88
72
70
66
40
42
24
30
48
30
40
26
48
22
22
28
224
298
332
276
342
286
328
276
346
354
300
312
280
312
316
304
350
334
318
202
14
32
28
34
16
252
222
272
242
260
250
246
210
238
220
220
220
200
252
178
214
214
116
42
26
28
10
16
12
18
4
8
26
6
4
2
4
2
8
2
78
2
2
6
4
4
4
2
12
0
0
2
40
28
8
46
122
4
2
8
2
14
8
50
16
12
38
0
24
2
8
14
2
6
50
76
20
12
2
6
6
12
118
66
4
8
36
60
22
4
26
14
10
6
0
14
2
2
10
6
24
24
26
178
164
148
190
192
254
218
202
206
230
220
214
184
224
246
304
360
406
398
342
394
342
94
80
60
56
34
4
46
42
18
30
18
26
50
54
18
24
8
68
280
288
318
370
294
338
320
316
368
332
310
310
316
336
362
314
34
94
16
16
36
6
40
10
14
4
12
2
10
8
6
10
8
12
8
2
6
10
70
2
4
2
4
8
6
16
6
4
2
24
24
12
0
10
0
28
48
42
24
6
2
8
46
0
40
6
20
66
8
10
6
2
8
2
6
2
62
60
98
6
30
20
56
4
14
8
2
4
2
36
6
46
10
24
68
24
42
6
2
22
40
20
30
8
42
46
34
22
6
12
16
14
16
10
28
6
4
8
10
12
12
10
38
140
174
194
200
218
180
218
182
208
222
188
202
230
282
364
386
388
402
346
360
86
86
32
50
34
0
18
36
52
10
12
50
32
46
38
24
18
30
20
184
322
270
298
334
326
288
298
286
270
302
388
326
294
136
82
6
16
6
24
2
8
12
2
6
4
54
8
26
4
4
2
2
10
74
4
104
0
10
6
2
8
2
0
16
0
6
0
4
0
32
82
16
28
122
22
72
12
18
2
8
10
2
52
134
4
166
8
14
34
14
134
56
20
30
22
34
80
12
58
200
38
16
52
28
28
42
30
38
28
58
18
20
50
6
20
118
12
72
56
48
46
28
4
78
10
98
32
16
32
46
0
12
2
18
4
2
8
2
8
4
14
34
28
88
144
182
188
174
182
200
174
220
192
298
262
338
396
390
368
422
374
122
76
74
32
34
2
36
32
24
38
16
36
16
26
58
50
32
28
26
0
28
242
234
236
300
270
318
336
304
298
248
274
324
238
60
4
6
10
8
4
8
6
4
4
14
10
6
0
66
18
0
0
6
112
2
70
34
10
6
20
32
74
6
100
10
102
12
4
0
122
60
26
34
4
70
50
6
26
32
62
86
76
80
160
38
22
86
120
20
122
116
96
22
34
18
12
124
46
54
22
44
16
66
40
16
44
20
74
52
160
132
60
40
60
36
28
108
128
96
42
70
64
78
40
92
72
26
26
20
46
34
4
26
0
6
6
8
2
14
6
2
4
42
22
16
18
120
208
148
194
164
214
208
262
270
378
388
394
406
368
384
136
88
70
12
26
6
36
32
46
28
20
20
26
54
30
56
36
18
18
8
8
12
8
6
40
160
276
206
172
188
82
18
20
12
6
12
12
18
2
128
6
10
4
56
16
82
6
2
4
42
4
46
8
10
44
2
32
90
76
82
212
88
28
34
62
8
56
58
52
82
34
76
202
134
142
62
178
54
22
24
52
20
108
202
54
2
60
152
178
66
94
174
10
54
108
102
144
4
134
28
72
48
36
64
8
34
34
32
150
184
62
48
76
38
80
110
102
70
32
46
32
104
106
110
46
36
38
60
84
88
32
18
16
18
42
32
2
8
4
6
2
4
4
6
12
26
28
24
88
162
170
196
190
264
228
342
400
376
382
362
326
354
100
50
18
2
30
26
46
8
50
30
20
50
20
22
64
64
6
20
18
4
6
4
28
4
4
20
6
4
24
26
22
8
20
10
68
8
6
152
18
96
220
140
44
132
40
98
4
18
0
40
302
24
50
24
256
20
36
102
4
172
30
36
28
94
6
56
80
206
68
336
198
26
52
122
12
16
16
54
100
24
30
48
46
96
28
46
64
34
48
64
82
28
76
66
100
34
4
46
92
86
38
52
70
16
44
42
114
30
10
54
44
32
192
58
28
64
98
80
66
80
122
96
58
78
78
60
74
108
50
12
0
110
70
62
64
6
4
12
2
14
4
10
10
4
2
2
6
24
20
128
170
182
188
242
360
400
414
380
394
396
328
96
84
18
32
6
24
16
22
12
10
28
10
26
14
30
78
66
28
2
50
56
22
32
22
66
60
24
52
128
84
72
42
280
90
254
138
184
78
28
28
32
18
38
54
16
118
90
150
268
120
8
52
196
50
244
66
54
162
84
78
14
68
108
122
64
202
120
40
66
48
228
16
172
102
76
160
80
2
76
4
30
100
142
48
44
146
140
6
48
94
72
8
62
46
42
42
38
60
92
90
104
76
108
70
70
120
68
60
16
28
60
186
116
64
162
98
224
78
238
88
44
32
50
58
66
46
68
22
20
78
256
90
96
34
30
14
38
44
8
6
8
26
44
38
8
4
4
10
46
24
22
180
184
246
352
402
384
384
364
354
360
278
64
62
20
34
38
36
42
16
26
18
38
24
16
128
176
56
8
58
16
92
176
52
16
36
24
86
34
64
10
18
166
16
28
76
42
82
172
138
124
98
232
274
196
62
108
64
110
104
126
62
40
316
92
150
74
114
124
74
118
72
4
138
110
178
70
102
118
100
4
278
84
154
100
68
72
84
138
48
66
72
128
120
46
84
146
74
80
82
66
66
18
58
70
44
176
74
104
84
38
138
90
2
66
98
64
44
18
42
68
106
118
76
114
138
88
144
74
176
144
142
26
74
46
28
74
8
62
152
54
148
82
114
44
22
52
38
28
20
28
42
46
62
64
38
38
10
64
28
30
36
20
140
230
356
390
408
396
404
360
384
350
42
74
54
56
64
46
34
28
28
22
32
4
40
104
90
82
108
40
28
28
82
64
78
14
62
40
54
322
84
204
220
140
334
28
472
230
90
36
156
42
166
156
242
166
146
70
184
12
216
212
118
110
12
182
114
44
44
172
112
142
98
126
72
72
124
144
232
168
124
98
94
162
120
86
52
26
194
76
62
84
2
142
60
220
32
54
54
72
138
62
76
124
162
160
70
64
116
46
102
118
116
24
146
160
88
44
136
88
234
76
98
86
24
64
144
92
62
46
72
104
96
84
78
84
94
90
242
60
102
74
112
82
66
98
40
68
42
24
38
94
46
48
76
48
132
90
8
34
38
40
30
10
232
336
386
354
388
382
394
386
400
80
64
40
30
28
22
24
34
30
12
4
4
68
78
106
142
36
32
94
170
146
36
120
102
114
156
52
236
84
50
178
30
292
206
134
210
202
154
82
158
146
246
110
116
100
128
134
134
88
28
124
262
102
288
110
152
154
152
96
110
190
150
214
150
108
8
96
334
124
162
66
86
20
150
288
56
210
42
158
74
62
216
76
44
44
98
96
112
104
6
60
48
34
26
32
54
58
56
88
114
56
100
46
60
54
58
94
72
88
98
88
60
60
232
62
106
52
70
194
80
52
138
44
26
36
146
64
86
92
70
112
82
116
90
18
60
80
64
32
56
56
132
56
80
118
22
10
6
12
28
14
12
28
334
370
390
366
410
336
418
332
164
26
36
24
8
4
20
2
10
18
8
36
22
98
150
90
58
92
72
22
72
26
16
128
132
82
92
348
274
362
190
142
68
186
28
344
172
70
226
104
104
104
66
122
126
62
96
240
114
176
118
174
118
152
112
182
102
32
174
116
382
110
242
134
62
120
98
46
148
116
90
158
150
74
134
78
166
66
174
78
70
74
64
94
100
134
80
34
40
2
8
56
22
38
56
58
62
38
56
50
76
56
106
76
160
136
94
70
172
302
296
54
94
108
60
102
106
22
140
50
170
58
100
66
90
60
88
70
116
98
228
94
138
64
84
52
126
48
56
58
84
94
70
98
294
322
32
172
112
10
14
8
36
130
364
298
372
352
404
430
340
104
20
36
8
2
20
4
12
28
30
18
12
92
102
20
182
10
142
190
106
164
138
72
14
52
36
128
44
154
192
26
288
244
180
138
68
86
62
246
112
200
232
166
192
144
176
94
78
138
180
226
174
56
134
116
174
184
50
178
94
144
38
164
74
132
146
214
158
184
100
170
200
338
120
192
108
106
90
110
66
62
86
84
34
14
34
12
26
32
148
70
38
10
68
66
90
92
58
6
98
62
126
80
118
156
82
122
76
70
134
210
76
74
92
68
72
174
142
70
128
44
44
148
86
264
182
84
162
130
112
60
140
104
58
62
132
112
84
30
38
86
72
56
40
294
242
320
80
44
44
42
18
12
40
384
392
406
350
400
320
340
180
80
78
58
6
52
36
44
24
36
18
2
8
98
254
188
116
70
84
154
18
52
86
108
86
134
86
224
176
196
162
252
172
176
236
138
260
192
94
214
196
204
56
202
126
120
180
32
118
34
248
210
50
196
224
220
92
160
280
120
182
138
204
126
136
114
330
186
54
64
68
70
160
44
64
140
2
278
64
210
50
44
36
50
54
46
34
70
70
154
40
104
52
46
76
110
54
110
42
122
134
54
56
152
82
38
92
194
152
178
222
424
112
200
84
84
146
148
140
100
102
56
12
78
280
134
142
92
136
84
90
110
132
200
90
164
122
112
28
48
86
92
78
48
14
24
108
120
64
78
36
26
96
286
392
418
376
358
378
328
344
202
58
74
104
60
42
26
30
12
0
12
8
78
12
46
220
90
132
98
28
150
234
22
166
166
80
326
438
80
388
92
216
142
400
90
232
338
406
232
504
360
292
386
210
56
202
282
252
328
240
290
284
150
104
196
36
176
270
148
134
358
138
140
364
136
398
78
78
110
56
136
76
126
60
108
168
66
98
62
26
24
76
110
48
56
56
52
146
86
110
98
76
84
96
52
84
74
132
120
140
176
50
118
92
66
112
38
86
148
6
102
118
78
110
16
50
68
70
98
84
86
86
38
44
342
112
172
130
102
186
82
140
130
84
80
100
102
98
96
82
102
88
66
132
90
174
492
124
52
88
60
156
180
278
374
386
332
408
384
360
372
40
32
34
14
34
0
8
4
10
2
12
34
24
154
312
18
16
92
304
28
152
170
324
110
112
178
134
448
456
424
192
334
338
314
162
378
110
344
86
140
282
60
56
300
494
276
284
342
346
342
282
188
228
190
152
92
208
168
188
214
102
134
74
110
92
124
126
94
80
56
140
144
76
92
202
122
58
92
184
74
74
158
152
40
56
66
2
58
22
18
10
86
6
38
54
76
66
0
30
58
44
148
136
86
42
182
86
82
80
6
78
84
110
22
20
264
118
98
116
84
84
98
174
18
326
126
162
122
124
24
128
118
110
42
46
90
134
128
132
46
42
76
22
98
60
212
54
78
94
54
334
142
180
260
402
420
378
376
348
410
340
52
14
42
4
14
6
22
6
8
28
30
8
260
36
298
262
142
152
82
36
38
286
124
316
400
368
160
256
414
78
422
372
86
424
428
384
168
456
436
236
200
154
240
362
350
188
80
394
172
252
70
284
250
272
158
150
124
126
10
286
144
124
82
118
98
104
92
4
124
8
140
94
82
90
146
98
122
88
234
36
114
98
122
40
36
30
50
258
34
62
116
72
74
96
92
124
56
22
58
68
42
4
158
50
52
70
284
56
94
42
172
158
156
88
22
68
244
10
116
60
162
50
36
114
238
128
132
84
136
124
118
172
126
150
56
170
154
94
142
142
154
40
58
94
148
126
76
54
116
350
102
108
104
130
174
370
398
398
358
340
40
28
44
22
42
44
62
24
30
12
34
6
20
32
276
140
162
18
176
60
296
300
398
66
474
406
310
194
390
450
436
352
452
440
342
502
348
456
296
294
344
340
168
400
426
234
288
322
166
174
230
344
358
34
206
252
174
138
98
142
252
218
52
176
94
74
108
90
158
54
108
122
198
76
214
6
120
88
10
98
72
192
108
96
38
56
84
62
24
128
60
40
54
26
56
222
68
54
88
54
46
32
6
64
52
58
72
8
36
64
188
54
60
52
40
226
20
68
188
150
130
218
268
46
112
410
146
124
100
160
106
182
196
168
136
94
58
450
294
258
112
68
66
78
144
118
170
54
156
282
140
140
174
68
42
162
450
426
394
376
206
36
32
74
8
22
20
20
16
26
26
30
10
34
108
252
324
62
254
290
166
344
60
166
240
136
142
482
408
272
144
504
438
506
270
452
172
68
368
46
408
482
360
294
350
48
326
68
252
210
42
284
304
212
228
258
300
246
14
160
46
258
82
26
242
98
4
210
146
110
186
62
116
76
142
112
68
160
88
144
194
216
2
244
48
56
22
92
138
110
44
80
74
56
86
62
58
70
60
44
36
56
74
102
118
36
86
76
162
74
102
248
120
64
262
72
34
96
88
108
86
116
128
92
72
90
458
100
102
176
104
72
120
244
480
222
126
426
270
230
238
150
62
56
94
386
70
102
232
398
266
158
96
50
72
184
440
426
324
394
370
58
54
52
60
22
18
26
28
26
30
42
24
18
34
40
50
66
174
250
322
470
450
442
508
420
396
506
436
320
508
510
510
214
504
510
506
502
508
506
500
508
112
420
436
78
388
352
460
384
350
234
314
252
252
266
242
394
334
70
392
98
268
468
206
186
286
72
300
160
14
166
72
146
26
228
64
130
92
78
166
280
108
24
170
244
60
42
162
136
62
72
96
88
70
58
62
84
54
34
92
52
76
80
76
80
72
130
54
116
82
90
26
114
160
144
58
90
64
46
70
74
190
158
310
106
70
300
126
162
132
194
280
208
424
264
302
508
430
444
440
216
216
108
132
482
124
68
186
400
356
42
34
68
244
142
352
448
394
384
350
316
94
74
48
58
44
64
34
30
54
40
34
26
48
18
28
28
110
126
96
132
410
408
442
502
502
504
506
504
502
504
296
484
510
508
508
508
508
506
510
252
502
508
508
504
506
478
434
338
388
320
494
404
448
344
506
72
428
340
384
330
312
158
418
248
216
288
462
224
146
282
134
186
152
248
98
208
84
296
68
120
152
80
82
34
114
38
60
170
184
96
158
98
248
92
66
70
58
40
46
58
174
46
50
72
126
148
144
230
24
108
192
290
110
68
34
52
106
56
66
88
78
162
282
344
34
98
74
256
268
140
270
510
508
508
390
218
506
510
368
476
280
266
110
180
188
90
318
426
108
80
214
378
430
418
246
330
452
392
380
396
148
78
44
48
40
30
54
46
28
36
38
54
22
60
36
54
82
34
6
184
128
350
324
326
400
346
302
358
242
186
190
160
202
256
298
362
428
352
508
502
508
510
476
508
484
508
494
508
480
508
508
504
376
460
452
458
456
424
362
396
446
432
256
110
328
256
130
432
104
390
286
252
216
98
164
148
248
132
168
126
290
132
88
92
208
92
280
8
290
178
148
4
164
58
98
78
90
80
78
64
76
294
92
108
72
118
48
150
254
244
98
8
24
40
34
4
2
26
48
18
12
70
12
68
32
44
68
108
76
130
168
150
120
478
398
288
242
262
168
158
214
146
296
362
132
136
108
416
326
294
408
328
338
192
222
250
300
428
404
398
366
106
84
68
54
42
16
56
34
50
62
10
58
46
48
34
60
90
46
52
36
240
316
282
222
74
102
154
188
256
258
244
258
258
256
212
58
44
52
76
340
510
508
508
508
502
498
476
218
504
506
506
472
488
502
504
490
420
488
452
490
274
442
326
506
390
242
502
356
472
204
260
444
54
256
178
380
140
300
156
278
12
188
166
196
176
152
74
90
86
126
162
114
8
110
68
126
66
20
84
136
76
140
128
204
120
110
162
84
342
110
4
4
8
2
4
10
4
14
4
6
12
6
22
26
48
54
132
140
86
72
200
274
242
280
142
322
486
212
156
54
96
236
256
378
376
428
428
304
236
280
438
238
204
208
206
270
316
432
386
360
216
106
82
50
64
32
28
34
48
32
38
36
54
60
48
72
24
74
102
70
198
104
68
162
244
242
284
290
294
338
318
308
334
316
292
272
20
22
34
86
238
398
508
508
508
510
508
510
510
506
498
508
508
508
506
506
506
384
500
198
378
504
346
222
410
196
476
210
170
306
234
350
184
504
120
388
84
416
182
228
182
356
232
256
348
272
248
250
204
150
98
104
296
210
196
182
114
92
134
130
128
218
282
48
96
206
298
238
384
142
4
0
8
4
8
2
2
4
4
4
4
4
2
4
8
30
28
42
82
194
316
510
500
466
382
128
142
196
90
102
126
124
316
266
324
362
300
262
442
362
188
186
174
170
186
212
214
316
408
404
356
232
100
42
74
48
52
22
42
54
54
42
78
38
82
34
66
88
92
94
44
116
264
302
280
322
306
348
318
356
318
322
314
346
346
356
272
22
30
22
26
20
86
172
320
460
490
510
506
510
510
508
510
510
508
510
508
508
412
452
458
406
260
278
438
216
432
262
370
342
170
394
154
344
138
408
90
268
186
204
284
270
472
290
248
392
484
184
364
330
54
148
218
386
242
154
94
192
182
98
122
272
224
314
150
218
316
184
178
334
502
30
4
6
10
2
4
4
4
6
6
4
4
4
2
12
26
100
78
116
410
368
510
510
510
332
262
112
180
268
320
112
106
190
186
232
82
138
150
202
184
208
212
202
214
216
188
244
280
438
334
400
106
80
76
78
30
24
64
40
58
62
34
54
46
74
82
74
86
32
60
278
306
308
376
356
356
352
370
354
356
336
334
322
376
366
364
148
66
36
28
6
38
42
66
74
132
316
450
482
508
510
510
508
506
510
510
508
508
506
494
380
470
492
438
426
414
410
366
268
270
456
288
382
174
340
316
326
390
254
490
362
316
262
470
380
434
366
340
396
460
394
382
488
414
426
414
320
254
262
160
260
248
224
264
306
164
226
318
138
242
402
396
148
8
6
2
2
4
2
2
2
4
4
2
6
22
76
196
124
186
394
506
452
496
424
438
268
268
328
264
130
214
184
160
162
170
170
210
184
186
220
240
212
220
202
250
194
212
334
446
358
376
160
88
90
36
64
52
48
48
64
56
52
86
94
120
100
148
54
326
372
350
368
358
362
360
372
400
350
374
374
400
404
382
326
334
360
66
36
20
36
46
16
28
28
48
80
90
102
258
396
484
508
498
504
510
510
508
468
354
398
508
386
476
504
498
510
510
508
508
496
440
504
432
496
404
496
472
506
494
462
482
452
370
504
344
354
426
366
510
460
504
508
492
440
508
380
344
498
506
378
182
484
472
268
260
314
506
208
348
408
492
290
450
276
8
14
6
2
2
4
4
2
2
6
4
34
86
212
274
468
504
508
478
508
510
502
490
464
312
144
112
182
136
202
192
182
204
216
164
230
242
268
204
236
232
258
260
270
330
450
346
328
152
86
66
72
56
46
52
48
48
64
86
62
118
58
42
268
292
372
368
396
378
378
412
410
416
344
360
396
406
378
356
368
356
376
294
86
56
50
38
36
46
56
56
82
88
90
68
88
122
198
322
506
504
510
496
486
428
476
508
508
504
508
510
510
510
508
510
510
506
508
508
508
504
510
506
508
508
502
466
460
480
346
506
396
434
376
378
416
492
458
508
472
438
432
508
464
488
478
364
392
388
446
494
410
504
502
506
508
418
368
344
498
384
424
64
8
4
2
4
6
6
6
10
16
56
232
466
510
506
508
470
448
504
506
238
156
178
204
196
200
174
168
186
164
224
240
212
242
278
218
256
282
234
214
228
290
274
378
486
398
342
116
120
82
86
74
64
22
54
102
88
78
142
56
258
312
378
358
396
394
394
380
384
376
376
390
400
360
388
388
366
374
374
390
338
288
94
68
52
68
50
32
36
54
82
120
78
98
132
120
120
138
236
484
478
476
440
476
508
508
510
510
510
508
510
510
510
510
510
510
510
510
510
510
508
508
508
506
506
508
506
488
454
492
348
384
374
374
334
368
360
406
436
162
254
396
220
230
280
40
244
484
340
508
384
428
510
454
416
300
300
304
400
344
242
206
202
116
88
112
66
80
82
76
100
110
108
104
120
186
184
188
168
194
194
170
182
158
196
210
190
198
204
212
232
228
212
256
238
236
252
252
250
234
214
230
246
260
306
464
318
162
166
76
114
90
112
70
76
72
68
66
46
236
322
358
354
372
386
388
402
410
332
384
402
364
342
376
374
416
394
344
404
352
366
368
288
104
70
86
76
68
50
30
44
86
92
106
98
120
158
182
260
154
118
82
110
158
188
304
430
510
508
508
488
510
506
510
508
506
484
470
506
488
492
510
400
472
462
430
484
476
332
408
352
442
372
152
236
220
330
232
324
270
382
288
240
194
232
252
254
316
330
234
226
228
134
74
66
86
76
64
134
140
160
130
134
108
146
146
108
124
136
146
160
136
122
156
180
232
196
188
194
216
212
220
224
182
216
202
208
246
218
216
204
264
254
224
246
244
218
246
238
260
216
214
210
222
254
346
422
404
346
156
90
130
108
106
66
126
154
60
260
320
344
326
392
412
372
394
368
376
406
382
378
362
398
372
370
408
390
316
384
408
400
408
392
220
106
100
74
90
88
76
68
68
104
140
150
152
208
242
102
116
190
192
200
144
176
164
98
90
88
80
92
92
146
276
380
328
360
336
212
124
74
48
36
42
42
36
36
40
100
152
246
324
444
442
244
314
198
276
256
316
322
148
46
46
50
62
56
54
92
66
124
140
116
116
90
162
138
146
116
126
112
140
116
158
160
182
156
166
126
148
144
182
174
138
200
152
278
242
224
194
186
210
248
186
208
198
220
188
182
228
210
252
234
264
238
280
254
242
268
250
206
180
182
180
198
244
318
420
384
358
184
188
102
120
234
150
180
266
308
390
378
402
406
396
406
394
360
410
408
392
384
370
314
368
386
378
358
382
366
370
376
360
390
390
188
134
100
78
96
102
104
72
94
94
132
172
124
214
168
238
234
242
230
206
170
180
182
126
158
140
138
106
122
100
94
96
90
78
54
36
36
36
24
14
34
24
28
32
60
60
80
96
158
380
446
360
320
280
78
48
56
62
68
68
64
62
74
66
62
88
114
134
128
146
126
154
160
156
140
160
134
184
168
142
172
178
182
182
138
198
182
204
228
170
184
188
128
240
212
196
212
136
240
160
210
272
216
218
208
212
184
220
214
192
210
248
224
206
196
230
234
248
262
294
312
364
256
310
406
404
354
320
366
270
294
300
368
352
362
378
412
390
390
382
406
408
390
392
418
346
384
384
372
402
372
378
354
354
378
388
424
382
368
352
352
338
128
114
134
88
86
92
174
102
74
146
216
274
266
236
272
272
296
258
184
186
222
192
204
150
126
146
130
124
132
104
110
92
130
52
44
48
54
34
36
34
46
42
48
70
102
120
174
156
142
68
54
40
38
64
14
50
60
32
78
60
68
50
56
50
56
58
78
102
104
104
102
112
148
138
212
226
200
210
304
350
364
372
362
386
434
380
374
424
440
408
378
340
382
430
448
432
396
418
454
422
450
432
460
426
486
474
496
492
510
510
500
510
510
510
510
510
510
510
510
510
510
330
298
436
382
308
342
360
326
338
384
328
374
340
360
414
376
354
394
428
420
336
382
360
370
370
386
376
386
384
392
382
374
370
346
386
346
372
378
350
312
320
240
186
176
166
182
210
242
284
292
258
274
256
266
262
264
266
268
226
206
176
270
280
222
242
328
342
296
342
344
352
342
284
86
104
78
82
62
60
92
80
102
200
254
160
164
202
142
188
192
214
220
246
248
254
236
224
288
282
252
224
234
270
230
228
82
282
412
340
360
376
424
414
330
370
388
384
458
404
438
390
380
424
468
430
426
378
458
448
406
464
426
458
410
436
444
436
422
408
422
420
474
434
498
488
502
496
508
508
510
508
510
510
510
510
510
508
510
508
508
510
418
278
416
376
320
348
416
434
374
426
446
482
502
502
504
504
504
508
508
508
508
508
508
510
510
508
506
508
508
508
508
508
508
508
508
508
508
510
510
510
510
508
510
510
508
508
510
510
510
452
506
502
510
508
508
508
508
502
508
428
384
474
480
418
442
460
418
436
422
416
378
368
326
304
282
274
170
162
210
212
220
192
216
190
184
214
218
222
230
246
234
256
236
274
262
282
248
304
270
302
312
348
266
262
296
104
256
310
346
378
396
412
416
394
420
440
470
166
414
418
424
464
372
406
424
448
470
422
476
418
464
418
450
478
466
446
162
470
480
452
454
476
482
478
480
502
498
508
510
510
510
508
510
490
352
492
398
504
340
508
510
456
326
396
342
510
510
510
510
510
510
510
510
510
510
510
510
510
510
510
510
510
466
510
510
510
510
508
508
510
510
510
510
504
510
510
510
510
510
508
510
510
510
510
510
510
508
508
510
508
406
506
506
510
508
508
500
490
506
502
494
408
380
440
424
458
454
444
444
410
430
392
392
168
352
222
276
264
166
250
226
222
210
208
240
216
248
232
226
256
288
294
134
292
312
248
198
314
332
300
320
322
304
324
344
354
206
306
396
320
380
414
408
396
416
438
402
452
290
488
440
446
468
332
488
496
448
468
438
426
200
450
428
416
486
474
456
182
478
428
408
430
460
490
458
504
504
324
508
510
510
510
510
506
504
510
510
510
508
510
506
508
474
300
424
386
510
510
510
510
510
506
508
510
510
510
510
510
508
510
508
510
510
464
510
510
508
510
508
504
426
510
510
510
508
510
510
460
510
510
506
384
510
510
510
510
510
508
504
510
508
374
286
508
508
510
498
494
484
488
486
490
442
374
474
392
460
450
472
376
422
474
380
394
246
328
238
324
342
136
322
278
244
204
230
232
158
236
300
270
302
278
296
98
294
332
284
336
338
348
280
358
364
350
348
296
370
276
348
354
270
442
374
412
350
472
468
356
486
478
474
402
442
474
234
476
460
446
440
404
414
210
342
320
310
256
270
238
190
258
282
368
294
332
428
488
492
500
498
508
504
508
508
508
510
508
508
508
506
508
510
508
508
504
316
392
