510
510
510
510
510
510
510
510
510
510
510
510
510
510
510
510
506
506
504
506
504
504
498
496
468
470
452
452
510
510
510
510
510
510
510
500
510
210
206
510
210
510
510
510
510
510
262
322
336
328
338
340
314
340
324
334
328
326
320
346
314
324
334
340
344
332
288
304
304
324
212
170
184
204
158
162
184
106
132
104
150
148
94
110
104
100
118
118
136
92
128
122
114
186
170
200
204
216
146
202
248
204
186
194
228
224
230
214
186
240
112
138
134
130
146
78
98
120
100
138
102
152
120
84
108
74
82
130
140
208
232
224
234
238
218
252
228
208
244
182
214
194
220
224
228
230
244
208
180
228
220
216
212
222
214
220
208
208
206
218
234
510
510
510
510
510
510
510
510
510
510
510
510
510
510
510
506
504
504
502
500
500
504
502
492
484
466
480
468
508
510
510
510
510
510
510
510
510
510
510
510
510
510
510
510
510
510
260
312
350
320
330
316
348
316
342
328
364
332
342
350
342
298
298
286
326
296
324
276
298
236
200
150
156
140
142
130
94
80
110
102
108
96
162
112
92
96
94
122
80
88
108
136
76
96
162
170
184
168
176
204
144
182
196
208
206
248
204
224
232
120
126
116
90
134
88
108
82
116
116
122
162
122
92
82
114
90
72
88
108
276
238
210
230
264
206
250
210
230
188
190
230
190
228
180
206
208
230
224
240
244
244
208
228
214
238
210
228
214
194
228
218
510
510
510
510
510
510
510
500
476
496
506
508
510
510
510
494
506
502
492
498
500
500
498
482
462
452
464
460
510
510
510
508
510
508
510
508
508
510
510
510
508
510
510
510
510
510
250
304
342
314
346
330
294
334
292
332
316
290
276
332
336
338
322
324
284
356
254
282
274
200
148
112
154
118
88
112
80
80
36
94
86
90
80
74
78
98
110
104
90
96
102
110
100
120
180
188
166
200
230
168
154
194
200
158
168
204
214
188
116
148
134
116
124
84
140
104
110
224
112
116
74
92
104
66
96
94
82
82
84
258
226
248
186
238
208
234
266
224
174
190
220
186
216
228
228
226
232
242
212
206
214
244
214
234
200
234
202
224
230
202
210
506
508
506
508
510
510
438
288
310
230
212
376
484
508
510
490
496
504
498
500
484
494
500
446
472
454
440
458
460
428
442
496
508
508
506
510
510
510
510
510
510
510
510
510
510
510
260
314
332
328
302
312
288
322
304
302
324
268
248
246
260
232
280
234
260
276
296
264
188
136
142
124
168
220
94
126
80
108
114
90
120
92
122
44
104
84
70
72
118
94
98
100
90
114
106
156
148
210
226
196
152
182
184
220
220
202
236
172
114
112
116
110
122
126
114
42
160
240
232
102
112
106
98
86
96
128
106
46
78
202
242
192
238
226
224
220
216
206
202
190
214
218
232
238
220
236
224
218
192
188
202
232
216
202
206
222
188
212
196
200
198
302
288
300
316
296
284
232
124
154
146
170
158
182
168
206
274
310
320
288
316
314
318
282
256
294
306
264
282
330
320
300
304
286
284
318
294
308
342
390
344
398
394
396
418
412
366
434
424
444
438
418
424
400
358
364
346
292
254
252
256
272
196
218
234
238
206
194
152
158
136
186
210
170
158
104
24
88
34
86
68
58
80
46
38
48
54
86
90
106
64
88
96
54
76
124
58
134
168
212
176
160
122
138
196
196
182
152
96
54
124
116
114
140
148
140
136
186
182
240
94
104
102
64
80
82
70
72
96
108
140
216
216
210
212
246
226
258
228
226
218
232
228
242
234
234
224
234
248
230
252
210
252
230
212
252
184
252
210
180
134
96
304
278
314
306
314
292
266
200
136
148
104
136
158
142
138
140
276
272
314
326
318
334
272
326
310
318
296
316
324
292
298
320
308
288
318
256
326
328
302
326
296
312
306
278
266
292
276
286
266
254
260
264
280
222
280
264
230
276
240
276
308
224
246
260
258
262
202
190
160
140
142
102
66
72
20
14
90
52
36
66
54
40
22
44
22
76
38
60
10
20
126
276
288
280
266
198
230
208
168
196
170
186
64
108
126
114
102
118
48
132
106
96
124
124
124
80
80
98
132
122
136
138
110
86
86
88
72
94
70
108
96
96
182
200
208
260
224
246
218
240
240
206
236
254
224
234
234
250
242
196
222
238
240
216
236
226
200
60
98
92
86
292
286
288
290
298
284
200
154
164
130
92
106
114
74
98
138
106
146
266
282
290
304
306
296
308
306
350
316
320
318
340
314
304
314
298
322
304
296
262
282
312
266
266
276
274
250
258
308
282
248
272
276
252
256
258
268
250
222
256
256
242
260
246
218
316
242
270
182
172
44
20
32
50
38
28
24
10
10
12
66
48
36
68
14
18
20
26
2
0
14
0
0
8
16
34
54
154
148
208
228
236
212
228
282
204
184
246
204
264
206
200
244
250
228
270
254
230
226
232
262
252
248
276
252
296
332
334
334
388
404
428
436
498
436
466
454
470
448
424
430
368
326
300
248
266
266
274
246
230
224
250
234
236
246
134
136
128
126
110
112
108
270
280
306
302
298
300
170
136
90
140
124
96
94
106
94
118
162
144
200
210
242
224
304
306
314
304
290
298
300
298
340
302
308
324
322
286
330
292
260
320
330
276
278
262
278
292
266
250
256
238
256
296
278
240
318
278
274
274
248
256
234
254
236
214
242
242
220
188
40
58
24
54
6
2
4
2
22
2
26
6
14
18
0
20
0
0
24
62
10
4
2
14
62
12
4
4
36
4
20
10
0
30
20
44
24
42
112
150
268
264
218
222
286
260
282
248
296
234
262
322
252
252
286
284
322
252
246
252
246
272
276
280
280
294
328
302
308
326
300
318
314
328
306
340
356
324
356
340
314
332
350
330
338
342
344
370
342
338
338
326
332
280
280
306
304
276
278
162
132
66
152
100
94
84
108
102
18
112
112
138
94
134
236
262
278
300
274
312
306
340
298
302
306
302
334
308
304
290
326
258
262
292
284
316
298
248
254
230
284
252
280
254
226
236
250
236
236
232
234
186
242
252
216
198
240
236
222
176
60
76
52
4
10
2
8
8
10
16
18
10
0
4
8
40
16
8
54
40
58
30
18
48
40
4
52
4
48
42
34
10
50
34
42
78
26
14
18
30
18
48
48
4
6
46
102
242
258
268
224
276
304
280
256
268
246
262
260
222
228
254
234
250
272
278
252
334
296
302
320
308
354
330
340
376
332
330
334
322
366
360
376
352
356
340
364
360
370
356
378
358
354
360
278
286
300
306
288
292
176
104
96
92
84
76
84
62
54
88
72
90
102
88
66
106
148
242
282
276
286
304
308
286
310
290
276
300
300
304
282
288
256
268
310
288
286
266
200
248
232
236
264
232
224
208
210
242
190
266
290
222
248
226
224
212
178
216
198
192
36
16
18
16
2
40
2
2
6
12
38
10
38
114
64
0
14
140
20
148
32
6
16
12
28
12
2
44
18
6
72
30
10
22
12
42
84
52
74
18
46
98
18
50
46
14
20
20
8
10
12
18
52
44
134
196
226
228
254
258
268
254
256
222
250
276
282
308
316
276
294
306
308
370
316
348
348
308
338
294
324
340
326
376
382
340
352
376
352
364
350
356
362
368
358
274
270
272
238
270
264
180
140
98
100
30
84
96
66
58
26
74
84
66
122
112
112
134
92
252
216
266
274
282
250
254
288
256
294
248
302
264
246
274
268
278
150
4
118
86
112
54
246
278
210
222
194
210
196
206
206
190
136
74
68
78
78
72
12
36
22
62
56
2
8
6
10
72
16
6
10
100
62
24
0
8
72
30
100
2
136
2
32
10
86
154
110
34
16
12
38
2
10
106
32
6
22
30
44
94
34
42
96
62
2
6
18
28
8
4
14
4
12
14
12
30
6
16
6
24
82
236
224
232
236
266
276
250
296
298
322
314
352
308
310
330
354
302
330
310
364
332
324
360
330
324
352
376
348
380
388
370
340
370
362
366
276
300
292
280
272
244
174
112
64
108
54
94
54
102
80
52
44
68
106
98
116
94
78
88
136
48
208
256
260
272
246
244
260
252
242
242
264
234
180
244
50
82
106
88
54
96
52
38
12
18
60
36
42
58
22
44
42
2
40
34
32
38
60
150
98
34
56
18
34
4
10
30
82
100
112
90
8
50
12
128
10
44
94
32
104
84
54
84
58
108
2
54
34
116
126
36
40
82
50
30
10
18
54
76
78
32
108
118
18
72
28
12
64
2
44
12
16
34
2
14
10
32
6
56
44
12
22
32
60
156
270
274
274
284
264
286
352
360
310
336
294
320
296
334
352
342
300
330
328
342
330
332
336
354
342
344
356
360
380
350
364
290
270
288
284
250
260
188
146
170
86
94
58
64
62
76
56
46
58
76
82
108
108
108
142
98
84
80
66
232
226
198
226
252
274
266
286
262
264
248
230
122
66
80
48
48
50
40
24
42
54
64
10
36
74
60
56
62
148
146
16
80
54
14
42
118
20
120
86
22
14
10
34
150
12
104
76
16
190
158
114
214
32
182
62
110
96
82
118
52
90
48
94
106
140
56
16
120
88
24
98
60
118
86
32
62
6
134
76
78
44
56
18
60
12
12
38
6
22
10
10
4
6
10
24
10
4
42
12
10
32
36
58
78
258
272
260
304
332
308
302
318
300
312
306
312
322
332
350
314
358
326
342
366
358
366
380
372
390
374
388
368
270
284
272
276
284
266
230
100
114
76
60
106
90
96
62
82
90
64
88
74
128
48
88
130
102
64
30
80
70
32
24
136
228
246
252
242
230
202
210
242
90
80
30
6
50
80
120
30
108
12
66
66
128
42
102
162
22
126
126
114
34
114
100
70
112
116
136
48
54
28
136
80
56
50
28
248
162
152
80
150
130
58
124
146
214
200
154
118
150
70
150
186
70
162
82
182
162
180
224
144
164
144
156
186
88
98
76
26
108
130
144
76
144
52
118
48
108
62
0
52
8
32
2
42
32
28
12
0
2
8
46
6
8
40
72
174
256
262
324
328
310
296
306
318
310
320
342
334
336
328
354
334
346
338
352
354
386
380
388
366
348
272
278
284
270
280
268
276
142
106
96
96
88
96
94
48
118
32
100
80
94
54
78
54
168
154
152
132
60
32
36
60
54
78
56
84
76
62
66
56
72
64
70
68
74
8
70
228
74
44
142
12
108
306
136
94
176
158
144
86
130
144
178
166
126
210
130
208
252
112
80
118
164
322
180
176
212
190
170
280
212
148
226
186
148
124
76
186
204
158
132
80
168
188
216
66
186
148
212
12
152
152
202
174
194
160
118
138
172
92
132
94
40
44
140
104
128
28
62
22
76
116
98
60
56
50
40
4
62
12
52
4
60
50
2
52
64
34
64
218
296
316
320
302
290
302
292
306
336
336
334
340
340
334
356
370
354
368
360
346
372
378
258
284
270
302
262
264
288
142
120
76
20
110
98
80
40
68
42
66
38
76
54
186
116
80
158
178
240
172
98
178
100
44
64
32
200
110
148
42
52
114
90
142
126
170
290
54
90
220
228
38
312
86
76
180
92
106
142
206
208
180
100
76
238
182
54
192
70
76
200
138
172
210
132
140
156
54
260
214
198
234
224
278
142
256
190
228
156
162
62
200
106
126
136
190
46
278
112
102
134
168
118
110
136
182
228
168
152
260
66
130
140
84
250
194
186
196
64
202
142
114
36
74
136
176
48
24
52
56
112
12
36
114
62
4
108
34
16
36
48
18
90
312
304
328
316
320
340
332
340
358
334
336
372
344
348
362
364
384
364
358
366
254
272
290
282
286
276
258
148
76
76
52
54
6
66
42
80
80
84
74
90
164
154
260
78
138
126
50
168
230
62
126
52
162
202
66
150
152
282
138
98
150
136
184
134
220
188
190
170
182
102
228
282
240
200
226
146
178
350
160
186
190
138
196
74
290
166
156
206
224
190
242
196
14
194
106
210
232
284
16
204
150
10
182
50
180
108
102
194
46
218
162
174
74
164
142
196
172
148
196
236
148
174
208
182
174
128
170
268
176
190
220
174
196
184
230
128
180
130
168
156
138
118
86
106
144
144
212
134
188
92
136
152
40
48
14
10
4
6
48
2
40
50
76
294
292
286
336
304
312
344
328
338
366
370
368
364
374
348
370
350
382
276
270
260
264
298
274
252
148
64
64
34
60
38
62
90
62
104
12
58
60
108
138
326
186
90
168
186
22
60
196
314
176
290
264
268
140
122
172
214
226
332
208
142
186
234
232
116
278
246
188
156
84
218
88
226
202
46
240
50
208
202
288
234
100
224
188
168
216
180
200
186
222
192
180
204
136
208
170
68
96
54
94
240
250
184
130
122
192
174
170
162
134
216
212
192
212
214
172
208
128
70
150
154
166
126
172
134
188
198
138
142
144
152
156
140
120
140
140
150
176
144
196
28
174
140
122
148
276
176
126
114
124
162
52
74
74
10
70
2
36
6
54
44
50
100
284
326
256
300
348
304
320
342
352
374
362
388
366
352
380
364
268
264
274
268
280
266
248
236
48
92
138
74
50
28
10
74
90
78
56
78
272
302
320
322
282
98
258
274
156
64
170
114
120
180
112
196
242
356
82
278
204
136
284
192
242
92
342
402
130
166
242
230
320
166
264
182
212
276
292
256
42
258
76
200
118
146
106
234
198
256
82
100
288
208
150
122
252
198
192
180
140
168
188
206
222
192
194
222
184
186
286
136
242
56
128
146
8
162
136
144
202
172
128
222
150
190
152
232
184
174
154
164
168
182
206
172
152
178
136
178
180
210
216
136
122
138
146
90
160
184
170
172
130
94
78
58
88
10
58
6
12
8
2
36
20
52
68
208
344
322
316
330
320
328
352
330
354
372
366
366
364
260
270
268
276
264
292
292
244
92
58
50
28
20
46
26
72
2
94
80
70
280
216
350
82
300
212
98
254
210
52
176
120
256
200
252
134
170
322
220
236
362
200
66
344
304
250
194
190
166
74
228
276
164
264
194
216
262
194
312
186
296
298
106
218
182
230
170
166
76
164
250
200
146
234
138
52
130
54
182
148
146
180
162
112
158
272
60
196
186
216
224
170
136
174
148
194
64
170
122
94
188
154
86
158
34
170
190
188
208
142
162
176
190
242
224
222
186
212
194
226
178
238
188
130
164
212
96
104
186
230
136
184
116
82
86
76
58
50
62
64
38
16
6
30
42
58
54
34
58
134
340
320
346
354
346
378
372
350
364
364
386
262
286
278
268
276
286
280
92
42
92
52
58
44
54
2
66
2
50
16
70
182
194
198
344
194
144
172
236
256
290
332
154
224
310
178
118
240
128
292
130
202
158
302
354
332
310
114
346
276
262
390
226
262
370
282
84
234
94
274
96
242
182
234
246
204
170
170
244
82
182
60
170
10
192
166
176
180
96
194
174
164
86
232
230
212
236
182
152
118
164
86
168
8
248
162
186
72
140
184
102
148
162
106
158
182
150
204
166
118
174
186
210
208
232
278
266
180
174
166
208
76
174
200
164
188
170
172
162
156
180
158
72
106
78
84
122
78
64
18
46
36
4
4
14
8
12
28
56
64
66
76
106
312
368
348
380
346
348
360
380
372
256
276
268
284
300
284
246
136
42
62
72
142
106
74
62
78
74
98
88
64
222
204
160
370
234
96
290
296
228
248
228
202
194
148
308
274
258
234
282
354
280
110
304
74
128
258
320
100
80
204
254
76
316
58
236
84
272
258
234
70
272
262
228
102
222
224
180
214
268
208
110
160
162
226
224
192
302
192
100
138
152
144
150
102
164
128
166
132
150
174
158
128
128
154
144
112
158
126
188
182
152
148
110
124
146
194
126
114
180
126
168
176
184
254
196
168
202
190
164
232
72
192
192
190
192
164
142
162
142
164
84
182
76
64
140
134
134
94
52
44
88
46
88
32
42
18
12
14
6
20
40
28
80
176
352
378
362
374
356
344
364
256
254
270
282
274
252
92
110
108
100
76
44
52
24
10
26
72
72
80
124
302
444
326
276
308
258
246
104
268
78
84
284
214
348
148
140
208
284
306
80
358
262
338
272
108
226
188
222
242
300
346
114
328
254
284
356
90
302
316
258
324
220
242
124
248
206
208
230
228
226
196
122
152
40
204
160
198
4
190
154
190
140
144
144
158
120
148
124
170
148
148
180
204
232
160
204
124
168
128
220
164
146
156
148
174
142
234
162
142
132
170
124
130
202
122
186
218
134
120
186
176
148
156
192
212
216
122
132
132
184
156
140
106
154
118
88
100
52
72
106
90
110
118
120
130
120
104
62
18
42
54
84
110
50
84
334
374
364
376
368
354
258
278
260
278
256
124
110
102
78
126
108
98
76
76
24
76
68
38
74
86
80
354
382
330
348
68
168
82
290
328
130
152
280
142
240
340
206
152
308
140
304
122
342
292
304
340
242
372
248
266
340
350
250
150
242
256
158
240
82
240
272
336
218
334
230
250
302
230
300
284
184
172
196
144
238
148
224
114
194
128
158
144
124
126
132
134
124
114
136
136
150
128
226
102
136
216
182
172
138
100
142
142
214
146
158
142
116
160
202
182
140
110
152
136
170
152
18
136
108
158
164
214
184
56
160
172
136
124
180
218
136
100
182
130
104
124
98
114
110
112
58
118
102
160
126
152
150
82
106
62
192
82
100
80
86
80
232
350
362
362
360
288
262
266
274
260
102
128
92
128
122
104
78
70
64
60
60
70
60
50
72
260
310
406
186
262
248
76
346
300
282
344
290
292
378
340
392
388
348
156
414
336
406
312
298
338
350
262
340
174
274
280
282
290
264
228
372
250
240
94
236
236
108
204
256
262
238
242
166
240
144
214
116
224
138
52
194
320
150
148
138
134
138
126
128
132
124
96
132
120
118
136
142
152
118
156
140
96
140
134
150
122
134
164
112
130
146
206
130
220
152
134
104
116
170
182
140
212
112
228
144
134
112
102
96
162
158
40
258
258
112
136
176
142
158
180
120
136
184
154
128
116
78
106
138
166
198
96
78
250
250
68
50
100
80
46
52
76
282
352
380
378
256
282
266
230
154
96
110
86
30
70
80
86
94
80
52
56
56
72
92
56
276
92
196
390
348
190
358
330
146
232
326
150
392
222
402
120
350
350
166
396
378
106
362
310
372
216
270
326
370
334
146
340
164
332
310
178
312
228
334
224
258
406
270
264
260
106
266
164
214
208
212
150
170
136
138
174
166
234
188
210
164
94
136
118
130
132
166
212
208
148
150
128
158
112
164
172
22
128
206
150
138
160
90
118
170
190
232
156
70
144
268
234
184
194
64
158
140
98
96
198
132
146
66
100
116
136
232
332
170
106
190
146
150
150
150
164
180
160
180
136
166
76
130
168
208
164
144
122
162
166
32
40
114
78
46
80
70
90
358
358
348
240
268
240
228
174
96
100
64
56
82
90
76
48
46
56
68
102
74
64
98
216
268
228
308
352
430
252
196
384
416
386
420
464
350
482
458
436
420
394
438
420
404
434
82
414
116
328
154
328
334
354
354
354
326
324
98
286
374
288
282
324
310
276
250
268
302
190
250
278
260
222
144
176
162
178
104
168
42
178
208
16
244
134
176
112
130
80
210
148
112
42
162
144
116
110
132
178
136
74
270
160
170
108
128
102
148
180
114
136
124
152
6
158
206
114
200
92
132
160
204
188
234
166
88
120
98
316
222
120
138
182
156
144
122
182
190
156
186
126
160
128
106
110
196
128
192
106
240
200
288
176
368
320
88
64
82
84
84
278
372
358
246
260
248
128
98
116
38
66
66
48
72
88
50
76
98
80
94
90
132
94
94
92
294
412
344
264
448
416
342
400
418
478
464
468
416
508
502
366
428
348
438
414
418
410
382
432
354
448
426
390
374
224
342
322
304
386
338
314
216
280
274
250
230
240
254
272
234
292
252
176
194
198
196
152
186
30
180
142
144
148
178
194
156
88
150
156
32
172
32
152
0
104
106
88
206
154
120
176
22
170
122
110
116
184
20
154
136
136
146
124
216
218
156
130
140
110
120
218
104
142
122
160
144
104
106
196
438
184
160
94
170
138
112
160
180
162
146
118
170
160
142
130
138
134
180
118
98
84
400
380
372
288
72
52
78
68
82
200
346
356
362
260
258
248
200
176
114
96
64
64
66
50
98
20
68
58
82
54
82
60
100
68
122
150
268
314
386
338
138
336
342
390
378
440
400
422
426
448
236
434
422
416
338
176
442
480
220
420
448
352
342
172
288
300
274
342
356
278
320
120
286
274
234
130
314
276
320
268
290
322
310
232
222
164
340
70
208
142
176
128
186
178
120
130
0
102
146
362
146
194
142
152
128
132
134
124
126
128
206
158
124
94
120
164
106
156
176
150
134
236
208
236
154
106
110
126
132
146
38
158
140
106
114
162
130
184
346
382
220
132
116
178
128
124
164
230
210
310
148
152
138
90
94
118
90
156
144
148
166
96
120
168
256
216
262
94
182
334
340
344
342
354
272
266
280
202
160
118
90
78
74
74
66
20
80
66
40
40
100
60
126
136
140
124
146
162
198
274
200
260
282
300
322
322
328
332
322
348
418
452
384
428
442
446
492
462
380
452
462
450
454
338
356
376
208
376
374
414
396
398
438
420
400
344
334
334
268
408
370
282
228
192
168
204
156
230
186
214
194
208
212
48
160
166
122
356
146
216
182
316
208
178
134
156
182
180
130
150
152
174
162
110
94
122
104
236
184
148
150
192
168
182
172
130
152
178
180
136
180
26
182
108
130
164
146
162
116
400
310
152
124
92
134
142
98
154
208
146
198
138
160
150
210
102
110
104
128
130
176
228
340
228
368
152
102
44
140
310
314
340
350
364
352
256
286
218
130
132
106
120
80
94
68
50
90
82
96
80
72
88
122
150
144
160
178
184
246
146
140
128
180
158
202
190
206
234
218
214
198
220
212
180
226
298
356
358
392
434
414
420
418
124
414
476
392
474
450
306
428
412
438
424
346
322
96
360
408
372
214
334
206
170
196
254
148
176
80
180
182
198
146
190
196
374
200
364
178
278
306
258
36
174
166
188
212
52
172
152
110
124
160
136
178
156
124
198
174
120
144
148
204
214
150
156
142
172
138
260
148
152
136
130
130
206
158
110
152
174
390
308
168
108
104
116
110
128
124
126
204
198
184
188
152
122
150
126
56
108
124
188
158
254
230
114
102
80
206
224
246
244
168
130
354
360
240
294
160
134
126
118
118
32
84
100
106
52
112
56
68
76
92
98
82
190
332
80
158
154
218
220
212
234
242
238
254
244
248
264
252
232
248
270
232
140
92
68
130
274
310
310
368
330
442
400
282
422
354
120
432
452
398
426
420
298
304
380
334
378
240
324
132
214
242
186
76
192
170
272
162
180
46
196
210
182
336
202
220
326
350
50
264
172
182
180
164
252
252
236
220
180
174
148
154
168
136
182
172
190
174
194
144
194
164
278
260
170
104
98
134
152
130
132
164
162
160
92
164
128
186
282
260
196
112
126
144
136
102
162
176
198
256
234
260
232
126
212
150
74
126
136
168
206
96
140
86
126
336
400
378
222
178
80
142
350
362
270
290
266
150
136
102
88
106
94
118
86
70
100
126
108
150
136
102
164
138
148
252
258
260
278
232
312
272
274
276
276
304
284
292
288
260
272
282
232
116
78
78
80
112
160
334
324
304
418
394
362
134
356
328
366
368
326
354
360
428
354
350
114
306
354
296
252
278
194
318
236
208
212
164
188
196
268
188
224
220
272
200
256
254
264
290
212
230
178
214
216
278
242
188
216
158
244
170
194
190
168
156
180
240
224
142
258
208
92
58
92
98
108
98
28
8
20
70
86
24
74
148
160
164
86
188
364
192
140
140
116
122
134
140
200
172
322
252
372
372
196
236
194
120
126
208
176
186
110
94
160
378
280
288
188
110
98
178
332
370
346
284
266
174
156
150
136
134
98
96
88
94
118
144
44
102
186
164
164
256
258
276
306
302
300
294
320
294
302
316
310
298
302
282
276
298
270
252
292
156
100
98
68
22
106
68
142
286
324
398
406
506
400
340
434
440
398
344
366
350
330
276
304
256
340
86
334
332
218
294
216
196
212
232
304
224
296
204
364
224
282
260
196
308
348
306
262
274
250
240
38
178
212
248
262
266
452
316
380
220
200
238
246
352
232
246
238
108
54
2
26
2
0
18
12
56
58
72
100
130
140
102
28
54
74
58
152
284
208
160
142
100
140
156
196
278
172
252
336
426
426
294
264
238
242
232
188
254
132
190
208
400
360
188
164
146
274
246
272
344
348
350
276
276
176
114
132
146
116
128
120
140
168
250
134
110
192
264
286
296
302
284
298
312
310
302
330
316
318
288
288
314
320
284
308
280
278
286
272
254
170
116
76
74
54
72
84
108
130
176
240
340
342
430
396
346
444
392
452
418
376
422
374
322
324
368
312
302
244
266
258
222
332
306
250
248
282
250
256
270
220
252
282
278
226
254
368
272
270
266
280
290
254
268
350
396
412
424
464
116
432
404
168
180
208
190
166
96
138
92
10
56
54
8
64
38
54
34
12
64
68
20
28
62
96
92
160
90
126
224
220
174
192
164
252
334
382
176
200
318
412
362
318
280
202
182
222
292
186
144
202
418
182
132
174
336
328
376
342
314
322
340
336
300
282
252
142
144
156
170
222
164
180
186
250
236
322
302
316
298
278
290
324
336
314
324
338
344
328
316
302
316
290
318
292
324
308
272
300
282
250
64
80
52
90
88
50
110
128
134
98
114
154
174
320
350
390
416
362
356
418
436
420
436
382
394
354
404
354
368
372
308
340
122
330
350
392
410
394
342
336
316
266
236
254
272
244
294
356
300
296
294
310
286
322
442
378
402
350
398
410
420
358
280
260
262
296
262
200
288
114
114
62
46
2
38
32
138
42
56
4
30
26
60
50
78
110
116
124
148
184
364
302
240
258
328
372
378
292
218
314
244
230
196
148
340
274
164
210
220
236
232
174
328
394
396
318
282
298
340
330
322
350
342
282
300
312
296
270
260
250
238
276
274
302
298
296
306
286
300
292
292
308
316
318
296
318
302
310
334
324
328
308
308
350
316
322
326
338
296
316
272
146
100
124
114
104
90
80
140
120
148
100
128
128
88
200
216
372
380
438
426
386
388
388
416
404
388
380
432
368
300
348
248
262
244
176
208
164
144
142
176
138
166
178
250
366
380
366
364
326
352
350
348
396
372
376
280
338
290
332
384
384
280
302
320
350
406
376
370
296
266
128
82
26
16
32
32
24
38
24
62
60
46
56
86
108
148
228
222
262
376
356
422
408
188
216
248
278
234
210
228
140
188
256
220
230
232
188
324
212
302
352
332
286
306
292
288
282
340
338
328
336
362
336
294
302
314
304
304
284
288
290
304
298
284
322
298
290
308
308
314
292
284
298
282
296
298
312
318
308
306
324
300
290
310
326
302
282
310
318
308
222
122
100
124
84
96
82
130
132
114
136
114
128
116
144
134
172
184
370
286
406
388
374
360
388
396
412
330
340
146
128
104
70
94
92
92
80
96
94
114
124
128
154
162
154
322
436
472
492
410
402
442
380
460
446
394
398
422
408
436
404
360
404
390
428
402
378
386
368
350
372
328
108
46
52
30
58
22
22
4
6
6
22
62
84
172
212
280
360
382
390
374
350
328
264
156
206
282
210
166
242
288
378
386
306
368
276
246
246
284
286
278
248
308
304
302
308
292
304
340
330
348
352
342
292
298
294
284
308
302
318
302
306
316
296
298
300
298
298
316
308
312
292
290
314
308
330
300
330
348
276
304
322
306
280
302
276
348
322
308
306
172
134
90
98
96
98
102
100
134
122
134
122
136
190
180
168
212
142
166
160
152
200
288
340
362
364
364
356
370
356
252
60
28
56
70
94
106
120
124
148
116
116
158
184
218
314
374
452
430
430
396
426
418
434
412
424
430
410
398
410
412
422
402
390
414
448
380
462
398
382
394
408
422
386
94
56
116
34
24
34
6
30
70
108
158
252
346
394
386
366
390
372
360
418
386
332
260
228
200
192
224
204
242
244
254
240
210
232
298
302
276
300
288
264
298
312
318
358
328
334
332
324
344
324
296
296
300
298
296
308
322
292
290
306
300
306
310
334
304
296
330
300
302
320
302
320
302
298
280
288
304
298
298
324
272
302
334
294
326
328
260
160
100
86
146
118
120
130
88
150
140
100
100
142
188
168
180
148
166
188
190
184
138
158
146
168
138
138
140
134
102
124
84
84
120
76
108
88
92
88
90
114
76
88
74
110
112
134
162
278
268
322
330
386
400
410
368
396
366
392
350
406
420
442
428
396
416
400
430
424
378
412
406
384
410
432
452
350
218
138
132
162
226
344
444
386
462
414
452
412
422
378
374
422
414
280
212
212
232
248
244
232
278
274
264
248
258
238
264
256
274
316
310
298
294
304
326
310
312
350
316
308
304
336
352
266
306
308
302
298
306
298
290
324
318
322
286
296
322
288
312
320
310
308
322
304
356
298
320
300
286
332
310
316
306
316
310
332
322
316
336
286
122
118
136
106
150
106
114
114
142
172
160
142
132
138
152
182
158
206
204
192
162
162
192
188
170
152
152
132
158
148
148
134
130
138
138
160
172
128
122
126
92
130
130
124
142
130
140
138
146
122
122
132
134
138
140
138
138
136
166
158
170
218
190
196
190
190
212
212
200
222
238
268
262
266
344
334
328
300
344
318
396
396
316
314
280
222
224
220
242
234
202
220
246
248
260
258
258
238
258
276
282
298
262
280
256
264
264
294
290
282
292
318
350
302
326
344
314
326
332
322
358
334
342
334
292
306
292
314
290
294
292
312
302
290
306
312
328
322
336
298
288
322
320
302
320
280
298
312
328
312
336
280
320
346
310
320
316
312
290
298
306
202
122
126
110
120
116
90
104
134
130
106
142
206
228
194
192
232
234
270
188
196
186
182
186
168
150
154
176
170
152
154
138
166
152
132
154
160
144
134
144
136
148
154
140
132
150
132
164
146
150
142
156
178
184
168
162
148
160
156
148
158
160
156
150
172
158
158
164
148
144
172
150
154
150
178
150
192
212
166
166
200
152
236
256
240
210
244
248
274
264
238
262
264
282
274
314
264
278
262
276
300
272
294
304
292
278
300
286
314
264
286
302
328
332
320
342
322
364
348
346
336
340
338
330
264
284
298
290
312
298
312
328
308
320
340
286
314
310
320
310
300
328
308
314
344
328
322
324
332
284
240
300
308
318
282
324
326
328
264
306
262
214
168
132
144
118
162
126
152
168
142
212
232
274
264
194
232
278
208
242
242
188
202
208
218
200
180
198
170
182
164
182
162
166
170
168
174
160
156
162
142
166
150
156
164
176
176
174
138
170
158
168
190
166
176
170
172
180
176
182
182
168
168
188
170
182
186
190
182
178
176
188
172
176
194
192
216
216
220
168
202
178
232
256
242
236
270
278
270
258
280
288
280
256
266
298
278
298
262
308
294
318
296
300
340
328
300
306
328
316
300
288
316
348
318
304
320
332
312
312
330
366
354
320
362
276
304
284
290
274
302
292
312
314
320
314
344
300
320
312
294
322
308
304
322
324
310
308
330
306
258
308
304
296
324
298
278
298
296
276
336
302
310
282
260
230
148
236
250
234
228
248
294
304
252
302
270
254
232
250
272
244
194
226
206
192
196
210
230
188
180
184
170
190
168
192
194
182
182
162
164
162
152
152
172
160
186
184
164
168
164
200
172
196
188
216
172
172
190
192
190
194
170
192
202
192
178
178
192
202
178
204
192
200
206
196
196
192
196
226
210
232
208
276
278
274
278
302
284
276
288
288
286
300
304
284
304
308
268
286
314
274
322
326
286
332
286
296
292
320
322
292
316
336
354
316
308
350
330
346
336
336
336
334
320
324
472
484
496
504
502
508
506
506
452
488
502
490
458
478
466
478
454
470
466
456
428
432
470
446
448
458
480
446
452
466
470
468
466
432
474
418
420
426
378
350
338
274
308
250
264
258
234
256
264
234
250
266
244
256
220
246
192
226
200
202
180
230
188
210
204
198
178
184
188
172
180
186
160
170
228
174
176
190
190
176
192
188
172
174
166
184
188
186
198
204
236
188
196
182
184
182
194
172
208
212
186
188
200
184
212
190
186
188
200
214
210
210
236
248
226
298
224
246
270
296
274
296
276
300
282
318
326
294
296
302
282
298
326
270
348
322
322
310
330
300
328
306
326
312
292
310
296
320
306
310
314
292
332
308
354
328
332
326
322
302
342
486
500
504
506
508
510
510
510
486
508
492
492
486
476
462
452
464
468
440
434
406
440
460
452
464
460
442
462
430
458
426
456
442
444
454
442
462
424
460
464
450
442
440
452
428
440
426
450
428
444
426
438
412
436
424
448
408
420
406
422
412
430
394
392
358
400
372
396
358
378
384
384
364
374
368
376
372
358
380
338
244
328
288
310
302
290
280
258
224
242
242
230
206
204
216
162
180
170
188
208
182
190
198
208
200
168
228
224
208
212
198
194
224
192
278
240
248
256
294
300
274
304
288
298
274
300
300
280
316
318
298
328
320
310
304
288
320
326
298
278
312
318
358
280
334
340
344
316
318
304
304
294
306
318
296
348
334
312
328
336
346
