178
178
206
216
232
188
196
206
190
204
198
198
224
206
208
214
232
220
260
252
226
252
224
234
254
234
190
264
234
234
234
226
200
200
180
182
224
370
460
422
412
310
176
58
54
70
64
58
54
46
34
52
64
64
62
78
64
50
48
72
80
144
160
148
146
160
168
164
160
104
84
78
94
88
94
110
96
76
64
94
82
88
106
108
106
104
96
116
110
188
190
158
202
224
246
250
252
264
222
234
252
284
264
268
292
208
264
250
254
258
248
244
280
262
296
272
274
306
280
372
368
332
368
346
382
362
376
384
404
394
396
400
508
510
510
508
510
510
508
510
510
498
508
510
510
510
510
510
510
510
510
510
510
510
510
510
510
288
280
280
294
178
216
202
200
216
178
176
162
184
220
182
212
196
238
222
206
234
256
232
228
232
260
232
218
224
248
224
238
238
218
276
236
262
252
244
242
218
236
248
218
196
216
264
198
214
200
212
228
226
226
218
192
230
204
188
206
280
328
436
446
368
294
190
176
172
180
182
178
104
94
90
86
80
46
88
76
92
70
82
76
72
84
90
102
102
98
96
80
122
158
162
184
136
230
252
258
274
264
236
276
200
256
266
240
252
246
236
226
236
252
236
250
282
256
260
246
260
272
288
350
346
334
334
332
322
362
366
382
442
508
510
510
510
508
510
124
506
508
120
510
510
502
510
510
510
510
510
510
510
510
510
510
510
510
510
510
510
280
290
284
264
216
198
208
210
210
106
52
66
28
78
104
150
216
218
208
184
240
228
230
232
238
222
264
232
268
242
236
236
216
264
260
226
268
226
244
230
230
216
228
196
220
216
244
216
218
250
246
256
264
226
224
212
244
248
232
234
218
222
232
232
244
238
254
302
200
236
250
204
222
210
196
164
190
216
238
270
338
342
346
278
280
258
168
140
86
96
96
88
108
146
168
148
196
160
164
138
190
208
178
182
198
166
196
192
222
208
250
242
242
250
228
250
284
274
236
254
264
258
284
360
376
326
342
352
332
506
510
510
510
510
108
158
350
262
510
216
376
504
122
510
510
508
510
510
510
510
510
510
510
510
510
510
510
510
510
510
510
294
284
286
272
220
200
224
192
160
86
44
26
34
42
34
40
66
126
216
208
220
232
214
250
232
218
254
236
240
224
224
242
238
268
250
240
238
234
226
248
230
244
210
218
224
236
252
198
248
234
200
218
266
266
252
206
246
246
256
208
210
206
194
224
178
220
242
236
232
206
230
240
246
256
236
212
232
170
212
228
218
228
194
152
180
162
234
0
16
30
10
234
188
152
142
116
138
176
204
246
328
336
400
382
328
264
236
206
232
220
242
230
226
240
234
230
234
264
270
276
274
278
290
312
306
346
330
314
218
510
510
510
510
510
102
510
510
418
510
508
508
510
508
510
510
510
508
510
510
510
510
510
510
510
510
510
510
510
510
510
510
258
282
294
284
206
220
188
186
176
88
54
38
26
24
22
36
30
36
76
126
194
214
226
214
226
228
236
226
248
212
210
254
250
244
222
258
262
278
262
248
236
228
218
212
228
262
226
214
210
232
250
222
214
234
228
226
250
204
222
264
206
208
160
224
244
248
236
230
228
234
244
210
222
252
244
200
216
206
158
202
168
126
146
178
146
146
156
2
10
34
14
38
16
16
192
218
226
194
226
192
214
212
214
212
194
218
192
234
174
230
200
194
178
154
184
182
128
130
154
272
322
358
374
380
362
372
346
314
230
510
510
510
510
510
294
106
508
510
510
510
510
508
294
128
510
510
506
508
510
508
510
508
510
510
510
510
510
510
510
510
510
250
276
264
278
214
220
216
208
192
62
38
36
32
24
28
4
36
12
80
56
76
168
220
244
244
236
250
230
228
240
232
244
252
216
254
240
260
282
274
234
236
216
228
218
214
208
240
226
222
214
238
232
246
236
230
256
234
216
234
208
206
238
242
230
230
232
240
182
204
222
230
198
214
216
264
196
52
20
14
8
0
0
0
0
0
0
10
0
0
10
26
40
10
0
10
6
20
120
170
214
202
202
206
200
236
192
180
158
194
178
200
190
218
214
224
218
180
198
212
240
212
200
218
190
226
178
184
212
134
508
510
510
510
510
510
510
510
508
348
126
338
510
510
510
508
506
484
500
506
506
504
510
502
510
510
510
510
510
510
510
510
294
270
256
258
200
208
220
198
168
56
50
48
34
36
14
18
14
34
50
60
34
52
86
194
254
218
222
216
212
256
230
264
242
248
252
194
254
238
250
268
262
226
238
232
232
220
224
250
224
202
222
256
204
256
226
208
212
242
228
252
206
214
218
226
214
218
192
208
168
174
192
204
168
52
0
14
28
8
12
2
0
0
4
8
0
16
34
32
10
42
36
0
4
4
16
6
0
18
2
2
2
10
16
2
16
12
18
28
58
52
104
96
130
128
130
100
118
136
110
124
88
134
126
174
206
200
196
232
152
506
510
510
510
510
124
126
130
510
510
510
510
334
196
214
250
224
224
250
266
256
234
230
230
262
304
342
392
412
476
488
506
262
292
250
258
198
240
236
184
182
76
46
44
34
28
2
20
6
16
0
32
72
52
42
40
156
228
212
240
238
240
252
204
248
232
250
248
266
242
248
254
240
248
266
226
228
248
232
232
256
220
208
212
202
216
244
230
222
216
196
200
208
194
224
206
206
218
226
188
162
200
164
166
12
18
0
0
0
0
0
16
0
0
0
0
0
10
2
2
2
4
6
0
0
40
0
30
2
24
32
0
14
10
18
28
6
28
16
26
20
16
34
26
8
16
42
16
20
24
12
36
16
30
30
20
46
46
50
32
38
64
78
84
102
236
504
510
508
202
182
220
268
236
246
228
242
240
260
234
214
262
238
246
242
244
244
242
244
266
250
260
268
260
270
260
214
188
224
198
190
178
58
68
40
36
4
16
8
14
36
20
12
38
18
48
50
48
42
208
212
220
250
244
242
260
226
242
258
244
262
238
230
236
248
208
212
266
216
230
234
262
220
284
226
210
212
246
218
184
208
180
184
216
178
182
190
182
184
196
188
148
166
4
0
0
2
2
0
0
0
0
0
4
0
10
4
20
34
20
0
6
24
20
20
18
0
16
4
4
12
46
10
10
14
20
10
32
26
12
26
8
44
46
8
44
54
48
20
10
28
58
34
54
20
28
36
32
36
6
30
50
40
40
44
46
74
60
70
162
290
262
258
246
208
236
222
242
250
238
230
240
250
244
244
246
242
244
262
246
252
268
220
274
272
254
254
206
184
196
204
224
190
100
46
38
26
34
18
20
32
8
18
42
36
12
56
74
58
52
66
154
238
236
220
214
230
234
266
266
252
226
252
220
252
246
238
238
258
222
234
206
202
204
230
208
206
216
218
196
218
204
190
174
178
164
172
60
16
0
0
0
8
2
10
14
6
18
0
26
2
6
6
0
2
8
16
0
16
0
26
2
0
30
10
22
70
30
22
2
16
0
26
18
10
14
54
6
24
56
8
6
12
32
12
0
32
10
20
70
30
58
56
78
62
32
76
24
14
62
24
32
52
62
40
112
56
44
36
36
38
28
34
58
132
208
248
232
232
240
232
264
246
242
230
268
254
244
252
268
252
252
246
230
260
264
240
224
204
222
210
192
202
168
60
50
20
24
22
14
28
38
28
20
18
0
24
12
60
74
74
22
24
54
240
204
234
254
228
238
242
230
238
284
214
226
232
234
238
244
54
22
16
8
54
162
208
210
202
240
202
206
104
20
2
2
0
0
4
0
32
0
0
0
2
14
2
6
12
2
0
0
0
0
4
18
8
102
42
86
86
48
0
24
74
10
62
62
14
22
26
52
0
26
2
20
26
18
52
2
30
126
4
18
32
56
28
64
42
10
0
74
62
122
34
68
14
96
148
72
46
64
16
66
66
76
72
132
66
26
34
80
34
20
34
42
50
64
122
214
234
260
260
246
228
250
252
232
244
268
246
258
256
248
238
236
248
230
206
206
198
196
218
196
178
66
46
24
14
6
10
0
10
14
14
44
26
2
18
36
72
70
32
60
56
44
116
192
222
240
222
250
232
242
240
256
230
188
230
108
70
34
34
2
12
8
2
6
6
0
0
0
14
2
2
10
6
0
4
0
24
0
6
0
16
12
0
8
76
18
10
2
28
12
0
78
114
52
30
6
0
68
64
38
46
4
14
170
2
66
30
20
32
28
20
42
82
34
16
72
44
36
0
58
46
50
108
70
48
30
40
98
108
112
42
34
70
66
100
70
30
38
72
54
40
120
136
196
142
62
44
58
22
32
114
54
40
22
20
24
18
76
190
228
256
262
252
234
248
238
252
242
256
260
252
234
224
250
194
196
200
202
196
200
202
202
60
48
34
14
34
26
20
16
16
12
28
18
6
32
48
40
44
66
60
54
16
24
70
198
120
234
228
212
220
216
252
230
224
26
42
0
8
18
14
0
4
6
2
22
66
4
0
8
18
56
10
0
2
16
2
24
14
0
0
10
2
22
2
10
0
82
22
56
74
12
30
108
244
82
46
70
32
4
172
26
30
46
82
232
44
92
146
32
52
24
96
92
76
32
58
52
18
20
58
30
50
8
66
68
32
62
58
38
194
170
168
78
58
168
68
76
106
58
80
68
22
182
66
198
144
172
102
56
82
86
22
14
20
20
18
16
20
84
104
240
260
250
242
258
250
264
266
240
260
250
234
232
232
186
188
208
202
204
218
212
166
42
48
4
10
32
2
20
0
14
0
26
0
36
30
36
12
34
26
52
16
32
46
22
2
142
184
208
212
220
186
206
210
78
90
20
0
10
0
0
4
42
0
82
24
10
82
48
36
0
10
20
24
44
10
2
82
48
10
44
44
132
24
90
252
58
140
120
2
164
24
40
76
58
212
70
184
102
80
222
72
140
50
50
32
86
116
46
148
82
44
106
184
166
12
68
72
64
60
66
38
66
88
94
16
242
138
130
74
128
162
234
260
86
222
166
112
68
80
64
150
180
248
104
164
160
210
196
92
232
60
38
94
24
34
22
14
12
16
20
124
118
250
248
260
252
248
260
248
258
246
256
222
228
202
194
182
224
194
184
202
198
104
44
38
0
12
24
26
8
14
0
28
44
24
46
36
12
28
92
44
78
34
48
38
22
12
24
20
16
40
26
20
26
24
6
12
32
8
12
20
14
32
114
26
44
102
0
32
102
66
30
52
12
0
70
2
116
94
46
44
8
134
58
56
40
46
12
94
46
150
90
80
80
164
180
46
160
112
206
54
52
90
126
140
82
98
148
122
88
84
96
156
20
140
30
154
82
80
102
58
10
98
84
98
138
178
74
214
98
150
108
88
126
178
152
174
242
84
152
68
210
188
136
154
192
110
164
96
194
146
172
184
24
16
20
28
22
18
10
14
20
72
88
146
264
256
244
246
250
258
244
234
228
230
200
166
186
194
230
238
218
208
128
34
16
18
12
12
38
18
0
20
28
10
26
8
34
54
56
78
30
20
106
84
6
82
96
26
14
14
42
10
2
34
10
2
28
46
44
112
52
22
98
12
84
50
26
120
100
10
66
74
10
64
28
120
32
116
146
48
2
160
94
84
38
186
44
172
134
86
80
168
12
54
78
148
102
208
48
114
144
84
20
128
172
90
18
200
128
262
10
108
108
210
86
164
218
38
138
32
122
136
106
40
196
212
126
94
122
86
110
94
18
142
120
186
142
160
148
112
184
238
220
234
164
206
140
110
152
230
152
98
26
100
108
148
106
40
24
16
12
16
10
12
118
86
178
254
262
264
246
244
236
224
208
170
170
172
192
198
164
182
202
150
46
32
16
30
22
8
6
4
32
54
42
10
28
28
28
64
94
64
72
132
120
130
138
42
110
16
40
38
72
106
144
98
104
188
18
40
72
70
122
114
198
100
134
154
172
122
228
16
182
164
136
10
36
80
128
82
86
60
200
140
132
8
170
120
150
84
88
160
108
136
54
164
156
184
182
40
174
154
182
208
186
164
170
128
142
156
134
120
106
168
218
140
120
204
154
78
136
182
222
114
194
142
260
128
152
172
162
120
126
134
192
224
82
196
182
208
172
182
214
158
240
30
166
168
58
108
192
76
68
116
202
178
132
80
68
22
26
20
22
26
22
26
32
38
92
196
258
224
246
226
212
208
164
182
190
192
212
208
188
180
156
30
18
0
0
14
10
14
0
28
26
12
32
6
36
98
128
150
136
106
90
118
38
72
20
174
154
58
40
154
14
192
204
208
106
264
280
170
50
176
64
124
216
144
84
12
106
92
74
100
108
54
98
136
50
102
6
46
8
90
120
124
180
80
126
108
106
104
166
86
138
108
96
158
202
154
184
170
166
110
184
106
180
134
134
160
180
192
168
160
106
46
116
202
120
106
152
118
136
154
188
156
280
268
150
70
128
130
28
206
224
182
268
62
260
218
180
194
130
206
138
150
110
56
158
150
206
140
66
174
128
90
142
116
80
54
52
220
120
152
64
40
38
38
32
26
46
64
192
232
220
222
168
182
190
176
194
204
230
238
216
186
22
28
18
46
20
32
24
10
26
10
36
22
26
28
4
164
110
12
78
158
84
2
148
80
14
122
208
150
146
74
212
96
18
158
40
158
18
186
216
188
188
24
192
170
174
230
164
166
212
84
26
76
0
122
10
90
162
208
100
60
202
104
118
158
170
204
126
148
88
114
132
118
114
124
200
160
242
52
126
142
150
132
140
196
168
162
220
224
138
140
128
78
210
146
14
244
196
254
18
196
150
268
156
162
188
154
216
34
212
208
222
184
138
76
150
110
126
74
108
196
204
256
130
76
258
106
86
140
112
116
92
122
120
116
98
46
152
134
134
110
82
144
96
52
18
22
48
64
84
196
252
162
128
184
182
198
238
210
192
216
188
66
4
38
14
22
2
42
0
32
8
18
8
30
60
154
178
126
104
24
68
204
152
14
90
22
90
74
54
206
150
130
192
164
64
76
222
192
242
256
196
278
34
230
18
234
128
118
178
180
144
194
110
156
176
18
70
160
144
122
62
184
166
144
130
156
160
18
222
208
128
144
230
190
242
246
142
124
244
182
180
196
230
158
228
144
322
206
236
310
212
182
116
226
254
158
304
142
244
102
230
234
264
268
182
160
218
180
194
170
146
124
268
286
220
350
348
274
236
270
166
244
200
154
272
118
112
150
70
96
92
108
78
168
88
182
98
92
122
106
118
138
248
190
166
50
210
186
314
82
128
90
156
172
196
172
210
202
204
206
178
176
108
2
6
14
6
0
16
2
44
2
38
0
24
54
168
236
120
82
172
190
126
66
132
120
164
98
204
254
198
38
224
60
96
198
72
262
60
260
74
22
190
264
204
174
214
192
18
308
38
172
202
120
112
148
66
62
118
6
192
136
202
174
248
220
208
174
18
144
138
78
116
106
110
134
128
142
128
84
94
156
122
98
90
90
114
194
244
300
156
132
172
160
138
116
216
134
246
264
262
242
290
286
302
262
318
240
182
262
262
176
254
188
234
274
232
222
112
168
196
138
160
124
144
62
110
100
142
86
92
104
118
140
190
50
150
178
168
246
244
134
168
358
226
108
418
438
28
112
414
64
126
50
136
186
176
200
220
222
218
202
166
166
26
18
6
12
0
20
4
26
18
4
4
16
8
4
144
144
126
146
34
182
74
160
130
28
26
182
42
114
206
148
116
48
230
50
216
178
214
142
230
208
208
192
282
240
216
238
152
38
228
192
106
138
86
136
92
98
136
118
130
100
122
166
140
196
190
164
120
76
128
104
154
172
198
166
56
192
84
178
106
18
192
178
196
112
94
132
116
166
108
132
220
206
136
170
194
248
220
250
218
208
202
250
266
258
210
224
124
148
152
166
132
122
212
198
144
164
190
124
84
58
134
226
72
112
116
122
152
120
196
122
74
74
122
172
244
184
164
98
234
204
290
158
144
498
440
24
70
384
74
30
76
38
166
180
200
218
214
194
176
126
64
26
6
6
2
0
30
10
22
0
14
4
18
32
204
172
56
226
36
44
196
220
136
174
184
76
258
194
200
180
226
242
210
188
204
206
204
214
248
176
254
242
246
184
104
204
160
148
186
166
122
142
112
102
6
86
112
100
152
152
128
34
184
98
212
190
132
106
104
86
118
110
114
130
214
10
148
92
166
182
190
206
210
252
186
94
120
122
174
186
198
76
272
166
122
76
220
256
216
208
184
202
198
266
214
164
94
118
148
228
170
144
188
178
126
170
128
194
170
94
98
112
148
56
76
94
156
194
188
172
110
126
122
128
200
300
310
168
234
186
176
230
354
110
492
406
40
102
390
78
30
22
202
78
170
208
218
194
202
202
176
12
14
20
24
6
32
38
2
20
22
14
10
30
0
50
28
128
194
170
252
18
198
276
164
156
224
216
146
262
222
90
306
28
278
104
248
316
200
246
154
272
206
138
70
180
262
222
262
246
228
182
192
30
144
8
104
172
96
190
152
166
202
144
156
174
170
118
82
140
144
122
206
158
184
146
160
92
128
114
182
130
132
168
180
138
178
106
128
96
232
106
122
130
134
76
132
182
154
6
196
68
114
84
176
122
160
180
192
106
158
128
140
174
170
142
188
110
144
176
144
108
104
78
142
134
122
192
168
190
114
96
126
204
176
264
258
318
256
296
306
256
290
248
96
236
436
394
442
324
234
74
40
38
254
190
192
214
212
220
178
126
24
2
6
2
0
26
14
0
32
0
26
6
18
14
94
150
78
144
58
72
184
196
132
28
170
196
308
50
262
196
146
252
152
290
80
264
52
282
146
246
256
252
196
204
246
246
234
274
222
150
136
248
130
78
170
142
176
222
88
166
132
200
162
166
162
146
166
132
152
120
126
146
200
154
154
130
224
106
210
136
92
116
144
194
84
138
90
90
88
168
130
168
110
106
110
174
162
130
100
90
128
212
106
238
256
80
138
16
160
144
66
176
118
138
130
82
122
60
102
88
114
104
78
178
160
184
250
182
262
102
94
96
150
258
246
198
352
304
284
224
236
246
240
302
186
248
214
318
308
330
276
62
42
66
154
194
222
180
196
146
16
24
14
12
18
4
24
12
4
14
24
20
26
30
24
92
260
202
126
90
18
88
58
144
160
152
42
234
242
264
214
294
274
288
264
308
204
148
230
50
32
238
262
246
260
212
242
192
218
180
162
162
202
174
88
126
150
142
164
98
184
276
168
222
178
192
142
116
104
176
6
124
180
96
164
96
140
122
100
116
122
134
118
10
132
98
60
106
108
78
62
108
108
48
96
106
82
22
102
84
116
72
78
96
108
84
90
122
98
136
160
156
106
170
46
72
80
120
14
126
128
136
68
132
140
110
124
156
146
150
82
74
122
138
222
182
230
334
332
316
262
322
294
268
288
406
416
474
364
270
188
128
184
98
282
144
180
224
206
184
56
28
24
18
24
32
0
14
4
16
16
2
26
24
28
56
70
108
36
86
210
172
146
118
14
220
274
192
270
12
196
72
230
180
286
66
274
306
262
324
270
292
246
288
258
274
248
50
184
234
188
230
226
130
110
134
152
86
180
282
194
178
178
254
226
220
22
120
158
100
178
94
194
122
138
0
160
86
98
124
90
180
134
178
76
80
70
56
98
88
100
2
90
90
86
120
144
86
108
102
130
116
96
216
68
26
92
94
104
118
144
138
136
160
134
30
154
96
132
110
176
108
132
122
94
128
102
144
116
78
168
146
102
188
138
208
284
318
322
346
344
286
312
290
300
416
508
272
144
130
112
188
204
248
152
152
146
218
198
192
158
32
28
12
10
18
20
32
18
8
28
20
34
14
40
12
46
96
96
170
116
98
74
142
196
204
250
164
72
272
280
264
198
298
336
270
270
302
268
256
260
240
248
286
108
166
288
34
256
162
102
270
182
200
134
88
240
252
228
196
272
234
230
194
208
200
178
6
160
170
140
146
68
132
152
100
154
98
132
134
106
118
110
28
116
54
72
54
80
66
58
84
84
142
122
84
80
54
60
94
88
102
90
2
148
108
96
42
30
74
98
6
62
112
76
142
134
96
52
78
86
102
150
200
136
30
50
56
58
68
72
82
116
206
104
116
122
180
266
306
296
278
254
296
302
396
454
234
190
292
236
268
224
304
168
152
168
156
212
204
176
40
40
32
34
14
32
18
14
0
14
50
8
56
40
20
26
28
74
132
60
202
194
176
128
202
294
110
280
286
274
306
260
282
302
284
266
276
226
224
206
254
258
170
228
220
230
220
202
236
224
200
172
214
92
114
152
222
64
194
270
280
170
170
172
198
128
142
136
184
142
84
100
128
128
158
152
146
116
98
120
106
130
160
170
70
72
66
60
44
84
64
94
82
58
84
38
68
74
50
102
32
38
118
102
104
16
14
12
8
20
32
44
50
50
52
78
90
100
100
188
72
184
208
184
98
58
58
56
66
70
80
104
162
116
54
140
226
130
186
248
298
224
240
318
378
440
238
154
282
304
246
300
198
182
148
174
142
166
218
208
170
34
38
36
30
22
12
22
10
32
36
8
20
32
6
46
34
32
42
24
188
184
232
228
244
232
68
318
306
272
212
258
238
214
212
222
268
268
264
282
264
258
240
268
246
250
248
236
178
226
228
230
222
242
58
110
156
224
108
232
94
216
194
218
202
154
174
104
172
164
88
134
104
162
48
110
132
150
104
72
104
128
148
128
88
72
114
46
58
104
68
66
56
92
74
58
56
94
58
74
50
80
46
58
64
70
6
10
2
0
0
0
2
2
24
38
32
76
70
38
56
58
72
118
130
172
64
52
132
128
66
56
132
156
120
52
204
224
286
306
232
286
208
312
306
332
328
154
272
274
178
314
308
294
250
234
218
116
296
166
220
148
36
46
28
28
22
20
30
40
40
4
38
40
30
36
32
56
48
42
56
162
248
58
232
232
162
198
254
256
170
242
76
138
170
154
158
142
64
146
190
212
206
266
242
246
232
222
236
236
172
140
214
250
242
212
172
210
232
250
200
232
124
200
134
218
16
212
128
192
160
104
108
124
200
58
100
160
170
164
116
164
26
200
112
102
120
80
102
96
90
100
68
66
78
76
86
78
86
72
110
6
54
64
70
72
60
2
4
4
6
0
6
0
0
2
0
8
4
30
62
62
54
90
66
42
80
94
74
62
90
104
128
136
166
172
44
200
250
298
378
268
284
252
308
222
348
90
292
276
158
300
338
330
272
232
274
218
188
214
210
200
42
42
30
36
8
32
24
24
18
38
22
44
14
40
46
36
48
26
60
70
14
168
170
180
152
194
192
174
154
118
20
30
32
40
34
18
20
10
16
22
48
62
118
184
242
204
234
220
210
252
262
228
198
218
154
212
88
80
192
246
204
216
220
170
190
150
192
168
18
86
144
122
130
156
116
162
108
176
190
156
160
200
170
162
170
116
104
108
70
108
134
60
74
122
94
84
82
78
84
92
80
72
66
66
48
60
54
6
6
4
12
4
2
10
8
2
0
2
12
20
26
18
30
58
58
94
20
132
132
80
142
178
218
240
206
152
150
264
288
302
354
306
242
290
348
86
246
240
290
280
338
206
258
244
176
196
306
260
196
194
134
44
50
36
18
16
20
26
26
22
32
12
40
30
38
38
56
18
46
58
54
82
88
144
102
208
146
140
38
42
96
122
106
126
106
106
70
52
2
16
14
26
26
66
138
156
234
184
182
208
198
246
202
210
208
138
172
210
190
190
226
166
218
204
132
194
192
152
130
160
136
148
52
108
90
130
146
108
112
192
158
170
154
210
184
164
144
246
116
146
186
102
100
122
102
72
84
92
136
82
94
86
70
66
60
64
52
60
14
8
10
6
12
0
14
6
6
2
8
12
14
4
20
28
32
42
48
58
84
208
216
210
180
74
140
234
324
178
282
362
252
294
170
270
246
182
222
274
244
256
226
198
212
194
284
292
326
320
148
172
208
172
38
36
16
26
28
20
24
10
38
30
48
32
22
48
38
56
34
50
34
38
66
76
110
98
46
58
86
116
160
134
168
164
150
134
144
88
2
6
2
8
18
18
26
38
66
174
154
202
198
270
244
218
232
194
248
222
214
220
222
188
206
214
62
150
200
154
172
144
142
162
114
108
126
138
20
146
154
148
172
256
172
180
234
208
262
32
202
184
154
182
158
172
146
88
92
94
120
110
82
118
94
80
72
102
46
72
72
88
24
18
4
26
12
10
12
0
4
10
8
14
18
32
36
40
54
60
120
188
296
404
286
248
140
186
116
258
280
222
244
238
258
330
326
284
108
108
186
150
138
174
210
214
250
230
272
170
166
174
186
220
160
54
48
36
26
6
24
36
34
16
38
24
38
26
40
50
66
44
18
36
48
58
64
64
80
118
148
150
180
184
154
182
168
180
168
148
68
10
8
12
2
2
4
14
16
28
66
86
158
198
178
220
288
292
270
212
228
242
270
274
210
222
196
216
190
154
54
210
226
208
164
196
202
206
174
192
188
190
162
198
242
232
364
150
216
316
260
326
202
174
174
128
126
138
122
106
106
128
110
118
126
104
104
110
108
128
102
112
132
146
110
38
18
6
8
2
16
10
2
20
16
28
40
52
60
84
90
112
268
262
380
298
228
184
186
156
146
122
146
194
116
102
190
154
146
134
130
126
174
110
172
164
188
160
178
204
208
218
242
170
216
144
50
28
18
40
30
24
28
30
46
26
38
52
44
56
76
44
16
38
70
126
86
134
164
172
182
214
194
222
194
202
210
190
208
196
148
40
40
18
34
8
6
2
10
10
8
30
32
66
82
176
228
274
276
316
274
370
236
282
288
270
230
166
244
286
234
292
286
292
300
252
346
328
390
288
218
262
220
190
144
228
242
270
260
352
350
294
354
362
276
298
238
286
258
170
170
130
190
184
178
184
162
210
200
238
188
192
168
252
252
194
224
182
68
32
14
20
10
6
22
18
38
70
118
106
138
142
224
296
302
340
336
244
170
204
194
154
180
246
264
182
96
122
170
210
176
178
126
148
168
184
164
172
190
216
202
216
244
248
250
178
172
52
46
46
26
32
30
26
16
42
24
32
42
32
36
52
28
84
58
108
146
186
192
234
186
212
214
222
188
180
212
210
212
200
182
158
46
40
24
10
28
12
18
10
12
22
14
24
28
54
66
94
156
216
222
306
332
274
226
266
246
256
258
260
278
322
290
338
328
272
316
336
296
364
330
148
130
122
150
218
238
298
390
402
418
470
456
352
400
426
422
464
390
430
334
448
380
348
356
368
348
336
376
370
360
370
308
304
316
332
312
312
304
304
304
298
294
238
210
234
232
210
246
276
288
236
232
264
226
238
228
266
276
176
188
184
162
138
128
180
204
256
226
184
164
104
140
150
188
180
190
182
202
216
198
236
224
240
250
256
180
160
20
44
36
46
42
40
36
18
42
48
56
56
64
74
64
152
94
176
186
204
226
220
200
234
222
208
238
202
246
222
208
202
232
206
154
62
48
48
30
32
30
26
18
18
18
12
22
16
30
28
54
60
68
160
246
246
300
258
282
240
250
272
268
318
304
206
224
154
76
70
42
52
86
108
110
152
182
222
224
228
208
314
458
496
462
428
456
474
380
366
426
434
464
426
454
424
470
434
408
394
362
324
334
334
348
312
332
330
368
368
344
332
358
328
332
340
360
350
346
318
342
366
304
324
292
256
288
300
296
274
290
260
196
166
162
140
146
116
102
84
108
136
120
134
158
166
190
196
194
226
212
222
222
216
220
232
220
244
244
180
124
58
32
52
30
36
44
50
48
42
74
54
14
106
52
92
192
190
234
250
192
234
242
220
184
194
228
228
216
230
190
220
206
192
200
126
56
58
60
62
58
34
30
32
26
22
30
36
30
38
36
42
54
56
76
156
168
130
134
148
248
290
294
290
192
66
58
66
152
180
154
144
102
42
54
48
64
66
102
100
138
164
234
272
476
430
476
486
448
432
374
402
416
400
472
430
374
372
412
394
440
442
398
428
388
404
352
370
374
394
376
356
330
360
340
330
316
336
316
286
304
292
314
286
280
306
264
250
280
264
226
232
158
66
48
72
92
114
148
130
156
166
174
172
198
190
202
220
210
216
222
214
232
224
216
240
212
242
254
240
152
148
30
56
42
58
48
66
52
18
70
42
118
200
340
352
348
358
382
354
380
346
384
358
354
394
394
392
390
388
390
380
352
292
246
186
136
46
50
56
62
54
58
48
54
38
30
56
38
44
56
52
76
88
94
106
112
30
24
30
32
148
110
84
90
50
24
18
14
14
18
16
24
20
24
26
22
48
64
94
110
132
184
202
228
276
336
348
382
400
434
398
408
426
406
394
394
422
392
366
340
392
426
390
364
412
436
368
430
402
398
404
382
414
380
354
366
362
332
308
314
280
310
326
326
278
270
224
138
80
104
112
132
108
100
124
136
158
170
156
168
186
190
202
196
188
210
206
214
206
232
240
218
230
228
218
226
222
244
248
248
192
104
50
68
42
60
58
80
50
96
88
216
330
354
378
352
368
364
368
364
232
382
328
346
352
358
384
352
348
370
366
240
366
376
372
360
306
120
102
74
78
64
72
54
58
70
56
62
84
104
102
124
140
72
38
32
54
46
50
58
62
40
50
44
40
40
32
40
38
36
22
28
38
26
38
38
32
42
26
34
18
36
40
138
142
162
212
216
236
274
288
288
310
280
310
304
350
342
348
384
368
376
388
372
376
372
374
358
352
346
318
318
282
254
298
256
260
224
244
220
188
172
108
82
106
122
152
118
136
138
178
172
150
166
180
194
178
178
196
190
174
192
200
214
230
196
220
218
230
236
226
204
208
212
216
218
230
228
248
260
260
180
156
50
76
54
58
86
88
174
138
342
360
370
348
356
120
180
392
372
348
208
408
384
366
366
362
122
140
382
366
352
202
378
362
346
352
364
330
280
168
120
124
88
110
98
102
84
98
128
136
172
168
200
226
204
232
212
218
254
256
224
218
236
208
212
210
224
196
168
168
132
92
54
44
56
62
62
88
70
68
70
52
46
66
70
76
58
58
50
52
66
60
64
54
62
62
64
62
56
50
54
64
62
64
68
68
60
62
72
106
114
134
136
152
116
142
130
112
132
114
152
144
140
162
136
172
164
184
196
192
184
186
176
186
204
216
182
186
192
202
210
218
192
212
218
212
234
252
238
232
236
242
254
224
228
226
226
250
270
274
264
200
190
162
224
162
140
192
260
342
296
346
366
376
366
402
372
378
406
402
358
260
386
356
348
266
342
340
336
368
392
406
284
362
376
368
348
342
238
364
334
328
292
96
276
226
240
256
274
156
62
250
256
264
240
286
286
286
262
274
284
266
258
276
264
212
252
260
234
244
234
232
248
226
222
194
222
198
238
210
236
204
208
214
226
224
200
220
240
220
152
140
122
120
128
124
140
116
168
116
138
118
144
150
132
150
180
162
178
142
162
174
172
168
178
146
170
164
164
176
168
138
218
178
176
184
202
210
184
176
194
200
208
192
210
218
220
224
210
218
236
238
238
222
218
228
236
234
240
254
242
252
252
240
220
258
242
236
242
276
258
264
244
230
220
388
380
384
382
362
398
362
302
372
350
366
380
370
394
358
398
350
392
340
358
320
280
236
234
272
338
356
366
354
350
376
406
246
392
364
370
356
366
352
228
340
328
344
178
326
310
242
280
306
308
278
296
280
330
296
286
84
294
270
306
280
296
300
274
284
304
290
140
268
138
244
244
242
278
256
258
250
276
254
280
282
262
274
252
298
264
292
270
290
326
316
310
310
306
314
312
320
322
316
292
280
336
314
316
310
320
302
248
236
236
204
192
188
164
198
220
204
176
198
188
208
192
184
214
190
194
202
238
210
242
236
228
212
226
228
244
236
234
232
234
246
244
256
240
250
250
250
270
254
246
232
216
220
250
256
268
246
276
210
216
220
374
370
370
386
384
372
382
250
392
366
382
370
376
368
376
388
378
366
360
372
344
388
358
378
356
356
394
374
384
372
398
390
384
314
364
350
396
370
362
360
306
290
226
112
274
296
310
256
310
308
312
322
328
322
150
340
306
296
180
292
302
306
298
288
300
292
310
192
302
100
304
262
282
300
282
274
284
306
124
304
170
300
312
302
326
320
306
330
350
178
332
314
360
344
348
354
364
348
322
318
362
366
350
376
376
368
360
358
330
322
294
404
362
314
354
340
324
330
386
350
360
340
338
350
358
334
314
276
256
218
234
214
220
202
226
212
244
228
254
240
234
232
236
254
258
244
256
250
224
224
220
216
224
236
236
242
252
264
222
196
220
384
350
376
372
386
390
382
244
378
406
366
370
352
164
358
378
370
346
370
386
316
206
254
394
378
374
370
368
400
360
348
366
390
288
372
376
350
396
358
380
368
372
370
354
338
340
242
338
348
354
326
336
344
340
340
324
324
330
336
180
266
182
156
210
212
258
302
320
312
174
298
322
308
210
304
330
300
296
284
318
260
324
340
312
276
322
316
340
348
178
342
290
362
356
350
362
348
400
358
298
158
378
388
352
404
350
396
366
386
402
356
366
388
360
372
344
358
350
366
376
350
384
368
356
346
354
344
362
352
370
324
354
384
382
376
376
374
388
382
416
424
462
480
496
506
474
426
374
302
282
262
236
214
222
250
246
256
268
