506
510
510
510
510
510
510
510
502
100
126
138
126
166
160
196
164
184
40
64
64
64
64
42
84
102
112
104
110
92
94
94
92
104
106
100
112
100
98
112
104
84
82
86
90
72
94
78
104
90
64
84
92
90
74
90
82
70
88
100
138
128
92
114
120
108
86
102
130
126
106
128
134
118
130
150
152
154
134
106
112
100
114
102
118
126
130
136
168
172
166
184
146
142
134
216
214
208
190
188
180
190
244
220
216
220
270
282
240
288
314
308
276
302
280
298
326
348
322
336
334
296
312
378
398
354
372
374
380
378
402
396
406
394
414
412
418
480
470
462
476
448
464
494
502
496
496
500
494
488
510
510
510
508
504
504
496
200
174
182
168
510
508
510
502
350
492
508
510
508
86
112
128
142
188
172
170
160
170
40
50
58
58
78
54
74
100
128
132
118
118
120
104
112
100
112
98
104
114
108
124
126
116
112
90
62
88
86
78
82
84
64
74
90
106
100
82
78
88
108
82
120
96
120
88
136
94
134
130
144
130
130
130
110
122
154
128
110
114
116
154
100
190
150
110
118
126
90
110
130
154
144
148
152
166
178
216
188
202
168
166
178
174
242
242
228
264
250
272
268
334
312
294
316
264
280
272
290
282
306
368
316
300
328
378
386
388
390
400
352
380
408
404
376
396
412
398
432
470
444
458
462
466
464
486
488
492
494
494
496
500
508
510
506
510
510
506
492
174
176
170
168
510
510
510
326
260
200
126
100
244
60
98
146
146
198
162
186
156
170
32
78
90
60
70
70
84
380
510
510
508
506
506
506
316
176
160
148
142
150
190
220
262
116
94
88
68
100
72
104
86
82
90
86
88
102
88
70
100
104
96
104
106
110
130
110
116
102
116
126
122
134
146
146
108
136
148
168
150
158
124
90
132
168
100
122
108
110
106
100
140
122
132
148
132
156
172
186
206
220
168
192
192
204
214
250
216
260
254
268
240
310
312
304
324
298
246
282
328
308
326
328
308
348
314
372
378
356
322
352
352
370
416
402
394
380
392
390
420
472
456
454
464
446
456
488
488
494
500
488
494
494
510
508
504
510
508
506
490
186
182
166
184
510
510
510
506
206
84
156
150
96
94
20
118
144
132
148
172
176
180
30
68
64
54
60
68
82
496
510
510
510
510
510
510
510
510
510
510
510
510
510
510
510
102
68
82
88
74
112
94
62
110
98
84
98
102
88
86
100
114
106
108
120
126
114
124
118
120
116
120
162
110
124
126
128
164
158
150
136
166
152
148
156
100
138
126
112
96
114
122
164
162
136
136
158
132
158
200
188
184
190
158
148
184
234
222
208
250
240
272
218
326
284
272
276
286
304
270
290
314
318
336
358
330
304
358
348
376
362
374
368
364
376
408
402
398
386
392
434
460
446
440
452
462
434
488
498
490
494
496
492
490
504
510
510
508
508
504
498
182
178
182
194
510
510
510
504
116
148
72
60
138
88
108
104
78
108
120
172
166
194
40
28
50
62
58
62
74
510
510
510
510
510
510
510
510
510
510
510
510
510
510
510
510
108
96
88
102
98
76
92
82
84
86
102
102
98
54
60
54
58
104
98
124
118
122
114
110
110
106
144
138
116
146
150
124
124
164
144
148
174
184
116
140
132
116
98
100
92
74
108
128
128
140
164
134
96
122
142
200
182
160
186
164
170
218
230
242
226
280
216
260
304
304
296
254
288
256
288
298
296
296
320
302
314
292
350
372
364
358
368
366
318
384
368
388
400
386
388
414
440
450
448
440
424
424
486
500
492
492
490
488
488
510
506
508
506
504
500
492
180
172
168
164
510
510
510
508
124
92
94
70
160
82
86
58
98
68
136
112
146
224
26
42
30
44
52
50
78
510
510
510
510
204
508
510
510
510
510
510
510
510
510
510
510
112
72
92
86
98
106
90
78
118
80
58
54
62
56
58
62
64
70
70
82
74
112
132
106
102
110
128
142
148
102
140
148
128
66
102
34
88
128
118
88
92
102
70
82
94
80
86
116
114
112
112
136
108
124
158
158
168
194
168
188
166
202
200
212
218
226
254
248
318
274
258
254
220
254
240
292
272
280
286
298
288
304
362
336
364
346
338
344
332
360
350
362
370
378
364
404
442
438
404
442
432
448
478
494
486
486
480
470
482
504
506
510
506
506
498
484
180
180
176
172
510
510
510
392
284
156
56
148
168
38
60
70
60
88
80
134
48
122
150
182
170
196
174
160
164
510
510
510
506
508
508
132
504
510
354
510
510
510
510
510
510
110
98
92
96
110
100
110
72
66
58
62
68
52
52
56
54
48
58
66
78
70
60
82
74
120
110
126
134
126
122
168
148
118
72
134
34
58
144
112
104
100
92
28
60
80
58
76
104
114
104
106
112
108
102
148
122
164
134
134
132
162
226
204
182
200
184
220
216
250
250
240
234
232
230
256
226
248
270
222
238
264
284
304
322
342
298
316
330
322
356
360
340
378
376
360
388
412
422
430
424
458
434
454
470
474
474
466
466
462
508
504
500
506
502
498
490
192
172
172
166
506
510
510
320
154
182
48
142
98
66
48
26
98
68
40
80
92
40
114
142
144
202
194
210
206
510
510
510
510
498
506
510
130
502
508
204
508
174
510
510
510
160
234
222
222
208
188
226
194
204
208
242
310
408
456
416
342
266
146
92
106
100
70
94
72
86
96
96
128
122
138
132
146
100
74
28
108
96
100
60
100
66
60
80
94
54
58
88
64
30
102
68
90
98
104
116
152
142
144
134
212
166
160
176
176
184
178
204
176
246
240
224
200
222
206
230
250
252
206
130
82
52
70
54
52
54
56
60
66
74
72
72
98
142
194
232
292
378
408
406
412
422
420
452
476
462
466
458
482
452
492
502
500
498
500
494
490
172
176
160
172
510
510
510
230
98
154
114
156
32
28
70
70
64
50
88
94
68
102
34
60
154
172
212
186
168
510
510
510
506
510
510
364
508
138
234
302
508
150
510
510
510
158
210
228
220
222
206
246
214
232
220
240
202
242
230
218
214
254
250
234
256
298
258
194
248
242
268
238
210
196
208
204
264
124
16
118
94
74
74
128
46
88
52
88
50
24
56
42
36
32
16
30
20
62
116
132
172
154
130
124
148
134
124
166
154
170
116
64
36
20
30
14
26
54
34
28
38
40
20
48
54
58
46
42
44
48
46
52
50
44
54
54
76
50
46
56
68
70
74
64
82
146
378
398
444
456
448
450
454
460
498
498
494
490
498
494
482
148
170
150
164
510
510
510
194
212
92
108
108
84
44
56
70
30
82
64
36
76
78
76
94
124
46
128
150
168
510
510
510
504
140
162
504
510
510
510
510
508
510
510
510
510
144
218
190
210
172
176
178
242
220
166
210
194
216
220
228
232
208
248
252
250
310
252
226
262
248
220
208
228
290
254
234
236
58
70
32
66
60
40
50
22
58
26
42
56
48
60
74
46
16
44
32
24
20
26
16
28
18
20
36
22
34
38
34
38
18
36
30
34
42
40
44
30
58
32
46
42
48
30
34
38
34
48
56
52
76
88
52
62
88
92
62
30
66
72
92
98
54
58
44
76
66
68
70
192
412
424
450
424
452
490
490
498
494
488
492
486
174
176
152
166
510
510
510
218
278
200
82
104
40
22
44
22
14
46
16
72
24
66
102
36
30
100
74
62
126
510
510
510
510
510
510
510
508
508
224
144
140
170
508
510
446
76
56
44
110
78
136
198
166
184
210
184
182
208
250
218
226
238
248
218
240
252
246
226
226
240
260
214
276
276
232
196
68
102
52
12
58
48
52
92
46
42
40
62
70
28
56
22
60
30
38
38
18
16
36
20
34
56
30
40
26
28
26
46
44
32
48
46
22
42
56
38
34
50
66
40
76
72
92
78
54
52
54
76
74
74
108
54
126
82
98
66
74
60
66
84
66
82
112
86
92
80
88
86
82
94
110
226
408
426
472
472
478
484
488
486
478
158
150
150
154
510
510
510
260
112
104
60
92
18
20
62
38
40
16
46
48
56
86
84
88
58
92
72
40
92
482
508
506
508
510
510
510
510
510
510
510
510
510
510
510
340
52
54
58
34
74
68
82
154
170
164
174
172
166
192
202
202
248
210
226
222
216
210
234
230
270
248
250
234
226
254
150
38
52
28
66
56
84
48
46
46
24
54
40
14
38
50
64
66
46
66
42
52
50
26
58
46
40
42
48
40
36
28
48
76
62
72
60
72
50
64
88
68
94
104
60
62
112
76
100
112
62
110
58
80
78
104
122
98
96
78
70
94
110
66
60
114
96
118
80
98
134
152
168
168
102
86
66
72
130
340
444
474
458
476
468
486
170
150
150
160
510
510
510
248
64
138
60
60
28
42
34
10
20
52
48
64
72
76
30
58
68
102
84
100
66
100
82
110
118
100
116
110
124
102
108
138
292
504
508
504
124
94
44
48
48
60
54
36
28
40
28
40
34
30
30
30
22
46
34
44
12
56
36
54
42
54
50
40
38
54
58
30
68
26
58
32
46
32
68
62
50
68
74
92
62
80
66
74
84
80
88
92
98
84
100
80
80
76
98
88
72
96
76
92
28
100
72
52
98
112
76
102
102
94
90
88
86
116
110
136
144
62
106
112
102
114
100
70
78
86
56
60
100
90
102
156
120
110
84
166
90
110
130
174
110
116
86
98
86
62
90
88
206
136
146
146
178
150
154
158
164
510
510
510
436
86
162
142
64
40
16
30
46
22
52
38
44
60
28
66
62
92
12
54
32
86
64
88
84
68
66
140
146
160
162
186
146
160
170
176
124
166
70
44
28
48
42
36
50
16
22
36
124
22
68
86
20
60
54
44
44
44
38
20
48
48
58
54
60
78
72
46
78
76
66
88
26
106
76
74
86
78
98
102
132
96
114
148
152
102
100
68
148
82
84
118
144
124
106
76
88
140
94
100
72
100
90
96
78
158
162
120
108
90
136
100
100
108
106
126
120
116
100
110
104
152
96
154
78
84
90
106
96
138
144
134
114
100
112
122
120
100
88
118
84
112
110
156
108
68
68
100
68
104
80
194
146
156
174
144
144
136
510
510
510
440
170
114
78
46
38
22
22
32
24
34
22
22
54
76
90
106
146
92
132
202
130
122
76
142
92
74
68
72
74
84
64
64
64
70
86
68
60
64
88
40
100
78
90
16
76
46
78
76
112
80
104
72
90
88
68
136
110
186
120
96
164
98
144
154
150
130
144
120
120
110
76
104
110
138
100
110
66
122
56
72
142
106
120
118
96
136
96
84
104
80
80
124
130
140
124
140
112
108
90
112
118
126
110
108
124
178
102
112
104
140
116
128
82
128
100
126
132
110
120
116
110
118
102
82
82
74
118
166
184
166
122
116
66
134
102
116
104
116
94
106
154
126
146
74
60
306
316
304
134
116
54
86
140
162
156
136
124
510
510
510
486
210
126
100
72
32
12
38
42
30
32
44
58
34
64
38
110
138
124
190
66
50
136
120
104
54
236
148
82
108
122
68
170
68
86
114
134
70
44
186
138
46
86
40
164
134
126
200
110
86
150
118
168
158
140
158
114
102
54
154
112
118
150
100
44
118
134
144
100
94
134
96
100
154
118
132
142
106
138
200
86
134
138
164
124
134
146
164
106
194
174
134
140
186
142
126
176
158
120
122
148
126
122
128
124
116
130
136
106
162
156
140
134
118
88
120
108
112
100
92
156
154
126
76
120
108
122
96
146
146
160
134
96
78
172
94
90
110
128
142
110
136
142
96
100
258
300
52
52
216
92
80
86
94
130
128
108
134
510
510
510
508
214
126
64
80
48
40
22
48
34
30
26
36
16
42
56
114
74
122
158
76
254
56
180
166
202
168
70
98
206
122
84
70
142
68
178
66
156
42
246
40
174
110
154
112
56
168
92
152
110
122
156
140
166
186
152
194
154
148
108
134
124
162
140
208
150
166
176
158
184
184
182
122
198
172
204
280
270
200
144
168
116
170
154
200
118
180
190
214
168
164
204
172
178
160
128
214
170
178
198
184
166
140
80
196
144
122
142
152
188
174
172
136
174
98
148
162
152
198
136
184
132
90
200
222
86
100
98
102
178
274
168
48
142
132
80
90
116
124
152
112
132
110
98
122
358
312
38
52
250
80
80
72
96
108
126
132
130
510
510
510
510
112
130
76
32
52
22
22
12
24
20
38
42
90
48
20
118
82
146
152
118
244
124
82
114
84
200
136
190
66
146
250
180
68
230
240
246
68
202
154
140
134
166
64
202
178
100
182
174
120
170
144
162
206
182
132
116
250
172
178
164
154
182
222
214
154
230
182
226
190
178
244
146
198
192
158
276
192
176
180
160
154
210
154
194
228
234
164
164
168
170
190
36
172
170
152
148
220
198
202
180
166
170
178
232
154
208
186
198
220
144
134
118
232
172
176
172
168
200
114
108
112
142
194
110
98
88
78
88
72
136
102
102
144
102
86
90
120
150
152
130
102
118
96
96
186
378
54
330
248
90
64
102
52
114
74
124
120
510
510
510
510
248
196
110
52
18
16
18
24
34
12
30
34
50
70
66
168
130
196
48
248
156
146
224
274
258
284
164
206
248
204
40
274
204
90
118
238
226
78
156
192
160
218
40
194
208
206
158
162
208
80
288
210
188
242
210
198
218
180
190
184
268
296
224
228
192
188
124
254
232
216
250
238
160
242
260
266
270
220
208
212
210
166
258
182
212
230
222
224
156
166
162
204
182
218
178
200
164
156
174
174
184
164
186
236
162
168
188
170
224
170
224
178
178
150
200
206
220
196
146
108
74
212
140
90
98
86
102
82
82
262
110
100
198
102
84
132
136
160
148
122
128
98
78
68
96
266
162
138
60
74
62
90
86
50
90
114
116
510
510
508
510
508
364
98
52
20
18
14
32
48
50
46
46
48
60
214
212
166
210
84
138
166
58
224
54
226
114
52
222
56
298
280
64
338
266
296
94
150
172
280
222
214
232
210
236
196
232
216
178
218
80
258
184
224
228
228
204
172
322
234
262
232
274
194
222
216
252
228
238
216
274
360
186
208
220
238
220
270
292
278
238
226
154
260
240
240
150
214
232
206
198
156
160
160
180
166
202
208
218
176
236
238
226
176
208
220
212
216
222
184
242
218
200
196
214
222
214
184
204
170
76
124
164
218
100
110
102
88
90
80
146
178
96
158
84
94
158
202
150
142
120
130
98
102
62
82
74
84
90
288
180
82
90
44
200
136
98
106
510
510
510
510
492
134
84
56
42
36
38
40
54
62
32
34
62
22
154
40
160
134
182
154
258
168
194
148
258
154
182
300
220
312
308
122
382
260
330
226
296
262
132
248
102
200
236
248
62
228
238
250
254
322
266
218
252
324
290
264
212
216
76
270
262
212
260
216
254
204
180
258
218
188
278
236
240
274
308
256
274
258
316
348
254
240
196
226
218
218
232
204
258
288
244
210
218
194
150
190
188
202
214
198
172
204
188
194
228
218
232
190
244
218
258
182
212
174
146
172
206
180
182
76
146
136
202
94
154
160
64
74
64
92
94
74
184
146
126
186
140
152
176
130
118
106
110
164
184
114
108
136
126
106
70
98
176
118
112
104
118
510
510
510
510
436
218
30
70
26
36
20
40
38
22
34
40
42
100
112
156
158
172
236
236
222
252
212
224
204
228
250
82
228
104
244
90
324
260
322
280
84
242
86
310
144
286
42
232
260
370
312
302
262
310
304
296
230
272
266
316
306
254
340
310
304
264
318
234
214
230
216
218
278
342
306
340
240
234
320
294
240
260
274
264
292
254
234
246
144
232
178
178
190
178
210
188
332
150
136
142
214
184
238
206
226
276
220
212
164
140
182
194
252
164
202
198
238
194
166
178
184
138
144
152
160
122
192
82
130
62
64
40
84
88
86
60
194
168
148
166
120
154
182
184
142
94
134
184
268
200
118
112
128
92
158
116
122
112
126
108
102
510
510
510
510
510
218
126
66
30
34
54
20
28
36
40
50
46
64
44
206
130
208
84
260
262
202
262
140
234
60
298
250
264
304
336
352
164
350
136
378
352
384
316
328
268
300
316
266
252
192
256
260
296
296
282
310
252
310
298
304
292
254
212
234
306
238
258
112
216
258
276
270
254
318
286
348
202
240
324
278
240
188
250
300
216
204
226
206
190
160
164
178
210
176
164
186
160
168
130
156
184
138
166
188
164
190
172
166
156
156
144
146
176
172
224
214
172
202
234
180
194
198
144
144
166
116
132
60
100
72
78
72
88
118
86
92
100
250
142
122
132
136
148
184
146
172
202
242
294
136
196
180
98
222
82
108
118
126
96
118
118
510
510
510
510
508
132
60
42
22
14
20
24
20
46
48
58
56
70
146
156
176
196
314
64
280
310
280
52
312
138
310
336
148
438
118
340
290
412
298
358
368
306
362
320
224
258
334
310
304
264
352
322
318
328
332
292
108
282
290
348
296
302
256
310
324
320
310
298
314
268
270
276
278
352
278
280
190
224
246
244
250
152
202
158
152
170
194
210
210
158
188
152
138
116
146
152
144
124
180
150
226
238
144
156
122
154
160
144
172
154
184
200
166
236
124
170
178
276
182
204
156
254
150
158
152
122
196
68
162
122
58
46
88
56
68
88
116
210
122
138
124
124
144
264
162
150
180
238
104
146
154
148
248
242
164
94
54
68
72
114
116
508
508
510
510
172
140
78
60
28
40
18
38
26
32
24
24
66
64
26
148
108
134
222
176
322
88
326
322
258
290
310
356
210
424
400
418
290
294
360
336
366
74
348
276
296
260
266
314
280
288
300
200
370
266
296
320
314
338
328
332
276
396
304
260
152
360
280
296
282
274
302
300
270
284
200
184
268
234
206
278
192
246
200
182
176
228
150
162
158
224
204
192
166
140
134
142
140
148
144
162
154
198
186
154
154
190
152
134
188
160
138
150
138
178
178
130
194
228
274
292
286
188
166
142
256
110
130
190
100
90
68
48
62
70
102
106
112
206
128
132
124
78
150
234
168
180
176
120
138
118
136
256
332
168
100
94
72
114
126
110
126
176
466
214
510
132
82
32
32
28
46
22
24
24
18
48
50
58
24
90
124
142
194
202
266
382
356
344
316
228
356
294
354
266
380
350
368
376
372
402
350
376
396
364
382
336
306
322
342
146
364
356
344
328
306
352
318
296
334
292
382
340
330
350
334
356
330
286
314
248
390
286
316
236
238
256
230
240
190
262
210
184
124
176
172
152
160
166
174
206
186
208
182
158
166
152
156
138
160
156
164
124
178
182
172
140
164
166
134
162
146
152
164
154
154
190
192
204
198
186
262
268
216
186
232
218
128
118
144
68
118
82
82
82
98
88
78
104
192
146
160
162
136
130
148
132
148
112
90
142
134
200
202
88
92
82
86
116
164
114
126
112
406
104
480
504
344
202
154
88
40
24
44
46
40
58
20
28
72
92
62
138
84
156
200
50
316
258
328
286
246
344
296
308
98
282
152
286
328
286
308
330
334
334
242
338
334
360
366
350
416
414
338
328
354
274
380
350
388
346
448
342
346
310
372
354
364
346
318
340
336
366
300
268
276
226
244
242
258
228
202
188
178
142
210
170
232
164
180
228
244
170
190
180
166
174
152
140
146
154
176
168
180
178
142
138
162
184
184
150
180
156
170
180
174
164
192
216
300
264
222
188
272
188
212
200
268
140
92
96
88
58
44
44
74
86
76
106
102
126
172
216
132
104
122
102
146
174
100
92
142
210
158
162
88
104
132
120
142
102
120
106
114
240
400
282
500
404
294
160
126
100
52
60
18
12
50
36
80
12
96
38
92
142
220
246
108
206
260
82
108
208
114
52
54
64
82
72
78
78
74
64
68
68
266
288
434
400
328
370
402
364
366
318
298
344
344
322
336
330
412
418
106
380
396
418
376
368
382
346
332
312
322
308
266
292
234
292
206
210
178
270
166
184
194
190
154
146
214
214
256
210
220
178
182
222
176
206
128
218
188
144
174
180
178
186
190
186
216
234
146
236
146
184
180
176
220
232
254
234
232
146
178
200
224
196
208
180
108
100
74
58
106
34
96
68
80
100
44
104
106
122
144
112
104
142
256
160
124
134
162
154
146
128
100
122
104
116
128
120
116
96
96
114
510
510
510
252
286
166
68
98
42
50
50
36
36
38
50
70
56
68
72
92
72
82
146
186
156
136
186
80
48
68
114
124
120
120
134
132
170
128
74
86
114
98
268
348
356
414
408
400
422
328
394
328
364
292
324
380
362
362
400
382
396
390
310
306
354
362
336
294
256
306
286
320
274
296
294
226
222
238
270
192
252
198
242
190
206
244
176
204
194
218
226
224
208
238
206
222
160
168
214
214
242
150
168
212
204
210
246
158
170
196
184
188
218
148
158
124
206
168
164
136
138
142
136
136
88
84
64
56
68
94
170
48
112
70
78
84
88
80
116
124
130
208
178
128
160
130
122
120
120
114
90
46
70
116
110
118
120
106
118
114
116
510
510
510
508
494
272
206
50
52
62
44
20
20
52
52
52
18
72
34
86
88
66
86
76
40
84
52
84
124
142
168
158
168
164
128
184
178
96
58
132
86
176
82
138
218
346
388
372
342
370
396
398
446
384
404
354
348
384
374
380
350
362
386
344
336
324
336
338
276
312
318
346
296
266
114
336
290
324
276
314
272
300
254
266
262
268
204
228
206
212
224
192
202
232
176
244
172
198
260
276
196
178
208
202
208
248
184
140
104
122
108
170
124
162
140
134
120
134
86
102
106
54
74
76
28
22
28
30
108
206
120
230
86
84
78
62
74
98
106
112
104
138
124
106
126
120
112
96
58
88
104
86
96
104
112
118
130
126
110
120
100
510
510
510
510
422
150
152
94
78
62
54
36
42
44
68
58
44
54
66
16
66
72
58
56
40
114
120
148
154
190
172
212
172
204
188
178
198
80
60
76
74
84
62
66
94
184
332
372
410
408
424
406
402
360
422
476
384
366
364
370
362
390
394
320
348
314
318
318
402
338
324
328
348
370
382
340
404
340
346
324
332
368
316
322
336
300
312
236
338
334
242
288
258
270
254
234
222
236
236
210
230
234
236
234
222
172
236
152
76
28
80
42
36
36
34
56
20
56
52
56
68
78
98
100
106
126
94
126
168
284
218
182
184
112
60
58
68
50
76
58
104
96
66
82
92
80
100
84
66
98
112
98
114
106
132
134
134
122
118
118
108
510
510
510
500
446
262
192
52
34
84
58
24
44
38
54
50
78
62
62
58
74
68
34
86
144
126
160
182
190
176
188
184
178
218
188
204
160
54
44
40
52
44
56
78
52
80
140
158
336
396
400
362
374
446
378
418
408
396
410
426
340
358
380
380
340
336
316
320
350
392
394
400
410
394
414
410
428
408
442
422
364
406
388
358
328
316
368
348
366
356
374
292
344
272
314
270
326
250
182
264
278
280
288
222
246
188
226
188
214
32
36
32
12
26
28
38
10
44
26
38
34
26
48
66
92
84
118
154
204
258
186
202
126
132
78
20
50
46
60
42
78
74
88
72
60
100
80
86
102
122
136
144
116
122
134
134
138
124
126
118
114
510
510
510
504
286
168
76
68
12
60
60
20
52
54
38
68
16
78
38
56
78
12
140
170
182
188
210
194
242
172
200
184
192
206
208
156
148
104
48
70
62
26
70
88
96
70
64
134
148
150
270
344
414
378
374
440
414
364
420
352
326
344
328
338
334
292
318
346
384
380
388
372
298
342
384
436
378
354
352
354
158
156
230
280
248
326
374
364
374
366
386
370
378
368
324
330
322
306
258
260
284
316
282
298
224
258
248
242
260
226
34
16
12
20
26
24
22
44
52
42
64
62
44
60
86
120
130
184
222
158
184
156
154
146
86
112
82
66
52
56
66
92
56
56
82
90
90
98
102
124
148
136
146
162
142
130
142
132
124
124
132
510
510
510
254
160
58
110
68
34
36
80
74
56
38
66
54
70
56
50
52
70
160
158
196
224
172
184
182
190
222
236
198
198
212
204
200
82
42
56
50
58
50
44
42
68
88
80
102
126
84
110
148
254
312
376
402
354
334
288
304
312
346
292
312
270
300
290
326
336
304
312
304
372
288
340
214
178
182
114
100
106
114
108
126
234
366
392
416
440
432
392
372
392
332
368
336
324
290
310
366
302
314
314
312
274
298
262
274
232
250
100
58
28
22
36
32
38
24
28
56
42
66
54
90
98
140
252
166
198
194
146
168
150
154
136
94
70
54
52
48
54
52
78
92
90
116
114
122
118
116
146
170
158
158
148
146
132
140
154
134
148
510
510
262
102
120
80
70
20
46
40
54
20
58
54
26
98
82
42
90
80
132
172
198
196
200
218
198
172
186
190
222
200
230
226
156
186
78
70
90
56
58
52
72
58
76
70
90
82
98
128
138
132
134
222
214
306
180
202
186
216
214
202
174
104
86
70
82
74
72
100
74
56
54
48
68
76
100
96
118
122
170
176
142
196
230
376
336
352
364
416
328
354
288
262
266
284
280
300
358
326
304
264
266
264
322
318
206
244
274
214
264
262
274
224
40
40
34
30
42
46
42
44
42
90
204
178
214
194
198
128
154
156
56
48
48
62
58
66
74
86
80
118
100
118
130
120
140
120
144
142
148
134
164
144
144
128
140
130
134
146
118
510
510
214
210
94
58
108
70
44
48
52
72
58
58
118
62
56
30
94
124
178
200
226
184
194
196
192
222
154
214
208
212
208
194
204
190
98
66
72
68
72
74
62
64
78
78
68
86
110
110
96
122
120
90
94
72
106
108
100
100
98
104
134
130
152
154
152
186
112
44
72
40
86
88
104
136
186
82
84
76
100
122
164
222
254
208
224
216
242
266
274
274
300
294
264
282
260
274
302
220
256
156
194
194
204
156
152
200
226
202
210
238
234
182
176
166
62
62
38
32
108
166
190
174
186
164
80
52
70
76
86
94
116
96
96
82
112
112
124
124
130
134
132
130
140
156
162
152
166
168
150
160
180
162
166
152
138
144
150
144
146
510
510
350
224
156
94
54
64
26
60
40
34
78
26
78
42
24
86
154
176
182
200
174
204
182
192
192
190
242
178
210
248
214
188
194
154
76
84
86
76
70
64
60
60
72
92
90
98
142
120
120
86
104
92
136
130
162
154
152
176
198
176
178
204
202
176
156
140
112
132
140
110
92
56
50
58
64
70
84
76
72
104
72
56
56
106
96
112
110
96
102
98
70
112
72
80
82
94
94
102
86
78
106
108
104
98
108
118
110
90
86
88
42
40
36
38
34
28
26
26
12
26
42
54
64
80
88
96
114
102
122
106
110
96
124
118
118
134
138
140
136
146
132
144
126
150
166
154
166
144
180
192
164
168
168
166
134
142
158
148
170
510
510
250
102
120
58
110
54
52
20
58
66
70
70
50
88
150
182
214
206
196
178
216
184
204
206
208
214
194
214
218
214
210
210
182
112
76
106
96
82
92
50
80
78
66
94
102
86
140
86
84
138
152
164
168
222
212
212
214
226
218
224
218
198
218
198
190
174
112
80
62
80
86
70
78
84
78
104
50
78
120
156
152
160
168
186
174
156
154
138
178
170
176
152
136
152
162
138
154
144
98
108
128
122
140
126
130
108
80
98
74
54
58
62
60
64
54
68
64
56
80
64
104
88
114
114
126
132
112
132
156
118
120
168
142
118
160
126
160
124
158
158
156
126
144
152
148
166
178
152
156
178
170
172
178
144
174
174
170
168
164
508
510
316
162
150
158
98
38
60
52
70
68
82
22
86
160
176
168
176
176
188
166
192
208
172
220
198
186
168
230
214
232
196
230
178
118
84
108
86
62
110
86
66
80
60
70
102
138
180
184
184
202
212
186
216
196
216
206
224
218
238
250
226
252
212
220
190
210
154
96
76
90
72
66
82
98
130
158
160
174
204
192
184
228
200
194
198
190
224
196
196
204
172
214
196
182
210
174
188
174
158
176
180
156
168
154
188
172
144
150
144
146
138
128
118
112
96
96
86
84
88
124
118
152
186
140
140
154
162
154
164
150
142
136
134
194
142
152
140
172
158
172
174
164
154
160
160
154
176
192
170
204
194
178
186
184
176
170
154
176
166
510
510
424
232
190
64
86
78
62
26
36
46
34
124
136
168
152
216
200
190
212
160
188
210
174
200
194
186
182
192
212
194
212
232
212
190
130
112
128
126
158
170
184
160
180
168
238
220
188
186
208
192
210
198
226
256
248
232
252
238
248
214
244
248
204
216
196
256
234
204
168
180
212
184
168
192
188
198
196
206
184
210
184
230
218
210
224
230
252
272
238
216
176
202
190
218
246
194
216
200
240
200
194
198
198
194
168
180
200
206
176
188
174
146
162
150
150
150
132
184
146
136
154
172
138
196
164
130
158
164
152
176
178
138
166
156
186
178
182
186
160
158
150
164
168
166
166
176
180
182
170
170
178
192
154
150
186
170
170
166
174
510
510
296
128
152
162
110
24
48
38
36
86
136
154
198
372
336
298
228
180
202
198
202
224
212
212
216
182
218
200
198
186
184
194
208
260
198
200
218
190
218
198
220
232
222
244
238
272
242
256
224
224
222
236
260
252
220
236
216
218
260
220
246
248
244
226
232
212
254
220
196
220
220
232
166
202
176
228
188
206
214
196
196
232
230
230
236
242
238
244
248
258
246
264
224
230
266
226
214
196
220
214
190
230
218
212
228
200
174
190
212
186
206
140
138
162
166
164
174
176
166
154
144
160
178
156
168
164
160
200
168
184
168
158
176
162
158
158
162
186
188
172
186
190
164
180
194
180
170
174
170
182
162
168
180
190
160
178
170
182
184
510
510
500
274
214
108
144
38
34
92
118
140
158
158
170
338
342
370
362
372
334
342
376
384
378
356
382
390
378
410
368
368
404
384
382
356
318
326
244
242
212
230
232
256
226
234
236
222
240
242
260
206
232
234
266
268
230
276
244
232
228
266
228
250
240
226
268
238
208
188
204
216
218
234
218
258
226
186
200
212
236
212
212
208
238
232
246
230
222
262
240
264
256
212
252
254
252
246
198
218
220
228
232
226
252
218
214
170
192
158
244
194
220
230
178
198
196
200
186
162
178
210
190
178
188
218
182
142
200
196
174
196
202
216
170
206
174
192
216
214
170
162
190
194
194
184
184
202
174
160
188
178
204
166
190
156
184
154
176
186
154
508
508
508
510
508
510
382
90
80
114
140
170
178
192
180
364
364
362
282
308
342
340
374
334
386
368
364
340
384
370
382
364
384
356
370
398
300
392
402
388
378
364
406
398
402
408
376
396
398
388
408
406
390
440
386
410
412
414
362
336
342
316
258
256
198
222
234
248
258
242
220
224
224
204
198
200
224
140
244
218
238
248
216
230
206
242
282
198
216
234
214
220
248
214
272
222
252
250
228
228
244
244
252
218
238
192
226
246
226
230
250
228
204
212
214
208
212
212
200
192
186
220
182
188
206
196
214
206
206
208
196
194
160
202
184
212
198
194
190
204
194
186
178
184
168
172
194
180
180
180
192
172
172
194
180
178
168
168
176
176
166
506
508
508
510
510
510
250
102
120
140
160
150
174
170
192
378
368
366
296
348
368
390
340
308
376
386
282
206
350
388
372
396
400
348
382
384
322
348
398
350
388
316
406
368
418
420
356
416
396
386
392
388
400
406
404
416
406
410
386
414
430
410
414
408
396
428
400
386
406
420
402
414
382
384
428
468
464
414
434
392
372
350
306
292
208
250
240
246
256
242
238
228
266
230
240
220
262
232
236
258
274
206
242
226
236
212
236
224
198
226
208
216
222
228
204
216
212
226
210
202
246
242
212
210
226
196
194
168
210
184
234
220
184
182
204
206
206
200
160
184
194
192
192
178
192
196
194
184
182
180
178
190
176
168
180
176
176
182
160
176
172
508
506
510
510
510
510
190
94
122
140
152
164
184
182
204
264
228
228
232
266
314
322
348
282
350
368
358
332
352
388
386
390
278
380
400
414
362
310
392
350
404
300
396
390
428
386
342
400
402
430
394
414
396
404
398
416
426
320
328
340
420
368
400
418
330
394
400
426
404
414
432
412
430
392
414
394
390
376
438
422
420
418
404
406
414
452
410
368
414
414
392
406
410
378
428
376
416
296
408
370
388
368
360
292
284
260
248
206
198
222
190
212
212
222
220
216
214
206
200
212
232
218
200
230
214
182
188
216
190
224
192
202
178
184
192
184
216
210
190
198
192
186
206
196
188
180
210
210
176
168
170
202
182
180
190
170
174
180
182
176
178
508
506
508
508
510
510
172
102
132
144
162
190
196
184
206
356
382
352
334
376
366
368
358
388
378
364
384
354
372
390
370
398
398
364
386
370
386
358
334
292
288
286
304
354
396
384
328
380
422
408
358
416
422
388
388
352
422
408
408
366
336
400
440
396
314
410
430
358
390
342
386
394
414
400
368
440
392
398
420
406
416
422
398
432
410
410
428
404
394
448
406
414
322
448
398
420
424
286
420
396
430
396
358
406
414
386
388
380
404
392
398
410
414
386
406
366
398
366
382
378
392
376
408
374
332
278
228
180
194
192
230
212
204
210
188
192
206
202
188
164
190
202
218
194
190
202
180
204
176
198
176
172
188
190
172
180
160
180
162
164
170
