352
364
346
350
344
358
358
510
510
510
510
510
510
510
510
510
510
510
510
510
510
510
510
508
508
508
510
510
510
510
504
488
494
492
492
480
486
494
490
468
478
440
478
490
482
482
486
408
434
402
440
390
390
400
418
374
388
404
394
358
392
384
326
326
328
300
304
342
320
276
292
304
286
266
270
252
266
248
280
228
260
234
212
214
174
192
216
204
162
216
166
134
164
144
158
262
242
206
226
270
246
236
282
312
272
282
286
288
306
274
276
280
276
280
274
284
264
278
298
310
282
260
302
276
320
304
308
306
288
270
272
288
272
284
310
270
288
312
272
294
304
270
304
250
268
274
270
292
280
288
302
266
252
254
276
288
282
284
290
258
286
336
356
370
370
354
378
366
510
510
510
510
510
510
510
510
510
510
510
510
510
510
510
510
510
508
508
510
508
508
508
508
490
486
488
492
470
490
478
490
452
430
454
468
472
454
484
464
394
422
416
432
390
396
378
376
390
400
406
396
364
410
398
394
358
306
278
314
300
316
248
314
290
288
286
250
234
272
274
234
240
226
194
200
244
218
238
198
182
196
166
196
110
158
156
202
176
232
266
232
278
270
246
270
318
274
306
286
270
308
282
288
282
252
272
284
264
280
272
284
276
264
278
262
268
292
256
278
286
264
272
228
258
278
294
278
290
294
276
292
264
276
258
272
236
262
256
246
234
274
292
280
294
284
270
266
254
282
300
284
286
282
338
360
356
360
358
366
362
508
466
378
258
508
510
510
510
510
510
510
510
510
510
510
510
508
508
508
506
508
508
508
510
492
486
496
488
492
484
480
490
448
474
466
450
444
478
444
450
400
422
406
420
444
430
402
408
408
394
352
374
376
406
388
378
344
302
296
340
296
326
288
276
308
268
248
236
272
256
262
276
218
202
228
198
230
240
226
188
184
126
182
178
170
142
148
136
196
166
208
228
248
270
266
280
278
288
300
298
290
290
276
316
292
254
268
280
304
278
260
278
312
270
260
276
268
278
262
276
280
252
278
260
252
260
308
300
278
290
276
308
262
298
296
292
282
286
276
288
290
256
272
304
308
288
250
296
266
284
314
264
282
268
342
362
350
356
346
342
352
508
346
306
372
272
352
510
510
510
510
510
510
510
510
510
510
510
508
508
508
510
506
504
506
490
484
498
492
490
492
486
492
464
454
448
460
476
474
472
434
410
426
406
408
398
426
424
378
360
382
406
380
370
384
378
382
318
282
310
300
300
274
268
300
272
300
224
230
258
244
268
260
228
216
216
232
242
218
206
228
214
166
154
158
170
150
156
160
148
112
216
258
232
260
312
258
266
276
282
292
302
278
290
284
276
264
296
272
270
276
268
312
252
272
280
282
286
252
262
248
276
268
274
282
234
240
288
270
268
294
272
292
274
280
268
284
264
306
262
286
300
304
260
280
288
278
278
276
282
284
280
268
272
280
338
344
332
340
360
364
340
500
314
294
218
290
138
202
510
510
510
510
510
510
510
510
510
508
506
508
510
500
508
508
502
480
478
468
484
488
488
480
490
456
444
444
472
460
456
476
460
402
390
446
424
410
396
388
378
366
392
398
370
368
376
384
348
312
310
304
322
270
278
274
292
264
286
244
242
256
254
266
250
202
190
200
202
196
206
174
184
186
138
128
164
174
144
148
140
146
140
130
200
258
244
282
274
256
224
262
254
286
276
298
264
280
284
266
300
304
264
282
260
282
272
262
284
278
262
278
262
230
218
246
236
246
242
256
310
268
296
302
294
296
298
278
278
262
290
274
292
242
286
272
288
286
258
292
280
282
298
294
296
268
256
342
340
354
360
342
348
360
498
310
136
202
170
232
270
166
448
510
510
510
510
510
510
510
506
506
506
506
504
504
502
506
488
494
478
474
490
470
480
470
434
450
454
454
446
464
450
464
402
420
398
412
404
404
394
400
396
376
370
390
390
380
402
402
338
346
304
336
274
296
268
262
276
244
254
244
264
252
228
250
212
226
194
208
202
210
238
212
234
168
202
184
188
192
150
188
190
198
250
288
316
374
398
386
422
414
446
412
452
444
486
466
444
466
486
478
474
484
478
480
478
486
486
432
468
450
464
444
482
464
456
432
450
428
444
434
438
456
440
414
424
406
376
390
386
366
352
366
370
344
388
348
370
380
398
400
384
408
394
408
420
432
346
336
360
356
358
372
350
502
256
212
176
210
200
218
244
60
248
508
508
510
508
510
510
508
508
510
508
508
508
508
510
506
504
508
504
506
508
498
498
470
438
398
404
410
398
388
388
366
358
388
366
338
342
344
352
364
360
380
382
348
342
356
362
360
354
340
368
336
322
258
308
310
296
314
290
314
296
292
332
296
298
300
278
306
306
328
308
316
312
318
306
314
314
284
316
336
332
328
310
300
310
326
300
318
310
332
342
314
334
362
348
346
336
356
332
346
344
352
328
316
334
336
340
358
338
346
354
360
354
374
332
326
364
376
374
370
376
372
376
362
378
362
364
372
372
366
368
376
374
392
364
386
408
410
374
406
390
418
392
410
422
338
340
344
364
344
356
344
300
96
52
72
172
32
150
138
196
186
166
320
336
352
348
354
358
364
346
382
354
348
348
354
372
358
354
348
332
346
340
362
376
384
368
392
380
364
362
364
382
366
386
400
372
364
342
358
362
358
376
372
340
384
392
364
360
366
372
336
346
316
310
334
304
332
306
328
316
322
340
320
336
298
338
322
316
314
316
306
300
330
324
312
306
326
262
362
332
308
318
308
298
290
322
322
310
282
314
344
330
338
338
342
356
332
370
338
334
340
326
342
318
330
310
336
332
320
332
360
360
340
322
332
354
332
366
342
352
308
352
348
352
344
394
352
362
346
370
366
362
348
362
378
390
380
400
380
396
422
400
404
402
430
350
334
330
336
338
362
332
328
94
68
36
76
124
102
148
56
174
130
92
320
330
342
350
356
368
374
346
364
356
348
378
356
370
362
372
348
394
376
376
374
358
364
350
342
344
374
376
378
376
366
374
362
392
368
356
372
372
338
358
354
350
334
362
378
374
342
342
338
336
284
308
308
320
308
292
314
324
296
312
302
288
294
288
280
322
322
290
284
300
296
310
304
330
276
294
310
338
282
314
314
328
318
328
288
312
322
318
340
342
346
298
340
322
336
328
318
300
324
294
342
314
320
326
314
310
296
308
310
334
292
354
332
338
316
348
334
318
316
336
340
358
350
352
360
334
352
370
366
348
358
364
392
382
354
382
374
412
416
412
418
232
340
352
340
338
354
354
356
360
308
128
60
76
8
126
126
128
160
168
150
48
294
328
340
340
358
372
396
362
362
354
358
392
362
374
384
358
332
380
378
382
376
356
380
344
376
372
370
350
338
362
348
360
364
362
378
358
360
368
380
362
374
356
402
368
354
334
350
362
340
322
304
320
322
314
316
304
284
290
266
284
262
304
288
306
302
274
280
302
286
298
302
300
338
278
324
306
276
312
284
308
284
310
308
298
298
312
302
332
332
312
330
312
320
318
308
330
284
330
274
314
312
298
298
336
346
294
304
304
320
310
286
312
344
326
338
328
334
334
330
350
348
386
358
344
350
322
356
372
378
342
364
390
364
386
376
394
394
408
398
412
418
358
356
346
360
344
350
324
354
332
314
280
84
62
110
136
94
176
218
160
200
82
278
344
346
338
366
338
356
382
378
354
378
392
356
394
380
354
352
348
358
404
372
358
364
370
348
386
382
374
366
348
378
388
358
354
366
350
358
358
396
394
348
366
360
336
340
368
348
340
310
312
314
292
270
286
260
236
252
246
250
258
244
250
270
264
232
214
262
240
260
284
266
294
258
282
276
274
268
278
284
278
264
294
260
300
314
308
306
312
324
304
312
314
308
304
320
306
280
312
304
284
302
302
282
290
290
286
290
274
286
286
272
286
276
300
312
352
326
286
324
310
354
344
360
350
338
358
334
346
354
388
368
372
370
384
384
368
382
374
408
410
336
338
328
320
322
318
336
330
346
334
336
342
170
58
144
236
170
20
154
198
134
134
270
342
362
338
348
364
338
378
344
368
374
364
374
382
372
386
366
354
356
400
358
404
380
356
374
386
368
342
372
364
338
360
362
356
384
324
386
330
340
374
384
344
318
340
278
314
294
324
290
292
256
248
220
214
244
200
216
80
216
176
232
224
246
236
220
216
240
218
256
274
286
216
254
262
240
266
252
240
246
234
258
230
246
272
258
300
300
278
274
318
284
300
284
290
280
282
290
270
264
196
98
58
6
12
14
2
2
4
2
10
14
8
34
24
50
14
26
78
226
314
328
354
316
332
358
332
346
350
336
370
358
384
374
414
410
398
394
390
406
320
348
338
358
316
340
332
360
332
336
356
358
340
316
228
234
102
174
188
30
198
122
130
76
300
324
344
366
328
362
376
378
362
370
378
348
374
340
348
374
370
374
368
366
368
348
348
366
378
370
352
348
374
370
358
356
356
350
350
328
350
342
338
300
316
336
312
284
270
266
288
262
248
218
200
156
138
152
168
140
90
94
114
92
156
56
76
60
44
140
208
232
212
180
228
254
220
236
214
240
220
254
224
242
236
244
298
286
268
282
272
260
222
126
28
10
0
8
6
8
6
4
4
44
8
6
4
6
8
72
8
22
42
38
58
58
6
6
66
44
70
54
38
44
70
140
262
318
324
326
352
346
380
378
354
388
372
400
390
372
386
328
350
346
314
328
336
346
330
282
142
196
186
188
324
308
204
216
212
142
14
184
4
134
158
58
294
330
340
334
346
350
370
376
360
346
360
366
352
334
356
344
338
340
366
338
356
344
362
370
344
324
342
348
324
344
340
338
324
340
358
340
362
334
328
308
312
320
296
280
270
230
248
232
38
44
90
60
44
64
56
70
64
34
80
64
104
34
26
14
22
48
10
108
86
204
188
202
184
210
172
146
130
42
10
8
6
0
0
6
2
0
2
2
46
22
14
24
4
8
8
8
20
2
12
14
40
26
24
12
32
102
66
86
32
16
16
46
16
10
36
6
76
82
70
88
112
76
52
100
124
222
372
348
368
350
370
364
374
390
360
386
338
344
318
328
332
334
322
322
66
120
120
112
44
104
122
164
230
262
32
156
66
96
138
154
124
110
40
298
324
326
334
336
330
364
324
358
360
324
330
336
338
354
346
338
296
334
328
310
328
344
332
334
352
322
306
328
322
314
322
308
324
308
310
294
308
266
274
272
258
240
216
178
96
144
94
106
76
22
92
60
54
34
84
90
36
20
98
74
20
0
16
28
18
40
6
2
6
8
14
14
0
8
16
8
58
26
34
50
46
32
42
56
20
40
32
10
12
24
36
14
6
30
22
62
148
62
92
52
98
48
124
130
88
16
16
38
62
52
62
54
122
52
26
108
50
60
86
50
94
82
92
104
144
254
368
376
358
366
392
368
356
308
304
320
338
314
352
326
332
100
100
118
78
18
8
124
96
140
150
114
48
116
138
40
10
176
180
144
46
184
332
328
340
346
350
346
356
330
326
330
348
338
342
316
264
150
282
274
284
334
308
302
286
284
328
318
312
310
280
310
306
290
308
320
284
286
248
216
214
212
230
196
58
150
124
56
86
54
6
12
0
66
72
82
0
2
96
34
72
0
12
30
62
52
12
46
0
62
32
34
32
38
2
26
34
68
22
4
66
40
106
38
18
48
86
60
4
34
80
46
82
140
114
72
42
100
154
124
150
132
206
228
102
130
74
60
100
120
110
102
62
116
24
210
236
112
202
216
124
82
72
150
214
178
188
148
234
352
374
360
374
362
316
312
320
318
330
338
340
324
154
106
136
62
42
70
110
86
60
136
8
116
138
2
156
228
12
242
30
138
102
2
154
282
348
334
328
318
328
314
304
306
324
292
4
50
144
142
116
160
262
298
272
272
260
296
286
276
278
282
282
284
276
284
300
274
274
288
234
222
184
156
38
6
48
8
6
36
66
92
8
50
0
24
52
64
80
62
78
28
88
32
24
102
6
16
70
44
20
28
10
22
30
14
20
16
36
10
78
88
58
84
112
108
98
94
62
120
106
152
112
88
152
20
106
112
68
92
60
166
56
124
126
164
82
68
84
136
160
162
120
112
70
128
144
222
216
188
204
154
50
14
322
284
258
176
226
212
152
274
370
360
362
308
316
312
322
314
330
338
318
282
14
0
6
0
0
4
98
72
90
60
118
120
178
166
248
276
228
2
232
34
82
2
16
8
194
282
286
288
298
294
308
306
74
46
36
2
54
8
38
0
4
32
38
60
26
26
26
18
30
54
4
24
64
10
32
4
26
2
6
38
0
30
56
2
8
36
60
48
42
6
50
82
16
70
80
60
2
36
26
64
42
2
42
112
46
62
136
42
54
102
106
82
72
96
74
98
120
154
124
188
140
222
36
126
120
90
96
84
120
48
102
168
194
84
120
164
130
154
180
118
188
120
128
52
138
116
154
126
132
140
100
132
142
196
214
312
332
278
174
86
312
294
466
372
210
100
182
142
172
194
354
372
310
322
320
332
310
320
330
336
306
54
22
10
28
56
30
54
4
50
64
64
86
22
300
28
170
66
304
74
120
238
198
160
10
44
60
28
12
98
46
44
96
34
56
38
6
52
16
66
46
4
16
76
2
70
46
10
8
44
0
58
26
28
50
16
30
54
58
56
2
50
0
46
80
40
28
0
28
34
20
34
40
68
66
18
92
106
94
110
80
130
70
92
104
52
96
46
92
116
40
114
210
330
280
172
146
138
26
176
162
166
214
164
106
148
116
110
130
88
106
100
176
234
144
176
118
134
158
108
118
194
98
104
110
192
222
158
70
52
138
188
104
112
140
230
262
304
272
220
436
430
36
70
334
250
142
72
158
106
174
348
346
300
298
322
330
306
328
336
324
284
38
102
44
12
0
12
90
66
138
146
16
244
340
332
288
210
334
298
54
92
284
284
248
170
236
16
226
194
6
196
8
200
42
24
126
150
0
104
0
46
106
116
114
138
36
8
114
184
102
134
176
148
174
6
134
156
2
132
76
108
142
140
154
182
48
116
78
42
36
54
160
14
120
174
130
240
168
190
200
178
196
250
144
182
208
166
172
196
210
204
232
252
230
200
168
150
208
196
222
170
236
188
180
142
230
236
206
146
154
150
212
122
164
140
142
194
156
136
160
98
98
238
108
238
114
80
112
144
144
158
172
192
174
158
164
244
320
252
224
478
504
50
276
506
272
198
140
78
174
172
368
378
290
312
302
316
316
318
286
28
18
0
6
48
10
16
56
98
20
146
108
186
220
248
258
356
322
22
110
16
314
306
16
296
18
322
250
340
256
234
312
50
228
274
254
12
224
276
180
208
190
16
216
100
128
172
196
106
192
128
170
28
126
164
58
182
184
64
188
196
162
174
194
182
88
148
194
66
122
178
164
184
130
56
142
194
138
180
60
184
198
136
228
200
262
8
218
128
122
210
132
190
154
188
302
244
184
138
214
256
206
34
206
174
186
212
124
212
284
214
208
158
172
304
224
232
122
120
136
176
140
206
114
116
198
148
32
126
198
148
238
116
142
184
138
132
146
218
288
136
336
510
478
508
494
236
326
108
116
326
496
370
366
308
324
316
306
322
296
126
98
60
86
14
2
0
32
8
52
114
50
70
138
260
238
330
18
360
42
348
324
16
194
8
314
18
324
54
74
350
6
266
176
320
20
288
238
262
194
320
254
290
26
196
288
78
172
184
156
184
210
194
194
236
248
186
136
120
208
170
178
156
192
154
110
4
180
158
248
128
170
100
172
174
272
96
174
202
186
6
254
194
216
144
210
176
66
242
182
196
242
226
168
204
168
242
228
214
164
188
228
222
82
284
228
240
298
280
208
310
218
268
258
204
172
290
216
186
160
232
170
186
134
220
122
136
38
24
100
190
254
204
100
188
142
172
164
184
176
182
108
132
370
428
308
330
420
232
186
304
348
360
370
370
304
328
312
298
298
40
158
124
130
6
2
118
108
80
98
0
0
44
62
128
204
264
316
72
328
372
292
216
364
364
372
350
328
338
264
316
326
62
354
178
308
80
310
14
324
24
226
8
338
84
328
254
292
284
250
296
174
218
322
352
192
140
188
282
234
234
162
258
220
244
172
250
236
294
228
100
210
118
184
200
120
196
300
140
248
282
254
296
256
0
282
228
208
260
388
290
226
286
238
260
220
160
256
306
228
248
210
248
334
322
256
328
254
320
256
360
286
280
288
306
234
248
228
278
130
216
226
196
204
120
226
188
56
102
58
106
222
352
260
76
162
186
212
220
310
140
156
198
354
382
410
416
302
176
206
390
296
258
316
226
292
328
308
320
304
54
126
120
142
74
22
38
74
0
54
74
108
132
120
148
226
330
160
270
338
332
100
366
108
320
276
198
330
334
98
326
364
382
336
14
296
318
338
318
350
358
286
382
296
340
324
260
80
172
290
302
310
258
440
328
326
318
224
214
268
294
104
262
276
4
262
230
208
192
230
244
20
188
212
158
210
128
202
190
8
234
234
288
258
192
234
312
228
212
310
298
320
244
190
326
280
232
172
206
172
298
230
264
236
318
316
294
372
240
356
364
328
356
254
210
286
268
246
286
226
188
168
202
172
210
248
122
92
96
32
110
148
242
390
224
130
284
256
242
258
286
288
194
310
438
378
338
180
212
304
412
182
308
334
94
196
346
330
312
308
262
72
120
174
58
68
110
8
4
66
74
108
24
4
186
28
202
304
202
396
358
384
56
356
428
370
62
396
344
142
374
346
110
280
352
152
268
254
224
310
8
340
280
290
324
10
284
256
246
312
250
258
318
310
308
320
312
282
322
332
282
342
226
266
264
334
348
216
292
226
382
282
258
240
196
172
156
214
210
280
310
310
276
322
240
274
250
270
248
260
314
312
186
254
260
4
236
264
240
294
250
270
246
238
180
328
278
298
288
238
262
294
342
266
268
246
188
222
214
336
262
210
176
178
136
254
178
162
152
88
66
78
180
322
294
180
158
256
308
290
324
298
342
300
400
500
230
282
248
390
402
404
418
300
168
262
382
366
322
308
288
12
100
138
106
114
54
76
106
112
60
68
22
6
138
10
148
64
318
416
434
58
430
430
378
394
418
326
332
376
132
126
362
164
360
338
346
346
136
228
368
220
356
302
332
304
328
270
328
326
294
344
326
304
324
318
296
356
314
338
270
310
332
300
310
306
312
344
242
296
286
350
244
268
258
312
290
266
246
216
256
266
298
226
256
146
296
232
218
254
270
284
280
220
286
300
150
288
292
228
282
274
264
232
314
290
220
290
222
252
264
246
246
196
226
238
290
198
266
232
276
238
224
166
146
230
282
160
138
146
158
112
148
218
340
288
190
234
290
330
318
322
330
396
502
498
258
308
454
364
462
440
360
422
398
382
468
372
350
304
288
220
136
146
152
138
76
98
92
152
98
4
74
138
50
120
166
162
62
322
268
382
38
402
246
458
94
98
418
322
418
456
406
350
408
470
58
400
408
374
370
408
366
336
302
278
316
288
320
302
278
300
330
306
316
308
378
334
272
280
310
292
244
314
322
320
324
278
308
266
282
354
296
268
288
286
190
222
248
208
250
278
352
266
286
258
80
264
258
248
260
272
240
282
274
212
292
268
242
302
228
240
238
248
250
318
228
184
170
256
336
270
268
270
216
188
230
222
244
244
8
264
220
290
206
234
208
278
218
240
128
154
192
154
188
366
312
238
272
312
326
354
382
476
434
494
436
360
390
364
506
472
374
480
432
474
508
390
356
362
306
294
154
126
140
56
10
82
84
114
66
46
86
48
128
80
82
184
24
176
258
30
402
354
436
32
404
422
422
474
432
320
392
430
452
104
322
428
404
322
398
198
346
312
330
330
344
332
326
348
400
350
318
266
282
292
350
392
344
326
336
304
302
280
334
414
328
324
304
292
320
328
350
324
262
320
306
302
322
278
272
264
208
266
194
276
304
292
276
324
326
278
256
244
286
218
248
294
232
192
220
18
248
230
314
254
314
284
338
318
266
360
242
274
242
196
228
190
210
248
306
210
282
284
314
272
252
238
364
298
218
132
202
164
270
216
340
328
238
308
394
450
440
426
456
486
442
314
394
354
504
410
474
264
482
444
510
408
352
370
344
306
300
164
162
94
118
96
116
126
166
136
152
162
130
68
114
186
152
164
140
244
304
320
382
392
426
210
460
472
190
262
344
260
396
100
478
452
464
102
284
442
34
392
400
368
354
366
360
350
356
338
256
324
336
306
330
260
324
320
406
360
348
322
312
324
306
272
298
342
300
306
324
228
290
276
314
342
322
276
234
202
288
292
230
238
264
302
274
328
362
332
264
272
236
244
232
274
252
204
232
262
260
258
226
254
298
270
268
246
304
242
310
288
252
262
228
234
242
242
210
250
232
290
350
262
280
274
324
378
350
156
228
274
202
270
228
400
376
208
294
352
346
412
446
434
450
330
432
356
504
492
480
502
502
474
508
384
346
358
358
366
302
308
260
216
162
182
96
82
98
102
106
96
72
140
100
184
26
134
204
152
164
104
82
342
154
352
268
442
284
374
460
498
462
418
504
366
378
154
446
470
440
410
406
370
398
370
424
388
80
378
396
40
352
354
334
380
392
340
336
360
362
372
360
312
298
320
314
258
312
312
326
298
254
268
350
276
282
264
260
272
252
264
228
180
258
206
244
296
272
298
362
288
246
258
234
260
260
248
254
268
306
196
284
286
290
282
270
330
292
276
234
240
254
216
272
276
254
262
270
246
256
238
286
250
336
336
284
322
324
368
320
130
200
312
276
364
378
360
338
320
364
430
434
460
452
450
348
386
504
500
502
498
496
434
472
368
362
344
354
360
352
302
310
326
294
144
118
76
136
48
104
84
52
106
114
10
146
152
172
68
216
200
210
284
258
342
316
392
212
362
142
382
380
456
272
480
400
420
464
470
414
312
414
462
338
278
410
244
382
392
386
384
394
364
374
368
376
398
340
288
344
306
354
364
318
346
334
342
254
310
262
274
288
276
204
250
236
270
308
238
264
246
214
274
288
288
184
246
304
216
234
318
238
234
332
262
304
240
280
308
314
272
256
278
280
336
240
276
368
242
220
246
232
254
258
284
4
288
252
292
288
258
268
272
358
172
312
332
386
320
264
340
294
224
268
316
322
376
376
344
404
438
454
466
496
498
504
458
430
444
486
474
468
384
488
342
358
354
382
374
370
372
326
336
336
336
310
244
204
250
258
234
220
218
220
186
226
168
106
212
258
206
50
76
222
118
220
384
418
508
510
308
504
94
506
508
510
306
460
434
222
460
480
474
456
422
398
480
232
424
434
404
428
416
420
374
376
80
368
356
352
394
352
390
368
340
396
344
92
334
332
300
198
300
266
274
280
300
246
216
248
280
254
212
306
204
298
262
298
252
228
246
288
270
278
340
270
220
198
272
310
306
298
246
276
270
274
256
322
322
310
280
272
290
306
296
284
188
300
320
296
308
254
306
320
328
198
304
406
376
342
218
318
342
288
376
332
290
344
486
422
390
402
448
436
432
438
488
426
462
490
434
396
470
344
330
364
360
364
336
362
362
374
338
322
318
322
338
328
328
312
294
264
162
136
142
160
128
196
246
304
302
328
300
320
326
320
510
510
510
510
510
484
500
508
270
506
506
506
270
502
270
282
300
276
418
444
480
498
498
466
124
416
408
44
426
384
414
348
368
346
354
354
410
388
388
366
386
338
112
344
332
338
326
240
288
352
310
278
246
326
276
318
264
254
272
250
324
294
320
296
282
324
306
334
346
338
336
298
328
284
334
298
298
292
224
306
294
318
338
322
296
318
354
350
298
306
298
336
346
350
328
360
366
316
378
398
438
366
420
326
306
156
294
254
214
384
474
296
230
316
382
454
396
470
442
474
462
500
444
366
368
506
334
322
328
338
358
368
352
356
370
376
378
348
332
352
330
340
330
352
334
334
352
374
334
322
358
346
350
354
344
328
366
358
360
398
308
510
510
510
510
510
338
118
110
508
352
508
508
240
450
318
290
220
160
212
316
456
184
450
424
438
442
438
378
394
372
398
414
400
350
384
378
252
202
382
380
368
450
396
368
362
338
288
328
380
320
298
356
318
346
34
288
294
326
286
304
300
310
310
376
342
340
380
340
326
318
80
362
286
336
316
354
394
298
322
340
328
344
324
324
358
384
352
360
376
346
402
384
384
424
386
442
426
128
352
216
282
304
314
240
170
74
146
102
266
410
446
356
404
366
366
428
466
460
432
376
444
430
396
476
346
334
322
332
360
366
338
350
374
340
376
360
366
344
348
330
340
364
356
364
316
346
370
362
364
348
374
360
362
364
360
348
356
360
362
326
332
510
510
510
510
174
506
510
508
510
504
506
218
510
318
320
294
124
18
52
90
190
322
458
480
450
444
428
382
424
432
288
102
418
384
382
416
444
418
402
414
378
400
392
366
376
350
382
358
394
366
352
326
330
424
336
374
330
342
332
330
388
294
350
372
356
372
384
340
354
388
192
388
390
360
380
346
390
342
328
358
372
326
328
342
322
384
326
338
370
376
368
390
378
380
328
354
340
160
100
126
190
196
194
234
248
276
316
396
478
496
502
476
460
398
400
502
462
406
398
452
474
450
328
336
348
322
338
334
382
346
372
380
334
364
376
364
368
332
362
346
368
360
368
358
360
356
360
350
372
380
386
396
384
360
394
376
372
378
356
340
366
506
508
508
510
510
510
510
508
508
508
504
258
240
264
342
306
46
8
0
2
18
40
104
326
366
478
426
456
446
426
426
390
440
406
414
384
422
390
374
368
416
390
380
384
380
416
368
386
382
356
352
412
348
378
426
366
382
394
382
392
348
372
324
398
382
354
396
372
424
422
412
382
430
380
368
344
356
398
380
384
236
378
338
330
378
370
380
390
404
394
280
266
186
170
150
102
98
122
126
128
164
184
206
220
286
270
336
432
510
510
508
508
504
436
446
444
458
436
382
374
316
332
356
338
350
380
372
364
374
350
374
360
364
350
352
368
366
350
358
340
356
362
338
342
368
384
354
376
386
366
356
382
370
368
370
368
356
368
366
366
380
348
344
342
378
346
350
336
324
352
506
506
506
508
310
342
308
76
48
58
34
18
52
22
84
160
290
376
482
458
458
468
374
448
392
426
418
428
436
426
422
202
426
428
442
460
410
416
428
452
410
416
402
398
382
398
400
380
392
406
390
384
384
376
390
368
358
400
356
388
404
432
390
424
420
382
380
368
356
410
376
326
424
390
386
400
406
388
418
412
96
38
56
82
76
88
60
56
106
138
144
188
230
228
284
334
378
358
432
510
510
510
510
510
510
492
488
378
328
342
352
300
332
322
336
350
362
376
360
362
344
364
388
350
372
390
356
372
336
344
356
360
350
356
342
360
354
374
384
340
360
348
398
356
362
362
398
370
348
372
386
364
352
352
354
348
330
352
368
360
352
350
348
332
330
340
338
294
70
60
44
44
26
12
22
26
34
88
118
264
174
460
460
450
452
464
424
466
478
448
200
446
434
436
424
328
240
420
410
144
406
408
408
420
424
454
436
440
442
404
424
422
374
426
394
402
414
380
378
378
470
418
414
426
438
458
436
430
384
408
434
440
450
450
438
440
446
460
432
480
376
78
20
36
46
110
116
144
84
114
144
198
206
304
326
356
376
372
416
510
510
510
510
510
470
336
294
322
326
328
340
348
360
342
356
360
364
362
360
370
382
404
362
360
356
390
338
350
378
342
352
368
354
364
356
348
346
354
350
368
364
344
354
360
352
352
362
368
380
360
370
372
362
386
374
354
352
320
354
362
368
396
368
348
372
356
362
324
266
142
100
96
88
72
90
62
76
134
58
54
72
146
220
350
410
448
466
488
484
486
494
484
484
492
486
460
448
446
414
432
446
442
428
448
424
436
432
430
432
426
450
444
438
424
430
434
434
410
406
404
444
446
462
446
470
464
482
484
456
480
444
448
450
462
458
462
462
440
482
472
474
474
206
68
98
102
68
58
84
86
96
150
186
190
288
300
352
340
416
510
510
510
478
338
314
318
310
344
324
358
338
364
338
324
354
336
372
368
348
378
362
358
376
364
358
340
378
386
372
360
344
358
378
348
366
354
370
358
358
324
358
354
368
368
370
338
358
366
354
342
344
374
394
382
370
366
322
382
346
386
358
360
348
364
330
352
340
316
312
302
170
118
134
136
142
108
96
100
150
94
100
128
108
118
210
284
382
420
310
420
466
492
418
480
502
334
476
468
494
466
464
456
472
458
450
458
478
464
482
452
456
476
204
458
456
378
418
482
404
422
442
462
470
502
462
444
468
498
482
490
472
484
492
460
486
484
496
476
486
494
498
502
500
500
498
278
270
426
206
42
58
66
88
378
504
362
310
480
508
506
426
326
346
320
312
334
330
360
330
358
352
340
342
352
342
364
342
368
352
350
350
368
342
390
352
370
374
346
376
356
362
346
372
348
336
372
366
354
366
354
362
366
370
336
346
350
344
352
360
342
366
342
348
376
342
356
374
394
362
352
344
358
342
352
378
356
350
362
318
334
310
298
196
140
174
104
94
140
122
140
200
180
218
230
268
242
230
228
256
228
252
244
272
246
236
222
240
290
264
386
428
434
476
412
424
430
458
470
450
476
442
446
444
422
414
390
286
410
374
472
470
494
482
484
506
504
504
506
502
502
504
498
504
504
506
502
502
502
502
498
502
506
506
506
506
504
508
508
320
406
360
254
396
510
508
314
444
428
304
318
292
320
326
334
340
340
340
340
344
364
336
344
352
344
342
362
358
358
370
346
372
368
370
372
344
364
368
382
408
356
374
390
346
364
352
342
360
368
352
360
366
356
356
358
322
334
350
362
362
354
368
372
338
346
348
366
354
334
352
346
388
374
348
360
358
348
338
372
328
340
324
348
330
286
302
308
296
308
322
312
320
340
330
302
306
298
302
294
288
302
296
292
258
278
258
272
266
264
234
234
248
220
234
192
184
54
38
64
76
92
104
108
128
118
236
284
292
328
416
462
490
500
502
496
504
502
500
498
504
502
500
498
498
502
500
500
498
502
500
506
504
504
504
502
508
502
506
506
508
508
510
510
508
504
438
324
306
320
324
330
338
330
356
348
330
366
356
346
354
360
372
354
350
368
348
362
378
382
344
352
360
364
380
378
356
378
388
368
388
362
384
366
380
362
352
344
360
350
354
348
362
352
368
356
336
350
342
348
334
366
354
340
348
388
356
326
346
360
370
374
368
366
384
338
358
336
368
352
354
368
342
338
344
342
352
336
372
330
326
326
342
338
338
344
332
312
308
302
300
316
298
318
294
308
294
286
298
286
274
284
280
282
254
252
250
130
108
114
122
118
104
132
134
114
134
152
182
226
312
346
502
502
500
502
500
504
504
506
506
500
506
506
506
506
506
498
500
500
410
496
500
504
508
482
506
506
482
474
502
500
420
338
306
328
298
300
312
348
326
320
320
364
334
358
326
352
358
356
362
336
370
370
350
372
348
346
360
360
378
368
358
370
356
378
344
376
382
354
338
384
374
370
378
378
346
342
350
334
344
358
350
344
332
334
346
348
354
352
392
334
358
360
378
348
360
350
360
376
354
372
356
360
376
374
340
330
324
344
342
360
316
344
378
364
334
354
322
360
338
330
338
322
328
336
338
344
318
310
318
312
314
324
312
300
286
310
312
288
288
276
290
264
276
264
254
272
246
234
230
238
230
246
274
280
292
256
230
238
228
256
232
318
410
426
432
436
448
442
446
388
408
416
456
458
464
474
464
492
470
498
476
490
450
442
434
356
320
266
278
278
280
282
314
320
332
328
330
334
306
346
358
340
352
328
352
344
362
352
324
362
340
294
358
356
370
382
372
362
370
350
350
350
336
340
364
376
378
358
382
374
368
356
374
374
378
334
372
378
326
342
342
354
350
352
340
374
358
342
372
364
362
360
322
362
344
346
356
334
366
350
362
350
350
344
344
348
342
352
372
366
366
340
336
360
352
328
354
348
360
346
346
334
324
318
326
310
350
306
302
318
318
298
312
328
308
320
310
300
296
300
300
298
286
264
294
274
248
254
268
250
264
256
230
242
220
248
246
264
260
264
254
266
248
288
282
280
264
256
266
304
266
278
270
264
280
282
272
272
278
272
276
276
280
282
290
282
286
284
282
298
288
306
312
314
322
340
328
340
342
342
356
344
326
342
348
372
358
342
356
362
390
360
366
352
352
366
368
364
346
370
354
394
372
366
354
394
364
410
378
390
368
352
382
382
356
372
346
356
332
340
350
342
354
344
366
358
344
334
346
374
380
344
334
362
368
350
342
368
368
356
346
340
328
364
340
358
354
348
346
362
356
350
352
346
336
344
370
324
350
332
360
316
314
340
340
320
330
330
326
320
302
314
302
326
306
318
326
328
298
306
308
312
290
296
286
254
290
282
280
274
254
276
256
236
264
280
270
276
272
276
258
282
280
280
310
320
306
288
304
288
318
286
284
282
272
288
296
298
294
298
302
284
308
282
298
290
296
294
292
286
282
284
288
294
310
322
302
314
316
312
324
326
312
320
326
322
322
328
324
330
370
362
372
390
376
376
384
384
438
432
468
464
490
492
490
486
494
504
492
498
498
476
494
500
494
490
496
