314
284
306
332
144
240
250
220
238
248
224
216
262
238
216
260
250
204
236
278
238
258
272
228
230
250
222
234
238
232
240
234
238
264
274
252
256
256
244
278
254
280
276
280
260
288
258
268
262
254
258
246
258
248
272
298
276
268
258
266
256
244
248
230
252
268
224
230
226
252
140
98
144
164
122
126
178
184
132
188
190
188
170
186
194
222
256
264
264
228
200
240
272
258
298
360
318
314
374
312
332
316
304
362
324
346
352
356
382
402
408
402
422
462
432
430
454
440
420
410
442
434
462
450
450
466
478
496
498
502
494
492
498
488
502
508
498
506
504
502
496
508
510
510
510
510
510
510
510
314
310
310
308
302
316
298
274
188
494
510
510
318
314
342
312
122
220
226
236
250
246
218
240
242
244
246
244
244
228
250
230
248
254
238
200
230
240
232
232
254
236
224
230
258
262
258
266
238
264
264
244
288
260
298
248
266
250
270
254
272
228
260
274
278
276
300
252
262
288
252
262
266
266
262
244
284
246
222
230
258
182
144
146
100
132
112
90
206
158
180
184
178
170
160
204
230
240
238
250
218
236
228
242
262
288
294
308
322
298
358
340
326
340
324
348
342
360
348
338
344
336
368
372
406
434
428
440
394
398
406
406
422
448
450
444
448
440
438
474
496
498
496
492
494
476
490
500
492
502
496
502
504
506
510
510
510
510
510
510
510
324
300
304
308
326
288
290
278
204
492
510
510
306
298
322
314
110
256
242
226
214
234
236
242
204
228
176
230
214
260
232
218
224
198
234
202
212
218
234
224
232
234
222
222
270
252
254
254
266
242
246
266
262
276
244
252
254
260
262
272
248
290
252
252
272
262
254
258
278
280
284
266
260
256
236
248
230
266
260
262
232
128
162
122
146
132
134
140
158
182
168
178
166
202
166
146
234
242
252
236
234
236
246
264
270
274
288
294
284
266
312
322
294
356
312
326
322
364
362
370
382
370
366
378
360
414
404
390
374
410
414
400
434
430
434
442
428
450
456
486
482
484
484
492
482
484
490
490
492
498
500
502
496
504
510
510
510
510
510
510
510
310
294
306
316
304
290
290
284
192
492
510
510
312
312
318
318
98
210
236
226
234
184
186
224
194
210
210
248
214
226
232
218
252
224
228
254
214
212
220
252
238
236
254
260
252
248
216
264
198
276
280
260
262
258
262
244
272
272
264
234
250
312
228
264
272
258
256
300
290
288
282
296
278
262
266
266
242
246
272
274
172
154
212
190
158
120
102
80
220
136
132
16
132
146
140
186
222
248
258
214
208
242
268
262
260
262
274
284
260
280
294
326
332
332
314
328
298
350
372
352
318
350
348
366
336
406
368
400
414
386
404
400
428
432
428
430
428
428
430
482
490
484
480
492
480
484
490
488
486
494
490
492
504
504
510
510
510
510
510
510
508
308
308
302
300
302
284
276
300
200
482
510
510
294
294
276
160
92
214
242
236
232
236
212
232
216
202
176
192
210
230
224
242
208
264
248
234
266
214
200
234
270
246
264
266
252
236
240
298
268
256
254
252
260
286
242
256
234
286
284
264
244
258
272
298
280
258
264
274
310
296
252
266
278
276
252
230
276
284
266
212
140
244
150
128
64
18
42
76
122
82
52
120
56
142
100
78
32
158
196
220
218
276
222
246
234
234
258
244
240
264
326
316
308
308
310
306
298
320
332
348
344
348
334
332
352
402
394
392
382
376
376
384
424
428
402
432
416
426
448
472
476
482
470
480
466
484
480
486
486
488
492
494
500
492
508
510
510
510
510
510
508
320
326
300
310
308
306
300
276
196
462
510
510
292
310
262
204
140
50
88
130
186
188
192
200
214
216
206
228
208
236
204
212
230
218
224
226
242
240
252
250
220
248
212
244
240
272
258
236
208
228
246
226
224
254
266
294
250
242
266
272
274
252
266
254
294
250
294
258
236
250
250
282
276
256
268
300
280
268
226
114
124
100
64
26
58
0
58
54
30
66
50
92
78
72
84
96
36
88
56
8
108
170
148
176
228
202
238
206
226
238
258
248
234
184
138
126
148
196
170
132
110
102
202
208
196
184
190
322
268
208
190
212
268
370
312
376
410
402
438
474
450
474
454
468
462
466
478
474
484
486
484
492
490
484
506
508
510
510
508
506
508
304
322
302
302
290
296
286
254
194
476
510
510
316
296
236
224
52
92
108
78
70
2
286
340
364
374
412
402
388
406
396
428
410
418
404
418
434
446
442
460
432
468
468
442
448
452
460
448
424
410
426
404
376
378
372
366
366
398
350
344
372
332
362
350
336
422
380
432
402
402
414
404
394
398
358
368
352
330
318
74
64
70
66
42
0
80
96
42
38
24
12
40
78
78
70
52
82
12
94
6
58
62
18
38
8
10
0
18
10
40
24
12
18
32
20
34
0
18
68
38
40
42
32
22
80
46
38
64
74
74
62
62
22
56
60
46
68
64
78
76
92
78
142
170
234
388
462
456
470
470
468
484
486
482
496
498
502
506
506
502
508
302
304
318
298
294
280
280
266
202
468
510
510
292
304
240
176
172
56
2
98
96
168
78
54
268
272
300
306
342
340
342
342
336
286
344
340
326
346
338
344
314
320
340
322
332
328
318
308
302
332
330
296
338
316
314
320
296
288
318
306
306
302
326
314
318
340
314
304
302
312
294
272
326
294
326
276
288
200
80
34
32
0
44
56
104
62
78
26
80
46
74
106
98
62
60
2
10
40
108
58
76
62
50
14
24
32
40
10
38
14
16
2
22
36
12
54
48
32
24
16
4
36
40
22
56
64
56
30
94
50
30
38
6
40
74
68
42
40
52
72
120
80
70
104
112
116
98
86
128
226
322
288
290
280
296
286
308
304
286
304
296
300
302
294
300
280
282
292
254
186
466
510
510
300
304
256
154
88
72
136
132
12
104
156
152
38
142
290
312
344
360
322
338
332
308
334
322
312
300
302
336
318
354
300
280
316
310
296
328
308
326
298
334
288
284
304
290
314
326
318
280
324
314
306
294
284
298
326
314
320
304
300
278
292
296
258
312
154
30
38
56
64
68
14
114
64
12
72
70
70
34
24
18
8
26
58
74
14
66
64
8
44
72
66
0
34
34
34
34
58
20
24
6
8
30
20
4
10
14
30
20
4
48
46
32
46
14
64
20
108
4
116
10
84
34
58
86
60
60
66
56
82
66
118
76
80
46
78
72
86
52
64
112
252
308
262
300
304
304
296
290
304
302
292
266
288
280
280
268
242
192
452
510
510
298
302
256
116
100
40
100
90
110
50
78
52
184
118
2
92
284
318
308
308
320
288
334
332
314
322
322
338
324
324
338
326
332
318
322
312
324
288
130
76
158
278
304
320
310
320
284
306
296
278
282
314
300
300
306
304
288
272
292
304
298
262
208
124
2
4
0
0
6
8
18
16
2
2
8
6
46
10
48
0
20
58
0
34
10
40
30
0
52
32
6
50
42
72
32
16
52
102
46
50
50
30
20
24
42
34
8
48
14
6
60
42
88
68
32
112
90
76
10
32
60
176
50
68
146
44
160
80
206
226
212
114
48
102
48
50
64
54
20
74
52
82
172
220
334
272
268
284
292
288
270
294
284
288
274
262
242
166
456
510
510
298
288
278
156
112
90
98
16
14
76
84
98
114
128
138
60
150
136
256
288
324
310
300
302
342
348
326
316
354
328
330
336
330
330
340
354
326
248
82
224
88
92
80
56
134
152
202
182
190
216
188
84
88
92
102
78
40
92
2
68
38
44
4
78
60
66
24
38
10
2
22
26
0
28
22
0
10
44
62
52
120
156
66
22
84
72
80
66
48
98
4
146
82
2
30
70
68
2
76
40
6
90
52
0
56
26
36
24
94
74
54
72
36
94
130
78
114
114
8
78
14
54
38
156
270
68
74
68
190
124
206
116
88
50
68
34
190
170
92
64
62
52
72
60
62
76
88
206
246
262
272
272
286
290
292
282
254
164
472
510
510
306
308
284
92
128
68
100
10
64
78
66
26
50
106
130
146
114
144
160
28
240
304
336
314
302
350
336
326
320
312
340
310
318
328
306
330
286
60
168
174
130
140
88
138
68
46
76
66
46
26
62
52
112
92
68
110
158
230
110
118
78
82
132
146
6
28
62
58
70
50
52
102
106
68
80
98
46
0
100
70
68
130
136
108
112
162
126
92
58
114
104
106
74
10
150
112
138
112
182
56
40
70
26
60
68
68
66
100
104
98
122
80
54
132
132
102
70
56
60
110
168
46
66
72
92
78
106
74
78
8
194
110
56
102
60
40
166
198
188
218
178
76
84
38
44
48
52
78
88
80
108
280
272
264
276
290
256
184
472
510
510
296
300
292
118
178
80
74
36
88
92
14
68
20
78
98
166
140
220
108
60
194
140
186
286
292
302
316
314
286
308
330
308
324
282
310
306
126
72
56
136
156
106
58
50
0
132
136
56
96
210
40
286
34
290
68
132
120
244
140
164
192
108
38
138
132
204
156
76
186
30
102
126
134
40
96
160
150
112
108
88
130
168
8
178
102
10
12
46
98
76
176
86
96
126
136
58
84
96
66
160
112
50
136
48
68
76
102
98
148
36
4
122
152
148
0
106
154
96
86
136
92
158
100
138
130
84
66
124
216
118
158
114
94
70
106
88
132
164
142
270
170
100
80
42
72
120
96
90
80
78
88
78
78
274
254
250
214
178
464
510
510
298
296
280
80
102
30
90
50
56
6
8
76
72
90
52
32
114
114
54
216
128
156
268
106
210
308
304
280
298
312
298
326
308
292
312
296
206
46
42
44
12
98
50
86
126
0
252
240
100
246
364
384
270
304
374
354
334
232
204
56
238
242
182
162
256
238
282
226
208
134
140
58
128
182
0
218
88
180
136
170
210
178
272
180
148
150
128
144
130
74
164
64
82
134
126
112
110
78
190
66
86
86
84
94
82
10
92
130
96
210
66
118
160
192
208
56
112
36
86
98
82
74
196
226
74
208
152
174
174
52
144
32
30
62
118
108
204
106
158
62
116
152
92
126
96
144
122
80
94
82
96
152
194
160
98
250
222
188
460
510
510
302
302
290
110
88
6
50
78
6
76
30
56
28
8
108
120
78
118
128
80
244
252
214
168
76
102
40
188
242
264
276
280
288
244
144
94
70
156
6
90
142
182
14
182
212
226
42
256
92
122
294
18
238
188
244
62
118
0
204
266
186
90
250
166
130
188
178
192
220
198
194
70
188
204
208
186
282
168
146
16
176
160
246
186
148
164
110
182
84
154
148
78
104
148
190
100
144
100
132
128
96
206
120
138
146
210
170
202
98
96
258
126
156
160
222
38
152
82
50
106
216
156
184
140
132
184
164
136
160
90
74
88
134
40
74
36
64
68
60
186
58
240
172
230
186
120
100
80
84
74
162
114
212
104
114
226
202
158
442
510
510
298
304
294
72
136
80
76
26
66
82
8
12
2
92
100
20
114
42
110
26
186
92
306
100
130
118
50
86
22
34
40
88
102
10
148
166
282
168
156
212
152
258
362
330
250
400
362
348
256
318
354
196
12
262
162
134
176
106
144
190
236
302
314
230
106
186
174
162
256
204
264
216
190
162
212
250
258
236
238
182
164
168
232
104
160
130
120
116
226
166
186
170
166
0
168
126
182
194
246
88
58
2
176
136
232
256
160
152
102
124
120
84
148
304
182
122
210
88
182
58
74
150
158
110
116
468
200
300
70
130
38
250
114
120
144
46
44
124
124
116
136
146
116
136
208
204
146
136
352
164
270
368
260
218
164
282
152
280
426
510
510
288
326
282
124
36
98
4
6
12
12
48
30
70
50
70
102
70
102
60
256
266
68
166
220
234
394
82
182
28
154
206
142
386
368
382
442
332
412
476
472
418
378
286
306
188
254
338
26
350
370
120
256
192
252
186
148
108
152
226
156
16
226
282
22
146
132
174
94
256
246
172
224
268
152
158
262
284
80
280
158
200
148
160
42
168
174
188
128
162
248
244
272
196
62
136
192
116
176
128
76
104
252
130
236
198
176
246
210
156
110
178
250
134
248
230
224
210
284
112
118
86
76
88
216
162
174
180
192
136
72
162
354
132
214
142
76
84
136
192
98
136
120
214
190
224
190
130
206
414
26
40
316
196
232
210
98
46
154
408
510
510
312
316
302
254
44
92
72
76
52
58
44
50
68
46
20
2
100
52
164
52
190
198
330
358
92
192
334
348
320
132
238
294
326
68
146
116
310
76
312
90
48
262
46
280
324
318
324
336
350
332
62
308
326
288
138
182
278
90
172
252
304
226
286
142
230
196
190
206
256
272
228
304
60
304
258
216
232
118
230
260
242
226
182
208
182
220
268
252
256
200
314
272
260
286
276
316
228
226
222
206
136
176
244
246
164
200
212
282
190
146
288
224
148
266
236
232
284
276
192
184
152
228
212
218
336
204
144
94
122
32
126
144
148
168
76
76
100
124
106
158
202
252
132
218
190
216
152
248
400
62
68
432
278
194
216
200
132
110
86
510
510
292
310
310
296
76
76
8
2
12
4
4
56
70
6
54
66
78
16
248
248
290
16
204
278
84
240
8
36
280
274
52
66
376
126
308
288
308
62
300
320
262
358
232
368
352
46
310
204
208
316
332
256
332
308
250
322
254
60
282
258
254
234
296
238
258
246
306
264
274
288
268
348
188
306
202
268
314
276
284
270
258
252
254
196
184
196
234
292
236
148
250
238
248
244
224
268
266
156
212
182
150
252
264
282
244
194
206
248
122
102
132
206
238
296
222
280
306
244
270
242
196
118
172
234
270
130
158
192
126
112
146
190
154
146
116
88
150
100
100
128
104
94
104
126
196
206
178
300
380
410
422
448
246
200
190
178
192
274
244
510
510
310
292
322
294
132
92
46
26
38
22
60
88
38
76
68
86
6
44
276
62
280
314
324
60
242
218
224
250
326
50
200
374
256
186
274
282
194
254
388
326
184
314
390
340
242
192
226
286
190
266
246
240
264
282
286
70
264
204
286
246
228
184
250
326
246
190
320
328
186
230
310
214
304
204
204
278
330
336
244
334
304
108
300
168
308
218
174
170
162
176
238
266
218
168
192
218
164
166
114
218
180
166
134
176
146
174
168
188
194
204
220
238
214
218
182
276
208
346
260
230
272
298
212
284
172
276
156
220
62
34
106
154
120
114
76
138
212
90
68
166
228
60
84
88
116
122
204
140
274
204
144
242
272
282
142
114
230
406
392
510
510
300
310
302
316
306
32
66
4
10
36
20
56
38
50
14
94
110
214
132
312
50
14
90
236
246
72
272
164
250
114
240
46
258
168
296
192
52
312
40
288
64
208
370
254
220
318
206
232
40
260
324
152
198
260
236
134
258
194
242
132
318
196
234
314
230
274
188
200
330
278
276
284
278
264
270
258
314
292
336
262
252
74
278
214
272
200
184
250
250
210
188
150
224
56
210
186
78
176
116
94
104
214
118
306
168
180
194
126
242
132
168
84
188
110
194
206
266
256
136
248
154
262
188
132
262
226
204
174
88
72
136
106
78
84
82
126
258
24
90
152
174
138
192
168
106
116
156
182
194
252
394
374
296
164
160
244
310
76
392
510
510
298
294
318
290
296
42
58
34
54
20
36
84
66
8
86
20
78
232
204
326
108
270
386
310
298
106
312
54
334
322
298
166
280
94
204
162
76
274
88
284
254
38
326
300
176
234
218
272
282
174
238
164
228
292
224
278
314
222
288
144
314
352
268
264
314
264
298
202
186
274
262
320
342
286
246
210
238
262
278
290
366
280
196
318
168
152
172
264
170
288
168
116
166
206
100
118
168
150
132
230
114
174
148
198
278
222
270
218
152
198
142
170
182
248
100
232
292
260
208
140
224
212
368
242
192
204
310
126
132
64
108
162
146
168
150
122
316
46
108
126
218
162
220
330
194
158
170
194
352
288
228
164
184
196
346
286
126
60
382
510
510
292
302
306
312
298
178
26
20
4
30
10
88
100
40
42
86
68
78
108
174
204
312
148
280
36
340
270
286
312
316
314
356
278
274
112
332
276
244
316
238
296
276
314
262
162
186
168
172
168
142
270
222
178
238
192
228
244
216
212
260
158
326
284
242
246
186
224
206
266
68
164
288
284
336
304
230
272
274
294
302
278
272
224
172
240
202
224
122
230
268
222
196
238
324
268
284
256
170
176
182
164
188
162
226
178
258
246
250
234
276
232
150
226
190
236
290
228
184
292
170
202
256
284
240
288
262
188
160
92
82
52
212
88
110
108
160
282
100
100
100
196
230
234
220
294
268
216
382
302
102
148
148
194
352
156
158
136
70
270
360
504
316
310
290
304
330
216
52
34
60
36
86
46
44
106
4
76
92
232
298
302
40
330
54
284
78
270
336
324
68
246
338
56
38
312
374
258
336
334
324
318
196
340
242
296
234
262
212
222
178
184
320
206
74
242
202
302
220
276
252
246
30
304
304
210
308
294
232
230
236
248
288
250
244
246
236
216
224
300
326
262
142
194
198
144
180
194
296
278
262
186
312
268
288
344
264
158
240
180
262
282
278
194
160
266
266
232
200
246
176
248
268
248
238
174
270
256
190
142
170
246
190
166
290
170
114
150
220
144
64
146
138
86
108
66
94
138
246
112
96
136
134
138
196
106
190
216
328
382
104
118
80
238
322
100
152
116
216
258
200
242
500
288
292
306
298
304
54
12
48
42
30
72
46
76
82
42
94
44
260
12
326
72
392
334
302
310
126
214
64
258
316
386
322
390
278
360
358
338
48
334
62
290
276
54
296
328
230
298
214
250
296
216
212
302
342
364
338
266
300
324
284
272
274
224
254
212
254
372
282
276
284
244
104
322
316
192
206
238
310
198
244
234
176
212
240
158
180
272
290
242
196
256
216
342
330
190
232
284
322
228
236
302
168
284
234
160
212
202
228
190
296
254
304
252
140
270
242
208
282
258
252
152
242
362
200
206
168
182
196
122
44
140
84
56
42
64
126
414
92
92
96
170
200
228
194
262
304
320
74
154
116
288
340
320
318
308
230
198
172
286
310
508
306
316
314
322
312
68
64
62
6
12
70
112
128
52
6
60
14
292
146
334
336
318
356
206
224
304
272
394
384
384
222
400
374
422
438
96
414
150
390
396
350
330
348
330
342
364
370
314
306
284
180
180
310
356
324
276
318
296
250
228
200
326
244
294
228
222
260
274
306
266
226
178
388
394
208
284
236
312
302
284
238
184
156
166
164
284
306
366
318
274
274
222
224
280
206
268
226
214
306
342
280
312
284
274
284
220
236
228
314
298
194
342
244
226
234
276
186
160
240
252
228
278
342
300
194
286
174
164
134
42
168
74
30
16
16
64
304
116
60
104
170
224
208
188
266
282
206
192
136
266
350
386
356
268
300
160
200
310
286
490
510
296
312
320
316
282
4
68
52
28
56
62
6
84
70
94
22
52
208
266
370
328
192
316
242
102
338
112
366
182
390
248
398
314
264
442
146
392
394
386
412
412
426
410
120
306
384
344
348
242
248
232
298
316
338
242
68
296
110
196
248
262
256
288
332
304
254
52
366
366
272
290
202
242
252
298
200
366
344
230
206
230
312
234
290
262
172
272
264
280
276
284
194
318
156
248
210
270
358
168
328
312
290
326
264
244
250
302
306
220
282
186
262
230
272
184
90
184
234
178
278
322
316
262
308
230
328
108
160
270
138
160
138
50
18
76
146
302
60
68
106
192
166
206
118
272
340
114
164
212
388
312
214
210
186
232
182
214
286
410
510
510
300
316
324
322
118
100
62
52
58
16
80
92
64
10
76
64
32
10
218
258
28
350
76
394
384
336
362
404
388
400
430
422
360
446
386
460
400
384
146
326
286
356
398
358
290
384
306
318
300
246
318
320
334
342
314
330
356
370
360
144
338
332
344
284
336
318
198
362
352
326
336
302
298
340
294
308
94
366
304
302
308
292
268
244
310
314
294
260
238
286
276
240
334
312
94
120
252
312
294
326
296
324
290
316
198
258
242
264
336
310
220
204
164
62
170
164
150
192
116
130
168
300
166
150
182
162
126
118
180
200
78
94
140
214
80
112
186
54
76
158
186
128
206
290
176
212
142
248
380
254
286
292
230
272
206
278
348
270
342
510
510
292
322
306
296
80
72
54
42
80
50
66
6
40
52
0
82
94
116
216
284
342
366
346
332
302
372
438
376
430
404
222
450
432
450
294
480
430
414
434
394
426
400
380
396
344
382
338
374
318
366
294
318
348
296
354
346
330
352
416
350
400
322
28
296
352
402
424
354
382
270
266
326
372
328
348
352
374
294
362
306
312
276
310
280
340
270
310
318
334
266
230
192
252
270
274
246
314
336
360
330
314
354
350
314
332
272
332
42
322
158
4
8
10
10
62
54
78
90
90
134
98
122
150
110
160
100
44
126
98
218
104
80
48
220
130
220
142
194
182
80
120
212
188
262
232
228
334
352
228
238
302
306
296
238
288
220
162
86
344
510
510
304
330
312
304
60
74
52
72
48
2
52
36
70
72
72
12
76
20
200
302
330
104
348
332
380
102
398
358
376
346
368
382
360
352
280
408
434
418
414
408
416
398
388
368
364
322
318
344
402
378
358
48
340
358
364
376
332
398
372
388
388
396
392
380
390
326
394
308
378
330
360
356
350
338
346
342
348
326
368
282
330
336
256
332
314
336
324
258
316
352
368
290
316
258
330
278
284
260
300
302
328
328
318
322
276
338
324
304
334
300
20
0
2
0
0
2
8
10
24
50
60
86
120
102
126
140
164
8
50
162
260
160
150
122
162
62
164
208
164
152
122
228
252
226
240
292
298
282
222
290
266
282
252
238
182
174
164
110
348
510
510
314
314
296
272
70
50
12
64
36
38
70
46
10
62
84
74
102
24
42
202
138
294
292
82
328
338
298
196
108
114
162
224
224
204
206
180
184
284
308
354
376
404
412
448
418
338
430
224
400
382
412
398
406
332
364
310
398
326
370
386
372
368
376
396
402
378
362
348
338
372
318
302
354
356
358
318
330
340
314
324
284
322
348
396
318
360
276
320
328
348
336
292
302
248
354
338
326
306
282
304
332
364
232
202
344
292
306
288
314
290
2
6
0
0
0
0
0
10
24
4
2
10
48
74
122
178
116
152
188
254
300
356
188
142
104
134
322
218
128
222
238
202
186
230
276
334
272
256
250
234
296
338
224
190
204
206
166
106
358
510
510
294
304
316
150
114
70
82
72
94
16
48
80
68
74
112
40
100
104
138
92
172
204
300
282
294
146
84
178
224
236
270
262
278
264
250
252
156
48
66
132
300
356
418
416
462
440
416
394
360
386
358
376
406
76
400
408
412
62
374
366
360
368
396
334
360
336
332
348
364
326
272
324
356
310
328
346
350
326
300
274
326
342
298
304
312
316
326
324
338
334
330
368
324
254
312
228
328
390
266
304
304
314
338
348
354
352
374
346
310
292
212
22
0
0
0
8
0
0
4
0
2
40
56
60
100
94
138
192
290
346
392
410
354
234
290
142
198
144
340
236
120
282
318
290
284
194
186
212
172
214
208
196
200
218
210
222
216
112
360
510
510
290
314
314
108
110
56
2
84
62
32
50
90
16
70
58
64
94
112
130
156
162
72
214
40
70
190
262
272
282
278
276
292
294
286
268
294
230
90
70
168
168
174
294
362
408
372
420
420
398
358
346
420
436
374
408
382
416
412
390
394
370
348
386
86
376
356
350
374
56
274
352
300
324
290
320
306
336
324
288
352
338
298
324
332
332
352
298
320
380
378
360
358
332
360
324
238
360
324
316
278
242
320
376
324
330
314
346
346
254
270
240
164
14
0
0
0
0
0
0
10
16
56
82
128
142
218
190
268
354
382
404
396
304
282
276
202
126
146
198
270
262
234
238
162
150
338
288
194
194
228
210
226
220
230
242
248
212
126
324
510
510
298
326
300
114
120
92
6
56
60
76
8
92
64
84
122
40
140
96
212
10
126
108
100
212
248
274
294
270
286
310
306
302
300
298
282
294
280
56
64
50
124
120
122
182
210
396
400
432
450
454
470
412
384
370
402
406
344
374
380
394
374
354
368
364
398
374
368
386
354
380
324
344
370
320
372
386
248
366
370
362
380
350
320
210
340
350
390
346
362
304
368
196
298
366
342
312
308
346
392
312
308
322
318
330
354
318
286
338
378
394
388
252
286
14
10
0
0
0
26
46
116
158
134
196
228
270
382
424
418
418
412
390
382
382
282
228
228
236
252
270
250
242
280
266
202
234
246
212
252
238
266
276
258
252
248
266
252
140
346
510
510
302
308
308
106
108
64
40
44
34
92
64
54
88
66
112
100
80
16
132
120
130
222
276
276
280
264
282
300
284
274
306
282
298
304
308
314
292
104
12
82
42
58
86
108
106
322
238
334
390
414
380
458
400
406
452
430
368
376
382
378
388
340
338
358
384
420
426
404
398
220
412
350
370
374
406
412
350
312
374
376
352
330
336
290
320
322
374
400
392
368
388
380
362
358
360
328
300
364
404
328
378
408
392
336
398
416
402
408
378
376
304
400
314
226
186
2
12
0
8
12
68
80
176
236
276
356
442
428
416
432
392
396
398
408
386
402
370
306
222
206
234
248
256
250
242
258
248
244
272
248
254
268
258
254
270
270
258
154
354
510
510
290
308
292
62
86
54
68
70
18
20
64
108
6
100
134
104
148
96
136
140
258
306
310
280
288
332
318
298
314
324
314
326
338
306
296
324
268
70
40
60
60
36
32
60
114
60
126
160
192
294
364
406
442
434
444
398
396
416
428
394
388
364
370
346
368
410
388
372
378
378
378
390
380
322
362
332
336
312
322
308
312
294
312
360
252
312
374
372
358
382
410
370
384
382
320
362
310
380
374
340
408
446
398
408
412
416
414
372
392
334
372
390
344
368
408
372
184
208
256
70
54
156
322
362
382
432
436
418
434
394
412
332
274
250
228
234
246
242
246
270
258
256
272
234
272
272
280
266
268
246
276
272
262
272
276
276
246
168
322
510
510
290
322
316
120
112
18
76
4
64
82
102
66
126
148
96
132
98
68
262
308
288
296
298
302
330
320
348
348
308
304
314
312
334
326
314
346
258
44
16
40
58
50
94
48
100
46
90
104
178
184
192
278
342
342
282
356
392
414
402
396
408
392
382
386
398
402
398
392
380
378
358
330
324
320
298
274
244
214
94
44
72
116
248
324
346
370
362
384
344
396
388
368
366
358
364
362
346
362
338
282
398
366
404
408
408
396
324
344
360
382
374
336
376
388
374
364
342
338
366
350
344
372
378
310
294
268
228
228
230
206
252
196
242
264
274
268
280
244
256
266
280
274
270
274
258
256
290
264
284
268
288
292
286
284
268
236
216
160
330
510
510
306
312
284
136
112
30
82
96
104
16
62
102
104
118
144
114
224
280
294
326
304
308
314
302
334
342
296
296
318
322
326
286
330
314
344
328
206
78
48
52
38
58
32
64
104
74
106
94
146
168
222
166
172
86
180
198
218
184
208
200
182
162
126
144
128
194
266
302
296
310
278
232
100
70
24
38
24
54
70
112
114
200
200
202
218
352
350
322
298
326
340
358
354
346
312
312
356
316
352
370
340
402
366
350
360
344
314
298
318
332
192
90
24
16
6
18
24
14
90
126
164
208
220
232
258
256
256
258
274
262
252
266
302
256
270
258
292
290
290
290
278
268
274
290
306
280
284
278
278
294
314
292
304
284
286
252
238
166
332
510
510
302
308
290
132
140
76
30
114
98
88
104
54
92
138
150
274
266
304
308
310
334
348
322
340
294
300
316
336
302
320
306
332
348
336
294
312
240
100
66
56
44
50
56
90
90
138
110
128
114
160
166
122
136
214
200
234
232
238
256
236
224
168
202
174
170
144
164
132
92
48
12
12
34
24
22
70
128
138
236
298
262
190
206
240
262
304
312
290
272
262
316
356
354
350
350
362
354
344
388
386
366
318
272
214
132
156
222
214
128
24
10
2
14
24
44
40
92
126
174
190
200
250
204
224
222
274
256
256
272
270
258
250
304
292
292
286
294
302
294
312
282
282
280
290
280
276
296
294
284
282
306
308
286
298
292
274
244
160
334
510
510
302
304
272
134
110
84
108
164
148
114
114
118
100
252
296
300
308
302
316
320
314
314
324
304
360
328
290
314
294
320
320
326
332
354
306
306
164
116
82
84
70
70
84
90
94
134
116
194
152
126
190
214
238
248
240
252
258
266
262
276
230
220
218
174
210
190
204
156
126
76
46
56
52
76
90
214
278
78
40
62
98
92
122
126
120
130
130
142
126
114
106
140
122
110
124
140
130
142
138
124
128
142
152
150
140
162
206
228
230
198
154
122
134
120
142
174
132
158
246
260
254
248
216
262
256
296
280
272
262
276
290
278
300
312
320
292
338
310
314
296
278
278
290
286
280
286
306
292
296
302
300
290
288
296
278
272
276
188
330
510
510
300
300
254
102
124
108
118
138
52
92
72
256
288
304
278
336
300
324
336
314
298
316
334
306
320
334
320
298
310
340
330
316
300
358
308
338
152
128
128
88
90
98
114
98
110
122
116
116
234
252
262
268
270
256
284
290
278
294
256
228
240
234
226
234
248
224
220
202
164
64
84
88
148
244
68
90
64
84
112
144
116
150
136
144
160
174
164
178
170
168
172
164
170
160
194
180
160
148
182
194
188
176
170
208
128
192
236
246
218
254
194
236
210
192
234
194
186
246
244
270
278
266
278
266
256
288
304
282
290
320
306
320
320
318
310
292
336
292
294
310
318
288
280
290
302
280
284
296
314
292
300
284
294
298
288
276
258
178
328
510
510
296
308
280
198
196
176
44
106
160
266
266
282
296
314
320
334
302
306
302
310
310
322
298
328
340
320
314
294
308
330
316
272
334
330
350
356
114
136
102
146
120
100
122
136
90
154
230
236
264
268
298
274
286
294
304
300
280
270
230
274
254
240
250
196
240
222
254
200
134
166
194
160
134
134
142
106
156
164
170
148
162
192
188
162
198
154
184
188
188
174
212
156
172
206
200
190
204
210
222
226
190
156
212
220
234
204
206
246
294
294
278
252
236
280
266
254
240
250
258
254
300
296
304
288
316
324
342
312
296
236
510
510
510
510
506
510
506
502
482
350
282
222
256
290
300
290
304
308
294
284
302
300
290
296
290
290
248
190
320
510
510
304
306
316
280
210
220
262
288
286
286
310
290
302
306
290
346
314
338
312
336
292
282
358
342
322
320
326
328
322
322
320
318
318
338
296
314
290
224
194
192
202
236
258
278
254
272
288
280
272
306
306
302
292
298
292
272
298
286
276
284
276
246
258
258
236
246
224
210
226
198
172
190
184
172
172
172
164
198
162
162
168
206
190
188
214
182
164
196
206
210
206
220
234
192
204
218
236
212
202
252
214
246
216
232
228
250
230
274
258
262
272
292
278
302
254
256
272
266
270
264
304
292
274
256
314
338
308
324
314
252
510
510
510
510
122
110
510
384
452
506
468
508
510
312
288
292
284
302
270
280
286
286
286
294
292
280
270
168
306
510
510
310
308
336
306
376
326
350
366
318
340
362
342
316
320
340
324
312
324
314
328
328
320
330
298
310
294
320
312
326
342
320
306
322
314
314
330
300
322
250
260
276
276
306
314
304
290
304
324
292
310
324
270
298
302
296
266
286
282
260
294
266
260
246
262
254
264
222
250
232
228
232
196
174
200
228
210
192
212
226
224
196
224
190
192
230
208
194
210
232
222
216
218
228
196
238
228
230
200
222
244
216
222
242
242
236
210
204
240
248
288
244
294
302
276
270
272
268
258
278
304
292
260
274
322
328
312
332
336
310
274
510
510
510
510
506
508
510
152
510
464
508
486
508
306
292
300
288
286
290
290
296
288
310
290
316
286
268
180
316
510
510
302
324
306
314
428
432
430
420
424
420
424
422
410
428
404
400
442
408
420
406
412
438
388
434
416
426
416
406
408
434
414
460
432
428
430
378
430
432
422
422
412
420
438
434
420
442
420
418
434
424
428
430
414
422
396
406
380
390
402
398
408
404
382
390
378
400
322
384
396
368
358
376
358
378
356
344
356
336
346
312
340
324
326
346
328
336
294
302
314
288
300
292
278
290
302
308
304
240
298
280
280
260
254
260
248
260
240
250
266
258
264
280
290
278
312
286
298
302
256
292
286
274
276
328
308
314
318
324
334
266
510
510
510
438
502
510
510
506
510
176
270
154
328
270
308
272
280
294
274
290
290
342
322
312
316
300
258
188
320
510
510
302
322
304
302
432
414
426
438
420
408
410
426
422
416
412
410
422
398
408
404
410
422
400
414
432
412
424
414
432
434
408
434
408
404
428
392
430
440
450
428
398
418
434
428
442
440
446
410
410
428
404
414
426
432
440
422
392
392
398
400
410
382
404
386
410
388
356
378
406
408
398
384
384
400
374
390
372
398
386
378
378
388
370
372
348
370
352
382
342
376
378
382
400
388
396
372
384
310
382
414
402
388
382
404
396
402
392
396
392
394
382
402
388
418
386
380
390
416
400
428
428
430
434
432
438
440
460
460
354
454
428
408
410
382
450
502
508
506
504
366
158
510
510
438
458
458
450
442
464
306
302
330
316
312
312
304
272
198
320
510
510
