238
252
248
254
250
240
430
112
184
162
156
196
178
164
170
206
182
186
168
164
172
184
202
204
198
156
212
200
184
186
170
212
186
198
192
212
222
198
214
228
222
200
202
218
218
162
158
192
246
214
200
206
188
156
198
218
244
218
210
232
256
228
258
284
268
224
262
248
268
224
254
244
258
242
248
234
240
252
232
254
188
152
150
172
192
176
176
210
192
146
186
148
174
170
156
198
170
182
216
248
190
218
226
228
236
240
236
244
232
262
226
296
284
288
270
316
260
292
324
356
328
308
298
324
326
308
316
340
326
374
338
360
382
356
364
362
388
386
386
376
386
360
392
406
392
388
390
394
390
412
418
384
406
386
410
410
426
420
438
434
440
236
254
268
256
258
234
444
146
194
182
176
172
182
184
170
170
192
192
188
194
212
164
178
184
198
184
160
210
208
186
194
224
196
200
218
198
220
230
220
240
206
206
220
216
192
234
186
216
228
182
204
226
194
196
196
218
206
200
212
202
240
214
256
280
240
268
222
270
260
258
252
252
244
270
242
76
252
248
268
252
198
164
192
158
164
128
140
178
182
174
186
174
178
182
176
210
200
174
194
200
174
170
210
244
262
250
230
232
252
242
260
288
294
272
298
296
276
264
276
328
316
320
302
276
326
300
294
336
342
360
356
370
352
324
362
390
422
406
394
408
414
394
370
380
352
378
372
370
386
406
408
400
376
380
380
410
400
422
414
416
440
256
278
252
262
256
286
318
66
58
168
180
178
174
182
196
190
194
166
182
188
180
182
194
192
196
200
214
194
194
180
178
208
208
244
230
228
212
182
186
228
190
222
170
206
210
206
232
240
200
188
214
198
206
196
214
214
210
238
202
178
212
242
204
238
248
262
288
258
234
232
214
258
234
240
280
286
238
250
266
260
228
148
160
166
160
142
120
150
196
186
176
162
170
192
172
184
134
166
174
166
138
166
172
224
220
222
268
240
238
252
238
290
272
300
288
290
244
286
288
320
310
304
276
312
286
272
300
336
340
348
350
350
380
390
396
432
434
432
430
424
390
450
432
488
490
488
488
486
498
490
494
500
508
508
500
506
496
482
454
434
430
262
260
264
272
268
248
130
62
104
46
48
104
174
192
188
178
174
176
184
182
162
150
186
200
204
170
208
156
192
170
202
166
188
194
204
202
196
204
200
220
226
246
170
214
218
220
172
228
216
192
226
212
214
204
220
184
216
184
196
190
212
220
208
202
230
234
236
248
242
268
238
258
248
252
278
260
252
250
202
216
234
96
120
116
120
132
116
174
182
156
190
174
170
140
164
180
158
168
172
130
156
184
146
214
218
220
220
230
246
290
286
308
338
282
272
252
260
250
272
290
294
282
324
302
304
282
322
378
382
412
426
388
378
398
376
428
430
462
452
400
426
416
424
494
496
498
484
480
494
502
492
504
510
508
510
510
510
510
510
510
510
248
252
262
268
276
256
122
8
64
22
100
0
46
186
174
176
178
200
198
174
206
216
182
196
192
184
196
206
164
200
216
204
194
204
220
232
218
204
210
208
228
222
238
188
196
224
234
244
208
236
210
202
178
202
170
216
196
162
216
192
214
208
210
194
242
246
238
244
236
208
234
216
242
248
216
252
230
252
244
244
240
102
142
108
90
106
130
150
164
178
186
160
142
172
172
178
170
180
130
162
188
174
166
222
248
222
206
282
262
278
284
304
316
260
250
258
236
234
276
268
292
314
286
306
332
326
298
358
424
406
422
396
402
386
378
430
448
446
418
430
436
458
462
500
500
486
494
492
490
494
484
508
510
510
510
510
510
510
510
510
510
244
242
268
254
250
252
76
42
48
52
82
88
92
20
38
182
186
166
172
198
222
184
206
198
220
198
202
174
186
194
178
200
180
162
190
198
200
218
214
208
202
206
190
194
196
220
226
214
224
212
234
178
212
182
210
212
210
222
216
204
214
204
190
204
220
212
244
222
238
228
228
250
228
222
218
212
238
222
224
244
152
152
130
132
98
130
76
138
126
148
170
132
140
136
166
150
184
168
146
164
152
176
118
146
182
220
210
272
242
268
276
364
344
234
246
294
262
246
244
294
278
298
308
330
334
344
360
388
388
406
400
394
398
382
382
414
410
430
444
436
432
468
446
502
496
486
492
470
492
492
492
504
510
510
510
510
510
510
510
510
510
276
238
246
226
260
224
66
6
22
52
4
42
74
120
30
76
202
204
186
188
210
180
208
216
196
180
210
206
198
200
206
204
190
186
190
192
202
188
224
246
202
224
202
194
204
234
244
200
206
188
212
212
178
188
188
192
244
198
188
208
194
198
192
234
238
242
230
210
206
230
216
240
240
202
212
210
202
206
228
208
130
128
120
110
110
106
106
140
142
128
142
158
104
140
140
162
198
170
190
134
178
142
164
212
212
176
168
274
248
256
232
312
308
248
230
224
256
274
248
274
250
276
340
342
330
314
334
388
416
422
360
374
376
360
394
420
428
436
430
416
434
462
434
504
502
496
484
486
488
488
498
508
510
510
510
510
510
510
510
510
510
252
258
278
240
252
94
140
74
56
36
44
66
16
104
58
40
48
156
182
192
160
188
202
218
214
174
220
192
194
204
230
204
196
206
198
178
210
168
214
220
202
198
238
216
190
212
228
216
192
184
198
172
222
170
210
212
208
184
188
204
180
202
214
256
220
198
182
226
198
238
222
248
120
166
166
152
128
118
80
122
102
44
46
68
110
128
126
130
150
146
128
162
134
124
94
156
162
182
172
144
162
154
146
196
170
224
176
188
234
250
216
278
258
248
210
258
210
214
238
248
270
268
328
348
354
320
324
396
410
416
408
384
408
360
388
456
414
418
426
424
408
414
414
474
494
488
482
492
492
488
490
510
510
510
510
510
510
510
510
510
510
232
268
268
298
248
86
74
50
52
36
42
34
96
124
102
98
102
6
176
262
258
288
262
320
354
464
474
476
394
288
248
194
224
194
228
206
184
218
180
192
204
150
176
178
238
210
232
206
236
194
192
212
218
218
268
236
246
208
202
230
200
216
216
202
202
220
222
222
226
228
236
72
108
24
6
26
44
56
48
16
52
42
96
74
72
34
20
8
94
108
138
132
140
96
116
162
154
182
146
136
170
150
182
166
204
174
208
180
176
266
230
222
200
184
172
244
218
216
228
244
274
254
272
304
352
336
304
396
382
350
414
380
372
372
398
444
422
446
428
448
442
432
428
486
488
480
494
486
492
496
488
510
510
510
510
510
510
510
510
510
510
268
254
250
260
256
90
36
4
20
0
78
42
116
100
64
144
98
90
130
214
256
280
270
296
344
306
290
258
324
270
308
306
302
284
252
278
268
282
266
250
306
326
438
414
386
280
154
96
70
72
92
166
176
188
220
238
234
238
194
220
206
210
190
184
210
210
222
216
206
212
112
2
2
4
10
14
18
14
4
14
16
0
42
46
60
10
18
26
28
28
2
14
22
52
124
142
158
156
148
156
180
164
152
210
172
210
164
196
152
220
176
242
226
194
194
204
210
240
252
252
252
252
244
272
260
284
302
416
390
388
394
370
380
388
372
406
408
406
418
410
424
392
430
476
488
476
492
486
498
498
492
510
510
510
510
510
510
510
510
510
510
240
256
266
240
272
42
92
56
28
28
44
20
126
40
112
78
128
76
130
90
160
248
282
292
266
300
258
300
274
282
314
304
308
284
266
284
276
256
300
268
278
286
274
260
266
282
238
254
260
254
268
232
244
264
250
232
240
234
282
298
410
366
332
280
198
220
232
206
206
194
48
22
18
42
26
18
0
6
0
2
10
4
58
48
36
28
2
20
20
36
42
40
78
82
4
46
32
36
42
38
26
26
36
24
34
62
44
52
60
40
42
32
54
44
36
40
62
62
28
52
50
122
204
226
252
262
286
298
346
314
314
328
306
330
366
402
374
372
390
386
406
396
412
458
482
490
494
494
500
492
496
498
510
510
510
508
508
510
510
510
510
270
284
276
288
232
86
102
18
48
88
72
110
86
78
106
74
50
120
72
46
170
172
284
264
268
278
266
282
296
282
292
274
284
310
272
294
254
274
308
324
262
302
262
280
266
234
254
246
250
234
264
256
252
230
250
254
262
254
278
232
256
238
250
248
206
230
230
194
230
74
42
48
24
30
22
54
8
4
2
48
16
2
44
64
106
58
54
80
114
126
112
30
38
112
26
2
66
116
68
90
46
32
78
34
50
78
104
18
64
60
34
54
48
44
24
78
66
58
52
34
58
26
64
66
74
70
38
68
54
54
168
320
338
338
328
348
382
350
392
358
370
370
390
452
460
444
488
466
484
484
482
508
496
506
506
506
506
510
510
510
510
270
260
254
258
216
52
86
50
38
82
42
102
62
98
48
140
124
120
98
104
192
112
134
258
274
288
280
302
268
284
278
270
262
278
276
302
254
268
280
136
82
40
68
156
272
248
262
256
242
230
244
216
246
246
264
262
246
258
246
218
230
212
242
204
174
128
44
14
4
16
36
0
24
2
28
0
0
16
34
42
58
30
50
22
180
226
126
76
148
50
126
192
110
108
106
48
60
62
44
74
110
66
42
98
96
62
4
16
108
88
32
82
92
36
24
16
64
110
42
68
78
56
48
72
80
58
64
66
58
54
42
42
58
48
106
262
324
332
366
362
368
360
358
434
454
446
428
470
454
470
468
502
490
504
510
508
508
510
510
510
510
242
272
268
286
246
100
84
4
38
78
88
92
164
24
22
112
102
90
122
8
56
34
76
46
222
252
254
256
264
248
294
270
240
248
266
290
264
292
186
14
40
134
160
66
10
222
212
234
206
222
182
124
86
48
20
36
8
22
58
66
16
50
28
54
2
62
0
62
4
32
38
8
52
26
0
18
50
56
0
54
44
134
120
152
144
146
176
152
88
34
238
128
88
74
34
36
80
0
102
90
84
92
70
62
42
98
68
50
82
110
66
40
78
160
102
210
194
286
154
282
210
208
122
222
74
140
92
110
96
116
82
80
96
20
28
140
118
100
140
338
324
360
382
422
432
418
424
444
464
452
466
498
500
494
502
506
504
510
510
510
510
254
260
250
276
230
48
52
62
74
20
30
56
150
106
86
30
86
98
34
122
140
142
152
138
4
172
240
252
270
280
278
270
274
236
244
240
246
176
112
36
44
60
62
124
70
74
64
42
68
78
14
78
112
48
68
50
116
34
30
52
24
68
84
84
6
100
4
100
82
70
136
26
98
4
22
68
70
64
104
138
154
200
160
224
142
100
72
28
66
88
116
64
72
180
172
114
132
78
22
142
106
66
54
80
196
138
42
112
2
146
148
114
86
110
34
134
156
214
164
146
122
104
110
114
174
226
92
174
40
134
256
216
176
122
82
64
76
72
84
52
88
172
256
382
356
404
420
420
436
426
424
480
498
498
502
494
500
504
508
510
510
246
256
242
240
230
8
52
78
44
30
38
114
44
62
18
74
98
42
88
110
40
108
14
8
128
12
36
208
218
238
232
236
262
236
238
242
242
90
50
2
6
2
16
30
8
8
30
50
176
22
144
106
44
162
174
196
10
98
172
178
30
140
4
116
108
78
194
28
214
208
152
112
142
88
144
108
118
122
188
4
240
118
190
84
124
48
152
226
198
104
242
196
152
160
106
110
194
138
140
108
58
270
146
184
96
206
128
204
64
60
170
132
102
260
96
146
68
134
90
116
176
244
136
126
88
166
88
148
246
292
242
192
128
140
136
128
206
168
86
84
44
88
116
112
154
196
316
404
414
426
436
476
478
486
472
494
506
498
508
510
510
248
268
258
254
244
38
70
44
64
34
8
4
94
64
84
82
6
84
84
62
44
114
194
82
22
140
36
38
30
36
38
116
94
48
84
0
68
18
128
6
126
146
130
10
94
178
182
6
164
250
74
2
136
92
6
182
208
12
214
124
124
56
112
206
6
112
114
178
240
184
126
162
206
90
146
256
98
176
176
174
160
150
184
52
134
190
218
192
66
220
236
198
274
224
168
180
272
6
156
270
178
164
176
92
108
114
252
172
232
118
128
114
76
270
172
158
166
102
282
132
192
158
194
110
134
152
188
176
246
252
204
168
146
98
116
98
136
188
130
122
202
180
130
80
60
82
96
140
174
202
266
228
234
258
280
356
404
466
496
510
508
268
260
290
260
288
38
94
74
82
20
18
112
78
30
4
78
70
82
258
36
224
208
246
202
210
108
94
190
212
24
38
116
62
14
156
62
40
218
246
10
236
22
352
146
182
80
290
220
212
104
238
312
268
242
240
250
234
324
256
242
100
158
184
208
172
142
62
154
174
206
312
120
146
90
78
18
82
164
194
276
306
264
242
66
250
300
210
266
122
236
260
208
190
70
284
352
158
184
256
210
190
86
116
130
142
140
144
170
248
210
136
248
204
162
232
68
144
240
136
296
220
278
166
238
156
138
212
202
234
258
112
216
102
108
98
172
68
68
72
158
124
164
216
198
210
122
100
94
108
98
152
148
246
216
236
244
238
234
246
276
256
252
264
280
282
272
52
88
46
54
48
82
2
26
48
64
46
64
74
82
272
334
296
16
152
200
172
200
226
332
230
78
246
150
98
134
296
310
2
348
244
360
242
254
222
20
318
274
30
318
160
364
306
16
286
284
294
322
24
272
226
296
174
28
202
264
246
272
186
268
274
254
156
224
82
176
108
46
116
152
134
230
280
84
24
216
206
346
296
38
108
174
290
280
288
248
276
234
210
148
158
168
150
98
176
116
220
58
194
302
180
98
312
106
300
216
206
226
148
98
214
176
182
190
242
260
180
218
254
238
278
132
78
42
134
252
146
122
96
142
166
214
246
234
226
218
206
134
122
88
74
114
126
128
142
220
224
230
218
244
236
280
282
256
278
280
262
226
74
56
82
54
54
104
86
54
0
2
38
64
178
256
324
222
298
460
276
220
12
230
336
52
174
146
192
242
176
250
194
330
318
70
260
316
24
288
324
340
306
296
374
264
308
306
362
370
298
270
324
384
236
276
164
258
194
180
254
288
158
230
254
218
242
156
90
182
252
50
76
210
190
280
264
332
216
232
84
6
180
220
302
204
116
132
230
242
272
238
234
156
206
132
312
232
150
214
192
280
272
118
230
170
174
254
242
280
280
174
234
188
250
272
218
342
186
242
150
194
210
130
72
68
70
46
112
248
228
76
24
58
148
112
142
160
224
260
242
192
140
80
112
222
170
180
112
90
138
192
226
228
250
242
236
264
264
278
248
288
228
20
74
54
0
14
4
8
88
34
70
38
46
262
276
442
70
270
190
160
310
406
26
178
288
96
238
270
276
144
242
384
30
334
264
354
306
316
366
336
362
24
386
362
338
310
34
350
332
274
278
36
302
306
164
310
318
194
300
344
374
360
274
174
150
230
208
122
248
126
200
288
358
168
266
242
300
288
212
200
164
204
248
292
294
218
296
314
272
268
296
198
310
336
232
356
308
102
290
264
314
384
260
312
244
294
188
202
284
170
152
222
220
262
176
100
258
226
158
50
114
116
142
106
128
44
114
200
220
146
150
50
50
62
14
128
144
196
192
220
174
158
500
460
16
428
450
176
180
114
82
160
248
222
254
250
268
278
248
256
252
240
16
66
74
82
100
132
70
80
0
40
34
350
74
392
234
362
384
260
96
484
364
296
332
304
228
248
314
204
100
168
366
346
346
22
62
370
370
356
352
394
380
344
74
290
302
370
360
338
314
352
268
292
336
328
288
248
284
272
402
310
272
308
248
248
140
300
58
314
280
216
230
258
62
116
326
198
236
210
278
162
276
240
364
258
308
270
286
260
88
184
232
380
310
226
220
358
292
354
216
196
270
238
164
198
204
170
200
170
168
82
148
134
122
256
86
132
158
164
156
236
240
54
90
106
64
152
90
134
136
72
96
70
36
28
162
138
182
200
136
178
206
510
452
10
22
490
170
198
144
154
158
98
220
216
230
262
298
248
234
256
214
14
34
8
6
24
14
46
6
74
82
18
8
152
216
18
250
302
324
306
22
148
284
282
326
308
46
266
174
32
26
300
292
312
320
242
300
354
80
112
322
378
322
372
414
368
304
368
306
324
274
370
330
292
232
278
228
162
334
312
306
248
234
280
266
290
354
30
312
330
290
312
242
370
306
256
178
140
128
138
254
6
134
282
186
134
238
298
312
268
250
270
272
198
226
150
188
204
238
130
128
172
208
136
124
124
204
42
178
166
298
130
30
40
156
228
56
112
142
140
158
98
154
138
92
142
148
82
52
90
152
106
276
90
58
216
46
124
120
214
172
124
364
496
366
470
234
200
190
230
152
62
92
106
224
230
258
260
268
264
252
144
70
76
36
44
62
76
54
74
66
50
60
66
336
342
298
334
426
52
442
304
410
336
268
330
94
308
230
258
250
326
314
302
300
306
272
280
252
330
344
272
336
306
338
24
344
374
334
316
338
318
356
30
264
286
270
336
300
270
276
310
216
248
214
146
384
356
292
252
292
192
164
240
198
252
190
164
174
146
214
114
90
138
116
174
230
214
194
268
324
230
128
116
202
84
120
232
170
210
8
206
148
212
300
140
164
228
174
116
128
86
170
248
84
232
176
34
78
158
50
108
40
166
36
62
26
132
74
52
52
184
82
84
104
130
122
160
264
114
134
202
194
88
222
226
162
258
272
246
118
60
230
284
216
222
224
266
278
264
266
262
92
78
46
82
64
68
56
70
70
138
10
88
62
84
318
262
230
344
152
390
324
218
140
350
364
22
330
270
296
318
374
372
32
210
380
82
314
394
322
400
20
366
286
342
266
244
252
364
80
292
320
246
202
284
184
278
26
210
260
170
178
240
152
262
310
262
284
268
220
28
222
216
122
214
178
178
122
214
132
302
152
66
144
262
138
270
232
264
204
244
276
154
260
252
178
240
196
222
264
34
260
186
178
288
282
188
198
224
244
156
106
88
242
112
138
124
30
132
138
62
82
90
94
142
32
126
92
66
86
76
132
132
72
68
108
182
266
326
302
242
278
256
246
330
274
390
360
74
38
182
260
202
206
202
218
198
286
250
250
248
192
90
86
72
68
52
34
54
80
70
74
116
56
24
236
352
264
328
330
320
362
6
236
370
398
318
376
424
402
216
360
314
372
440
424
390
40
440
390
346
314
414
424
362
398
358
342
188
308
44
344
456
286
234
252
272
268
272
294
256
240
264
188
336
280
326
220
308
298
236
74
302
212
188
268
250
206
116
56
118
172
168
148
118
210
250
286
350
268
220
308
346
188
232
208
250
178
200
156
258
168
244
156
200
144
150
250
118
50
130
52
60
90
80
84
228
216
154
36
206
132
76
96
74
32
28
72
168
100
40
68
92
40
50
74
126
252
252
270
272
218
256
366
370
368
268
212
284
144
84
248
174
208
194
212
202
232
238
266
276
266
36
74
36
92
96
86
118
104
128
50
8
144
70
102
212
250
286
58
300
334
286
334
380
62
386
348
396
86
438
418
466
400
414
398
398
448
446
368
112
200
412
386
298
320
360
370
308
348
272
398
360
440
342
304
328
288
250
312
242
312
284
292
350
244
296
314
158
254
246
256
204
252
126
194
264
280
250
138
100
116
180
48
196
140
246
140
276
182
344
284
298
304
246
158
184
216
280
172
120
170
238
244
254
136
226
256
142
204
98
136
182
110
288
128
192
214
226
28
112
126
112
186
146
130
92
38
20
48
64
108
80
20
18
22
84
134
272
300
288
344
278
344
288
430
56
330
332
178
244
170
164
160
160
206
184
216
216
248
252
266
240
64
34
46
60
4
12
96
96
100
66
76
108
48
62
144
8
292
16
254
286
140
396
498
424
446
438
436
412
458
274
266
428
474
266
292
462
60
416
352
422
410
184
358
426
420
368
330
348
300
384
332
260
352
340
306
314
316
300
302
286
348
118
288
226
280
322
280
250
280
178
254
172
204
242
262
142
180
134
144
126
210
144
228
150
272
158
222
330
330
232
76
334
142
238
208
262
194
250
106
210
186
236
90
226
160
192
218
126
214
102
206
206
264
188
206
240
224
154
216
174
164
180
196
186
150
48
48
50
36
46
46
114
56
48
40
124
250
332
316
348
324
352
318
78
296
336
196
328
86
164
234
232
228
170
96
202
208
266
270
278
46
66
60
2
22
46
70
114
80
24
104
74
62
88
4
106
62
200
258
268
312
310
406
420
430
406
432
460
496
486
474
470
464
384
446
446
416
242
408
440
432
412
140
354
412
350
30
388
400
370
366
302
328
380
438
402
360
324
264
276
244
378
378
406
362
184
274
298
288
226
214
170
234
188
252
240
254
238
202
162
168
142
206
188
214
246
308
298
194
256
350
78
216
202
252
160
212
292
286
296
246
296
176
148
148
146
250
264
180
272
198
108
102
138
212
146
290
276
150
130
220
160
168
208
136
86
88
62
74
56
34
76
150
134
24
112
176
244
310
338
330
314
356
44
316
376
272
376
432
296
236
242
186
50
152
194
212
198
258
252
258
106
34
14
76
38
2
32
118
94
84
72
38
50
84
32
90
72
116
200
186
246
260
306
286
272
318
316
300
344
314
382
420
366
392
402
478
446
442
422
362
356
392
436
288
394
438
168
398
442
382
84
346
246
288
398
132
374
336
384
348
300
458
330
438
14
264
354
326
312
370
324
184
176
268
226
290
224
170
236
160
162
218
262
304
224
302
162
374
184
262
282
302
222
252
284
172
202
258
230
200
284
196
150
98
262
258
228
244
230
202
256
200
174
250
292
204
184
202
204
108
208
172
136
192
146
150
152
108
122
48
174
80
142
132
218
134
274
276
278
344
352
356
112
222
376
290
450
406
370
332
364
322
290
252
252
184
200
204
272
268
220
70
36
54
60
52
56
64
66
98
2
62
96
20
114
110
110
112
70
130
142
228
218
154
116
34
112
134
162
160
178
162
120
138
184
260
308
362
394
324
352
420
436
372
330
360
408
388
370
430
448
270
362
412
372
422
280
372
384
354
398
422
378
354
440
346
322
328
270
260
292
260
326
212
246
240
274
294
230
120
164
164
258
192
260
208
212
166
290
296
308
308
306
276
270
314
242
310
220
246
176
360
246
250
138
250
280
260
224
154
110
70
70
52
68
88
110
120
100
94
78
104
76
144
122
104
106
114
96
60
192
260
116
88
290
232
126
324
330
326
202
352
320
190
298
284
408
414
336
360
376
292
230
298
206
228
202
232
222
256
284
206
94
64
74
40
40
64
66
72
82
42
76
96
24
96
100
80
80
134
150
130
44
90
50
166
210
218
198
228
218
248
228
214
230
208
190
204
142
54
158
252
302
410
432
364
414
400
352
410
458
412
446
426
400
416
374
368
360
430
426
392
428
440
406
384
394
362
296
292
328
316
6
274
298
188
336
276
304
192
148
198
280
238
240
220
240
342
356
356
324
364
304
264
274
340
202
14
138
230
314
306
266
296
274
222
256
358
138
46
18
24
6
26
6
10
4
24
36
64
88
128
114
126
156
140
84
10
8
64
96
120
240
306
342
236
294
276
332
344
350
286
278
308
294
318
298
256
284
278
168
210
242
196
212
244
208
210
220
194
268
258
114
40
38
72
36
42
86
72
26
100
106
60
100
112
124
94
46
146
122
30
50
20
156
216
188
244
216
244
242
218
224
246
250
238
250
232
208
190
20
76
108
114
214
318
410
436
398
432
420
430
446
444
446
414
410
428
446
414
424
388
246
382
266
66
364
294
364
244
336
254
310
296
310
332
290
332
6
250
226
208
182
206
254
236
328
258
350
320
294
306
318
380
262
312
276
348
202
304
268
310
282
278
364
262
326
216
316
32
18
24
6
6
4
2
2
2
2
2
2
2
2
2
14
44
110
108
160
226
398
358
268
154
228
238
180
238
278
322
322
136
66
228
232
232
154
200
266
202
184
216
188
218
202
218
234
250
218
224
224
262
246
64
66
32
48
70
12
58
84
76
66
98
86
56
134
156
124
132
142
102
18
164
220
230
244
244
252
286
252
246
234
260
260
246
246
222
242
214
220
148
44
36
92
56
80
128
218
422
390
368
428
486
494
434
440
440
100
406
448
424
374
184
396
388
366
330
354
302
320
330
368
304
374
348
342
332
320
304
344
308
298
246
204
192
292
334
358
320
342
306
324
308
358
366
290
304
278
192
182
272
284
30
230
294
320
290
318
318
322
74
18
2
0
0
0
2
8
28
12
16
12
6
6
44
56
138
184
230
306
314
422
394
284
228
200
144
192
224
338
268
140
150
210
236
240
192
222
188
144
174
200
202
222
220
242
222
242
230
228
202
248
282
86
76
16
24
58
56
94
20
52
70
118
70
102
124
74
124
156
12
164
208
254
232
256
228
254
276
240
236
260
274
250
262
244
244
258
242
262
176
74
40
166
38
12
36
56
52
120
172
302
446
456
448
438
426
414
416
444
414
404
382
406
382
392
368
394
376
342
354
396
344
378
368
352
380
392
370
322
306
308
294
314
338
348
370
384
362
390
388
390
374
324
322
404
160
288
252
334
300
342
316
310
326
284
316
328
312
322
292
276
32
2
2
0
0
0
6
16
12
8
4
14
86
50
150
226
212
226
350
376
388
368
296
248
276
160
148
278
246
262
84
60
90
84
120
144
164
184
194
200
214
222
230
250
256
250
236
224
218
238
264
266
78
70
60
40
42
38
56
42
134
10
108
130
118
120
158
34
74
222
258
272
264
268
252
266
260
252
282
244
228
250
254
274
272
274
272
260
232
108
64
24
74
96
38
92
76
114
178
222
208
174
240
356
414
420
414
402
416
414
438
454
396
368
390
370
304
378
424
398
404
382
406
412
388
404
420
388
278
348
322
348
232
322
322
370
370
392
408
400
392
340
360
356
358
344
356
334
322
340
318
312
284
324
344
304
324
320
320
330
364
298
318
286
322
222
0
0
0
4
6
6
12
24
98
140
198
294
416
404
368
388
366
316
234
224
248
164
172
116
128
148
152
152
176
184
184
198
188
214
214
204
226
264
238
248
206
224
222
234
226
276
282
98
78
6
58
38
62
64
92
112
138
112
134
100
90
48
180
258
260
232
260
278
262
278
280
282
290
284
246
274
262
238
258
268
270
248
230
156
84
102
68
72
58
78
144
98
126
96
142
160
156
256
186
202
128
306
358
382
404
432
416
436
402
390
372
410
350
366
374
342
426
414
418
398
382
358
350
336
328
282
266
320
318
354
344
374
332
366
366
386
394
364
320
380
374
362
338
382
360
366
342
380
340
370
328
312
356
318
376
342
326
346
362
368
356
338
116
54
2
2
8
18
74
132
314
372
364
370
434
362
366
316
232
128
112
120
140
152
150
176
180
170
196
184
212
196
202
208
230
226
242
224
250
240
230
238
234
242
248
256
302
252
78
60
56
62
82
82
98
78
144
136
110
144
46
182
248
262
266
238
278
272
268
258
246
282
268
282
262
264
242
284
266
272
268
256
246
238
132
56
78
96
116
78
62
106
96
154
150
162
142
134
178
134
36
54
68
62
54
114
284
348
382
448
464
458
412
410
350
318
308
286
244
198
270
114
30
32
26
20
64
164
162
204
308
384
310
398
404
410
424
392
360
346
380
396
396
388
392
384
384
340
360
340
376
314
360
348
392
368
378
302
342
294
284
330
344
344
318
290
346
292
306
310
308
280
232
126
128
100
158
142
154
174
174
144
146
204
180
186
192
198
188
186
230
220
220
212
212
220
230
238
256
250
226
244
238
236
234
236
230
296
250
114
88
78
96
132
122
120
100
96
60
84
200
218
264
254
260
278
282
284
304
278
298
266
268
274
234
256
286
258
272
276
270
294
272
252
240
108
98
74
98
150
186
70
128
152
142
144
220
110
104
82
122
146
104
110
114
120
120
82
94
84
82
70
106
164
240
214
42
16
22
40
44
60
34
58
62
56
112
134
250
194
166
110
258
304
314
322
400
408
372
374
382
406
376
398
380
348
326
316
330
300
304
296
286
264
282
244
242
292
264
172
124
64
44
10
0
0
4
0
12
8
36
8
156
140
164
170
150
194
162
146
186
200
188
192
198
210
208
218
224
216
222
228
204
236
222
238
222
232
222
248
234
250
196
208
248
238
230
258
300
300
124
94
118
92
76
84
98
62
150
232
244
252
272
276
278
288
290
274
274
294
278
274
276
256
258
252
288
296
280
280
294
286
256
248
234
180
108
104
90
104
98
112
80
136
160
148
116
84
110
156
194
190
172
158
128
144
158
156
162
136
148
142
138
104
88
76
60
94
116
102
146
180
198
216
192
184
36
52
62
88
86
84
158
202
196
216
200
222
260
296
260
304
284
286
286
224
244
204
168
144
110
112
42
92
90
108
54
68
58
50
58
88
58
4
0
0
0
2
8
8
36
36
138
144
186
178
168
156
194
198
178
218
190
226
224
226
212
210
206
210
218
204
212
232
224
232
244
222
244
252
264
248
244
236
248
244
236
246
214
274
276
252
168
116
134
160
204
206
214
260
270
268
252
276
288
282
280
272
246
264
188
508
506
244
264
298
258
274
282
260
256
276
276
258
280
260
132
96
106
106
100
94
74
108
98
110
190
180
154
210
232
232
214
176
168
178
168
188
168
182
170
164
164
148
138
138
128
112
30
22
28
30
24
22
38
12
30
36
40
12
56
70
90
64
66
62
84
76
62
90
90
80
90
58
88
72
74
74
124
156
118
154
140
142
136
172
168
176
126
120
134
114
94
0
0
0
6
2
4
4
28
34
162
212
202
184
172
170
222
202
194
224
216
246
216
208
226
190
224
214
198
240
238
240
240
228
236
268
228
250
262
238
276
248
258
232
246
244
226
218
262
290
260
272
242
266
270
272
244
260
234
256
258
260
260
256
250
228
220
508
508
510
510
510
192
242
272
266
266
262
274
248
268
264
252
288
244
188
158
148
146
116
120
172
190
210
250
234
234
254
248
246
208
204
206
200
192
190
168
194
170
176
182
146
172
174
154
136
128
122
98
90
50
64
50
62
80
90
94
90
88
112
128
100
108
118
116
104
118
116
96
120
124
112
134
118
130
116
130
128
172
126
182
184
160
156
178
184
190
178
186
142
124
4
0
0
0
2
2
2
22
38
142
174
198
202
212
180
238
216
224
220
242
226
202
230
236
248
240
230
232
234
246
234
228
270
224
256
260
222
242
232
264
260
244
260
250
246
232
232
252
274
288
270
338
420
392
432
400
436
442
402
362
360
314
300
344
506
510
510
508
280
510
510
510
134
250
252
248
234
238
272
288
242
250
262
276
262
252
272
242
212
244
234
250
234
224
258
258
226
256
240
236
210
214
212
196
214
206
208
186
214
220
206
194
178
170
180
158
154
140
142
142
142
132
118
136
140
130
124
138
130
128
124
134
136
108
138
142
142
130
122
130
132
160
138
134
176
110
204
154
202
162
182
206
176
148
190
210
200
160
198
170
82
8
0
2
0
8
16
6
88
178
204
170
176
218
214
188
194
218
232
212
246
252
238
208
218
220
252
244
232
264
230
216
236
260
228
244
242
250
246
248
276
242
230
252
264
230
260
238
208
284
240
264
358
394
416
424
422
410
414
370
508
510
508
510
508
508
180
360
506
504
430
510
510
254
368
444
330
326
274
270
240
244
262
252
294
262
258
264
254
220
232
234
236
224
258
270
222
220
216
218
224
200
212
228
202
222
196
200
210
230
240
236
236
210
194
174
188
182
182
162
150
156
158
182
152
152
156
146
126
140
138
118
124
142
124
128
152
140
144
124
142
142
132
174
142
154
136
180
172
158
156
200
198
210
168
202
224
226
240
224
178
20
14
4
6
18
22
24
158
176
184
182
144
186
188
214
234
246
198
222
224
230
196
228
250
206
224
252
240
262
236
244
260
248
260
240
240
254
250
264
242
242
264
236
246
254
264
240
250
254
278
286
270
370
444
408
440
434
380
404
354
508
94
120
508
78
504
508
140
510
276
80
510
510
392
370
392
344
400
406
402
422
410
418
402
386
388
412
378
414
358
404
378
368
374
326
254
248
192
202
196
202
212
214
222
216
220
232
258
234
240
234
254
238
242
216
188
172
200
200
194
194
190
152
140
184
168
174
152
162
168
140
170
156
182
126
138
188
136
150
142
190
166
142
158
172
170
204
142
184
142
170
194
180
228
214
206
212
222
190
198
194
10
12
22
8
24
164
202
210
224
230
204
178
180
206
198
214
220
192
236
230
236
254
208
196
230
230
252
262
236
240
210
240
260
250
272
266
250
230
262
254
250
238
256
236
228
244
250
244
254
278
282
288
406
424
398
416
438
390
408
420
488
506
450
490
502
506
430
80
294
508
508
506
274
258
378
396
320
284
358
386
442
412
378
408
390
356
406
388
390
396
380
368
368
372
356
360
396
378
340
352
360
378
384
354
384
370
370
364
368
342
308
272
246
226
216
192
212
202
196
180
222
182
168
194
190
180
202
178
168
160
156
188
190
192
138
144
168
174
154
182
174
158
152
182
160
174
186
196
208
186
190
180
220
182
200
210
188
206
224
216
218
108
82
126
180
210
188
224
210
198
250
232
214
184
206
198
224
200
222
220
228
214
238
232
252
254
248
216
244
234
228
256
224
248
252
260
232
250
276
266
270
240
238
230
218
236
230
240
244
230
