510
498
192
248
256
264
290
256
250
280
276
262
300
266
290
310
340
410
420
436
430
432
442
466
418
432
418
450
450
444
408
436
462
464
448
466
478
468
432
460
434
406
468
390
388
366
384
342
306
280
266
266
292
304
272
310
282
280
246
282
258
296
304
288
282
258
248
248
264
270
274
152
174
176
114
106
142
142
150
130
116
160
138
184
190
160
170
152
186
182
234
230
180
224
194
208
236
210
206
214
244
240
216
252
214
298
300
292
314
288
278
310
322
310
326
328
298
326
308
340
348
360
340
366
338
350
412
386
404
380
400
410
412
428
432
452
436
472
466
460
478
486
494
484
494
496
508
508
510
510
510
510
510
510
506
380
326
340
308
340
342
510
498
194
248
246
222
202
216
274
260
274
288
282
296
302
288
306
326
298
284
284
288
298
322
300
302
286
336
294
308
310
294
306
280
292
282
294
290
290
286
288
264
290
306
290
308
320
296
314
296
290
322
286
298
332
288
312
308
320
286
310
290
304
288
292
300
308
308
300
326
296
294
266
274
276
274
286
274
250
246
272
274
236
272
274
242
282
264
302
286
258
272
260
268
278
228
272
256
270
238
236
256
264
236
236
240
240
254
266
270
248
282
266
284
250
314
282
264
268
258
218
274
288
306
306
352
368
416
436
430
422
434
448
462
450
472
464
478
488
486
476
488
488
468
498
498
502
508
508
508
508
508
508
508
508
344
328
322
316
340
342
510
502
196
226
220
192
112
106
62
142
250
272
322
322
286
260
268
280
312
290
304
300
300
304
298
328
288
300
326
298
298
300
286
272
294
286
308
306
278
272
286
292
296
324
312
306
316
304
296
276
318
296
322
284
342
314
310
318
310
330
326
310
296
326
288
288
318
292
296
298
288
270
306
262
368
240
226
192
264
276
268
258
270
278
244
250
256
242
264
262
286
260
232
238
298
254
226
256
266
288
246
272
258
220
252
264
236
288
284
298
310
262
284
272
278
262
272
284
218
272
260
256
256
262
248
252
298
274
240
282
288
260
278
294
266
284
276
294
310
308
302
274
294
310
320
266
334
340
316
330
350
346
342
352
304
324
352
316
344
320
314
510
504
212
268
202
202
136
26
114
90
78
62
250
260
250
290
304
280
264
306
298
274
314
292
294
284
296
318
322
318
282
300
272
308
294
292
292
284
266
266
340
332
304
298
296
280
310
256
304
298
308
314
316
326
312
276
334
320
314
318
294
344
342
312
304
266
272
274
312
316
276
276
280
322
356
104
196
166
114
86
118
78
162
48
16
196
234
246
284
260
270
264
258
236
254
256
250
248
286
262
264
294
250
262
266
240
252
254
256
274
280
304
236
268
278
272
262
318
272
240
244
268
274
258
246
254
294
264
274
288
280
222
272
274
294
290
294
282
302
276
288
314
284
304
312
272
302
304
318
318
342
338
330
330
306
302
336
332
334
326
320
510
504
206
284
222
166
32
60
70
104
100
80
22
92
272
240
296
208
294
314
318
314
334
308
348
342
322
316
296
300
316
300
264
242
294
272
330
322
292
256
286
340
316
288
336
292
298
296
318
326
316
288
296
302
272
326
284
290
338
310
336
282
282
312
312
296
288
292
290
288
294
248
268
218
226
120
182
100
44
22
104
14
108
112
94
78
74
60
192
250
236
242
268
244
244
254
268
222
270
226
198
242
256
254
216
240
258
242
240
244
238
252
236
252
288
266
246
266
302
274
244
266
278
210
276
296
226
240
268
248
276
276
280
284
272
268
244
282
286
294
280
276
304
274
292
270
292
328
332
294
328
338
358
344
308
300
320
332
330
294
316
510
500
198
286
258
174
58
86
60
30
84
104
86
106
0
104
270
268
286
334
322
288
334
296
310
292
340
310
330
296
312
304
282
310
280
318
298
332
320
290
312
314
330
308
254
276
286
304
284
306
292
324
334
326
300
304
336
304
326
308
314
328
310
296
298
284
300
266
286
276
284
290
244
140
100
64
8
58
26
10
80
72
2
22
94
46
12
2
96
26
50
136
256
260
278
262
240
268
236
220
256
246
236
268
258
264
242
240
218
262
304
274
278
284
260
254
246
286
224
92
68
76
98
108
72
54
58
84
82
180
254
254
276
276
274
276
278
284
284
316
274
294
302
308
284
270
316
306
316
330
326
340
324
340
344
304
298
340
338
316
310
510
500
224
290
238
142
138
40
48
36
100
16
66
62
110
0
94
212
282
320
262
294
284
320
242
294
296
316
328
316
300
330
294
308
334
294
302
318
302
318
282
298
294
306
304
262
280
302
306
270
270
298
284
310
328
320
316
320
320
314
310
318
304
304
314
278
256
288
260
272
262
232
96
52
44
26
112
8
22
18
2
72
16
40
56
14
28
44
24
28
0
44
40
16
56
126
184
238
198
190
152
142
84
88
70
44
58
60
46
42
42
8
40
22
30
20
38
94
40
82
44
60
38
76
40
64
70
44
68
46
56
50
66
86
86
138
158
270
268
262
280
272
288
300
280
266
314
320
312
330
332
334
370
352
328
284
296
324
314
308
292
510
504
214
256
268
120
12
34
24
32
34
52
4
50
66
134
76
0
94
282
258
272
290
278
280
310
336
312
272
302
296
290
288
308
306
282
328
288
322
306
264
304
314
282
290
266
254
278
294
296
328
272
304
294
292
308
292
296
308
304
300
282
272
316
294
260
270
266
256
246
264
182
24
30
2
16
6
14
10
4
0
4
2
40
64
54
56
80
58
36
34
30
84
134
52
32
56
62
30
38
72
100
56
54
38
24
28
6
62
34
42
26
28
126
6
24
30
86
90
72
136
66
44
112
62
44
44
24
26
18
54
46
106
66
50
70
140
104
78
118
128
284
294
290
286
264
308
276
340
304
332
318
350
336
356
332
314
310
326
300
304
510
502
182
252
264
54
96
64
88
72
20
2
76
58
10
56
72
88
120
120
176
252
272
274
274
292
304
306
284
322
254
310
308
300
278
298
290
226
308
282
276
274
248
260
252
258
262
294
298
298
318
262
280
288
282
290
314
296
276
294
272
294
286
290
294
278
264
246
248
232
128
8
0
18
0
0
2
2
6
2
8
6
34
46
48
4
112
86
40
26
112
112
108
204
132
24
78
72
92
102
78
134
172
140
80
122
18
28
172
40
78
6
44
76
100
6
32
50
250
134
14
46
186
224
64
182
192
48
74
178
82
108
118
270
76
66
100
28
34
30
34
78
152
224
294
244
328
330
346
304
308
322
332
342
340
314
314
320
316
294
288
510
502
190
256
254
144
32
42
12
2
86
20
78
0
48
82
70
52
10
122
120
94
238
286
238
298
308
272
288
308
290
296
304
274
282
250
296
280
284
254
262
236
12
240
0
230
270
268
284
268
276
268
274
278
278
274
298
304
276
278
306
300
326
288
298
274
266
278
240
82
90
32
4
42
2
30
14
30
72
16
12
12
86
114
216
210
56
102
178
176
70
114
240
266
126
132
146
216
158
122
148
68
124
282
92
0
186
86
46
48
36
198
48
12
26
84
30
122
10
174
300
52
114
40
62
144
42
148
202
182
190
232
308
174
216
58
22
40
46
50
32
10
44
148
168
112
264
358
312
296
324
306
334
342
344
320
306
306
300
310
290
510
502
196
252
254
114
118
102
64
70
6
20
50
42
36
46
4
60
76
82
92
68
154
194
244
258
272
270
286
286
312
278
284
266
286
276
290
292
272
268
50
74
74
0
82
82
124
218
284
290
270
250
282
280
282
298
290
302
244
256
278
258
242
246
246
132
218
192
126
36
36
12
18
4
0
22
18
28
46
142
120
172
124
68
252
178
306
262
378
166
2
400
246
114
230
12
174
188
112
240
244
292
196
78
48
116
34
22
90
50
0
16
186
16
18
40
172
66
166
56
108
316
158
34
254
82
12
98
78
94
248
214
158
202
252
116
48
26
106
84
32
16
38
16
26
86
198
102
180
298
252
318
324
312
334
340
310
326
292
290
296
510
496
160
252
268
28
128
90
0
2
74
70
56
4
68
28
74
70
26
72
30
58
70
84
34
242
236
246
268
260
248
232
284
266
278
276
288
214
280
186
8
22
4
14
126
64
38
62
48
6
28
22
38
58
40
26
44
58
28
56
26
80
44
68
30
88
134
92
76
66
32
176
94
58
60
156
100
114
210
312
86
320
86
264
112
228
230
84
122
172
64
224
80
332
316
12
304
156
118
182
178
96
188
58
100
104
46
44
22
22
112
40
190
34
108
34
66
50
144
90
198
168
334
228
248
52
46
76
224
220
164
58
64
36
184
64
54
68
86
36
132
42
38
14
24
28
48
58
162
86
134
274
296
322
332
332
324
250
240
270
278
510
502
186
250
226
124
120
50
62
48
66
6
42
20
54
6
44
46
10
54
80
32
34
68
96
42
114
234
262
266
256
240
258
256
254
276
238
238
200
150
20
56
26
60
2
0
4
4
56
0
26
10
30
48
8
28
154
78
146
180
28
246
146
62
48
58
128
166
260
46
100
150
6
100
144
216
2
250
116
334
166
272
162
94
310
240
328
124
190
184
232
138
302
156
166
224
364
318
180
124
2
272
178
82
180
54
64
36
156
66
174
100
148
102
24
54
182
94
124
186
96
92
182
94
190
50
148
56
314
268
186
92
46
60
36
64
142
302
262
206
74
60
50
18
30
34
76
40
58
28
120
60
164
272
316
312
280
280
266
280
266
510
502
194
260
264
168
112
60
66
32
36
56
46
36
4
52
48
16
6
38
62
76
38
84
54
98
116
6
70
224
214
216
266
254
290
242
258
214
228
48
0
0
0
16
28
12
28
4
28
0
38
8
238
264
94
104
0
54
12
232
14
150
318
74
212
186
204
214
170
220
222
344
308
186
238
152
204
404
324
208
258
202
284
294
164
214
254
212
194
206
210
6
270
148
46
150
100
242
232
60
288
224
246
194
42
36
80
236
192
40
122
90
206
272
218
64
198
218
160
232
164
114
86
218
208
214
108
172
312
126
56
294
154
154
108
106
222
220
238
132
74
42
26
72
54
56
110
90
54
38
46
14
44
88
234
280
260
294
258
278
280
510
504
168
266
254
224
114
6
12
50
2
46
0
26
20
4
34
2
52
46
62
50
6
144
170
128
132
50
42
14
32
72
160
176
128
56
66
62
32
268
44
86
4
72
30
54
66
12
78
78
6
126
92
172
68
102
302
204
124
228
90
264
306
224
344
260
146
58
368
174
178
38
222
226
304
206
254
334
270
398
224
260
20
56
134
328
230
360
316
262
212
308
330
4
214
332
252
52
264
264
44
184
96
286
280
70
120
84
154
172
178
254
214
258
206
70
292
114
198
222
114
172
122
196
106
326
226
178
146
124
124
72
88
128
16
178
80
42
60
58
34
60
150
172
116
142
140
146
148
108
62
86
128
104
132
110
248
290
276
268
260
510
500
160
246
276
256
102
84
60
46
42
34
42
18
18
22
2
32
48
138
64
120
148
36
172
6
254
0
210
22
12
0
318
46
4
0
8
210
74
44
2
130
16
92
0
230
12
176
6
56
70
162
14
308
260
336
170
274
272
236
274
268
254
376
196
348
400
314
76
384
322
54
388
274
242
274
144
70
126
46
236
352
266
40
246
210
360
286
312
12
332
244
180
262
142
100
130
216
312
156
164
240
186
232
136
288
194
60
108
152
102
132
180
82
100
196
104
232
192
212
262
218
18
218
160
306
230
174
160
244
90
108
128
30
46
84
82
76
58
132
96
102
156
150
142
164
198
174
108
72
68
94
86
180
74
110
48
266
270
280
260
510
502
162
244
264
244
38
62
110
2
22
78
4
48
2
40
32
30
46
40
2
222
12
276
100
368
26
210
28
82
72
208
300
28
118
300
286
220
28
70
274
256
10
170
312
154
102
194
246
216
244
226
314
196
236
282
316
282
220
322
250
350
274
326
266
308
346
416
22
292
162
384
292
284
132
134
220
288
30
208
218
210
68
216
194
62
74
242
268
322
278
236
188
286
304
144
242
290
184
258
248
240
146
366
240
240
150
210
234
210
156
140
116
156
134
250
202
76
52
334
352
260
342
228
280
60
194
210
114
112
80
70
70
44
72
96
214
186
122
96
70
80
84
86
114
246
192
280
148
172
324
304
356
72
104
98
128
90
258
288
270
510
500
146
270
256
260
224
78
36
0
34
34
20
26
30
32
0
8
6
172
174
314
40
186
16
314
96
190
38
270
48
62
44
288
26
270
10
318
60
44
208
252
206
30
322
22
358
30
328
8
184
276
308
214
252
246
224
262
248
230
182
108
278
36
374
244
224
172
192
340
346
200
42
222
322
140
122
20
218
164
318
320
102
354
216
282
374
360
42
284
296
374
268
250
210
272
196
190
184
256
154
194
20
236
186
178
136
186
234
248
200
176
288
152
154
250
258
164
120
248
182
284
244
326
230
88
126
180
150
60
92
170
28
28
88
192
178
126
146
104
86
104
66
78
84
152
152
174
138
334
304
50
410
136
226
120
88
130
152
264
270
510
502
188
272
258
264
240
82
68
32
0
0
18
2
0
20
2
8
2
170
40
258
38
94
300
86
308
22
226
118
324
154
104
244
86
332
236
254
84
236
274
278
288
112
244
292
360
42
254
180
240
248
166
162
144
228
28
26
278
302
258
184
200
172
354
266
312
328
208
208
246
294
152
180
240
238
192
264
212
252
124
280
262
320
232
164
360
326
272
290
286
324
340
220
296
194
264
334
118
324
122
262
230
256
278
204
136
346
174
162
200
202
202
232
198
278
200
132
236
206
162
128
76
114
114
28
150
134
162
118
80
130
70
140
146
244
182
160
124
88
86
74
92
92
86
166
168
276
158
366
300
20
466
316
194
120
62
80
80
238
256
510
502
186
242
254
288
246
124
54
2
48
20
0
34
26
4
16
0
24
212
24
254
142
28
322
10
238
160
148
8
20
190
44
58
28
64
206
72
56
8
324
14
246
274
246
312
244
124
140
338
88
122
302
216
12
248
166
208
250
292
256
240
194
258
334
184
278
274
242
284
218
234
290
198
242
176
154
272
216
352
284
256
172
332
134
194
178
204
350
264
204
126
188
150
172
68
206
300
252
192
98
316
238
180
336
96
138
174
174
2
80
226
208
92
52
58
100
74
178
318
174
206
118
160
82
2
94
74
30
70
90
40
112
154
66
120
156
116
118
120
80
94
114
156
80
106
132
222
132
336
384
410
436
290
122
170
132
84
126
232
252
510
500
168
242
250
262
256
228
76
72
4
0
2
0
30
0
32
40
74
76
284
306
28
296
40
230
206
154
216
176
210
228
300
72
220
262
30
244
236
48
284
174
46
316
232
18
224
200
176
152
154
284
190
180
128
202
238
178
194
208
56
290
230
258
340
328
400
312
194
326
20
200
188
296
334
176
12
182
210
262
180
250
154
228
96
202
264
108
124
60
184
164
114
132
266
190
190
184
212
262
194
212
312
108
102
256
96
106
156
140
44
86
58
88
128
154
156
236
216
212
262
92
130
292
110
94
64
58
14
78
80
168
60
172
126
128
52
82
64
98
114
100
128
136
56
88
122
136
150
162
260
330
164
194
286
246
136
244
364
202
234
510
504
148
256
242
260
274
240
46
90
48
2
24
10
54
38
30
0
68
14
250
46
22
320
224
310
54
318
340
268
252
212
194
14
280
276
224
276
238
248
8
290
42
382
216
134
240
168
70
142
184
256
264
212
144
330
228
172
208
212
10
234
208
288
200
174
296
190
248
254
26
210
164
184
268
258
184
206
270
214
182
226
264
108
104
316
338
284
84
110
72
134
148
182
378
50
68
152
96
208
108
68
48
76
80
128
182
108
174
182
82
82
80
318
76
50
132
120
258
70
116
62
108
174
232
182
48
104
24
136
84
146
96
228
194
202
104
90
80
138
122
122
128
130
108
182
170
142
230
306
358
406
332
352
122
122
118
294
212
192
236
510
500
144
244
250
250
258
238
44
4
0
0
10
6
0
2
2
8
20
130
262
14
190
220
56
178
196
80
232
234
22
150
170
56
272
242
246
316
52
314
18
284
342
296
298
278
216
316
20
166
288
282
26
188
118
210
274
230
234
354
326
282
280
298
180
218
292
340
248
190
248
200
208
238
302
192
224
340
206
210
148
266
210
258
146
136
168
152
170
96
144
92
234
176
334
160
136
174
134
170
70
62
90
220
112
118
128
102
182
122
104
102
38
156
70
44
34
18
170
156
136
182
54
252
156
262
50
20
24
142
102
126
116
186
126
168
108
106
174
158
104
160
126
120
172
222
146
94
234
272
374
254
162
44
212
136
302
184
168
240
218
510
498
162
248
248
270
250
244
52
54
26
4
12
30
30
36
6
32
42
14
110
260
46
356
112
100
316
298
270
308
96
228
266
242
262
370
8
256
296
316
286
252
306
270
208
224
212
226
202
238
158
168
114
232
180
194
136
310
186
256
292
296
180
184
196
156
288
282
160
172
186
218
150
140
70
204
92
224
228
84
176
118
144
162
162
176
124
222
312
150
138
90
74
164
156
176
142
172
62
198
122
56
262
190
80
36
94
42
156
230
78
92
50
158
118
68
278
48
146
102
106
132
116
28
78
94
170
200
32
248
206
110
52
92
152
198
160
60
158
126
130
144
134
94
106
126
70
192
278
238
276
124
96
166
172
310
162
168
206
216
216
510
498
156
244
238
278
258
98
6
2
42
26
2
20
14
6
2
34
4
188
318
292
18
282
324
266
304
50
242
324
274
224
58
252
120
352
246
236
24
308
242
10
336
386
16
288
246
308
290
290
292
242
246
278
292
194
182
172
234
378
248
200
148
234
242
176
336
258
346
288
166
182
318
202
128
100
264
172
134
76
112
120
252
120
90
264
232
218
306
86
110
50
176
152
204
134
230
196
164
242
118
100
116
352
116
96
104
50
106
64
126
88
22
74
70
74
68
82
66
50
218
96
82
94
146
144
130
66
64
258
236
158
32
162
92
112
48
114
262
216
150
134
82
110
226
166
96
184
256
240
130
104
128
204
322
140
164
174
172
172
180
510
502
150
246
250
248
226
64
38
52
2
36
28
52
34
30
28
42
66
14
248
14
194
360
30
192
294
148
30
180
236
72
106
318
286
304
354
312
84
342
38
328
348
322
138
278
284
358
26
354
288
266
254
198
228
210
188
228
200
210
210
214
226
238
168
206
226
266
278
274
234
188
230
134
264
254
94
240
142
110
168
212
110
196
72
250
88
84
126
138
158
62
44
132
162
52
318
254
150
272
190
154
238
194
44
54
48
172
102
108
74
130
56
28
48
38
66
24
84
116
64
58
66
96
148
88
172
84
106
302
200
228
34
192
52
40
36
106
176
154
186
138
122
204
156
182
150
212
298
222
220
260
180
370
134
80
72
46
126
182
188
510
494
148
240
260
236
76
100
50
52
42
24
46
52
60
0
4
6
62
30
324
36
252
190
242
298
30
334
356
328
44
364
312
382
336
320
282
314
338
298
310
340
234
324
356
298
278
272
138
350
282
210
274
250
284
288
152
232
248
354
198
246
174
188
182
154
260
286
264
180
106
156
58
116
224
240
188
244
138
244
130
86
88
170
180
126
166
204
178
162
92
126
92
214
218
152
128
26
94
294
170
70
98
106
78
32
40
112
64
152
186
144
28
80
126
50
58
44
52
64
50
132
44
44
238
90
158
52
70
142
202
120
44
82
66
168
92
124
190
120
242
228
272
248
226
224
198
314
256
118
302
286
336
246
218
192
150
180
246
200
176
510
496
152
240
268
212
18
72
20
8
34
8
4
24
4
50
22
12
30
2
220
234
20
142
248
428
52
320
110
308
78
254
50
320
86
378
326
384
210
52
370
376
108
284
374
314
68
320
344
308
258
206
206
240
294
234
82
238
248
294
234
226
268
234
378
136
288
346
208
116
182
82
90
274
158
246
140
174
170
114
254
50
64
110
180
142
100
250
194
188
118
88
200
250
154
218
84
100
104
230
124
72
104
52
40
20
44
42
78
70
122
92
46
42
8
38
16
102
78
52
76
44
76
116
28
82
86
46
64
180
204
52
74
64
116
106
116
160
270
198
152
230
230
138
266
284
412
214
204
156
322
310
364
370
308
196
144
190
254
224
224
510
498
138
244
264
106
82
90
42
48
54
24
56
6
8
0
56
12
56
48
216
234
8
326
360
378
386
412
62
420
410
432
416
418
338
480
52
390
414
228
366
24
376
410
292
386
262
374
46
322
310
158
288
202
258
272
224
212
292
272
180
184
186
234
198
218
262
174
200
184
252
172
208
220
192
106
180
188
118
220
240
92
130
144
242
180
158
240
100
108
82
138
264
202
48
66
84
82
104
142
36
64
88
86
64
90
62
86
220
32
82
94
168
64
64
20
28
68
4
8
18
88
92
118
128
126
42
94
32
42
118
76
136
54
84
76
192
104
146
240
214
360
250
142
254
332
306
300
246
300
326
396
346
236
178
234
314
294
230
238
210
510
492
138
214
246
2
10
28
0
0
34
0
20
28
56
36
6
46
0
46
104
38
232
266
90
20
280
90
338
348
384
410
400
274
484
416
268
424
488
410
420
304
420
388
422
388
370
314
306
266
266
274
300
242
264
336
288
226
318
236
210
258
294
10
308
270
202
190
286
216
198
252
168
326
264
166
260
312
274
244
114
170
96
166
178
128
136
216
114
104
142
222
228
112
90
84
124
154
114
78
88
134
116
82
240
166
88
42
96
66
156
82
12
0
0
12
8
46
88
20
2
18
10
50
32
34
68
26
6
32
38
102
46
58
94
116
186
242
324
156
242
332
326
254
352
330
340
304
292
318
438
404
264
280
302
258
356
256
222
218
238
510
500
124
212
124
102
76
48
52
24
28
46
34
10
0
54
48
28
34
42
48
4
178
220
222
232
276
266
284
282
242
96
200
188
270
114
286
264
362
334
406
452
444
430
400
440
378
368
338
310
292
276
286
284
310
342
288
304
196
252
306
230
288
280
324
268
254
232
208
250
192
192
290
222
226
228
280
164
204
114
176
76
180
122
160
160
182
178
206
212
128
150
92
152
190
246
116
176
88
148
146
186
224
128
86
182
174
138
100
112
120
186
16
0
0
0
0
0
0
6
12
46
60
58
114
46
16
8
8
8
32
102
70
22
162
80
204
230
242
214
262
210
288
216
316
348
260
250
316
308
310
280
342
354
286
270
296
246
250
252
236
510
498
160
222
84
80
42
42
28
18
28
38
6
30
32
34
40
6
0
26
68
80
0
134
44
188
198
82
98
60
124
144
182
170
174
184
174
162
140
150
192
284
158
82
392
42
460
164
360
408
340
306
338
314
316
350
360
328
32
274
310
280
186
308
326
286
236
204
230
202
296
296
332
286
198
114
116
206
112
252
236
160
112
118
252
154
258
254
220
180
210
130
158
172
254
192
136
174
182
240
100
88
182
154
176
178
126
158
130
140
102
162
244
2
6
2
0
0
0
8
0
30
16
4
34
58
94
108
150
120
16
28
114
178
48
234
110
180
208
198
256
262
284
302
292
304
278
262
256
276
348
290
334
286
284
226
230
222
248
222
266
510
496
146
194
64
66
32
4
0
36
32
48
20
8
50
24
56
42
52
72
10
88
72
106
120
120
14
110
160
190
196
232
220
218
226
234
212
222
202
174
20
40
112
320
312
480
456
384
420
348
40
340
334
364
356
312
334
362
366
382
340
338
20
352
314
342
336
280
262
344
340
230
16
240
198
260
232
150
242
238
308
164
264
138
218
184
190
254
276
186
102
120
130
178
146
160
168
168
272
218
242
272
262
144
104
254
238
56
118
214
180
68
132
132
2
4
14
0
0
4
2
2
0
4
28
8
10
74
86
64
120
170
362
194
258
130
120
220
276
224
270
174
268
256
270
294
268
288
340
352
372
208
288
272
212
236
254
242
264
252
278
510
504
124
210
78
48
26
58
48
50
4
62
26
40
58
2
50
56
52
16
94
86
82
60
66
114
166
226
210
232
238
214
256
250
266
260
272
232
240
218
70
52
56
108
208
256
328
382
76
410
258
372
20
380
442
236
360
372
384
356
392
332
354
368
340
376
356
292
286
26
312
278
326
276
250
280
172
302
250
248
298
252
236
264
272
204
312
286
210
276
202
154
304
178
326
222
180
184
228
306
270
278
80
174
142
236
250
240
146
162
124
260
216
200
6
0
0
2
6
0
0
0
0
4
16
66
42
40
76
94
136
310
334
310
328
372
194
204
278
242
146
260
302
282
116
62
72
108
270
266
288
230
324
470
376
234
242
254
264
284
268
510
496
126
196
62
30
28
16
12
14
32
50
48
0
60
76
16
82
50
114
92
130
60
116
148
238
210
226
248
254
252
240
274
270
234
258
258
242
304
274
170
48
34
146
126
110
248
322
246
414
426
384
456
450
416
362
412
84
354
366
384
166
344
330
366
250
282
322
340
88
388
214
366
302
298
280
320
276
356
208
296
218
288
260
296
274
326
268
244
308
332
278
304
302
276
206
286
194
210
204
276
226
200
246
156
202
192
250
148
230
240
224
168
166
198
46
0
6
2
4
4
16
14
2
54
38
66
96
162
212
286
334
376
330
286
360
340
308
204
142
138
148
188
252
270
206
232
370
468
472
490
494
506
510
468
250
262
254
264
282
272
510
500
92
132
54
72
8
24
68
72
44
42
24
70
52
16
106
44
104
60
106
64
200
256
206
240
250
278
240
268
274
248
282
272
262
262
260
274
296
280
196
34
54
194
28
36
120
78
166
306
134
452
370
450
418
338
408
452
456
354
362
178
336
374
328
48
338
340
382
372
324
350
316
346
368
338
314
318
370
338
394
306
306
380
286
284
306
306
310
408
374
332
402
364
334
380
298
336
296
292
334
254
352
334
292
290
306
268
262
258
314
264
258
302
290
162
10
2
2
2
14
16
16
4
16
44
76
176
156
288
300
312
310
350
340
380
390
350
348
320
276
242
200
330
434
386
456
468
480
274
486
400
508
510
468
258
260
258
270
294
276
510
498
84
94
108
52
38
70
30
52
58
44
12
46
80
86
116
12
92
66
156
208
240
248
260
246
246
282
272
292
282
288
268
282
232
274
272
304
254
286
196
46
18
84
78
24
82
92
86
140
242
204
374
362
442
236
444
468
470
142
378
396
374
400
364
408
406
374
424
392
412
366
390
418
422
382
406
416
410
424
382
336
390
302
274
218
112
348
306
362
338
390
412
380
384
400
422
362
392
414
340
396
308
406
362
330
340
346
340
326
308
352
304
316
368
250
242
32
28
6
14
10
6
12
38
80
106
208
254
318
332
342
396
324
300
342
226
290
246
196
192
196
192
206
416
326
480
492
498
74
320
156
508
510
490
270
260
290
268
296
294
510
502
86
92
128
34
8
90
62
40
70
112
104
96
102
86
164
122
90
200
262
252
272
260
252
278
252
260
284
266
268
276
320
268
304
266
270
274
286
272
116
50
30
54
70
88
16
60
48
84
138
248
228
176
388
464
468
490
396
378
450
376
408
424
402
244
434
472
420
322
452
372
434
496
394
436
432
428
388
424
376
380
326
180
148
240
238
356
366
408
402
474
446
380
438
482
448
430
452
434
368
380
416
346
394
412
382
424
382
398
368
332
368
348
272
288
354
312
200
84
16
14
4
22
76
302
328
378
410
400
382
376
348
304
280
196
214
204
212
194
244
222
218
216
498
176
498
70
506
68
502
118
510
510
506
266
256
272
274
266
280
510
496
102
130
100
56
88
62
74
50
82
126
112
82
140
24
46
198
204
254
250
260
232
254
272
288
280
248
304
294
286
256
274
270
282
250
300
270
278
258
96
58
56
28
34
48
56
64
54
44
100
110
148
186
250
404
400
358
342
386
360
412
408
384
410
398
386
400
378
420
398
364
386
374
360
402
336
260
254
244
304
104
38
28
108
120
280
276
378
440
454
466
442
406
396
422
426
386
458
400
414
398
412
346
386
422
374
332
350
344
346
366
314
354
302
356
370
366
376
364
304
338
334
302
352
302
332
282
270
246
196
192
184
194
210
212
198
228
234
254
248
208
196
206
506
500
502
510
508
506
508
508
508
508
504
276
282
276
264
272
280
510
498
116
134
80
104
24
14
70
114
132
78
28
52
44
182
250
264
262
248
228
254
276
282
294
280
278
270
296
280
324
276
276
274
274
276
274
254
288
266
106
62
48
44
36
40
56
70
40
52
76
112
122
160
122
210
318
72
276
336
324
356
374
238
364
346
390
374
386
326
400
388
342
338
226
74
30
16
10
22
12
40
94
112
176
232
220
298
334
330
362
414
364
396
382
388
374
416
434
416
414
412
366
394
340
370
304
326
308
294
310
318
266
298
278
286
264
304
230
178
142
116
146
176
160
174
188
188
208
218
240
228
228
230
210
262
226
246
240
276
242
262
270
214
508
500
508
508
450
108
172
296
266
194
506
280
274
272
264
274
270
510
498
64
118
12
68
86
114
88
82
24
74
66
186
196
250
262
246
236
276
294
256
262
280
286
266
250
266
266
270
268
314
300
286
288
290
288
310
308
256
58
64
48
58
46
38
52
52
62
68
90
94
124
116
118
120
72
106
102
96
94
92
88
96
84
102
110
74
74
88
88
72
78
80
60
68
6
6
10
56
96
176
262
156
60
66
76
56
110
92
84
112
96
92
92
92
116
114
112
104
82
80
122
90
94
168
128
138
144
152
158
164
156
202
192
190
164
190
182
198
158
182
182
212
204
150
230
220
220
236
214
234
254
220
210
246
240
254
256
268
244
288
274
212
510
414
506
508
508
508
504
510
510
510
502
284
264
274
282
306
282
510
494
78
98
110
122
134
92
28
38
114
184
244
254
238
254
274
242
260
256
282
278
280
268
268
278
284
288
254
286
268
316
284
280
298
276
302
292
282
206
112
66
64
58
34
40
56
70
72
94
130
112
118
150
92
106
116
140
134
138
134
162
130
168
130
140
144
152
142
144
124
106
130
110
92
6
6
36
126
206
278
80
90
66
106
134
84
106
136
112
118
124
106
110
110
140
124
140
160
150
152
192
110
156
140
196
168
130
174
192
192
240
198
242
232
206
200
214
232
204
210
234
202
206
236
190
250
236
234
232
238
232
228
232
216
272
244
256
260
220
292
242
276
170
510
510
510
510
510
510
508
508
508
506
450
268
278
288
290
282
284
510
496
88
132
134
134
54
84
122
204
384
372
442
388
400
376
374
366
400
402
390
340
406
404
402
410
392
384
396
410
442
388
416
436
432
434
420
422
392
292
150
120
96
74
92
102
90
86
88
122
112
228
278
252
272
268
280
288
326
298
296
298
306
292
274
280
268
268
264
252
258
266
246
158
14
58
116
254
100
98
94
94
76
88
118
104
116
140
136
136
122
122
124
108
104
112
154
130
150
164
160
120
120
120
110
132
148
160
162
198
208
218
214
196
230
246
204
244
230
232
220
218
216
236
246
216
220
226
224
234
250
226
236
260
238
246
262
266
226
238
278
264
254
188
464
510
510
386
266
270
274
280
266
272
268
286
270
290
274
282
288
510
496
116
162
182
166
186
250
240
240
404
408
396
416
410
348
346
390
392
428
428
362
386
422
384
406
396
384
408
392
398
400
410
420
436
410
416
408
392
298
144
96
142
84
92
104
102
126
130
102
284
320
302
326
308
314
326
330
354
350
332
330
326
340
332
354
342
334
318
332
332
318
342
84
96
244
252
248
254
268
254
264
264
252
288
290
308
274
314
274
312
308
320
334
306
322
314
320
326
316
336
334
302
326
206
328
318
310
328
320
364
372
370
350
326
354
328
388
382
352
370
364
364
384
362
366
354
348
376
350
360
372
364
366
350
354
390
386
384
382
420
424
442
398
446
494
488
500
486
470
444
430
430
436
452
272
286
292
274
282
280
510
496
120
194
220
226
244
236
242
258
412
412
430
382
382
406
382
406
404
422
406
342
292
384
402
422
428
378
384
336
418
404
324
326
384
434
446
414
398
284
182
160
142
116
126
186
174
238
336
362
354
340
346
284
336
302
334
342
358
352
318
338
374
324
330
340
336
326
282
338
338
316
330
242
264
268
276
274
280
296
288
280
278
304
272
290
280
312
330
278
354
302
310
346
296
308
326
354
328
320
346
368
358
338
194
358
352
344
360
288
388
366
368
382
366
312
380
422
384
372
376
360
374
360
398
370
374
382
386
384
360
412
384
424
364
378
360
358
364
410
444
426
442
476
468
498
504
490
480
470
456
450
468
450
442
264
280
274
280
296
292
510
496
112
184
246
248
228
262
232
264
392
406
346
400
406
394
374
378
376
416
404
368
336
410
404
316
414
418
430
348
394
378
344
336
404
430
430
406
352
390
382
264
210
234
308
354
354
384
406
380
372
336
342
230
340
300
344
382
392
354
346
338
314
376
348
352
348
336
322
346
360
332
356
262
148
326
296
312
312
284
306
320
268
336
284
330
252
348
330
332
316
314
330
346
356
314
352
340
338
332
330
372
358
320
228
304
340
354
340
266
374
398
382
392
348
262
402
396
384
400
350
360
332
388
364
254
410
254
388
390
384
378
312
404
394
382
404
386
410
412
444
460
446
468
478
488
508
500
464
404
346
338
470
438
442
278
264
278
298
308
286
