274
254
270
262
252
258
270
490
510
510
510
510
510
510
510
508
504
502
506
504
502
486
490
480
472
484
486
490
472
460
470
474
462
480
480
486
474
446
438
438
430
408
406
366
376
372
360
366
386
360
324
350
360
346
346
356
356
292
278
288
300
292
286
306
266
236
206
206
174
196
208
222
144
174
196
228
216
214
182
146
204
180
188
146
148
198
270
260
250
240
238
240
218
234
246
230
222
254
270
242
248
214
206
232
244
220
254
220
222
198
204
244
268
216
260
240
250
230
264
246
242
246
204
236
258
184
240
230
236
174
214
266
258
238
260
262
242
246
238
266
250
248
258
244
256
238
248
246
234
256
208
100
308
296
298
306
330
260
262
244
230
256
254
270
260
262
280
288
504
510
510
510
510
510
510
508
502
500
502
500
504
500
486
478
478
486
488
482
480
480
452
472
460
472
476
468
472
444
436
444
420
432
392
418
382
372
366
352
372
370
334
324
320
348
342
334
360
326
308
294
300
298
302
286
288
244
236
200
226
190
208
216
242
190
198
214
218
198
202
164
148
208
196
130
152
176
184
214
244
246
218
212
204
250
244
250
248
188
260
250
210
220
232
222
246
234
258
234
268
220
190
158
222
218
242
238
242
228
246
238
230
230
230
238
208
212
206
234
240
248
190
206
198
236
240
252
268
246
238
244
238
238
234
228
248
260
238
246
242
244
274
272
88
326
294
312
298
280
292
268
238
214
262
250
268
256
292
238
162
486
508
506
510
510
510
510
506
502
500
502
494
498
498
486
482
482
476
476
482
492
476
458
468
452
478
456
482
464
450
444
436
428
418
416
402
344
364
360
360
354
342
342
328
326
320
348
328
352
330
292
282
284
310
274
262
270
258
324
216
206
218
210
220
216
174
208
222
170
206
224
192
172
180
200
208
168
148
182
170
248
246
226
236
226
254
236
258
280
250
200
222
192
214
248
208
246
250
192
260
206
214
198
214
216
224
234
238
232
228
234
220
224
228
266
250
218
222
254
236
234
188
218
182
224
222
264
234
244
234
222
234
252
226
264
252
246
234
226
244
228
256
240
258
102
310
310
300
292
276
262
254
230
204
262
268
252
244
274
226
200
222
82
254
238
244
262
302
336
368
406
436
460
480
490
494
498
490
496
486
494
498
484
484
474
476
478
454
472
476
452
440
454
444
424
410
394
338
362
350
342
376
350
350
318
340
308
334
334
344
316
282
254
282
312
304
296
310
278
260
234
216
242
236
194
206
174
190
232
168
222
190
192
180
152
190
176
164
138
130
114
122
208
222
220
228
274
238
226
226
238
214
192
174
230
250
210
270
224
140
218
234
224
234
188
180
224
210
212
242
214
236
254
218
260
268
266
226
234
236
222
228
248
216
220
210
224
254
234
228
278
228
240
232
242
228
264
230
228
254
226
240
254
260
226
68
342
310
332
290
314
300
270
252
198
256
270
236
244
268
174
184
80
156
74
74
240
240
230
292
268
286
296
282
262
294
292
278
296
274
278
290
310
320
332
326
328
342
336
362
346
360
360
388
340
328
322
302
314
304
316
292
300
284
300
282
312
294
290
294
290
264
294
284
316
350
344
436
486
484
480
446
410
326
320
290
262
216
212
188
196
182
180
178
168
172
186
170
196
158
146
148
114
80
148
224
242
224
220
228
234
248
216
252
186
202
204
242
226
208
202
214
216
234
256
248
236
228
242
252
242
238
254
224
216
248
238
218
234
238
246
260
260
214
258
210
234
230
250
270
276
248
264
226
254
234
210
202
252
254
256
200
264
246
228
202
90
316
304
272
306
282
290
234
224
224
266
266
226
258
268
172
112
160
42
136
150
94
170
188
428
254
264
284
274
276
266
278
282
298
286
288
302
324
324
314
340
332
348
352
354
358
388
390
372
364
316
332
292
320
326
320
312
302
308
316
304
306
266
318
332
300
312
304
300
332
318
324
324
296
302
354
322
304
332
310
286
302
282
178
270
310
256
268
274
310
316
284
260
300
270
270
278
228
264
226
238
198
234
238
268
254
308
368
398
432
428
430
434
402
344
314
250
208
160
142
106
86
96
122
72
74
130
186
178
206
238
244
254
210
238
244
234
230
244
254
224
218
218
256
236
258
250
272
220
236
242
260
248
212
252
236
260
212
212
214
176
142
318
324
274
314
296
294
240
244
222
270
264
242
260
260
136
102
48
126
148
62
142
30
116
170
264
242
268
286
280
272
276
284
290
300
308
316
306
310
330
364
344
356
342
348
344
346
360
400
348
316
322
292
316
322
332
302
304
318
300
294
304
308
318
316
320
304
326
326
306
310
302
340
308
278
344
288
316
334
306
288
150
146
222
48
220
112
24
170
82
112
112
288
250
232
238
272
232
246
264
254
282
292
270
274
286
250
260
268
282
250
286
278
246
266
242
234
296
310
298
272
276
266
272
260
262
302
248
280
272
284
312
274
264
300
296
286
274
256
274
314
276
290
318
362
354
396
454
432
448
434
422
354
284
188
110
76
104
78
40
54
158
306
298
308
268
292
306
248
224
298
256
232
234
278
268
120
130
12
94
58
112
88
118
178
86
40
170
228
230
276
304
270
284
282
300
306
324
324
340
330
328
354
350
362
356
370
374
358
362
356
340
318
312
316
308
282
304
312
294
340
296
300
300
298
304
316
294
304
300
310
316
316
318
302
288
258
322
344
288
288
86
38
52
148
80
96
120
114
92
156
64
130
142
50
12
264
252
250
288
278
286
248
274
278
250
280
288
234
272
256
260
292
286
232
250
262
244
272
296
282
294
282
300
282
296
276
262
294
272
308
296
290
286
322
288
306
300
264
304
288
288
286
332
324
318
286
316
300
302
302
296
310
300
320
306
340
326
322
300
328
344
320
334
292
300
290
310
278
250
236
282
248
226
238
272
256
52
86
48
86
56
68
52
92
100
136
52
74
100
182
230
274
292
296
274
288
292
296
312
332
334
332
362
348
348
362
370
352
372
334
338
308
326
312
324
318
320
312
302
300
330
320
308
310
302
314
282
314
314
310
300
300
294
304
298
276
286
324
288
236
114
134
94
22
32
54
60
28
48
62
56
40
76
80
70
42
34
18
6
200
274
238
276
272
244
258
230
274
264
282
246
248
264
246
272
254
240
232
232
286
272
270
294
284
316
276
282
276
306
282
304
276
270
284
310
254
268
312
302
284
292
288
296
300
318
310
268
292
292
322
280
322
330
342
328
338
314
316
314
312
324
322
300
276
304
262
278
274
274
254
224
268
250
232
228
262
258
92
92
16
86
24
46
82
72
52
162
148
102
128
134
82
204
352
274
294
296
282
308
312
340
352
356
344
366
330
340
354
368
366
342
336
328
322
330
312
332
310
298
332
310
312
312
284
328
308
294
290
302
278
302
312
306
280
304
296
312
300
256
248
144
38
50
12
114
20
18
24
58
10
32
24
32
32
0
118
284
36
12
38
24
6
40
4
0
2
0
26
4
0
28
26
0
0
14
8
4
0
2
4
4
22
12
28
26
18
30
18
8
22
30
42
38
42
32
30
38
30
20
46
110
260
300
278
270
266
292
304
274
296
264
274
300
300
282
302
294
288
290
320
318
312
316
310
300
280
316
302
278
274
246
238
272
248
228
236
272
260
144
92
66
76
42
90
70
64
102
82
108
16
146
22
124
96
82
224
276
284
290
296
316
350
332
360
340
378
328
336
342
362
342
336
214
264
288
292
284
312
312
300
308
318
302
294
294
324
300
298
326
284
284
308
304
300
296
286
304
292
298
254
110
2
22
82
34
10
2
28
78
42
60
46
64
56
4
78
50
68
26
202
104
10
4
16
50
0
46
10
4
94
0
26
8
2
16
6
26
0
28
0
4
8
36
60
28
8
30
76
0
48
36
62
34
52
38
24
54
74
24
20
56
62
42
26
42
68
90
48
60
272
292
290
282
280
270
290
322
318
298
322
298
306
300
266
338
298
294
310
290
278
288
254
236
304
254
220
240
258
240
54
90
38
92
68
92
32
70
114
24
124
142
160
58
42
150
6
52
138
224
264
274
308
322
332
348
342
356
344
326
356
320
320
144
142
184
142
118
260
300
298
308
290
302
308
268
308
328
304
300
282
288
298
274
298
284
266
208
268
110
140
140
66
4
84
84
106
70
54
46
26
38
8
22
76
152
4
138
100
116
84
78
52
0
44
28
2
36
24
132
2
22
38
4
12
10
4
22
0
38
4
20
56
58
4
64
32
24
0
20
46
28
16
42
72
38
8
8
30
40
110
6
2
4
102
0
20
4
12
44
14
80
126
140
80
194
300
262
284
302
270
290
300
300
258
270
310
278
306
264
312
286
272
240
222
282
254
222
246
278
266
140
68
28
62
8
8
78
52
82
42
128
86
172
122
64
104
112
96
0
166
186
284
288
290
332
326
340
330
350
320
358
322
34
88
80
94
218
116
68
198
56
10
88
88
74
130
120
46
118
150
118
28
52
44
140
106
106
24
54
62
62
50
122
90
2
38
140
4
68
20
4
94
110
46
50
168
84
110
178
148
56
70
50
102
164
2
206
84
0
124
50
52
118
38
84
2
52
38
34
66
58
14
48
98
100
90
98
68
20
124
8
78
44
114
82
70
120
58
38
66
8
50
4
10
92
16
46
8
60
46
4
28
30
44
32
90
148
82
54
252
206
266
302
288
300
288
302
254
286
260
270
270
270
248
208
290
266
214
246
290
274
70
84
74
60
46
62
98
64
78
80
136
88
142
172
176
94
72
128
0
124
52
148
262
294
314
314
342
346
336
302
330
222
10
120
140
178
114
78
90
6
24
118
62
128
78
70
260
308
244
110
266
308
272
242
136
214
168
262
118
238
124
168
216
198
68
216
302
180
212
166
292
252
10
162
0
120
0
10
64
72
8
44
140
28
98
52
56
140
140
42
158
136
0
88
96
66
58
46
40
114
60
18
48
38
82
58
108
120
22
158
156
116
46
38
76
62
100
146
88
80
4
218
120
164
102
122
32
74
38
134
56
148
88
30
16
4
42
64
148
136
66
84
148
274
268
272
290
308
276
284
284
282
286
288
198
284
256
218
280
286
282
68
86
50
44
46
6
42
62
80
68
44
76
114
86
162
74
286
256
150
132
162
174
138
106
200
248
302
302
314
310
312
186
8
4
40
32
88
8
62
32
108
74
112
198
148
68
244
348
162
212
228
130
154
224
172
222
96
244
248
210
216
158
198
92
204
6
138
110
268
200
68
108
118
52
126
128
66
16
84
58
92
2
174
196
94
154
96
56
84
86
68
66
134
80
88
142
106
132
24
80
76
20
118
46
42
74
114
48
164
64
102
146
92
174
148
140
150
132
72
64
152
100
198
226
124
66
158
128
102
194
300
174
124
150
40
80
14
28
32
32
56
92
124
114
80
104
296
304
274
250
274
260
270
262
192
340
260
230
262
276
292
84
44
2
0
0
0
8
48
36
50
86
94
34
196
198
236
164
238
262
132
14
114
78
36
138
170
114
40
110
42
52
14
134
170
68
24
216
230
198
4
290
124
50
136
234
146
100
138
230
178
252
210
170
126
194
220
224
168
274
2
118
156
0
118
64
110
136
172
164
124
62
4
92
134
82
40
128
10
10
176
76
224
114
144
200
142
60
194
154
144
240
186
140
154
24
54
172
108
104
160
246
10
82
112
0
66
174
264
214
208
72
116
146
130
80
202
24
166
308
278
282
244
114
196
22
146
174
84
64
134
196
202
204
290
166
64
60
132
86
88
22
70
98
96
48
70
76
94
240
266
258
258
240
242
166
346
248
234
264
284
270
94
36
20
48
54
48
16
2
34
40
86
90
88
140
224
310
260
278
108
312
248
212
190
26
56
152
116
218
230
40
256
148
262
22
228
146
182
92
10
290
216
226
240
210
78
252
238
150
178
12
208
74
12
266
146
102
176
0
268
238
240
78
72
86
186
264
186
194
300
172
132
60
236
74
220
226
182
106
176
174
128
120
134
58
130
2
170
56
226
130
202
224
6
8
56
120
164
294
12
88
218
152
132
108
196
164
180
196
94
312
184
112
152
132
76
78
66
138
198
124
128
164
24
96
136
106
52
108
62
214
90
228
130
228
84
184
242
172
128
176
288
144
84
42
108
64
98
148
134
40
256
242
240
222
180
400
244
248
278
272
268
236
8
32
4
6
2
40
40
60
86
40
80
154
216
234
238
108
342
392
222
262
334
306
408
216
344
292
284
270
158
304
382
326
142
274
52
246
266
106
340
38
176
16
240
292
152
244
92
168
182
200
174
240
266
294
132
198
16
184
266
182
24
276
128
34
190
314
264
10
170
264
208
174
96
264
42
94
136
114
284
156
172
100
136
132
116
198
120
246
202
168
64
170
58
102
114
52
214
122
194
274
196
84
282
148
296
220
212
248
108
128
218
342
180
42
218
112
206
118
274
196
212
260
170
148
82
86
206
246
122
88
82
130
134
106
88
202
238
138
212
168
118
152
88
2
10
148
66
140
64
182
82
254
216
144
472
260
234
296
280
256
252
70
40
10
2
6
8
50
46
10
44
66
266
358
342
116
376
70
262
44
338
374
142
384
326
70
256
198
104
122
124
276
136
212
282
284
338
302
274
332
182
316
350
186
246
2
272
224
190
128
148
158
302
284
288
0
160
332
198
32
100
204
12
324
352
194
348
200
282
266
128
206
360
134
270
154
82
216
316
194
242
122
112
204
86
262
130
250
98
198
100
254
224
130
138
502
280
220
142
314
238
216
306
312
144
222
212
284
222
232
156
224
254
230
268
186
100
144
206
232
238
122
278
170
100
62
162
180
140
62
76
80
156
120
118
74
242
212
160
232
216
166
52
232
298
296
266
82
42
122
64
102
226
242
130
498
252
248
304
258
272
240
42
56
0
16
10
0
22
6
34
82
108
94
176
374
138
348
278
318
330
54
350
274
48
342
262
254
396
256
188
304
306
296
370
276
88
202
296
34
370
366
104
32
260
258
326
170
270
280
50
300
118
126
120
250
150
258
178
74
208
110
202
322
148
278
268
102
326
258
110
262
118
148
310
312
244
276
292
278
174
118
204
204
174
120
78
308
170
210
132
202
150
230
100
200
154
126
74
218
126
230
272
262
170
204
282
256
238
194
324
262
284
236
76
340
210
104
178
192
310
160
294
168
108
48
114
178
196
202
180
158
142
92
102
70
136
172
120
230
254
200
114
332
362
10
16
440
82
90
64
110
136
152
130
106
506
244
232
242
258
214
232
8
22
40
12
38
58
48
88
78
102
116
50
210
288
272
156
314
34
324
44
272
290
336
240
360
266
266
338
42
172
316
328
298
222
310
282
298
100
382
208
162
214
344
326
378
206
170
274
292
142
260
104
168
236
214
96
76
182
94
160
266
212
204
270
242
364
366
330
218
186
186
316
346
290
276
218
160
216
390
204
304
180
316
244
220
262
300
130
282
136
244
288
264
238
300
286
252
286
264
290
280
236
200
126
62
264
174
188
172
228
222
194
208
126
106
66
262
244
268
216
100
138
144
172
144
166
88
162
164
168
158
164
58
84
144
210
146
164
146
156
112
196
358
0
2
334
132
150
114
130
40
30
98
246
508
212
224
246
254
262
58
30
4
34
22
10
50
38
52
36
82
100
196
226
238
290
64
338
132
304
380
296
304
188
356
290
18
152
276
266
300
44
110
360
266
304
244
254
356
278
120
228
204
216
258
290
122
344
178
202
176
262
210
236
276
238
220
130
328
182
186
184
312
328
214
176
314
292
238
196
146
244
384
220
22
270
260
254
258
336
248
256
160
264
328
216
286
274
314
238
96
264
316
150
242
158
168
282
196
198
312
122
270
168
180
286
300
164
112
148
246
226
206
220
130
316
202
178
228
270
154
98
134
60
118
196
226
128
66
84
50
92
138
88
130
54
84
64
222
220
160
128
248
352
312
304
302
98
214
116
108
104
220
282
226
508
200
244
242
278
252
42
18
24
4
6
48
72
104
36
96
12
46
298
246
46
324
408
386
394
280
306
34
292
48
318
330
350
350
314
242
224
324
102
270
226
250
302
336
28
334
296
286
260
204
112
318
286
352
318
4
214
206
216
128
186
216
196
138
244
226
196
212
284
52
222
326
222
304
304
260
220
186
218
280
188
226
218
332
180
282
210
320
322
206
274
214
276
160
190
180
240
122
234
152
352
156
198
100
158
106
198
118
108
110
74
292
316
94
178
218
66
64
88
208
22
190
230
278
214
176
92
142
100
158
84
102
126
56
78
118
30
318
54
70
94
22
212
96
82
60
200
64
88
290
216
188
366
296
240
92
76
124
264
154
50
506
200
244
268
260
154
44
16
12
52
32
56
6
52
38
54
76
62
264
368
264
100
284
372
302
294
244
328
420
90
328
82
408
282
62
370
364
244
390
48
308
398
66
330
210
296
230
238
236
264
258
252
238
286
278
272
298
192
188
200
236
268
302
242
236
304
288
300
264
248
300
346
304
252
266
372
336
368
330
192
288
220
184
190
260
170
322
248
362
214
288
184
260
148
142
156
126
122
220
56
160
118
222
220
118
84
162
132
96
158
136
94
174
122
92
54
192
310
78
94
40
64
230
292
74
244
4
248
52
64
52
24
72
34
44
50
60
202
46
84
252
190
138
92
86
130
256
214
288
392
234
368
362
110
80
136
250
298
242
142
64
502
232
254
288
262
56
74
66
46
60
30
44
68
72
10
102
54
138
110
344
342
228
118
350
322
200
376
394
66
400
370
218
352
336
200
334
336
202
412
146
370
352
74
362
356
302
294
326
108
374
350
254
244
280
50
244
228
254
200
250
306
64
208
326
224
202
336
218
228
276
130
234
162
320
130
234
330
306
294
294
178
168
292
204
216
272
318
298
82
246
250
294
288
252
180
172
144
192
148
126
206
186
206
206
124
260
226
110
82
278
178
312
90
108
240
162
138
160
192
52
110
162
254
250
196
172
186
184
146
24
72
30
26
90
58
80
208
100
74
124
258
200
138
148
262
158
320
160
286
330
222
166
92
132
118
354
186
224
224
252
108
508
250
256
260
206
48
28
24
48
48
64
22
46
72
76
10
108
110
14
334
92
316
40
372
112
222
320
352
396
376
48
310
316
244
432
46
388
388
392
508
400
334
402
358
234
330
348
362
352
352
292
262
284
282
286
294
334
176
254
106
242
34
218
272
276
294
372
226
228
254
116
240
164
364
314
250
306
242
204
96
214
182
190
190
288
266
266
254
228
222
128
262
220
380
140
220
156
360
214
172
270
70
178
332
282
280
218
232
116
72
328
168
156
254
140
172
286
236
118
272
176
156
190
134
162
130
250
296
84
24
58
78
58
56
54
78
218
74
84
96
58
116
80
130
214
102
210
242
384
90
66
274
48
300
290
176
146
90
186
272
236
338
268
268
266
50
50
32
32
54
58
60
54
94
68
90
92
50
126
218
312
212
344
350
378
416
418
412
98
418
436
424
434
442
378
362
290
386
328
362
318
318
124
402
390
278
316
348
330
386
378
338
372
344
308
212
298
300
258
178
188
354
328
184
270
326
350
164
234
254
320
230
328
316
278
300
36
350
278
316
122
204
314
202
222
164
204
232
252
142
238
228
162
154
134
184
232
192
244
226
110
240
202
232
240
114
214
334
354
346
8
280
244
178
146
164
260
86
156
194
128
328
114
182
134
192
172
202
276
56
24
50
52
78
84
24
20
216
192
154
236
76
150
144
150
188
352
294
318
16
74
136
148
340
158
166
252
254
254
230
222
202
500
266
268
262
88
88
64
38
68
46
8
112
12
88
48
82
116
140
70
88
278
338
76
340
354
382
354
458
500
440
478
470
454
474
390
478
128
384
68
442
406
164
390
364
376
356
362
336
286
302
86
314
370
302
240
332
30
304
22
334
232
324
214
246
294
290
258
202
292
248
278
280
322
254
270
68
234
294
178
204
334
318
316
240
222
330
216
244
204
180
326
328
236
208
174
136
296
360
224
324
122
204
176
102
160
168
268
282
200
174
274
212
258
118
294
182
282
170
244
218
274
192
294
250
236
254
198
212
136
16
112
22
86
90
22
54
238
170
82
192
102
148
156
64
178
192
326
48
92
174
120
360
374
406
448
404
360
154
126
176
238
508
284
280
250
92
78
72
58
82
10
64
64
96
36
110
94
142
114
96
174
228
328
246
346
134
346
354
346
378
364
336
388
402
412
280
416
376
446
454
456
376
366
360
28
328
232
408
406
352
422
368
362
74
270
342
364
38
382
376
364
336
336
374
162
348
324
276
320
334
272
306
332
268
254
332
342
370
288
246
278
286
290
274
104
210
220
348
12
246
310
328
322
316
260
248
254
230
304
268
108
170
332
202
272
316
168
284
158
224
208
274
330
326
276
288
260
294
312
232
202
178
278
284
194
298
244
236
80
266
36
72
120
42
46
44
108
250
88
106
242
148
120
108
256
128
160
144
88
214
192
360
398
398
272
172
124
182
112
308
350
50
508
250
280
126
92
70
50
82
44
62
64
22
100
68
74
112
94
142
188
90
144
76
316
308
308
280
206
150
68
64
118
190
224
202
174
264
312
364
386
416
436
418
394
392
416
342
342
164
372
298
340
278
280
388
280
410
378
322
422
438
400
328
424
92
380
376
320
352
350
340
378
376
332
294
302
318
390
306
336
312
152
310
262
302
334
294
226
22
230
244
232
244
288
360
286
260
266
276
168
270
354
318
288
286
364
306
274
218
178
222
286
306
246
306
260
306
312
290
270
258
282
278
192
284
242
236
172
136
236
132
44
88
52
54
106
70
66
166
242
138
172
236
294
176
156
260
42
100
216
346
360
306
234
94
228
68
170
206
198
116
48
508
274
278
68
136
34
50
86
48
82
62
84
88
86
110
130
60
138
122
100
154
196
40
156
34
52
154
238
258
260
262
278
266
258
252
238
202
38
88
188
266
408
434
478
360
378
398
336
380
68
144
294
338
392
362
406
336
420
376
372
400
332
370
352
388
338
378
250
358
346
342
24
378
312
346
300
352
240
330
350
320
352
332
260
328
286
336
346
286
272
292
314
286
282
358
276
274
298
308
308
310
272
348
356
236
304
250
248
348
212
264
284
310
320
336
286
266
288
238
110
104
56
92
116
226
184
106
30
118
180
36
172
74
194
52
100
152
282
106
116
146
198
238
194
222
262
116
204
376
254
196
100
160
316
228
180
266
264
184
148
76
506
276
278
142
144
50
78
80
40
78
50
124
128
152
82
168
110
36
180
88
160
52
106
84
236
246
268
268
278
286
278
294
290
276
260
240
238
66
30
42
156
252
398
458
424
416
384
412
364
356
352
352
346
208
344
336
350
332
28
372
370
282
334
318
104
392
234
268
274
364
368
316
346
294
302
292
314
262
296
320
360
372
314
364
284
322
316
292
326
256
332
292
378
194
262
282
202
334
324
318
274
124
318
304
336
352
358
344
324
290
224
288
284
124
186
168
154
224
192
86
124
118
172
212
194
110
68
90
74
130
158
66
24
22
164
66
218
226
242
176
192
170
206
256
280
254
152
214
278
232
282
234
214
226
258
204
192
222
218
178
68
508
274
196
114
128
10
52
108
98
80
110
50
122
158
120
72
126
76
120
82
76
242
278
310
284
288
310
314
300
292
320
304
276
296
294
272
270
206
54
22
24
42
120
274
378
402
460
434
394
372
374
418
384
424
382
380
402
420
364
394
358
374
356
376
368
346
334
264
318
300
372
326
308
334
228
292
370
354
336
334
362
344
360
362
70
310
332
324
324
288
286
302
256
250
306
282
262
292
286
330
330
328
318
294
344
248
338
342
334
314
218
240
242
198
174
212
222
126
162
114
124
158
158
154
152
62
32
106
64
150
142
270
104
24
60
280
244
158
98
208
216
172
100
170
236
130
202
250
254
214
216
252
252
218
204
172
222
260
252
164
82
510
276
180
160
94
44
84
110
72
62
114
126
120
66
104
116
170
80
208
274
312
308
328
318
316
314
302
310
320
312
318
302
288
298
290
274
258
80
4
0
2
30
22
28
94
250
362
444
466
416
402
380
408
388
394
426
228
422
406
364
382
372
336
352
364
376
364
284
364
438
360
384
354
388
298
400
380
394
376
360
342
380
356
296
336
346
318
318
358
326
336
330
320
344
254
356
368
354
332
336
312
302
324
330
332
326
338
336
358
260
330
350
258
38
28
14
10
26
40
8
40
28
98
180
194
220
184
188
254
318
350
330
294
198
66
80
210
226
192
160
268
280
186
204
234
246
200
200
318
222
216
194
280
246
250
226
242
274
220
158
102
508
260
192
120
94
96
82
76
112
132
84
142
48
132
68
182
270
256
264
256
350
390
466
478
492
498
286
316
286
316
318
300
286
294
292
276
262
68
38
26
40
68
32
22
52
110
102
230
378
414
440
412
444
458
436
432
396
396
352
390
392
378
378
378
384
364
416
232
426
440
434
436
428
384
418
382
374
410
390
400
402
374
298
378
350
298
370
384
372
372
384
368
350
336
362
356
328
342
350
346
340
350
308
294
308
324
274
320
330
298
44
50
76
228
52
66
44
108
34
18
10
24
68
98
70
90
178
226
290
386
320
358
382
218
136
62
66
122
214
256
222
224
298
236
274
184
166
156
218
206
222
216
232
274
262
242
260
266
228
160
124
510
302
106
120
122
82
98
92
104
52
116
70
510
510
510
506
508
506
510
510
88
510
510
510
510
510
280
298
310
298
322
304
308
312
298
266
282
66
54
22
30
26
28
46
64
78
110
62
158
256
320
382
392
406
410
410
426
402
388
378
370
422
412
400
380
382
402
378
382
360
362
438
414
396
452
382
404
416
394
420
378
364
362
312
390
374
378
360
334
412
344
378
394
392
374
382
414
356
394
378
388
346
398
394
386
396
380
412
388
378
374
358
314
354
32
8
0
0
6
16
18
50
88
126
194
256
372
410
392
422
412
392
382
360
258
202
256
308
328
306
208
150
136
174
174
214
212
238
234
232
222
262
252
256
276
274
240
284
266
140
150
510
308
278
116
144
54
66
88
110
192
246
276
508
202
264
504
508
508
508
510
282
510
510
510
510
504
314
294
314
296
314
312
302
324
328
280
274
54
46
70
42
46
50
52
56
62
68
118
140
160
210
186
288
302
64
320
402
410
382
400
416
420
406
398
384
436
388
362
384
326
326
368
334
352
342
294
302
324
276
226
252
288
316
374
364
338
340
370
372
402
396
410
434
396
440
426
408
398
412
408
418
412
402
452
424
378
436
382
416
378
402
386
360
366
296
224
6
0
0
6
90
124
216
378
372
398
392
408
408
426
394
402
372
362
308
236
176
182
166
204
216
202
216
236
222
242
224
244
228
246
300
246
266
272
262
252
268
246
242
168
196
510
326
300
304
294
286
274
272
278
282
294
292
510
504
506
182
508
458
508
510
478
508
510
510
510
416
306
320
316
314
300
290
304
296
306
302
264
70
34
72
32
32
40
50
48
66
110
144
152
134
188
178
70
84
146
190
182
182
146
154
142
106
90
178
252
352
332
326
346
272
278
252
158
86
18
10
46
76
54
78
84
142
198
282
374
370
360
348
374
384
412
394
422
394
402
412
406
420
414
428
438
428
442
418
440
440
406
436
406
388
396
382
396
378
396
352
382
328
298
376
384
378
356
348
400
392
320
350
284
214
158
158
176
204
182
180
206
200
218
218
224
222
242
220
246
240
256
254
246
260
264
308
252
280
274
276
250
276
236
146
208
510
324
316
314
296
304
282
454
458
452
460
456
508
508
500
456
508
506
510
508
508
506
480
440
372
424
444
452
454
448
470
416
414
388
368
316
146
86
94
66
52
52
32
66
84
132
116
126
134
140
56
130
206
186
200
188
222
196
194
204
202
190
210
196
202
206
190
200
194
16
10
10
30
18
52
102
56
70
154
194
254
222
242
296
368
380
318
378
358
374
380
358
362
382
370
388
396
388
378
404
362
390
410
382
386
380
372
346
342
360
356
370
344
334
340
338
304
266
140
104
96
88
124
170
140
166
170
184
188
180
188
214
210
216
236
214
228
234
226
234
250
248
234
264
252
272
250
254
252
268
256
266
266
280
280
298
284
262
230
156
208
510
334
330
320
286
292
292
466
466
422
484
462
482
402
476
492
468
492
484
482
452
442
450
432
468
450
456
446
454
428
442
434
442
428
446
424
178
98
104
94
74
74
96
104
120
132
146
212
222
304
342
330
360
376
370
368
354
380
350
376
326
336
358
324
300
284
220
168
130
96
32
44
78
118
204
280
162
42
42
64
66
120
170
138
102
86
86
104
104
98
204
348
364
340
342
330
308
324
346
362
322
250
160
112
90
92
90
84
98
96
98
94
102
112
100
96
90
116
132
140
146
130
178
144
204
218
214
204
198
234
238
226
236
234
248
224
240
260
248
214
238
250
238
248
258
266
242
258
270
240
280
260
276
306
300
296
242
276
270
130
244
510
316
304
324
286
298
290
460
486
470
484
472
450
500
508
506
482
496
478
486
476
420
450
464
446
450
442
454
438
436
440
450
418
438
434
414
176
128
100
130
66
82
108
86
188
292
344
340
364
364
390
384
354
342
372
418
380
392
362
378
392
394
352
370
370
374
360
248
218
88
226
120
20
16
22
10
14
42
24
58
64
170
286
316
272
276
272
288
280
296
296
248
262
260
264
248
252
232
142
172
174
132
114
110
106
108
96
100
122
122
134
120
140
188
212
188
152
168
166
152
216
182
184
224
242
228
230
220
250
232
262
262
232
262
234
254
260
240
250
264
248
258
286
274
272
276
240
284
288
292
296
278
276
274
286
270
272
242
254
114
262
510
318
326
300
282
286
278
426
416
384
380
378
458
490
502
486
452
498
498
490
456
392
462
466
470
440
434
460
464
454
368
428
426
436
462
340
282
192
142
102
192
222
314
356
372
400
386
438
396
298
434
398
390
412
344
402
314
410
398
410
402
400
404
404
386
398
238
310
322
74
60
32
20
10
10
20
26
52
104
216
340
324
282
296
312
306
272
314
302
310
298
314
294
304
298
318
300
298
178
302
322
300
312
308
332
298
310
324
302
308
324
322
304
300
344
336
354
330
334
266
338
358
344
372
358
362
366
366
380
386
372
364
352
344
330
334
304
326
302
262
282
250
250
268
248
264
244
270
248
250
262
298
310
270
260
260
268
272
222
148
262
510
324
310
308
292
298
306
486
492
504
486
492
496
500
494
506
500
498
492
484
478
472
326
452
478
456
458
470
480
460
444
462
448
462
438
396
406
354
342
288
290
330
348
346
354
356
418
382
400
348
388
394
394
406
324
398
416
412
324
410
394
408
374
282
386
382
408
342
332
118
42
82
62
34
44
78
146
316
302
324
294
312
306
316
332
264
346
254
320
342
304
334
350
304
328
332
322
136
200
340
322
338
336
324
340
358
372
292
384
386
382
336
314
332
326
348
360
366
352
302
350
330
352
364
378
372
388
378
400
380
382
354
362
384
368
394
374
422
392
394
326
412
408
408
412
386
422
396
394
382
406
404
302
284
260
260
280
278
252
144
250
510
330
320
316
310
298
300
490
500
400
504
508
504
374
492
498
492
436
488
488
464
458
470
476
468
482
466
486
462
468
464
470
468
458
438
434
444
428
438
450
448
436
426
404
454
440
438
448
444
400
398
434
428
400
426
468
416
444
408
424
414
432
370
396
404
378
354
368
346
182
88
110
82
140
128
202
196
282
282
320
336
306
340
350
354
260
358
354
350
344
358
348
350
386
278
370
350
360
276
390
390
388
402
382
390
410
374
306
390
408
402
268
340
344
330
310
358
402
384
368
358
350
372
356
338
380
376
386
254
312
388
388
290
368
392
384
366
402
410
354
342
384
406
414
400
400
424
418
408
410
404
426
278
262
324
270
282
264
234
178
296
510
334
324
320
310
308
296
496
508
508
510
508
504
496
494
490
494
488
482
474
480
476
474
486
470
388
468
482
478
436
468
484
468
444
480
452
418
384
432
440
440
336
440
472
346
358
428
438
378
380
418
390
408
424
416
430
422
430
346
434
390
418
406
436
428
424
354
386
402
394
294
376
366
362
254
342
348
356
338
364
382
350
348
364
380
362
360
378
358
358
368
370
376
380
380
384
368
396
368
412
366
358
380
290
296
308
312
274
310
330
374
290
388
378
376
334
388
392
378
350
326
368
366
372
300
388
408
388
304
392
388
406
334
382
392
392
368
394
362
330
388
388
404
390
412
380
420
390
426
374
402
428
276
304
278
282
286
294
260
162
344
510
338
326
332
300
300
286
500
510
504
466
498
470
490
474
488
484
494
484
482
480
486
486
482
488
486
486
486
488
456
484
462
470
452
460
406
444
440
444
448
468
442
474
446
440
428
456
442
442
428
438
396
422
346
472
454
328
404
394
440
290
418
412
398
376
222
394
410
396
180
274
376
344
236
258
380
356
200
326
358
358
228
334
354
376
370
394
374
390
376
376
386
372
370
372
392
382
390
374
392
408
400
414
418
416
404
412
400
418
410
408
428
394
424
404
364
414
410
374
316
386
388
376
398
382
380
404
396
378
378
376
392
372
384
390
368
372
312
332
344
308
332
332
404
378
382
392
394
426
346
422
422
282
286
306
274
266
280
246
188
408
510
