510
510
144
196
226
234
250
248
242
276
464
174
186
188
156
146
190
150
166
152
162
152
156
162
154
180
152
190
198
158
138
178
182
202
194
186
194
194
198
176
178
194
196
194
208
200
192
220
180
182
192
188
212
186
214
206
178
200
196
232
212
228
210
204
208
194
246
228
232
240
228
240
102
124
126
108
126
112
132
142
152
158
166
150
126
106
150
188
166
150
154
148
166
172
170
190
162
162
186
190
184
234
238
234
228
226
218
224
222
226
200
244
236
258
310
300
274
284
340
306
318
328
352
342
324
314
306
340
402
384
372
418
384
420
396
422
398
428
452
416
438
444
484
488
490
490
484
482
488
240
232
230
222
224
194
188
182
124
510
510
510
510
510
154
216
224
240
226
250
236
248
424
154
202
180
164
148
162
164
184
144
172
172
174
162
196
182
176
156
180
178
174
192
184
188
170
190
214
218
208
200
176
198
182
194
180
158
196
206
188
176
190
168
212
208
208
214
210
210
210
222
216
210
218
202
210
222
228
214
226
224
220
128
96
112
108
124
118
112
114
142
128
132
114
150
134
138
136
148
158
160
154
146
166
162
140
162
168
178
166
212
162
222
206
246
202
214
224
216
228
224
212
196
212
228
274
266
272
264
306
288
250
322
292
312
334
324
348
324
380
394
370
380
370
378
408
408
408
442
412
418
420
428
458
478
474
470
478
480
480
208
212
224
226
194
206
222
172
128
510
510
510
510
510
158
206
238
258
232
188
254
244
374
146
178
168
152
146
140
154
146
148
136
148
176
170
184
192
202
186
230
192
192
170
196
190
188
184
188
154
188
210
184
190
200
206
208
196
184
198
202
206
204
202
212
204
202
216
196
194
198
228
222
188
204
198
214
186
218
230
210
206
124
104
108
202
204
192
224
182
146
108
114
132
120
106
118
114
108
130
164
166
132
158
154
142
156
150
150
154
156
188
168
218
226
200
196
240
182
210
218
220
256
240
284
332
358
342
364
402
412
356
394
326
376
364
360
342
354
280
248
234
220
224
198
234
204
194
188
200
188
210
176
204
208
226
228
218
212
214
232
206
218
226
194
192
206
186
174
154
510
510
510
510
510
170
202
230
200
102
206
166
124
216
24
138
100
138
142
150
154
140
174
166
168
156
172
172
176
202
174
188
178
184
174
188
196
186
184
182
178
168
206
174
170
158
128
128
140
158
124
98
114
112
98
100
86
78
84
90
116
122
186
244
256
286
306
370
428
462
478
452
400
454
158
166
156
108
118
148
146
92
56
134
62
104
24
34
84
52
138
178
212
210
188
230
184
214
198
192
202
174
168
178
192
200
174
196
194
156
142
138
128
170
198
148
176
182
174
158
126
100
168
178
192
190
202
174
172
186
222
180
184
208
212
220
206
172
208
196
192
204
228
210
220
222
212
208
220
202
194
204
190
222
198
204
218
184
198
164
164
506
510
510
510
510
156
200
218
108
70
82
106
138
108
140
86
72
78
34
104
134
274
344
388
414
444
476
458
436
428
376
308
274
296
252
250
242
264
230
254
246
262
242
260
228
260
268
268
246
246
252
236
258
264
262
246
276
272
258
238
252
264
248
260
274
248
248
242
230
244
262
232
232
210
176
136
104
90
16
42
52
0
16
60
56
80
66
4
92
48
60
36
76
68
50
36
44
22
6
50
16
32
20
40
14
0
40
0
44
28
42
34
66
36
42
12
24
18
24
66
50
30
42
36
60
34
30
56
126
42
68
74
148
110
88
118
178
186
200
180
210
208
206
194
210
214
186
214
180
186
200
196
212
204
196
202
204
218
220
184
138
508
510
510
510
510
150
192
208
42
34
134
28
88
118
8
82
96
10
222
196
204
240
218
238
276
254
244
254
266
256
256
252
258
266
236
260
278
258
252
250
242
250
248
234
236
260
236
228
276
234
262
250
244
252
246
240
250
234
246
242
240
214
240
236
228
232
236
268
240
254
200
234
212
146
44
22
26
2
10
26
32
6
30
38
2
2
10
36
30
68
36
54
20
28
4
14
10
42
28
0
28
0
2
34
2
8
54
32
26
8
12
44
26
36
16
20
62
26
34
30
34
26
46
42
24
36
40
20
52
28
82
34
110
60
60
132
120
178
142
134
138
160
162
198
190
194
204
202
208
186
198
186
194
184
192
172
206
200
200
154
170
508
510
510
510
510
142
196
202
88
94
84
44
6
10
106
0
154
58
104
198
206
254
260
216
284
260
240
236
262
262
242
236
262
280
268
278
268
272
266
256
262
256
258
274
258
260
272
240
230
238
242
232
240
252
244
232
236
234
236
230
226
262
240
240
236
222
246
248
242
220
234
222
114
80
32
64
28
4
24
0
0
16
36
14
0
28
10
2
4
8
36
16
86
80
4
10
4
14
12
6
2
8
4
10
36
2
4
6
14
2
24
48
56
18
2
72
26
62
136
70
86
38
46
92
44
44
118
144
146
78
230
194
52
110
132
88
84
92
50
82
94
96
58
94
188
214
190
184
184
190
204
188
184
172
204
196
214
192
170
168
136
506
510
510
510
510
134
204
192
128
114
16
54
64
76
90
100
64
116
160
0
230
208
232
258
258
290
266
262
256
272
254
272
278
278
262
282
258
262
270
256
232
272
258
264
262
254
254
258
246
252
250
242
244
224
228
234
226
264
228
258
236
244
232
216
226
206
226
228
210
208
206
52
14
88
68
116
0
8
90
0
56
24
22
36
0
42
46
6
4
136
46
44
36
54
36
8
22
6
40
2
0
12
26
4
8
132
92
86
70
88
70
44
40
6
12
34
30
8
178
22
148
66
122
130
46
36
132
206
96
202
70
242
130
146
102
60
58
130
184
140
150
32
58
34
66
68
100
144
134
124
196
190
194
180
198
204
186
180
178
146
140
504
510
510
510
510
142
194
204
12
80
130
16
98
62
72
6
126
94
118
118
88
94
198
232
256
260
270
262
268
232
274
262
280
272
248
270
252
262
244
270
252
266
258
238
264
238
250
224
240
228
242
224
224
232
240
250
242
228
224
242
228
244
218
254
230
234
206
82
12
4
38
26
16
38
0
12
36
4
32
18
48
26
18
14
4
0
34
20
8
64
88
66
0
54
74
16
96
0
58
2
0
46
2
28
0
48
52
52
124
52
52
88
2
110
110
20
16
62
68
76
20
62
64
128
68
56
24
28
84
108
148
202
194
214
50
110
64
30
50
86
146
86
76
106
82
64
92
30
84
96
92
64
136
180
200
178
210
168
160
148
104
488
510
510
510
510
136
160
106
74
50
4
94
80
60
18
66
12
108
16
134
120
44
214
158
232
256
252
248
254
270
260
250
252
264
280
294
256
280
252
266
250
258
212
126
148
26
70
4
182
216
224
208
216
220
224
218
226
210
68
62
40
18
2
68
24
0
68
44
46
46
36
52
90
56
6
0
88
48
24
8
40
0
20
76
54
26
38
2
18
4
54
66
44
22
0
64
34
18
14
10
52
12
40
40
64
62
92
18
74
16
90
50
68
12
20
22
172
80
32
54
30
174
124
14
38
68
74
244
210
140
76
64
174
116
148
140
158
140
134
220
140
150
100
114
130
160
148
168
44
54
56
82
12
60
78
188
162
184
170
138
88
454
510
510
510
510
132
158
100
62
46
84
84
4
92
56
54
42
104
60
6
160
140
180
26
94
212
242
258
294
260
248
246
234
268
240
260
256
264
268
248
238
2
202
134
104
176
160
112
84
96
112
64
58
2
52
64
54
62
84
22
22
94
36
74
0
110
78
70
92
86
124
86
90
0
12
42
58
0
38
74
0
48
0
6
6
18
20
82
8
12
38
102
2
18
96
46
2
34
28
44
38
40
6
26
56
38
48
36
66
150
58
68
74
10
50
34
64
84
32
124
180
122
106
120
62
52
248
252
114
78
78
110
202
150
136
106
112
96
158
120
214
200
90
182
170
188
194
144
108
140
152
194
102
136
112
186
56
154
156
132
76
434
510
510
510
510
148
158
18
74
118
4
68
86
88
24
126
34
24
74
114
28
126
88
108
164
88
174
232
224
248
246
250
258
260
246
256
266
262
248
262
202
116
44
62
0
120
72
94
66
42
72
82
92
14
100
142
8
116
60
110
84
100
110
108
86
100
128
54
52
12
156
0
112
112
6
44
48
94
32
0
76
128
6
36
28
80
46
0
46
0
60
72
78
66
42
28
68
48
34
28
72
44
40
64
18
74
104
52
90
122
56
56
120
96
36
70
114
72
78
140
40
128
80
152
84
184
170
112
60
86
76
172
66
138
62
70
176
144
160
154
194
164
168
158
174
176
142
184
106
116
92
118
166
128
184
98
186
128
42
142
82
368
510
510
510
510
146
156
108
82
78
14
92
6
28
106
70
10
76
20
108
122
70
192
174
50
180
158
122
232
242
220
236
242
270
250
224
258
258
224
92
174
18
0
0
86
4
2
24
36
72
2
160
12
186
124
154
82
174
196
138
8
232
58
120
182
8
86
84
178
208
44
24
92
66
92
6
120
6
124
100
46
4
2
60
20
72
76
48
20
38
102
114
104
76
116
124
32
58
62
92
54
40
78
72
150
138
98
78
124
48
28
38
48
42
74
142
216
82
60
74
80
64
144
98
146
200
38
110
132
136
68
116
134
154
96
166
164
124
142
144
148
152
126
182
156
164
138
130
156
128
354
324
334
92
150
160
140
200
156
186
76
288
510
510
510
510
154
156
166
26
8
48
48
50
62
32
68
46
46
46
108
84
158
48
76
74
30
124
84
32
180
222
224
228
240
224
226
246
218
234
216
54
2
42
4
2
2
20
198
0
2
132
10
136
76
272
74
24
144
14
136
208
134
198
212
152
158
108
180
16
48
8
250
214
2
158
128
160
142
128
130
134
108
116
104
0
12
64
80
140
66
88
64
204
28
62
116
50
74
118
90
88
62
76
28
194
118
60
78
76
156
92
86
126
194
148
158
222
154
50
66
148
80
90
76
134
146
118
84
70
96
82
110
146
92
92
182
180
140
120
136
156
58
34
150
138
166
172
222
152
180
294
12
8
296
122
88
88
54
158
138
108
186
510
510
510
510
160
154
160
86
72
98
66
78
106
70
118
2
88
114
58
96
64
108
96
204
216
166
162
28
100
64
88
94
138
92
66
62
16
98
134
170
50
162
132
54
296
94
172
32
92
200
92
24
114
220
48
22
90
280
152
228
206
18
218
182
214
276
240
114
148
140
252
100
216
132
158
176
198
190
114
124
164
150
58
78
32
80
112
132
174
116
190
116
8
98
178
44
106
130
110
28
130
122
164
76
136
146
158
118
232
192
200
64
172
190
250
232
98
198
160
102
90
100
76
84
102
112
146
122
124
126
42
122
104
110
220
166
154
94
140
108
64
110
54
110
178
190
178
134
236
294
16
4
322
148
96
172
54
206
94
98
302
510
510
510
510
176
180
158
62
2
104
2
20
98
78
80
114
80
8
94
114
38
26
96
74
250
196
12
10
44
126
46
138
0
2
132
2
108
168
94
246
18
220
220
238
206
6
52
148
88
6
206
154
10
270
218
202
164
254
234
252
202
218
96
136
206
120
186
18
184
238
232
278
230
178
134
204
38
162
0
118
110
188
124
86
104
48
162
196
206
198
136
114
104
130
136
86
168
190
212
170
216
200
236
174
192
78
114
222
172
98
94
146
132
118
136
222
180
96
80
58
142
90
120
200
98
176
82
92
134
114
112
154
226
208
170
60
52
58
32
90
56
136
84
78
158
152
196
168
132
390
280
372
352
178
210
128
152
94
156
138
106
510
510
510
510
184
146
192
84
96
72
70
62
104
18
44
0
60
92
104
2
74
292
86
166
220
108
146
200
66
96
58
296
210
188
194
250
174
36
330
220
286
230
244
32
248
132
284
104
286
254
264
240
308
334
28
232
168
160
250
28
228
250
306
234
200
28
158
272
308
224
206
252
20
158
184
272
210
108
172
116
226
212
114
168
56
198
172
204
184
184
154
150
148
192
136
190
176
216
214
174
218
250
204
234
178
150
120
200
94
126
124
138
196
146
92
132
130
228
110
74
178
50
90
146
130
174
130
64
52
74
140
114
162
198
80
68
46
36
182
36
46
132
118
94
114
72
92
172
92
152
184
76
148
252
272
76
38
138
268
62
72
510
510
510
510
188
128
184
100
90
92
100
98
64
106
108
92
98
50
24
60
162
260
120
250
288
240
200
106
150
146
296
78
270
48
230
4
254
276
136
266
34
216
264
290
148
128
264
22
230
282
272
122
258
316
256
210
98
278
346
290
298
212
302
278
264
288
232
184
266
100
196
308
224
282
270
308
256
104
166
240
202
172
142
136
32
224
210
180
146
156
196
12
124
174
118
224
266
240
184
152
208
246
188
104
144
176
160
174
112
146
124
182
182
130
140
130
214
146
210
60
188
202
160
102
174
170
64
80
54
130
106
110
162
180
130
42
72
120
152
44
90
118
248
130
148
112
132
188
178
222
230
282
280
224
30
116
112
258
104
26
52
510
510
510
510
186
96
188
48
0
10
60
0
120
2
74
0
88
86
0
230
28
60
296
76
334
278
146
14
242
142
14
288
256
266
270
240
126
230
182
304
396
290
104
292
234
284
286
274
236
326
54
264
286
144
94
298
146
280
278
222
300
294
294
324
232
268
236
208
180
222
244
224
258
254
244
222
192
182
144
190
184
158
188
248
226
168
244
216
134
268
178
46
168
112
188
186
196
158
190
184
118
240
284
184
192
192
176
222
174
104
174
178
182
116
172
80
120
104
60
152
164
118
132
188
148
152
74
94
170
144
96
50
68
184
168
74
92
108
130
48
82
112
214
190
226
202
228
288
242
286
244
182
118
156
192
180
214
108
94
58
54
510
510
510
510
192
134
200
154
10
4
78
42
104
166
148
158
80
18
112
224
212
86
270
322
122
336
232
232
156
300
270
342
32
280
28
136
338
254
288
162
328
322
38
212
74
304
122
290
140
270
54
322
140
228
26
290
352
282
260
304
296
216
270
262
116
282
280
284
256
294
256
218
200
254
234
260
288
174
180
160
192
222
222
238
212
202
178
192
168
196
130
150
216
234
174
190
220
212
172
222
212
250
238
230
254
262
176
238
170
84
116
154
126
160
168
142
104
180
122
162
124
164
146
236
150
174
218
118
234
172
88
60
90
42
138
100
118
132
126
50
90
104
234
274
176
214
160
296
314
300
226
90
140
194
234
236
86
90
106
52
40
510
510
510
510
208
128
210
196
120
100
90
34
84
214
82
96
62
118
60
248
176
258
338
118
274
96
232
174
248
346
36
268
296
36
312
24
162
38
366
264
60
348
260
338
144
228
38
350
318
294
370
306
18
240
228
234
246
262
266
116
294
272
38
272
280
326
326
302
236
290
218
216
180
246
224
260
262
350
220
232
186
188
56
236
210
202
196
2
258
156
188
256
174
140
166
204
218
172
130
156
204
130
220
158
228
232
168
132
172
66
140
122
118
178
218
188
192
240
88
126
78
154
208
236
120
116
124
86
164
160
34
100
144
82
40
98
88
146
148
46
88
80
224
194
238
258
222
298
312
290
68
240
214
174
146
66
80
92
76
132
204
252
510
510
510
198
114
200
218
70
18
100
56
8
2
68
14
56
0
50
138
26
98
388
356
408
354
278
258
328
284
290
214
264
298
268
282
332
278
236
272
286
50
224
276
108
282
304
282
290
246
288
288
232
266
256
212
200
268
282
284
270
316
308
328
248
324
94
296
270
268
306
188
238
296
296
262
282
352
220
200
280
318
252
262
240
264
234
246
216
248
270
250
278
254
248
224
176
274
232
142
168
202
194
200
244
138
198
216
194
220
66
120
150
298
160
170
262
182
164
192
214
222
124
170
220
250
208
82
200
120
76
140
162
92
50
68
84
160
130
46
90
132
202
210
276
256
300
302
272
118
248
288
206
190
58
50
84
206
212
268
208
380
510
510
510
212
96
216
214
2
12
64
68
106
82
96
106
116
118
4
198
56
194
186
310
270
94
40
268
330
38
288
232
70
364
320
124
326
74
258
296
104
350
302
22
20
334
284
346
76
290
318
312
278
326
136
292
330
280
310
334
324
358
368
236
324
272
242
318
300
248
258
250
314
272
312
264
314
238
270
226
206
300
276
274
294
104
210
206
258
190
194
244
224
258
262
322
230
204
270
246
282
218
248
200
240
228
184
246
144
286
52
104
192
196
106
184
92
152
212
184
182
184
202
192
156
218
162
106
190
92
86
116
190
140
160
72
76
208
226
82
178
136
230
192
284
274
290
322
60
246
208
196
298
366
348
304
294
268
236
220
248
504
510
510
510
210
140
198
212
84
2
0
2
0
68
2
74
4
104
144
288
224
348
346
388
92
318
90
300
328
278
278
168
346
240
196
360
316
354
100
314
62
350
182
362
360
336
330
316
296
244
328
26
312
282
118
386
318
46
314
320
316
340
366
346
312
322
276
348
336
282
256
248
290
240
236
342
296
222
192
276
250
202
276
278
272
196
212
188
246
264
220
256
258
248
250
226
208
190
256
288
206
222
208
216
252
156
274
224
152
192
202
190
274
160
216
138
162
156
166
176
200
234
264
172
146
98
160
228
190
46
156
44
94
78
114
68
168
98
180
208
206
154
160
308
232
238
328
68
160
176
150
276
324
332
334
294
334
276
276
246
208
504
508
510
510
202
124
200
224
92
80
70
116
114
80
132
112
88
90
128
54
248
160
380
114
410
22
324
26
302
34
326
300
334
372
388
344
74
370
178
314
216
340
298
330
214
278
38
332
300
366
352
284
312
154
348
306
344
164
284
290
310
318
344
322
266
310
342
356
356
330
310
314
342
282
258
286
298
298
220
256
296
230
254
218
258
238
226
302
296
272
282
294
282
274
216
10
248
200
264
286
294
98
290
192
200
198
222
154
190
160
196
144
244
192
90
186
262
212
202
196
156
6
234
240
292
164
170
248
70
80
82
136
114
142
102
164
118
84
226
228
218
260
248
300
292
302
210
152
86
14
256
380
370
274
274
270
310
322
296
62
30
508
506
510
510
194
128
220
222
116
82
30
0
96
28
12
36
102
50
152
196
70
302
386
416
224
348
314
50
296
316
96
336
342
62
376
292
378
322
366
366
146
382
342
326
48
370
370
358
360
128
322
354
384
394
248
316
320
388
328
290
192
68
330
322
314
312
398
384
326
184
306
326
362
312
298
36
254
264
238
294
326
316
266
252
246
276
244
250
314
312
276
264
266
234
230
232
196
290
270
288
266
240
284
240
282
204
222
144
182
188
150
108
192
194
138
156
226
160
156
230
158
242
244
260
260
244
154
240
86
28
98
128
28
94
174
144
122
166
228
152
276
250
292
220
254
306
190
124
12
256
366
334
316
294
270
252
286
270
98
80
34
500
510
510
510
196
96
212
212
84
76
58
74
66
48
126
216
102
136
158
6
174
300
44
336
170
324
42
298
336
162
374
310
366
322
402
252
424
252
394
360
362
374
368
136
366
384
386
362
372
320
342
324
260
346
360
96
320
340
330
378
356
366
340
374
362
386
382
328
342
256
300
334
316
342
274
330
300
262
304
310
272
258
302
270
258
244
290
272
310
298
300
290
306
318
242
306
254
290
288
316
284
240
230
254
220
222
188
166
210
224
210
104
218
148
178
100
214
110
226
246
222
260
260
178
166
186
176
160
36
26
22
42
102
136
66
112
130
156
186
120
162
166
308
248
294
276
252
178
222
290
304
288
316
226
256
226
132
156
112
108
50
504
510
510
510
206
82
194
126
96
70
92
122
98
32
70
4
96
24
140
136
142
270
230
20
294
348
290
316
386
366
376
274
426
334
410
272
392
418
398
452
390
384
380
400
412
380
388
366
328
382
378
376
332
336
392
342
322
360
356
376
330
358
354
354
58
436
344
362
396
170
312
346
312
306
298
360
292
292
274
280
286
8
280
282
246
284
306
268
284
238
288
272
256
292
254
304
276
292
278
248
312
244
288
252
272
226
170
226
244
222
176
238
220
202
160
214
206
140
152
218
182
150
194
118
154
102
138
60
94
20
48
76
96
116
162
204
64
144
194
180
198
160
224
182
280
260
220
110
220
272
272
226
220
222
236
130
150
148
120
118
46
504
510
510
510
202
78
190
68
0
2
56
8
84
86
88
118
98
52
110
102
110
148
192
302
294
282
268
130
374
158
224
344
342
326
316
322
314
152
234
374
386
400
396
370
414
418
400
386
370
396
398
378
374
390
370
342
346
220
360
322
376
398
402
386
286
376
400
352
392
344
348
356
312
50
330
358
278
246
276
302
282
300
248
266
292
272
328
322
286
242
246
300
268
302
314
294
290
296
302
202
264
210
210
258
232
204
206
198
266
184
174
50
44
40
50
62
66
82
100
100
84
106
88
112
96
102
104
140
158
94
124
184
226
98
114
182
218
210
250
226
148
200
222
212
272
284
226
232
252
238
182
60
248
150
166
186
168
180
136
138
64
506
510
510
510
180
106
234
42
56
94
22
40
78
96
88
30
94
72
108
4
80
104
152
198
96
202
316
188
292
268
292
152
134
50
128
168
142
158
156
106
192
272
296
322
330
280
372
354
360
402
364
378
354
364
414
386
394
394
384
392
416
432
376
408
366
370
376
292
336
346
336
324
346
160
292
250
278
270
280
282
274
320
304
294
264
336
302
296
270
264
294
272
330
292
306
302
274
286
230
290
166
212
220
184
188
244
192
226
228
200
50
8
54
12
26
14
48
22
14
4
8
26
32
28
44
40
56
100
70
118
194
280
248
294
204
138
184
188
142
178
154
102
46
46
32
48
58
96
138
184
228
180
134
176
192
186
182
144
158
152
94
500
506
510
510
198
110
184
78
62
98
54
38
62
42
84
92
82
16
96
140
72
78
112
152
172
186
250
224
146
114
54
66
170
188
184
200
204
210
210
204
212
154
26
42
200
254
362
390
376
380
430
394
398
382
366
376
384
388
370
396
426
412
374
380
400
348
356
260
344
342
248
276
320
332
282
322
222
260
294
300
240
292
256
276
226
266
284
288
150
286
258
304
324
246
256
306
276
246
248
208
150
198
194
150
188
230
272
184
182
66
20
16
12
12
8
8
6
6
20
10
8
12
30
32
30
38
74
60
60
128
238
274
328
336
306
202
202
192
232
266
238
242
260
240
224
188
154
116
140
138
156
190
186
228
202
198
192
184
154
158
128
506
510
510
510
186
126
100
16
2
66
48
60
40
66
70
46
76
128
134
8
134
128
132
150
200
174
34
124
34
156
190
198
218
244
218
256
230
234
226
214
218
192
32
34
54
80
192
232
314
372
388
434
408
418
424
434
450
334
392
432
406
398
346
364
168
344
314
300
332
324
380
348
284
300
262
272
296
314
266
236
256
230
212
206
180
276
272
300
276
300
264
320
314
218
250
186
222
230
178
192
192
220
216
140
188
160
182
200
168
208
22
28
18
10
8
4
4
6
4
20
8
14
52
108
46
94
108
118
128
182
244
306
294
318
306
308
284
218
230
218
238
230
200
96
118
100
130
168
176
192
182
202
216
240
214
208
218
192
180
168
154
506
510
510
510
172
88
56
106
104
116
20
70
48
62
98
110
50
66
102
142
60
160
46
108
180
152
120
112
174
200
222
228
228
206
232
230
226
242
230
236
236
182
82
62
102
94
134
106
170
208
300
262
232
368
330
384
406
370
378
406
358
388
410
448
376
340
322
300
320
360
338
296
270
314
282
292
308
290
298
282
232
258
228
268
254
298
204
226
298
298
332
326
304
210
224
230
204
200
172
214
170
208
200
192
164
168
152
176
228
208
262
10
8
16
6
12
6
6
8
8
12
20
48
20
48
66
72
150
224
254
274
312
342
312
330
298
284
290
372
350
378
224
146
138
150
138
158
154
164
212
216
194
206
234
206
192
198
190
194
186
154
504
510
510
510
188
116
86
16
6
50
54
56
96
100
108
4
100
132
102
162
144
36
240
56
212
26
156
196
234
242
242
232
240
246
254
238
254
264
238
246
224
166
144
68
186
54
68
112
98
82
176
208
246
294
312
362
386
400
420
380
372
402
362
360
336
354
346
294
306
316
328
332
322
304
314
318
320
364
348
318
312
274
224
98
258
294
310
284
350
306
352
342
262
302
294
266
218
236
212
192
252
258
256
288
218
200
224
206
302
276
256
242
166
42
22
8
20
14
10
16
28
26
42
36
44
104
158
266
310
320
318
332
304
330
374
378
386
382
424
414
442
364
156
180
172
154
168
186
184
200
230
226
230
212
216
210
206
186
214
186
144
502
510
510
510
198
86
44
88
64
50
68
2
96
90
112
92
58
86
80
32
142
218
8
140
132
200
234
222
246
248
192
236
242
242
238
230
240
258
254
244
246
96
42
36
44
78
78
72
156
150
154
174
156
186
182
302
352
336
358
356
330
350
402
354
354
350
342
338
324
318
288
348
310
316
266
308
318
278
236
200
98
142
168
174
198
244
290
312
356
350
298
334
272
294
314
288
306
318
294
268
286
302
224
292
274
268
282
264
292
222
288
296
286
276
142
42
10
18
8
12
12
12
22
20
16
264
266
254
232
130
88
394
402
394
434
432
418
444
42
460
478
480
206
188
188
164
172
184
176
184
216
206
204
214
212
212
208
198
188
182
162
492
510
510
510
194
58
52
6
16
80
112
106
84
88
56
70
52
140
156
184
206
104
30
156
218
232
258
250
240
250
260
240
270
238
264
252
242
246
250
242
186
88
60
60
38
38
76
108
110
94
58
116
124
144
196
212
212
32
260
286
336
308
334
330
340
318
332
300
304
280
192
112
66
56
60
48
86
78
88
108
96
74
128
124
256
280
276
228
266
240
230
272
246
266
270
254
242
230
248
260
274
280
272
278
282
294
300
288
266
282
312
278
296
274
258
260
272
278
264
222
252
144
40
80
100
118
148
150
160
120
116
138
36
472
50
484
44
436
476
488
478
494
186
212
204
180
194
186
190
196
204
206
204
196
218
198
242
212
192
184
156
490
510
510
510
220
88
94
52
102
4
58
112
16
154
76
132
112
106
158
188
44
92
188
228
222
250
242
268
266
258
248
246
254
242
240
236
250
260
260
238
126
116
142
80
16
64
58
42
74
68
76
150
118
120
168
142
72
130
152
142
128
146
120
122
176
254
234
272
266
204
70
58
204
200
202
162
136
110
60
52
70
112
94
112
206
226
238
252
256
264
228
228
266
244
270
244
222
218
216
220
238
230
242
280
298
268
262
254
194
110
94
90
102
102
98
120
98
100
100
112
120
122
128
120
156
156
178
174
192
160
140
202
486
444
42
476
44
492
74
492
498
496
210
234
196
222
204
206
196
202
200
184
204
214
188
196
200
200
186
170
160
476
510
510
510
234
86
10
2
10
66
0
132
48
160
172
14
170
192
6
198
128
208
204
250
264
244
258
270
246
256
266
268
240
246
248
240
250
254
244
248
112
78
52
54
80
82
68
62
56
56
128
154
102
92
112
148
166
182
192
180
184
172
148
138
146
124
126
114
90
88
78
14
12
12
12
18
14
8
18
28
78
80
50
54
44
50
54
66
82
58
62
66
48
72
62
68
66
62
84
52
54
48
70
70
104
128
138
124
140
128
152
134
114
136
158
110
122
158
156
164
126
148
164
164
158
202
164
188
182
178
142
492
484
492
292
78
78
158
372
486
496
496
220
216
204
200
200
210
190
200
184
190
248
224
200
220
190
214
198
176
136
446
510
510
510
252
74
62
88
60
100
114
88
130
20
158
158
140
14
74
180
220
242
244
234
236
272
234
264
260
260
248
260
266
252
232
246
242
244
250
228
124
100
112
94
84
54
56
58
74
84
126
72
100
192
204
216
190
206
210
206
218
190
186
174
162
168
160
162
148
136
40
22
24
14
14
24
14
14
16
58
34
42
68
106
122
124
98
106
98
94
100
100
92
78
104
96
94
116
102
134
132
82
72
100
116
144
140
130
128
160
136
178
154
194
240
248
234
266
250
266
278
302
262
290
288
328
314
294
296
310
278
98
488
490
450
244
268
292
334
340
348
420
278
390
390
388
388
362
342
394
352
374
196
192
228
220
208
206
192
166
120
386
510
510
510
274
98
28
4
84
4
126
16
128
136
188
122
166
130
216
226
248
236
248
236
242
252
258
234
248
260
258
244
254
238
258
250
260
248
244
202
150
254
86
94
110
78
44
74
70
134
174
184
162
200
208
216
230
238
246
274
280
284
288
306
296
298
306
310
288
290
254
128
58
50
44
26
32
30
60
126
254
268
260
252
250
278
264
272
258
254
262
252
250
270
274
270
264
278
276
292
288
266
280
270
296
308
290
278
286
316
320
308
298
308
278
298
302
298
306
282
284
316
318
320
268
350
302
322
312
300
304
298
338
316
286
326
362
310
330
348
376
348
348
432
454
426
384
400
402
378
380
402
190
216
214
218
216
200
180
178
116
320
510
510
510
302
58
70
64
86
98
128
100
126
176
98
164
312
304
378
390
346
354
372
298
368
332
402
374
362
334
382
344
350
278
354
384
362
356
344
356
220
168
138
118
88
128
246
312
328
376
328
336
322
280
336
324
322
354
332
348
322
326
326
312
296
300
312
318
306
316
290
288
300
286
302
272
234
270
274
278
260
262
268
280
264
282
268
262
278
294
270
268
278
280
282
282
284
276
278
298
224
292
286
260
284
172
302
286
310
312
274
300
294
94
336
264
306
304
314
346
308
316
320
136
328
312
354
322
338
288
322
336
322
244
318
360
352
354
346
366
368
378
376
428
424
402
348
394
380
248
402
356
234
224
240
198
226
202
218
178
134
278
510
510
510
334
80
38
102
94
70
118
118
78
128
298
330
374
360
342
350
376
362
370
300
362
328
406
380
268
382
376
362
358
286
360
350
374
368
268
364
336
320
354
276
324
356
362
362
304
334
348
336
344
260
342
356
348
332
340
326
342
330
312
328
304
336
316
306
304
316
328
310
314
294
306
282
286
284
306
276
294
296
276
310
274
254
268
278
274
296
264
294
298
290
292
246
298
300
300
300
228
314
306
290
346
212
320
310
328
290
258
330
328
328
328
218
314
342
326
346
302
296
346
304
334
300
298
346
330
336
324
220
352
330
326
340
244
358
366
378
382
352
422
446
450
460
440
350
400
432
416
364
226
244
238
224
206
210
216
200
122
234
510
510
510
382
74
36
70
122
94
66
14
170
362
358
308
344
350
342
376
380
370
336
282
374
388
378
364
292
342
344
366
352
280
358
356
378
374
272
364
364
344
338
280
330
342
350
330
268
346
346
350
360
242
342
348
356
352
328
286
348
326
310
328
294
326
326
330
320
190
322
316
318
306
202
280
294
298
294
262
316
318
288
292
244
294
284
288
298
214
266
294
320
298
270
258
310
312
332
306
284
280
264
260
242
158
168
190
198
216
232
240
258
220
328
342
286
242
326
342
320
286
338
328
358
360
338
342
350
348
316
332
350
376
354
374
358
382
352
370
364
388
432
410
454
432
420
424
416
446
418
402
214
212
256
220
224
232
220
198
120
224
510
510
510
394
82
90
84
94
56
196
234
246
394
346
346
332
286
344
400
386
368
358
340
352
340
368
360
312
340
344
354
342
292
382
386
334
354
254
370
316
362
384
250
342
348
352
334
250
310
300
334
250
212
226
220
252
232
252
258
290
322
324
346
342
316
336
328
326
316
304
294
298
304
232
308
294
292
278
310
316
290
284
298
304
298
294
286
304
318
290
294
304
300
308
300
316
310
312
342
314
320
312
338
310
344
330
338
348
362
370
356
350
322
354
360
340
228
352
350
350
314
334
344
330
356
348
344
310
328
354
348
366
340
352
340
352
366
378
350
398
406
408
424
448
432
416
438
450
292
432
406
196
182
214
224
228
232
232
188
134
220
510
510
510
432
104
182
218
232
214
222
266
228
370
348
346
366
394
370
370
338
380
384
348
382
384
354
380
370
376
362
292
354
368
376
338
370
376
344
350
368
366
346
360
370
360
346
336
360
352
358
372
366
348
340
338
330
350
344
320
336
334
362
364
356
318
332
316
324
320
320
322
320
316
220
320
308
296
286
318
302
328
294
300
306
312
292
280
320
314
284
312
316
302
314
322
306
322
336
346
334
310
336
296
306
320
284
316
316
354
214
360
362
322
328
358
370
246
314
344
354
260
140
356
372
352
322
342
350
370
224
340
370
380
342
370
358
378
400
400
368
380
400
404
424
384
434
442
476
442
462
438
214
202
204
222
218
234
226
190
138
214
510
510
510
468
104
228
220
228
244
250
222
226
368
372
354
342
376
348
370
386
378
370
384
370
380
410
396
350
384
360
276
388
378
334
340
344
362
356
354
342
372
386
380
380
364
354
360
324
344
370
380
240
354
336
340
208
340
362
336
332
334
342
140
340
334
336
160
302
316
328
322
316
320
186
298
298
318
226
264
300
314
300
86
298
326
320
306
302
334
318
334
312
312
336
306
356
316
340
322
344
340
328
328
346
336
344
344
356
330
348
334
382
378
348
322
374
342
370
348
388
370
350
352
372
324
338
342
346
338
360
358
374
398
386
380
386
386
406
378
394
378
392
402
390
426
444
440
452
440
478
446
184
210
210
224
238
224
232
190
140
222
510
