510
510
510
510
198
238
274
258
278
254
260
278
266
48
150
126
142
146
138
136
134
162
180
172
152
146
158
162
164
174
178
182
186
176
172
196
188
206
196
206
184
226
208
228
202
202
226
228
212
190
200
202
210
230
202
216
244
244
238
236
214
226
236
226
242
208
238
222
232
192
266
254
262
256
262
278
264
266
168
296
286
236
302
350
364
378
350
328
314
326
312
322
314
310
320
322
328
344
336
318
314
314
338
268
284
324
374
380
344
362
320
326
350
340
322
334
338
326
330
308
320
330
318
312
330
312
334
332
314
316
328
326
312
308
316
332
320
324
316
326
332
338
326
336
338
338
342
350
346
350
334
336
334
300
250
304
350
302
240
224
232
510
510
510
510
194
280
262
258
258
264
254
246
250
80
150
136
136
158
134
142
158
154
146
162
138
146
150
176
168
180
182
164
178
174
204
174
214
208
202
186
210
210
240
196
210
204
218
210
192
212
188
182
202
186
202
216
222
218
220
226
244
194
228
230
232
234
234
228
220
238
240
254
244
236
252
248
280
266
280
292
226
256
254
208
228
230
204
208
216
214
252
312
332
366
330
358
370
370
336
346
332
362
378
348
380
370
372
366
358
362
356
300
328
324
346
364
354
344
324
340
322
318
332
330
332
318
324
318
312
320
326
312
314
328
318
328
332
334
322
342
328
356
342
358
360
344
352
354
352
358
338
350
354
352
346
346
334
272
244
240
236
510
510
510
508
204
266
230
252
250
250
198
186
90
88
150
140
140
154
142
128
154
124
166
144
150
154
150
158
174
154
174
146
158
156
176
174
184
208
206
188
212
204
212
224
202
220
226
228
216
216
204
176
188
184
184
188
216
252
220
200
222
240
234
224
232
216
226
224
230
224
232
246
226
240
252
270
286
276
298
218
232
246
210
214
240
232
226
204
218
212
186
182
214
230
250
222
224
210
238
308
354
364
382
382
392
380
378
366
352
348
366
358
334
366
346
362
356
350
310
332
318
316
320
338
324
316
316
320
324
318
340
308
322
330
312
332
322
336
334
334
328
346
352
338
370
342
348
346
346
326
348
350
350
344
354
360
340
248
244
242
252
510
510
510
488
180
286
230
238
236
210
158
144
60
68
58
118
146
150
152
144
154
144
172
156
158
168
160
160
178
162
184
174
170
168
194
178
176
210
214
206
202
204
202
212
220
198
210
214
220
238
212
216
182
206
202
232
260
264
218
212
216
232
242
242
234
234
244
260
246
230
242
234
232
238
254
282
294
290
282
212
228
232
232
202
244
246
190
182
186
186
212
182
212
212
210
254
210
200
196
264
276
268
274
268
268
262
300
326
362
356
358
358
362
348
336
342
356
350
332
316
330
330
322
324
326
262
318
336
338
318
316
308
272
322
328
328
338
322
334
326
342
354
344
346
350
352
352
354
354
358
362
356
362
346
350
348
370
254
250
246
254
510
510
510
350
198
268
230
236
240
184
120
130
64
58
72
146
82
18
72
118
140
168
174
166
158
156
156
178
172
176
172
178
178
166
152
174
160
190
216
166
212
214
194
204
210
210
226
220
232
214
216
246
214
234
226
224
208
198
210
232
236
248
238
248
246
248
236
240
234
260
248
234
258
264
278
306
316
298
310
238
234
220
262
224
248
252
226
246
236
250
210
198
206
214
278
246
222
260
202
270
270
274
264
264
278
238
242
272
272
272
274
278
286
290
300
326
324
336
352
338
338
330
326
328
334
348
332
316
342
330
336
322
288
328
336
334
340
334
332
274
344
364
348
338
364
352
330
356
346
338
356
346
362
354
360
338
344
230
246
230
232
510
510
510
276
186
266
236
240
238
158
130
66
108
72
104
108
148
186
230
236
260
270
318
326
242
192
190
176
180
178
192
190
172
194
202
190
190
186
208
220
216
194
178
204
200
222
216
224
200
208
220
220
202
248
236
238
236
198
240
246
250
252
246
244
258
234
242
232
246
252
272
220
212
218
280
300
306
300
310
156
300
240
240
272
250
254
252
268
258
248
260
258
268
270
252
220
258
256
264
272
290
280
284
268
266
260
260
274
276
288
298
282
282
300
296
296
290
304
306
300
310
330
324
324
338
330
348
330
350
322
330
318
332
326
332
322
332
344
354
278
338
328
344
346
348
358
328
360
350
354
364
358
350
348
350
358
348
242
240
254
254
510
510
510
246
226
250
238
244
242
112
140
114
104
84
74
70
124
192
150
244
244
234
234
248
262
284
248
258
260
260
330
342
314
200
210
200
204
206
206
182
182
200
218
214
222
224
216
204
196
216
220
222
212
216
224
252
244
238
252
262
250
252
248
256
262
256
274
264
258
244
238
214
226
274
294
288
306
320
308
266
244
246
228
308
256
288
266
250
246
256
240
256
270
280
282
274
260
264
272
280
288
258
282
264
286
298
350
294
272
286
284
296
282
312
286
304
302
292
310
312
296
342
342
338
322
336
324
338
368
370
348
318
314
330
334
348
342
360
340
346
358
328
352
336
338
362
356
342
360
348
356
358
354
266
366
366
340
254
242
242
252
510
510
510
206
226
226
224
226
230
136
94
72
78
64
68
84
32
124
306
160
246
238
260
272
284
264
248
270
262
258
272
274
270
272
264
264
248
266
336
362
298
262
208
210
218
194
208
218
222
222
230
226
224
228
236
228
272
246
226
256
254
246
266
272
270
266
264
272
268
250
292
282
300
292
284
326
296
320
240
234
244
256
224
234
274
242
270
274
260
198
252
260
262
284
284
276
268
268
258
264
286
290
268
320
322
320
360
336
296
306
300
294
320
288
306
328
306
328
304
300
284
368
342
348
356
362
346
364
392
400
372
374
364
370
380
394
410
404
388
362
322
336
338
366
350
360
354
358
364
358
368
344
370
344
364
348
340
242
244
252
230
510
510
510
184
266
240
236
238
222
98
70
64
28
76
62
104
82
82
110
146
144
208
254
258
246
274
270
252
274
272
260
254
266
256
272
266
266
288
272
248
266
252
256
242
244
262
310
318
276
176
154
186
212
226
262
250
250
248
240
248
270
264
258
270
280
278
258
274
278
284
270
298
288
298
284
308
292
214
242
238
242
218
248
266
282
270
270
266
260
248
268
256
278
264
284
284
286
252
246
264
298
264
362
340
318
304
344
346
302
302
264
280
310
302
296
306
304
294
324
296
300
358
378
370
356
366
344
360
378
378
378
388
386
368
386
456
424
434
428
444
432
446
458
484
474
466
430
378
370
360
378
376
372
360
356
362
318
248
244
234
258
510
510
506
180
252
222
236
240
100
104
86
90
82
62
100
80
0
84
58
104
250
8
218
256
258
282
248
280
256
258
266
238
270
252
292
256
268
262
276
266
256
268
288
246
246
268
270
270
272
284
286
292
278
284
300
354
308
230
160
180
206
228
254
252
252
268
268
274
312
302
270
296
290
266
244
234
240
240
228
232
244
226
224
256
264
260
262
258
278
246
266
274
272
268
280
272
264
294
282
280
270
268
298
322
308
306
338
348
304
282
294
248
312
320
308
288
336
338
344
344
352
372
372
346
362
356
358
376
396
398
388
384
392
398
384
456
440
434
432
454
440
424
482
480
492
488
494
492
476
510
510
506
504
494
460
392
270
248
236
250
256
510
510
488
172
232
232
228
232
102
92
110
20
40
88
66
2
108
90
82
24
122
200
114
202
262
254
270
246
276
264
264
272
252
270
270
286
264
260
288
270
282
266
258
266
278
238
272
268
302
300
294
290
292
258
272
302
302
292
304
256
258
246
256
302
346
286
230
290
276
274
282
280
152
96
138
150
164
146
118
206
234
150
120
244
260
266
254
258
242
264
254
280
278
290
258
272
274
278
284
294
274
290
258
326
310
304
340
290
296
286
308
318
304
298
312
304
332
342
336
314
370
368
352
324
352
334
350
368
404
452
376
386
380
408
404
458
424
444
436
460
434
432
488
486
486
488
492
500
492
510
510
508
498
504
500
486
256
236
246
242
234
510
510
368
160
228
218
234
242
140
88
70
52
60
68
74
92
52
64
62
106
46
128
54
114
200
236
246
270
254
272
258
254
282
262
302
274
254
254
262
248
268
254
236
262
256
264
246
264
262
256
252
268
246
268
272
276
292
298
306
256
286
302
256
262
254
262
274
296
276
290
290
364
58
52
66
12
58
88
192
98
90
278
288
286
286
138
48
130
254
258
248
282
280
266
282
270
274
276
296
292
284
272
280
276
274
272
290
294
304
310
284
286
294
292
304
320
314
338
342
340
344
336
338
340
334
332
342
340
342
344
380
390
390
402
412
436
432
442
428
430
434
424
492
466
486
494
488
494
474
510
508
498
502
502
500
498
256
246
244
244
252
510
510
256
164
238
232
234
224
114
92
84
14
70
50
42
50
54
78
12
66
84
128
160
204
196
198
238
270
258
232
260
246
248
256
248
244
270
264
254
276
272
280
268
230
254
254
236
288
256
264
252
258
262
262
258
250
260
272
258
288
288
290
252
256
246
292
318
416
286
270
232
76
66
82
48
106
32
14
52
68
20
136
240
136
186
204
52
186
128
116
202
30
272
280
270
268
274
264
276
286
274
280
276
268
272
282
288
294
272
284
288
276
278
314
288
288
296
294
320
310
348
366
348
322
322
336
354
360
366
382
372
358
340
394
416
436
434
430
426
430
448
448
484
470
486
410
482
494
484
504
504
502
506
506
500
500
258
250
250
250
264
510
510
240
176
246
230
232
218
100
90
102
54
82
24
66
98
76
64
62
100
160
88
134
126
122
178
172
222
242
260
254
244
252
258
256
282
256
274
262
272
264
264
190
184
238
244
270
266
270
256
236
260
264
246
274
250
258
272
250
252
260
266
282
296
258
310
426
364
284
218
104
22
6
22
4
2
16
2
32
94
42
146
66
42
84
114
78
44
158
130
142
60
80
188
124
118
102
90
102
78
96
116
122
216
220
270
290
272
266
292
278
276
270
274
286
286
292
292
292
278
326
334
336
332
328
334
332
366
362
366
356
386
362
376
412
422
430
424
434
444
434
456
472
468
490
486
484
490
484
502
504
506
506
500
502
492
254
254
234
240
248
510
510
202
196
228
238
228
242
84
88
62
92
42
38
68
22
96
82
80
56
84
72
86
154
122
142
188
50
204
256
258
252
254
252
246
264
242
258
250
256
176
2
110
110
154
30
106
236
256
254
254
258
254
272
274
276
258
244
230
288
274
248
244
282
250
244
256
282
212
130
54
2
14
0
18
8
44
112
0
14
118
82
116
162
192
146
146
248
52
104
214
112
88
194
92
106
188
208
140
116
62
62
44
90
48
70
92
108
136
88
82
66
14
26
30
38
38
42
50
122
204
244
278
316
308
334
312
332
332
346
338
366
376
374
390
412
434
436
426
408
448
478
466
466
470
480
480
470
494
504
498
502
506
504
500
466
260
236
246
246
240
510
510
156
236
234
230
224
222
112
100
90
96
62
46
48
84
78
80
60
106
114
62
118
150
138
224
194
210
50
210
250
236
220
252
266
250
230
254
258
168
16
38
154
76
178
214
86
80
70
90
82
84
120
56
122
52
86
32
104
70
82
38
78
88
26
108
68
50
40
82
38
94
6
46
48
36
42
130
40
188
246
198
180
166
240
248
198
238
202
114
220
84
172
184
158
164
86
152
138
110
156
124
86
60
128
78
32
110
98
146
142
78
48
86
116
60
68
44
84
62
48
52
70
44
60
80
76
70
66
106
154
230
310
360
400
408
410
418
414
398
440
440
474
464
444
464
444
466
476
498
504
504
504
498
500
398
244
250
246
242
256
510
510
128
220
224
224
242
236
74
118
118
150
166
132
40
76
72
126
106
22
88
64
194
108
104
300
312
224
136
116
92
32
202
224
232
228
236
242
158
152
98
98
2
112
2
68
4
16
104
106
98
152
156
136
144
148
164
176
216
98
156
202
124
222
288
270
150
172
124
182
136
108
120
158
74
168
132
276
134
86
132
262
8
122
328
150
178
318
138
136
152
324
200
228
226
206
184
166
184
148
8
86
182
188
110
154
116
204
98
68
122
50
66
82
98
144
98
142
64
42
42
70
52
74
118
88
82
76
104
126
58
122
56
88
86
140
156
238
372
400
396
462
450
426
438
440
444
468
492
504
496
506
506
504
500
294
248
234
234
228
250
510
502
144
252
232
240
228
240
50
80
52
20
42
0
46
70
78
62
0
74
108
190
220
128
234
242
284
244
166
164
154
108
108
18
14
114
80
76
128
108
10
114
142
4
24
110
190
126
68
212
202
218
146
218
208
232
224
212
240
204
158
180
222
130
58
116
118
236
100
238
128
74
276
192
4
182
92
110
202
4
258
234
256
210
276
234
34
258
248
254
252
246
276
214
272
204
118
334
310
264
260
286
280
258
188
246
338
318
238
200
230
188
122
158
182
240
202
188
200
98
152
196
170
88
236
190
210
150
110
144
156
168
186
138
146
56
96
46
54
114
124
244
402
436
444
448
448
464
486
500
478
498
498
504
500
242
240
234
220
232
234
510
392
158
228
240
244
240
238
64
60
54
48
30
50
52
54
72
10
60
66
154
172
244
276
276
214
78
172
318
312
296
268
322
244
240
300
88
184
310
320
296
158
288
106
272
232
272
316
156
250
74
168
222
286
286
300
142
248
314
188
234
272
218
252
282
280
338
258
312
264
232
296
6
208
246
210
206
248
50
166
276
258
348
16
262
184
228
238
286
346
270
206
320
270
272
368
258
322
206
214
106
230
200
284
206
248
210
232
176
166
108
82
134
226
68
166
212
290
242
186
80
176
194
246
250
278
194
202
258
136
174
196
94
78
82
108
44
84
70
64
112
102
94
108
170
290
430
434
452
498
492
496
496
490
486
234
236
232
228
226
220
510
260
154
234
246
224
244
244
108
94
68
8
12
24
8
40
44
60
82
38
206
270
272
120
288
192
246
258
260
66
154
344
42
322
86
338
140
276
360
352
158
250
158
282
340
70
264
350
282
316
344
216
402
364
338
328
266
338
312
288
372
322
344
210
114
122
170
262
236
272
220
280
240
270
296
198
244
348
206
392
12
368
270
260
260
286
278
230
276
156
280
308
266
258
214
178
288
176
154
176
202
208
194
230
244
314
198
168
114
262
178
184
162
168
240
130
186
114
342
194
184
76
244
178
166
196
100
162
242
234
150
98
152
100
146
112
48
128
170
90
182
110
100
80
100
64
94
190
244
412
484
498
500
488
498
232
234
226
230
220
214
510
240
150
232
236
252
234
206
126
124
70
86
64
70
78
80
54
116
16
124
170
144
274
280
256
334
96
268
290
306
238
292
296
298
26
300
304
330
334
92
332
332
198
148
402
352
338
322
344
316
314
384
174
276
366
274
372
292
250
62
320
106
290
220
296
276
8
316
318
166
248
250
160
238
278
252
224
180
142
260
226
194
332
212
290
170
268
286
280
306
256
254
318
222
330
342
214
300
314
372
304
146
146
170
200
202
236
256
288
112
206
118
254
100
100
120
92
110
202
226
140
180
98
190
174
214
136
278
194
272
248
146
120
130
80
62
120
114
124
128
88
158
150
194
126
112
76
86
88
88
180
258
464
482
464
246
232
220
222
198
206
508
192
150
224
228
236
256
132
196
102
50
24
32
28
32
2
74
0
86
8
204
260
264
36
362
334
304
46
304
34
292
124
24
332
314
36
44
320
334
346
66
308
316
342
306
200
254
92
322
272
56
314
278
332
334
42
370
154
338
220
234
350
204
336
268
226
274
252
244
238
188
208
6
220
200
126
288
104
154
142
226
144
212
238
232
148
196
364
236
286
288
272
204
296
242
306
230
364
292
138
194
244
244
230
236
224
212
156
214
188
210
144
186
190
236
210
80
222
160
106
64
136
160
102
114
152
170
202
194
144
180
96
88
132
178
126
104
94
144
196
124
160
162
224
198
188
156
112
56
58
94
74
104
110
436
208
222
238
222
226
204
510
132
184
222
256
238
238
58
14
34
44
46
30
56
60
56
104
136
88
90
154
250
296
50
294
22
260
262
270
290
334
354
330
276
296
292
332
346
36
94
308
34
298
236
264
322
288
298
296
266
290
246
276
186
252
256
254
256
194
256
202
208
234
238
240
236
264
244
224
226
186
280
246
244
194
258
174
278
106
200
166
212
162
262
158
250
308
296
296
90
268
224
268
348
320
260
264
340
258
306
508
206
400
254
260
274
110
154
144
232
502
418
262
288
480
234
380
472
376
312
494
508
132
168
238
234
124
144
78
172
78
60
120
170
70
170
90
98
102
100
100
162
200
212
248
210
152
120
84
198
248
270
186
122
98
80
216
226
222
214
220
508
116
282
214
262
244
126
72
48
46
34
90
282
64
130
76
54
50
66
88
200
258
294
250
248
328
332
310
286
314
302
36
300
292
160
298
44
256
258
282
162
276
310
276
350
20
264
188
318
266
254
234
256
334
124
244
228
256
170
210
276
226
244
252
272
252
200
260
226
254
298
270
248
254
162
270
226
212
182
134
80
292
124
248
170
136
264
246
188
148
186
258
282
496
312
260
314
310
474
296
304
258
392
362
278
300
280
288
368
202
190
250
178
272
266
212
498
112
84
212
102
96
174
106
176
408
104
256
326
88
78
168
198
116
18
56
130
76
50
68
134
158
198
208
186
186
176
168
402
62
30
368
186
200
86
166
122
146
200
214
234
484
118
242
230
238
204
96
48
48
66
92
74
66
36
62
210
72
40
28
110
224
252
14
298
362
284
24
292
160
316
308
326
336
134
264
248
326
38
288
320
294
306
304
272
288
290
122
196
244
246
210
190
254
282
300
256
74
286
242
182
228
308
272
262
266
276
288
228
170
196
288
302
284
236
174
210
186
176
194
208
262
184
174
156
220
172
234
254
224
272
172
236
238
228
194
40
494
260
318
436
338
292
240
252
290
68
190
116
126
160
148
174
146
140
132
176
186
100
196
150
144
162
208
276
292
174
42
288
206
284
120
58
78
58
38
78
78
92
74
26
94
122
160
38
170
142
168
178
372
24
16
258
256
238
204
78
86
82
94
216
208
322
122
228
214
234
120
54
50
50
52
40
58
46
56
68
58
48
62
24
94
138
196
268
148
302
312
40
320
356
80
346
314
142
334
328
352
282
334
236
208
322
24
284
316
274
296
40
294
288
296
264
240
274
276
272
268
208
188
198
222
208
86
230
232
230
238
260
214
206
250
36
208
240
198
180
128
114
146
28
244
248
240
196
268
268
272
52
284
170
132
200
246
246
226
188
178
214
200
264
262
110
154
224
146
188
168
116
84
222
230
226
256
88
190
140
130
216
152
252
236
116
116
162
238
88
124
94
178
132
90
114
132
64
46
60
62
64
262
42
48
46
176
76
94
38
114
150
138
314
326
296
420
218
142
164
178
210
150
106
186
224
242
130
304
238
204
102
62
44
16
2
34
56
2
62
44
62
70
44
48
102
184
200
282
258
336
338
346
36
360
348
376
332
314
360
366
342
294
330
326
332
334
364
322
352
282
224
334
340
266
342
340
292
320
30
256
242
248
218
264
284
272
72
242
262
260
282
246
210
284
276
262
252
222
192
208
240
180
104
62
220
294
244
222
268
250
278
248
306
112
128
246
138
132
170
198
202
164
220
238
212
162
194
138
186
184
210
114
212
210
232
168
88
96
78
88
112
84
52
154
104
52
46
54
122
92
36
54
138
122
46
68
98
100
20
20
98
60
262
22
26
48
172
120
82
46
42
184
174
98
136
108
162
246
302
242
132
148
286
288
204
202
208
144
196
232
76
86
64
70
50
36
52
62
66
38
76
4
76
46
82
68
36
190
246
294
304
332
356
330
344
346
364
406
376
360
354
346
150
366
366
348
378
316
14
384
382
260
330
246
262
130
308
270
168
282
262
254
318
290
254
308
276
296
264
226
204
262
238
164
220
204
250
208
202
164
220
164
140
200
146
158
232
208
144
210
206
252
192
180
142
126
236
150
234
192
144
146
170
210
142
246
186
278
228
260
260
220
98
204
162
174
200
170
92
88
94
126
166
162
68
134
134
86
132
170
92
122
58
214
128
42
92
56
96
294
98
66
34
164
56
28
88
152
254
162
132
254
184
236
302
324
326
258
122
60
122
204
330
160
204
172
188
160
154
212
222
72
38
30
18
20
58
30
46
58
64
54
36
38
56
48
106
100
84
236
282
230
164
324
310
308
346
356
350
354
332
364
362
426
408
394
396
358
342
370
368
372
186
342
312
320
316
288
334
314
284
302
312
18
276
312
296
274
260
202
228
226
262
286
280
180
194
218
296
262
180
112
242
124
112
142
172
122
170
190
192
220
248
240
208
246
230
134
200
196
256
180
194
188
258
234
222
236
218
200
252
172
208
202
114
104
218
210
186
88
156
100
94
72
100
204
106
108
110
116
130
124
130
182
172
132
22
24
22
322
274
50
34
48
66
40
14
36
186
272
222
258
264
288
330
308
108
174
200
84
212
324
172
130
134
190
188
190
126
164
212
214
86
56
64
60
70
4
50
44
44
26
42
48
70
70
58
48
104
168
206
254
258
276
120
272
258
232
230
58
52
102
102
160
262
314
332
358
370
376
358
402
284
330
334
324
322
304
320
342
308
314
292
312
276
310
342
304
330
316
282
256
278
284
238
314
316
188
310
224
164
156
110
138
152
186
228
128
230
232
248
258
302
214
192
256
200
246
164
206
194
216
232
178
214
274
196
206
256
246
238
252
210
264
184
168
206
160
176
176
150
112
76
116
222
172
190
138
142
238
160
168
204
104
206
108
104
26
30
24
26
22
18
46
78
40
64
68
152
250
274
282
284
306
272
290
88
170
182
214
294
122
102
132
118
148
232
184
164
104
176
206
112
108
100
88
54
0
72
42
54
46
48
56
54
110
14
166
54
130
184
168
170
190
160
82
64
128
122
128
158
174
166
174
160
156
132
158
32
46
162
298
318
338
392
348
394
336
350
332
342
338
306
310
318
296
314
312
298
270
322
322
306
330
292
306
282
264
262
248
220
204
230
230
190
200
194
234
226
170
258
232
270
216
194
258
256
230
262
202
238
238
194
220
216
206
202
190
240
250
264
260
238
272
234
234
208
232
188
222
128
74
190
122
180
204
144
64
130
182
194
150
146
212
198
196
40
40
96
36
28
38
30
34
22
162
96
108
102
222
296
264
324
340
344
268
114
224
178
320
148
206
276
254
242
180
312
296
172
164
102
190
212
122
102
92
60
54
48
58
58
40
66
62
118
132
140
98
140
150
130
130
124
68
114
132
136
188
202
186
218
206
216
198
232
214
208
218
192
44
8
30
132
216
286
358
372
374
340
382
322
340
352
342
352
364
340
336
322
292
298
352
288
272
296
326
244
274
288
270
254
302
236
214
212
224
238
246
250
242
212
216
244
216
286
210
256
244
160
222
270
182
238
186
256
266
236
242
252
246
254
252
274
238
186
274
204
190
192
202
242
260
138
158
174
186
202
196
198
148
258
240
198
248
232
178
0
96
32
76
66
24
38
128
34
48
130
114
80
222
216
214
316
318
330
304
98
132
208
350
432
394
368
270
218
262
236
188
142
220
172
130
188
214
110
78
76
68
6
84
62
48
96
110
106
148
136
142
192
36
130
90
148
190
192
178
218
226
228
226
210
240
262
242
216
214
258
236
236
212
192
10
24
46
84
114
228
318
338
400
380
394
366
380
344
358
366
306
322
332
332
358
302
272
286
278
292
254
278
264
280
278
270
220
318
212
212
172
234
198
286
242
252
264
274
282
292
256
244
294
266
260
328
290
246
246
252
218
286
274
256
254
204
222
202
232
262
260
268
188
198
116
180
118
78
132
168
204
104
136
262
272
220
194
186
202
244
78
32
40
50
58
60
48
102
48
192
166
174
188
260
262
220
290
340
286
122
98
194
394
348
262
266
224
184
206
276
222
264
218
158
192
124
216
192
120
64
72
64
84
106
110
116
158
184
132
142
134
150
106
144
200
216
250
244
226
234
258
240
264
250
268
246
258
258
238
240
234
252
222
238
64
58
44
50
72
72
82
118
162
264
354
340
356
376
348
370
402
338
360
350
346
336
296
304
306
326
226
294
292
300
324
228
264
282
250
244
232
210
206
284
232
230
238
278
276
172
242
268
196
262
248
302
316
244
270
292
248
284
302
288
252
290
316
286
228
268
282
286
274
276
188
202
176
194
74
124
106
198
206
184
84
170
180
146
172
104
120
14
6
6
40
62
70
78
68
152
108
282
266
248
274
324
244
198
272
240
218
276
288
290
294
292
242
266
186
300
234
284
162
152
160
180
148
194
164
90
100
120
54
80
102
100
186
72
92
128
94
114
174
216
220
224
240
238
242
236
242
262
246
244
250
252
256
260
254
240
256
252
242
252
264
96
36
18
28
44
8
16
68
134
160
154
244
266
338
372
336
352
366
350
366
362
310
294
312
318
322
290
278
286
270
268
276
280
256
254
258
260
230
240
224
230
204
262
238
252
272
264
260
274
246
302
308
284
288
286
284
288
264
308
290
280
258
286
250
286
242
260
236
292
248
4
0
0
2
0
2
6
8
18
30
30
68
68
72
86
74
130
118
132
150
234
376
312
208
116
98
204
200
226
310
374
340
278
284
290
300
266
256
232
254
228
200
262
250
202
140
126
132
140
170
162
194
168
216
148
122
118
114
128
202
248
108
132
102
232
276
316
322
316
368
372
336
288
254
264
250
224
232
264
274
258
258
252
256
254
262
244
242
258
262
246
54
36
42
54
26
36
30
62
84
114
120
174
172
180
194
306
324
334
370
336
352
326
328
318
310
282
304
316
304
298
254
302
300
280
282
262
264
286
290
286
322
302
326
290
302
262
238
308
294
304
312
322
274
326
288
310
270
284
296
268
278
296
286
220
284
306
226
274
252
242
262
2
0
0
0
2
4
0
0
2
2
4
4
6
10
40
60
70
110
190
240
352
364
282
238
156
182
212
208
188
212
194
208
236
272
266
254
214
230
206
182
108
170
132
128
122
118
156
158
174
166
200
192
226
178
144
114
192
150
166
156
236
300
338
326
276
326
360
376
360
346
356
374
376
380
338
370
376
362
358
292
244
252
254
258
266
258
242
256
260
214
20
24
16
42
48
20
36
46
78
76
102
96
138
144
156
208
202
328
274
254
288
308
352
346
330
344
314
312
304
316
302
302
286
302
334
310
302
288
288
272
294
276
284
308
298
244
270
266
282
318
280
326
322
334
300
310
316
316
340
318
306
316
288
298
332
314
294
296
262
290
292
222
0
0
0
0
0
0
0
0
0
2
8
38
26
52
162
174
218
242
292
232
302
334
230
134
186
216
170
176
186
154
174
94
146
126
182
216
238
176
176
146
132
128
130
132
150
166
170
186
180
198
204
230
230
226
178
198
202
272
284
284
360
338
344
330
364
384
364
344
350
316
366
360
360
372
358
376
386
356
368
362
366
360
348
364
364
326
278
264
232
88
52
40
72
44
28
28
58
66
84
120
118
178
174
206
204
46
76
60
58
54
74
192
254
278
318
334
340
322
316
308
150
78
128
90
48
26
38
28
40
44
62
52
182
190
244
278
276
328
304
342
324
328
372
364
348
306
330
342
348
366
336
310
374
340
286
328
284
296
314
284
276
262
0
0
0
0
0
0
2
4
0
6
6
38
62
124
186
312
300
288
340
320
302
328
260
234
198
130
184
90
108
112
160
150
122
94
100
96
124
160
142
156
166
152
178
162
158
168
130
180
198
232
238
230
228
254
234
232
372
368
368
338
374
342
356
318
342
238
332
316
376
356
376
340
364
380
364
344
382
368
286
360
354
378
358
360
360
362
366
272
104
76
70
44
48
46
62
106
70
124
142
174
124
68
82
102
110
108
110
124
104
98
110
114
94
80
64
60
60
34
62
58
38
44
56
56
48
42
56
76
100
104
110
132
168
174
162
232
316
310
390
348
378
376
346
350
340
338
348
326
330
328
328
276
324
322
322
306
334
292
298
272
264
282
216
0
0
0
0
0
0
2
6
12
30
70
286
310
308
330
336
308
296
306
290
194
114
112
98
104
94
124
114
128
108
114
130
156
130
178
146
158
220
198
166
180
154
158
144
166
170
202
246
256
238
220
246
246
258
386
376
360
358
376
372
376
346
356
364
378
322
406
382
386
338
346
320
350
396
314
352
350
382
366
352
344
394
386
320
348
218
94
66
70
82
120
146
90
182
160
176
130
206
180
148
144
138
178
162
170
176
160
148
148
168
154
140
138
90
86
80
96
76
98
78
100
120
188
186
218
214
208
172
114
102
128
170
198
268
262
256
304
306
288
314
324
294
294
316
306
278
284
270
280
282
244
264
266
236
234
258
244
210
190
150
176
152
114
76
44
20
2
8
88
190
226
222
162
148
110
104
102
116
118
138
130
108
140
124
134
130
148
138
158
144
124
146
150
156
174
174
176
180
200
184
186
206
174
172
162
150
176
164
208
270
238
232
240
242
230
364
382
354
386
358
362
362
368
348
360
376
362
342
364
394
328
376
392
380
326
392
390
390
318
350
336
334
376
398
344
368
274
190
104
118
112
132
136
180
208
230
296
260
300
322
284
314
304
298
310
286
292
248
216
170
180
174
184
164
188
158
148
62
26
26
12
10
12
8
10
10
16
32
30
32
22
46
44
62
54
44
60
40
32
38
50
52
44
42
64
42
50
40
76
48
50
60
58
96
96
84
54
76
68
66
42
28
0
0
0
0
0
2
2
10
42
64
142
124
122
136
138
138
132
142
138
152
152
158
158
160
166
158
176
180
178
162
186
182
200
198
196
188
190
176
190
184
192
176
200
158
158
194
166
230
252
238
244
266
242
250
382
358
376
358
132
138
382
262
378
374
378
374
374
372
360
350
308
364
348
368
338
356
392
358
360
364
364
338
360
380
370
324
284
166
170
188
212
270
280
294
356
380
324
284
346
340
312
288
330
312
294
340
294
322
326
320
332
310
316
300
252
152
120
60
56
58
26
28
42
66
34
54
58
64
78
70
58
90
72
82
94
82
80
78
94
110
74
90
68
76
92
86
84
98
84
74
104
114
108
134
112
122
98
74
66
6
2
0
0
0
0
0
0
2
18
104
114
158
158
140
142
168
166
174
138
174
154
160
184
174
184
186
206
204
194
208
204
194
204
206
200
210
226
178
196
196
196
196
188
190
210
196
198
142
240
232
230
248
234
240
252
378
384
362
384
172
116
146
240
280
360
366
400
374
340
378
370
358
354
342
348
326
348
378
324
328
348
352
362
278
374
346
348
362
370
344
296
382
372
332
338
334
296
308
336
292
354
338
328
284
338
340
322
306
280
324
312
316
288
304
314
328
316
320
278
260
240
228
212
184
120
82
86
124
90
114
124
124
128
124
106
106
112
106
128
124
128
124
108
120
136
116
140
134
136
136
134
142
158
182
140
178
162
136
82
0
2
0
0
0
0
0
2
28
38
144
148
162
164
150
150
194
186
194
192
200
210
194
214
200
244
194
204
216
234
210
208
242
200
216
222
212
242
222
206
190
210
208
214
192
206
202
190
184
144
242
218
232
234
232
248
266
370
372
382
360
140
222
272
190
338
374
388
384
346
384
370
356
398
386
376
368
354
378
362
396
390
364
378
388
346
356
362
360
300
374
376
354
286
332
346
340
360
376
372
312
366
356
342
334
308
278
294
346
338
274
314
336
338
270
294
320
330
326
316
220
320
294
284
288
256
272
262
272
278
260
290
248
200
162
150
136
148
144
186
158
168
168
164
134
202
156
148
186
154
174
174
160
166
180
172
198
204
186
190
94
2
0
0
6
6
4
8
30
90
200
190
186
200
188
202
186
200
200
212
226
212
218
224
246
216
228
218
224
220
226
224
232
216
208
202
218
208
236
232
216
248
224
222
212
220
216
202
206
200
126
224
216
228
222
234
238
330
344
364
364
254
106
126
364
134
358
386
338
376
362
358
378
370
428
364
392
384
406
356
368
376
348
382
378
390
390
380
366
372
364
384
354
378
388
392
374
342
318
392
378
314
260
330
344
282
330
308
366
278
328
336
344
332
316
276
258
340
314
330
274
316
330
322
298
296
296
300
288
284
308
278
282
298
288
308
296
274
282
298
288
282
218
180
170
160
184
172
158
168
176
184
194
174
192
188
194
198
210
194
190
168
2
6
4
6
6
10
40
164
204
206
198
202
220
194
216
218
226
230
222
226
226
208
214
244
226
232
222
234
222
236
226
224
236
228
228
218
212
228
230
208
214
218
224
236
236
214
216
204
208
138
210
238
232
246
256
242
404
368
396
368
366
360
358
372
346
358
384
378
366
382
360
382
360
378
382
378
380
358
388
386
368
384
372
354
378
376
384
382
384
344
356
358
386
360
378
368
362
348
380
384
368
346
348
346
328
266
360
356
292
254
336
342
276
334
334
346
320
332
330
340
296
300
262
298
262
320
306
312
236
278
262
312
298
320
284
320
312
276
320
334
340
302
292
296
310
308
302
314
290
260
188
192
168
184
188
204
216
220
198
228
204
82
10
16
14
96
194
230
214
214
234
236
220
212
232
212
224
234
226
218
232
230
480
452
306
278
246
210
234
234
246
232
244
240
236
220
226
228
246
222
236
228
250
248
236
238
216
214
230
212
130
