258
252
272
266
246
274
506
508
506
508
508
510
510
504
506
504
492
500
506
502
490
474
486
470
484
472
468
472
430
438
434
424
412
420
438
392
378
370
380
418
414
408
382
342
334
338
326
330
326
330
310
300
332
322
276
318
310
282
320
278
246
304
262
260
248
248
240
234
208
260
256
248
204
216
206
184
194
204
204
158
142
146
158
158
196
218
242
268
262
252
268
248
250
264
242
238
238
228
232
242
248
224
216
246
226
238
214
230
216
242
230
262
248
218
232
228
232
238
234
234
234
248
260
222
210
208
222
194
202
218
202
190
210
212
218
208
218
206
214
216
206
220
212
240
240
252
230
234
268
284
292
276
488
462
442
450
468
476
476
498
466
256
262
264
266
266
270
502
502
438
474
502
506
508
502
500
500
502
504
500
498
500
466
468
474
482
478
478
484
424
454
432
414
438
420
390
396
372
400
408
396
422
362
338
354
334
330
320
336
322
326
308
294
294
288
302
304
306
252
270
252
272
238
234
280
244
256
240
232
242
242
234
234
228
220
182
208
184
198
216
176
198
170
156
178
160
180
270
264
262
266
248
224
256
254
240
242
248
256
264
252
236
256
218
232
228
232
216
240
242
236
238
246
210
240
248
234
248
238
244
232
250
218
224
234
200
222
236
242
192
196
212
222
190
204
214
212
226
216
216
198
204
198
208
210
228
224
226
246
274
272
276
268
470
414
464
484
478
474
484
490
458
254
276
276
268
268
260
496
378
370
256
310
436
504
486
492
502
504
494
506
504
496
482
460
470
466
460
456
450
416
424
424
408
394
400
442
386
382
400
382
386
376
366
346
316
312
336
316
336
316
324
316
302
296
286
280
304
308
278
250
264
250
260
256
268
238
234
244
236
230
244
246
244
232
224
208
166
202
164
196
160
166
160
166
166
138
160
198
240
280
262
230
242
256
270
244
234
240
234
244
218
254
238
212
218
206
228
230
230
204
224
234
212
236
216
234
228
220
230
204
214
234
216
218
200
212
236
208
232
198
198
202
198
192
214
194
196
206
218
210
200
182
200
202
224
212
226
214
260
242
280
262
282
506
438
464
460
464
478
490
496
460
246
254
254
270
274
256
500
382
306
128
258
216
312
438
492
494
496
500
498
498
498
486
466
470
460
464
474
434
438
414
414
418
402
426
400
400
382
370
380
392
384
362
334
336
328
326
308
334
332
314
320
274
288
294
296
326
302
264
264
260
252
252
252
236
216
250
230
252
254
244
242
242
208
214
206
174
182
170
182
162
160
156
174
144
160
154
156
246
274
242
248
240
252
238
236
248
236
250
238
242
256
230
222
236
218
220
228
234
244
222
230
218
230
220
222
236
234
226
242
220
210
212
238
208
222
196
196
188
162
120
94
80
96
166
172
198
214
210
208
182
202
202
228
226
216
248
256
238
230
266
292
266
498
444
450
464
464
486
468
486
456
258
258
266
272
262
282
502
366
88
226
206
276
262
202
320
462
482
498
500
500
478
454
468
430
452
450
472
466
406
428
428
396
408
424
396
382
372
350
376
360
388
374
328
332
322
306
326
324
334
320
296
302
306
280
306
292
298
256
250
236
242
240
214
242
238
270
244
238
258
232
250
244
228
212
198
190
180
200
156
142
170
176
158
170
154
162
118
140
264
264
284
280
256
256
222
250
250
242
236
244
232
220
208
206
236
220
214
246
230
232
230
232
214
246
246
216
230
230
186
96
24
24
30
60
34
38
60
26
28
42
42
46
66
40
112
84
64
10
68
72
64
168
214
226
230
254
244
238
278
272
286
280
498
456
464
470
474
470
502
504
464
250
262
260
266
268
270
492
248
260
234
128
126
218
280
142
220
390
478
492
484
468
466
476
452
456
436
456
458
396
408
414
408
414
402
386
368
362
362
376
386
388
386
334
338
322
334
294
324
330
302
278
308
298
292
292
282
306
268
248
242
246
238
252
264
246
238
244
224
238
230
234
238
202
228
180
178
188
196
200
162
118
164
154
144
148
128
142
140
148
232
238
238
256
252
244
252
232
244
250
236
250
220
226
216
230
236
210
206
214
224
222
212
188
60
20
12
4
24
64
46
46
74
90
50
88
18
10
24
10
6
24
72
84
46
54
48
6
14
4
30
28
34
40
50
114
162
248
242
256
274
266
232
472
456
456
464
482
494
496
500
452
252
258
250
266
264
260
270
176
160
168
60
124
102
116
208
214
234
212
324
330
350
370
344
340
354
352
336
358
372
358
344
350
346
322
334
368
372
348
334
344
350
322
336
346
336
330
348
318
328
304
330
308
338
316
320
308
320
328
320
330
358
336
344
392
350
338
372
350
328
342
356
344
310
222
220
208
202
66
152
62
188
164
160
94
36
138
74
148
208
192
206
226
244
256
244
238
240
224
274
220
216
190
180
164
172
134
112
56
38
28
32
10
52
40
6
4
78
22
128
26
62
20
58
72
64
146
184
154
74
64
100
76
184
26
102
170
142
6
0
14
70
92
74
42
64
96
138
102
142
240
190
128
490
444
468
492
490
484
504
500
456
234
244
260
258
256
262
256
138
120
132
42
68
134
106
156
210
110
224
192
236
248
286
290
262
282
292
270
272
282
280
264
280
258
272
278
252
288
270
280
270
274
274
272
264
280
272
266
284
256
288
266
292
278
294
246
292
292
262
302
294
274
298
312
312
288
262
254
282
300
310
286
270
244
142
108
58
70
54
54
22
56
66
86
112
48
62
56
78
60
72
44
150
120
142
186
208
194
172
128
76
34
54
38
48
50
42
36
60
80
62
4
12
4
86
22
16
92
36
116
80
110
50
162
18
172
64
24
142
118
130
252
224
20
80
146
146
132
156
110
110
50
28
14
4
10
40
84
78
148
228
258
264
386
454
452
480
462
484
496
506
448
264
248
258
252
246
272
260
144
124
28
106
100
136
82
182
84
206
218
90
184
204
254
264
290
284
268
272
262
300
280
272
296
266
270
276
294
266
276
304
282
270
294
276
270
244
284
260
270
264
256
254
240
248
288
278
308
282
282
290
304
284
300
282
310
284
274
288
286
276
302
266
268
78
74
26
32
26
56
104
72
54
80
74
50
38
44
58
16
22
82
98
56
198
126
84
32
16
44
12
6
78
0
32
52
28
70
14
18
94
32
58
44
74
88
52
54
92
94
64
152
96
204
150
116
92
116
84
92
62
174
186
140
74
102
60
110
80
114
114
108
82
76
46
74
110
54
34
86
82
74
88
194
274
240
378
486
488
458
498
494
450
258
260
246
252
250
274
262
184
50
16
110
88
54
142
124
176
152
170
196
248
10
150
258
278
272
260
268
288
282
278
282
276
280
266
276
284
284
280
308
292
278
268
266
272
274
282
258
254
270
268
284
276
244
262
260
266
258
284
276
298
274
264
296
278
306
258
266
284
278
272
230
50
68
72
74
44
36
2
74
72
166
14
4
64
76
0
4
76
152
94
116
110
148
90
72
56
0
56
56
60
114
68
30
70
38
34
52
54
0
72
50
80
148
96
116
146
208
198
180
138
178
202
174
168
190
182
252
214
210
198
274
132
124
116
84
150
120
162
146
96
152
184
218
242
272
228
150
204
102
52
30
220
154
160
226
280
450
492
472
508
472
246
250
260
256
256
272
264
172
130
116
24
36
118
42
138
172
180
116
178
188
146
192
100
236
260
268
280
282
300
280
264
286
268
276
276
282
286
272
298
278
268
268
258
242
256
262
268
256
250
266
256
248
260
256
254
272
266
250
260
280
274
268
278
280
302
294
256
258
262
180
144
70
66
104
124
118
120
188
160
110
56
62
28
50
40
62
40
8
62
36
90
142
10
2
106
40
86
36
74
114
0
140
120
216
136
172
84
82
204
234
164
224
152
184
210
204
178
190
146
150
188
154
118
224
198
158
326
246
240
248
126
144
168
156
168
144
124
124
162
228
156
176
254
208
220
160
128
70
270
314
244
146
284
172
132
320
252
300
498
482
464
254
248
252
262
210
258
272
178
30
90
40
58
104
126
144
146
120
212
178
52
162
222
218
158
222
258
262
288
266
252
256
274
258
264
246
276
294
286
256
264
296
260
296
214
198
86
146
212
254
258
248
274
258
264
274
258
264
238
260
260
266
276
276
276
258
240
176
64
52
50
54
0
60
64
4
24
40
8
52
90
0
36
108
102
66
4
78
144
92
118
112
84
132
110
96
82
130
28
130
140
108
200
58
86
126
160
130
152
220
264
214
192
114
210
16
198
170
150
136
212
196
200
166
214
246
58
134
138
246
186
162
130
200
136
162
168
186
128
214
154
196
174
162
188
152
192
90
382
390
10
382
452
232
220
180
96
186
218
382
498
466
250
254
256
264
260
252
268
144
58
100
28
86
108
4
134
102
74
172
142
132
184
140
220
96
204
102
246
256
250
264
280
258
258
282
272
266
270
268
272
242
244
18
118
166
62
138
184
100
56
104
190
194
180
148
116
72
48
74
36
12
14
0
2
10
24
4
74
98
6
104
68
22
32
10
10
0
82
162
0
96
92
6
138
54
168
176
4
94
76
12
42
146
236
190
152
150
238
28
228
184
180
226
292
226
168
122
174
210
192
158
166
188
128
258
182
240
204
274
146
228
188
94
182
156
260
24
264
250
148
138
142
210
244
174
148
72
124
208
204
140
162
186
206
192
238
158
224
478
466
30
26
434
222
260
162
148
178
236
272
480
460
254
240
246
272
268
260
274
204
50
98
34
84
94
94
138
30
84
146
152
44
160
86
170
218
64
212
52
182
260
248
274
258
262
292
262
276
258
270
268
266
238
2
112
82
134
102
82
168
128
54
0
62
74
32
20
66
94
84
38
76
122
94
124
136
66
94
0
186
108
48
28
118
106
122
136
154
150
0
142
142
198
126
164
146
142
148
208
138
172
226
162
212
234
208
224
228
188
204
216
268
290
184
208
208
172
206
224
234
174
172
170
272
160
222
294
274
202
264
70
244
226
318
218
280
260
428
284
248
222
174
156
228
248
274
328
188
160
182
126
160
166
186
174
208
206
180
164
448
406
16
276
426
224
140
252
252
294
286
286
364
442
244
252
260
264
252
262
262
242
106
72
28
32
64
94
84
154
92
138
10
132
150
146
200
184
220
226
210
224
156
96
254
256
254
254
292
286
256
280
258
238
216
104
166
172
80
92
128
4
178
210
186
112
132
162
110
126
2
194
2
226
206
40
132
182
80
202
194
178
188
182
188
214
192
178
276
226
274
224
184
0
196
196
176
238
228
2
200
248
214
230
322
304
242
256
22
260
240
184
274
280
42
274
212
184
250
2
256
250
360
272
238
244
230
230
272
222
266
284
278
244
314
254
250
180
188
190
196
334
208
228
244
360
298
282
220
226
164
230
114
196
204
150
90
178
248
192
114
250
452
358
414
316
184
210
210
260
240
318
366
492
424
238
250
246
246
262
258
256
242
96
78
50
58
84
86
76
86
0
122
152
118
26
150
168
182
234
286
218
156
242
228
118
40
194
226
266
234
248
244
214
176
90
126
66
88
144
118
182
196
194
244
216
180
84
178
240
198
186
214
270
250
278
360
298
258
232
304
232
278
260
314
230
260
288
222
248
252
240
224
236
192
280
262
282
234
236
254
242
258
190
234
302
248
288
262
256
242
258
224
248
152
104
254
240
278
296
168
348
316
322
304
328
242
256
306
288
354
284
270
280
236
158
264
206
150
90
196
180
102
178
178
328
292
312
266
146
244
254
156
132
188
270
132
68
134
228
222
110
132
292
266
196
190
298
304
218
258
302
434
496
470
440
242
254
268
252
262
260
268
254
130
96
96
2
26
70
44
118
102
92
88
44
150
52
274
284
212
324
312
310
172
166
184
212
178
148
80
30
44
186
240
142
258
152
144
176
58
244
128
232
302
46
250
284
300
322
264
272
292
250
318
362
278
268
182
220
368
218
258
318
346
296
274
304
328
296
318
264
212
290
230
236
286
292
300
286
256
256
218
260
266
268
278
282
328
284
340
266
274
246
276
258
328
276
322
248
270
310
276
334
254
332
380
248
290
252
290
254
250
194
220
206
236
230
256
50
152
180
168
230
224
230
292
292
314
210
166
220
276
174
104
242
264
238
218
76
180
218
172
124
160
188
278
294
210
218
288
216
314
470
484
488
418
240
252
242
254
256
254
266
242
168
66
30
40
60
96
78
114
16
68
58
124
210
28
288
310
280
104
380
226
310
290
182
48
314
182
284
148
264
158
268
166
270
186
276
244
340
328
360
264
350
258
340
344
40
332
388
358
360
330
68
258
334
352
332
314
354
72
314
352
314
370
288
302
312
96
346
280
366
298
292
266
210
294
108
284
288
256
284
254
252
294
366
276
268
270
280
264
340
270
278
300
278
230
272
300
308
242
250
236
296
356
304
58
272
220
192
180
154
180
168
182
38
108
236
86
132
124
236
246
158
250
164
152
184
200
184
222
178
204
130
236
270
242
254
234
216
218
224
236
278
318
244
132
128
204
204
290
230
342
476
486
426
226
234
248
250
256
260
284
250
208
100
96
96
98
106
32
118
80
138
92
88
202
286
300
142
324
240
342
222
368
404
346
364
358
92
322
108
360
262
370
418
70
358
352
400
380
300
322
224
354
328
388
360
304
348
400
30
328
344
314
368
262
366
374
308
334
334
326
314
274
50
336
264
296
32
318
238
266
36
268
280
282
390
254
278
272
122
308
294
148
220
270
254
346
284
292
330
288
258
278
270
270
338
274
296
286
316
308
200
232
284
248
230
306
240
202
218
204
244
184
176
214
114
184
72
206
138
202
230
210
150
148
202
180
160
184
244
182
150
198
214
252
292
268
274
284
242
262
294
326
214
116
176
122
224
256
234
244
354
488
488
388
244
250
242
254
248
264
276
250
228
44
60
92
58
140
112
130
110
90
0
140
308
370
298
268
356
382
330
410
50
328
178
88
62
342
316
318
200
362
270
314
198
406
156
232
404
138
376
368
342
338
340
404
304
348
362
350
340
352
306
276
46
354
332
310
296
316
260
338
352
28
284
296
340
336
270
274
252
252
296
260
268
298
308
314
280
40
304
270
314
338
264
286
290
320
310
364
260
252
258
264
240
232
252
246
232
250
286
298
288
226
230
256
226
186
234
286
182
232
182
188
168
100
258
158
162
194
256
204
174
134
114
112
270
88
166
256
228
150
168
202
262
234
272
310
300
340
270
324
186
120
208
292
226
278
230
260
302
350
416
382
424
252
236
242
250
232
244
264
246
240
20
14
24
2
24
2
6
94
10
94
104
52
300
388
318
80
296
126
236
280
258
272
306
304
364
104
218
86
386
354
368
282
326
360
302
418
276
350
326
180
354
398
282
366
326
318
336
342
146
386
356
208
314
404
308
346
286
320
240
332
334
300
274
260
316
312
272
346
326
240
250
280
254
308
302
280
258
308
298
304
314
296
216
312
252
282
314
294
252
246
270
238
246
222
200
182
240
250
252
260
184
196
200
238
292
230
256
192
208
180
170
158
178
190
184
210
162
282
180
78
74
52
134
218
76
226
276
254
190
180
204
268
300
262
278
310
282
346
272
176
190
184
264
266
210
278
284
356
292
286
276
396
250
250
244
246
236
248
268
256
212
54
34
18
50
76
80
86
92
66
64
38
208
356
392
160
268
218
368
354
394
338
366
354
298
386
318
348
352
170
288
400
366
334
370
374
350
394
352
346
318
318
370
48
326
306
274
42
304
50
390
310
314
270
334
260
258
246
268
288
292
308
236
306
344
284
324
316
252
298
304
284
328
328
320
262
292
258
346
282
336
290
266
242
336
282
264
252
258
232
160
190
198
204
200
216
154
264
230
232
280
204
184
208
206
190
132
218
196
208
150
194
220
174
132
260
54
184
280
250
130
258
40
154
170
204
226
280
178
198
166
240
266
312
272
258
282
336
318
258
324
332
248
330
358
338
318
258
288
214
288
346
336
238
236
242
232
242
254
242
234
84
78
86
54
130
74
30
6
94
82
124
36
294
258
288
52
294
212
344
314
334
248
288
72
308
342
348
296
348
372
346
114
330
380
74
370
344
412
394
428
370
352
402
374
340
312
288
292
328
346
360
284
310
290
316
346
342
324
214
290
314
362
332
346
252
304
326
276
320
374
346
268
318
362
272
290
274
296
266
268
242
288
236
216
244
308
268
264
252
292
172
246
232
284
212
238
208
262
0
200
232
146
172
228
176
220
154
246
220
266
176
226
232
184
94
218
170
216
318
270
212
104
106
32
162
180
152
250
188
206
208
302
282
300
312
298
272
298
238
352
318
254
326
414
372
280
280
280
270
314
346
420
320
240
252
230
224
244
236
238
178
54
100
84
2
64
6
6
130
156
36
188
216
168
300
364
64
378
354
44
372
284
50
332
46
328
318
58
398
352
306
406
212
398
426
160
384
188
114
312
364
348
346
328
288
306
298
280
312
262
284
244
266
320
240
302
284
262
304
206
262
280
300
282
210
240
256
306
242
266
320
286
310
238
282
180
278
322
332
294
254
208
244
290
252
234
284
260
294
284
264
134
262
244
282
248
246
220
274
44
238
152
186
198
254
184
244
234
240
284
170
290
298
232
134
228
230
284
240
266
292
246
106
212
76
52
144
200
280
272
286
322
346
284
302
334
274
306
314
360
344
300
360
350
312
272
332
318
348
346
350
248
386
318
244
234
250
238
248
240
200
70
50
46
0
82
70
92
152
110
140
106
68
192
204
394
384
386
362
412
216
378
358
390
384
322
398
400
48
404
148
348
434
408
412
432
400
258
374
324
258
336
352
346
318
436
360
336
302
350
342
336
346
312
354
322
294
6
366
290
314
312
308
212
10
346
308
252
332
288
284
288
334
280
256
260
252
202
268
264
260
264
206
230
230
186
234
268
312
302
300
258
228
216
278
258
330
228
254
250
268
230
242
178
174
292
252
240
250
210
218
178
254
292
254
168
272
278
246
296
236
258
208
226
210
182
130
228
240
202
260
254
256
284
260
306
338
396
360
294
354
312
316
372
350
246
268
274
314
332
260
222
244
406
302
234
230
226
238
234
226
124
10
92
38
20
56
28
4
112
114
10
100
34
86
212
368
400
344
114
314
376
176
352
322
356
402
370
408
272
442
332
412
156
404
272
374
408
168
424
360
376
372
390
378
428
328
304
144
340
350
304
364
312
320
368
348
276
14
272
272
328
310
324
10
238
330
296
292
332
254
48
292
312
304
312
282
228
200
218
240
286
258
202
244
234
300
260
290
272
8
280
268
228
214
288
262
260
286
260
312
230
306
178
240
206
256
256
210
296
206
254
242
266
254
212
224
246
304
286
266
238
178
266
188
130
208
248
236
240
246
290
270
242
260
262
322
322
310
354
348
312
356
394
330
332
184
290
300
280
206
226
228
340
408
314
226
220
242
234
244
136
56
62
64
0
42
84
42
120
66
74
144
18
136
250
266
248
192
328
364
168
378
26
386
216
316
338
192
360
434
338
392
426
208
416
206
422
414
422
414
436
426
420
52
322
356
56
368
194
356
372
110
336
348
388
364
360
344
304
352
328
336
328
306
310
330
294
304
90
292
278
178
264
272
334
298
344
264
248
310
294
290
228
278
298
200
250
292
300
232
180
266
242
302
212
256
278
318
260
244
278
196
274
228
280
252
284
290
268
264
276
280
296
4
254
270
236
240
286
210
266
268
156
222
246
120
126
98
258
332
206
286
324
306
288
286
324
304
320
392
400
370
388
396
320
294
248
262
256
232
226
224
256
402
394
298
204
218
210
250
222
98
4
60
74
54
72
80
18
130
120
118
130
110
16
14
176
350
398
358
392
272
394
320
438
464
438
436
450
448
452
290
436
442
276
400
318
390
316
198
348
426
180
438
206
398
394
380
318
346
360
338
18
346
358
358
316
326
348
260
310
302
312
316
314
294
370
330
320
8
362
298
298
244
280
252
116
218
306
322
292
296
296
274
298
266
28
210
266
296
270
280
288
226
224
300
256
250
282
242
308
312
288
276
242
326
276
8
342
322
278
278
296
282
190
306
274
296
260
288
268
254
268
122
168
94
198
156
162
216
280
268
222
184
244
278
342
300
226
304
334
326
332
336
330
244
272
284
206
232
244
240
254
350
414
390
308
214
224
228
238
48
58
94
50
22
72
98
84
106
70
8
120
82
144
134
130
20
286
412
222
328
326
408
416
354
388
408
402
388
438
412
426
418
464
468
438
448
454
426
400
408
436
80
396
412
404
396
386
36
326
402
380
374
342
332
292
60
312
306
334
358
376
322
404
350
318
338
356
342
322
328
290
284
236
276
260
232
56
274
360
314
358
292
316
276
294
306
300
290
290
296
260
240
274
312
240
258
250
266
6
286
310
236
292
324
320
330
242
266
188
244
224
226
262
222
222
256
252
212
178
166
126
152
78
16
56
162
232
356
164
256
266
252
262
284
268
300
326
260
264
242
270
270
276
338
228
258
190
212
240
242
250
350
400
396
360
300
220
240
226
234
92
48
74
46
6
116
78
82
114
112
36
118
56
96
12
152
152
86
320
300
322
116
312
96
366
252
290
192
286
266
300
326
360
350
268
402
390
428
410
430
426
430
408
410
364
408
366
406
342
380
338
388
386
364
332
370
230
384
302
362
362
314
368
364
322
344
368
346
386
394
380
250
276
278
278
278
328
300
280
274
304
256
290
288
302
326
346
332
286
270
284
302
348
264
312
296
310
292
318
336
326
336
300
308
316
324
136
14
16
28
64
76
60
114
144
124
158
148
188
158
136
162
140
166
196
250
368
388
370
270
270
240
328
332
258
280
312
378
286
258
266
238
232
208
158
210
212
220
234
262
274
340
364
394
418
374
306
222
242
250
188
84
30
90
102
88
88
46
90
104
132
118
152
136
150
152
96
170
160
238
250
266
248
286
258
254
230
228
66
60
154
176
154
148
130
132
198
250
240
332
250
410
450
414
404
426
402
104
406
56
392
372
380
378
370
356
392
388
400
378
372
364
404
326
414
392
364
396
356
110
354
336
350
342
290
328
328
346
330
296
314
318
334
310
304
340
324
342
308
288
302
274
332
328
338
356
346
322
304
310
354
322
350
340
338
326
334
10
2
2
2
0
10
14
24
34
68
44
34
44
72
104
124
134
160
182
264
412
424
448
406
312
282
278
258
278
270
234
232
166
262
222
258
176
196
214
236
256
222
260
252
328
350
396
390
418
366
284
220
228
236
132
32
122
44
16
80
130
82
114
126
122
112
158
166
28
160
76
180
188
60
200
238
182
194
166
52
90
148
190
162
208
218
212
194
200
222
222
170
50
14
132
216
356
374
422
372
394
400
398
418
398
360
414
356
354
388
408
376
402
386
352
364
386
420
30
380
404
358
378
294
356
362
302
338
116
280
336
350
384
362
320
320
344
326
322
324
354
310
334
362
318
298
286
20
334
336
374
356
362
372
338
320
306
364
360
374
312
8
0
0
56
28
4
0
2
6
4
4
16
58
146
188
114
130
190
244
302
376
390
448
398
396
296
228
286
260
288
250
238
218
192
190
190
228
216
218
224
236
266
274
322
350
346
390
392
416
390
300
226
228
232
180
138
166
158
48
90
68
2
106
110
106
14
108
146
194
164
186
194
176
156
60
154
20
72
164
210
204
228
244
268
244
238
240
228
240
248
216
224
84
8
52
72
168
232
314
440
410
418
226
426
442
370
432
390
216
408
420
404
326
356
358
386
342
384
274
384
402
360
412
368
362
358
320
376
332
350
350
354
324
378
336
338
334
34
380
382
376
362
366
360
402
394
342
346
336
346
320
352
342
372
330
356
378
340
330
370
352
324
6
0
0
4
10
44
8
0
0
30
32
44
66
90
160
172
232
286
316
362
416
404
392
336
312
312
298
242
144
168
170
190
212
228
226
218
224
248
230
250
282
304
350
334
340
394
382
424
378
300
244
248
184
94
42
54
82
22
98
112
132
138
140
84
158
178
170
152
82
118
144
4
46
138
176
214
212
202
248
242
246
262
244
270
238
256
274
248
242
252
218
102
18
6
10
62
64
146
262
200
406
440
436
428
440
424
450
406
384
376
430
110
384
392
350
366
376
356
350
188
354
390
324
416
366
382
330
394
390
384
312
362
366
374
350
412
370
352
304
392
390
388
384
380
372
394
376
362
368
394
358
338
332
344
338
324
374
358
406
346
386
302
10
0
2
0
18
0
0
2
4
4
14
54
124
154
196
244
278
364
402
384
364
340
322
212
138
164
168
184
188
210
226
236
216
210
222
248
236
254
288
294
306
320
368
364
388
388
408
374
314
240
262
182
4
110
66
64
20
136
152
12
56
104
102
192
182
212
4
194
50
128
200
230
258
238
262
258
236
260
276
274
252
254
274
250
260
266
262
268
258
248
6
0
16
20
20
94
100
148
156
212
268
190
406
450
442
454
432
438
420
400
410
416
372
390
340
378
382
392
380
358
352
380
326
362
360
414
392
394
354
90
382
334
358
378
374
392
380
310
394
390
412
390
442
410
428
414
434
416
382
394
370
360
378
358
372
378
354
372
376
408
314
372
40
0
0
0
0
0
4
4
16
66
156
152
168
234
340
400
394
382
372
304
158
216
178
188
190
218
214
216
224
236
244
260
252
244
258
266
268
294
322
302
312
362
378
386
418
392
374
312
266
242
150
80
72
124
124
88
158
158
156
216
140
184
12
158
0
98
186
218
270
276
266
272
256
268
264
290
290
262
244
288
260
260
268
256
262
252
268
264
234
32
2
2
8
20
30
54
104
126
162
170
194
252
302
366
412
388
438
390
408
402
384
370
412
396
416
412
410
408
398
402
376
390
406
400
404
412
444
428
444
406
382
374
360
372
390
434
422
438
430
386
432
412
450
420
404
446
442
426
376
402
398
414
370
396
378
376
364
406
404
360
408
390
354
236
0
2
2
2
10
64
56
128
180
348
358
264
190
146
154
182
188
192
202
192
190
208
218
244
228
228
226
246
256
264
270
280
276
280
302
312
324
326
348
374
404
396
398
360
302
252
226
130
102
116
136
56
148
178
128
120
138
2
56
90
186
222
232
262
254
256
298
272
266
266
270
272
288
278
284
286
306
286
274
266
280
276
258
278
246
216
26
58
20
30
40
34
96
68
116
72
100
150
148
156
226
278
376
378
336
344
366
376
414
408
378
404
418
408
412
410
404
402
390
390
262
410
404
444
424
408
354
274
256
280
382
406
452
436
456
468
438
440
442
430
428
430
446
428
420
416
402
430
378
376
396
396
392
370
360
342
336
374
382
352
352
352
246
122
84
162
224
208
160
138
136
160
148
246
178
196
196
198
222
238
232
204
214
230
248
240
244
254
252
246
284
284
274
274
278
292
310
306
310
356
380
378
396
400
378
280
258
234
156
192
120
186
136
100
34
70
68
90
178
226
240
260
270
274
274
288
286
280
248
276
278
284
274
282
286
252
284
268
280
274
268
268
250
266
276
286
212
10
32
10
40
86
72
70
94
132
72
84
58
90
108
132
94
174
48
90
130
192
268
308
332
334
322
352
366
392
364
368
354
326
296
250
214
264
286
264
174
216
240
228
224
256
330
420
426
420
434
462
462
434
412
414
428
428
384
368
384
372
380
382
364
346
378
354
332
314
292
288
290
264
236
172
120
98
106
122
146
150
156
162
176
190
202
196
212
200
228
250
238
222
250
238
230
242
228
248
244
256
248
282
274
280
258
278
296
270
274
314
310
352
360
366
380
374
374
348
278
284
258
244
198
66
144
92
130
166
188
224
240
258
242
286
246
276
254
264
286
268
294
282
278
262
286
282
250
272
282
262
286
252
288
286
284
282
278
256
262
192
68
46
34
80
88
88
92
86
96
76
98
66
122
112
132
76
136
158
164
194
182
176
156
164
140
136
134
138
184
232
260
226
56
8
6
6
6
14
78
142
192
194
170
286
254
314
334
390
372
350
372
384
360
386
382
370
332
344
344
322
290
304
298
314
288
276
240
190
108
90
96
124
154
158
162
168
158
192
202
196
194
184
192
212
210
202
206
220
232
248
226
228
222
266
246
264
272
252
256
252
260
254
244
246
242
282
280
268
270
300
288
320
334
352
350
374
396
356
354
274
294
260
272
280
252
262
278
248
292
250
246
264
252
252
252
270
266
288
300
298
290
284
272
262
274
284
284
296
278
294
278
284
278
266
282
278
264
298
270
280
166
122
38
58
38
92
162
76
36
88
64
90
158
124
140
186
188
194
228
222
226
224
218
220
226
200
206
194
188
172
118
132
0
2
2
10
28
102
200
200
210
270
242
196
146
82
74
110
128
128
88
88
92
124
172
188
182
188
168
132
98
86
88
82
98
106
120
116
120
134
142
178
174
186
188
186
214
212
204
230
214
232
230
236
206
220
240
214
260
234
244
258
258
266
270
260
282
276
232
270
272
246
250
510
508
508
502
504
484
492
442
400
358
338
346
362
386
396
374
340
272
258
276
294
288
280
280
292
310
256
250
258
266
262
262
252
274
264
284
280
278
262
268
292
264
264
290
278
282
292
318
278
290
296
286
270
282
264
270
290
260
198
108
120
150
96
86
88
122
96
102
142
188
222
232
232
236
258
246
234
262
246
232
242
230
242
258
226
234
224
204
210
106
10
60
120
150
168
276
218
34
16
40
26
86
92
78
102
100
106
116
124
122
102
132
124
112
106
124
126
128
138
144
118
136
156
162
148
166
152
158
168
190
190
214
212
216
210
218
224
232
240
230
236
248
252
248
250
248
252
268
258
244
270
270
250
262
270
264
258
278
262
246
336
162
304
68
508
46
448
208
232
510
510
304
332
348
362
386
364
338
270
278
274
278
262
296
318
302
290
266
246
248
256
274
268
274
266
272
276
284
274
270
276
280
266
268
296
292
286
286
290
284
278
284
282
288
284
288
254
290
264
224
172
130
132
136
148
206
214
234
274
252
270
254
272
248
256
282
246
254
254
252
264
236
236
242
238
260
246
238
244
240
132
170
212
66
22
40
42
60
76
92
106
104
132
126
148
146
134
140
148
160
152
164
144
156
150
150
170
164
172
162
174
176
172
186
156
188
176
198
192
194
206
222
226
228
222
230
262
250
244
240
230
260
276
236
260
250
246
264
244
256
270
272
248
270
270
254
274
274
264
248
238
474
506
168
502
508
218
508
26
506
510
510
302
316
348
366
374
364
334
250
284
294
276
296
294
252
308
264
256
268
258
254
272
278
262
292
262
278
244
286
290
270
302
300
276
256
266
284
286
278
280
264
248
274
294
256
270
280
284
280
238
264
262
234
234
270
288
276
288
298
270
272
278
268
256
274
266
272
276
244
258
254
262
268
260
258
256
250
230
234
240
208
200
154
148
118
122
134
116
126
132
148
124
130
144
182
166
160
166
176
182
184
196
182
198
206
202
202
192
208
206
190
206
206
202
206
218
214
222
228
228
224
244
254
244
256
244
222
246
248
258
244
248
250
262
258
240
258
282
260
258
264
264
272
292
242
260
272
248
286
266
258
508
230
260
488
214
394
254
164
508
510
508
314
330
300
336
364
332
324
254
292
280
284
276
312
252
264
280
258
264
262
282
282
270
282
274
272
276
290
284
304
268
296
282
254
284
284
304
302
286
286
286
266
270
248
274
278
284
276
292
280
266
266
272
266
254
286
286
272
294
286
256
292
302
280
278
288
290
266
278
274
270
254
258
264
272
254
254
244
234
232
238
208
162
146
150
162
130
146
148
136
180
166
164
184
190
188
202
202
192
216
206
218
214
218
208
220
224
210
210
234
214
218
214
208
246
212
224
230
238
226
236
236
244
246
272
248
250
238
246
244
254
262
266
256
258
254
248
278
266
270
278
260
268
268
282
284
266
272
258
280
244
508
508
508
506
384
206
160
242
288
510
510
320
312
326
338
354
362
332
264
292
294
282
272
292
252
262
298
278
262
264
270
274
266
282
286
290
268
276
280
292
300
266
288
266
264
308
280
300
292
294
292
276
286
290
266
274
306
286
276
272
276
270
298
280
252
264
270
274
276
272
282
262
282
286
312
292
238
278
262
278
270
280
282
284
262
252
252
256
260
224
214
208
206
184
164
176
160
188
162
178
188
200
180
218
196
220
220
226
232
240
214
234
230
220
236
230
214
220
220
228
224
136
224
230
228
228
238
244
236
244
242
250
270
266
266
262
272
272
270
256
260
268
262
268
282
268
274
270
274
276
274
276
264
274
288
266
282
284
284
264
272
274
228
236
252
234
202
244
356
442
496
508
314
292
336
322
344
362
328
254
278
278
280
268
302
270
268
324
304
278
268
250
264
266
278
286
286
280
292
278
292
268
276
270
278
276
268
302
320
262
264
250
278
276
286
272
258
252
260
280
306
276
284
296
282
284
268
282
262
288
286
250
266
274
288
278
278
282
294
284
290
286
272
270
284
264
264
238
262
244
226
222
214
216
202
208
198
184
204
212
214
224
198
190
232
234
224
210
242
236
234
220
226
242
238
232
234
242
228
236
250
224
232
238
240
238
218
230
236
242
236
246
244
244
258
268
250
272
246
282
264
248
272
290
278
276
250
252
256
270
288
274
284
262
282
268
262
252
278
274
254
266
278
264
266
278
284
278
280
296
282
282
294
308
306
342
352
352
346
310
254
