292
144
186
228
210
230
234
244
234
246
252
254
264
244
282
266
308
286
284
296
276
284
266
310
304
298
320
300
334
326
298
328
310
290
276
258
254
258
290
232
268
274
266
258
256
254
272
258
254
270
232
256
234
266
236
224
222
254
226
240
252
238
268
232
218
210
248
254
264
234
240
246
258
256
256
240
206
208
232
252
262
234
240
230
248
272
278
304
316
280
232
190
214
248
234
234
234
202
204
174
208
238
202
204
230
208
206
184
186
218
198
206
216
242
210
210
220
230
234
230
222
222
246
230
246
268
234
270
262
282
248
274
312
310
366
366
360
432
406
432
460
466
454
460
450
472
446
488
494
496
480
476
504
496
440
452
362
354
284
254
258
280
148
190
214
218
208
230
236
230
218
212
212
246
236
236
262
242
270
310
302
312
294
312
302
310
290
322
326
338
324
328
324
298
300
306
270
302
252
296
272
300
280
266
298
282
306
278
268
264
282
252
276
290
230
262
240
270
254
256
250
244
230
256
254
240
218
252
288
278
262
222
214
248
242
220
264
230
218
248
276
246
266
250
254
250
284
286
254
264
242
260
266
260
246
262
264
264
234
244
238
234
242
284
296
226
266
248
262
272
286
268
234
258
270
238
290
282
236
246
268
258
282
268
270
260
242
252
276
276
292
252
266
258
276
276
294
270
274
334
290
294
306
316
324
322
318
320
330
326
320
296
302
288
306
326
302
286
302
272
280
286
248
144
192
238
244
232
218
212
178
188
118
216
198
238
218
248
256
270
290
260
288
258
270
300
264
292
308
326
302
324
320
320
280
278
286
298
284
250
276
268
256
316
274
282
298
280
258
282
292
290
264
290
272
292
260
228
260
254
274
258
258
266
248
274
246
274
240
252
254
260
242
214
252
236
246
238
236
246
268
252
260
254
244
250
260
282
286
262
296
290
226
250
252
238
272
270
250
266
230
264
256
234
262
254
218
274
272
258
250
272
272
266
268
242
272
262
258
262
266
280
244
260
256
242
266
280
288
274
264
272
276
240
258
268
250
256
268
280
294
292
312
298
334
308
316
320
282
324
310
304
320
316
300
288
306
294
284
272
274
282
286
218
164
200
238
240
238
206
184
102
84
164
24
156
210
226
212
214
240
268
278
272
270
270
282
292
296
308
306
314
298
332
326
298
316
276
290
284
300
274
288
280
270
290
268
278
254
276
270
270
272
276
256
244
268
232
252
238
246
260
238
254
268
244
262
262
246
276
216
240
258
240
226
218
222
244
210
230
232
240
226
242
240
268
274
242
242
236
254
296
270
272
248
188
252
268
278
270
270
256
250
246
228
212
266
236
240
256
270
246
262
284
256
266
286
256
250
252
262
252
260
264
260
302
260
282
276
282
294
254
260
278
260
286
276
290
278
270
298
250
312
278
326
312
280
300
298
338
314
332
318
280
300
292
318
292
302
300
292
304
244
300
214
164
182
240
218
228
206
190
94
142
114
148
176
20
148
190
194
220
244
268
284
260
274
262
302
278
312
308
306
290
324
306
334
270
300
288
272
300
298
304
304
292
272
300
274
296
304
266
296
290
288
292
280
236
240
254
256
256
234
240
276
260
312
262
268
282
262
254
250
230
234
244
250
272
224
270
244
224
252
240
212
224
222
262
254
280
244
270
316
260
224
230
222
254
222
284
300
266
216
254
240
246
242
234
250
264
264
254
236
246
260
260
238
252
236
254
270
264
278
204
262
226
262
252
290
284
250
236
250
268
270
312
288
266
254
266
286
310
316
298
286
296
316
316
316
294
286
334
302
322
278
306
318
238
272
250
282
264
274
294
278
204
154
170
202
216
220
216
206
88
106
12
8
92
154
74
122
192
220
216
226
266
266
256
270
290
278
306
308
296
312
326
330
316
318
304
274
266
290
286
280
302
274
298
310
292
286
264
248
270
278
282
274
252
262
268
224
246
252
292
258
258
238
268
274
272
256
252
224
252
272
244
220
250
246
248
212
236
240
222
270
208
258
224
240
238
264
234
268
232
250
248
214
246
220
244
266
278
280
248
258
224
248
216
198
256
238
250
242
272
280
252
258
248
256
292
248
242
252
246
226
250
252
260
252
278
256
264
244
304
256
268
272
262
270
276
276
244
270
308
274
304
304
292
300
288
280
270
328
296
302
312
304
252
284
270
268
286
270
280
258
272
192
176
180
212
218
232
196
170
52
58
110
36
100
124
138
72
96
166
210
196
252
298
274
274
294
290
278
290
290
286
314
326
304
340
304
312
304
280
246
320
330
288
302
298
266
256
288
284
270
306
280
274
252
268
254
248
282
240
254
280
252
264
282
258
242
234
254
252
208
264
200
230
216
236
184
188
186
72
204
80
188
72
118
230
220
246
276
242
226
226
240
220
244
238
242
254
248
242
210
228
210
218
260
256
284
282
304
234
248
248
264
268
264
262
262
274
240
264
246
270
272
260
278
252
284
230
254
252
248
252
284
274
248
258
286
264
244
294
296
262
284
280
304
266
290
300
270
298
284
282
270
284
278
314
294
272
294
250
270
262
306
188
156
198
220
230
188
192
190
94
0
16
80
122
118
44
114
118
90
108
232
218
280
270
292
296
296
280
312
300
324
320
314
320
306
304
288
310
278
310
306
306
312
298
278
264
306
284
286
284
300
286
270
258
262
272
238
254
262
268
256
244
280
304
296
270
268
258
292
232
224
246
176
216
136
100
140
186
152
70
144
140
200
140
172
22
14
130
228
244
264
228
218
208
232
254
240
266
252
234
248
252
222
246
268
260
258
268
246
260
262
228
260
258
278
244
276
272
278
286
270
282
272
256
296
256
232
250
270
250
268
282
238
280
254
258
254
268
246
282
288
272
306
280
284
284
310
274
316
308
298
284
294
300
262
298
272
262
260
284
270
280
168
162
204
214
202
192
192
52
98
2
76
50
34
78
104
20
156
140
20
60
220
248
288
294
292
274
290
288
284
296
322
300
310
288
284
310
298
270
290
272
268
292
278
268
304
312
274
290
294
294
280
310
262
238
252
264
268
272
264
224
280
254
268
266
248
264
228
226
236
230
242
56
78
32
66
36
50
78
48
0
82
58
66
8
0
40
80
56
26
2
228
230
244
220
202
250
236
232
220
242
260
228
254
224
260
302
222
224
238
238
240
266
248
274
252
250
272
262
264
234
258
248
292
244
270
250
262
274
264
242
270
296
292
258
282
260
266
290
286
302
258
266
322
294
302
314
290
300
258
312
300
278
276
298
280
276
256
276
258
250
272
152
158
198
210
214
190
192
82
76
44
0
92
90
84
74
116
148
162
138
132
94
188
228
278
286
268
300
316
318
284
300
294
296
302
284
270
280
306
252
266
284
286
252
294
272
270
268
268
248
284
280
270
268
268
230
260
274
272
230
242
272
286
310
286
254
252
194
208
250
182
180
128
54
36
22
58
28
24
72
14
8
32
56
20
26
78
68
74
100
34
24
34
8
16
4
12
24
4
6
4
20
10
86
128
156
210
244
246
208
234
252
222
250
244
274
258
236
296
250
262
250
248
256
288
292
262
258
256
294
282
276
274
282
266
262
272
286
286
306
304
290
264
284
298
298
308
324
314
322
280
272
260
290
240
260
268
280
254
256
262
266
148
168
162
200
222
188
200
56
94
48
34
20
12
76
90
30
130
72
102
110
42
124
178
254
266
286
284
318
294
310
300
308
288
306
300
302
314
292
288
268
266
282
274
294
278
284
266
258
264
264
262
270
278
266
244
248
272
258
222
232
260
244
274
298
254
264
196
226
178
36
70
100
80
0
0
0
0
0
0
6
54
14
48
10
2
12
14
72
46
72
194
0
110
34
104
10
14
28
28
96
22
6
10
16
102
64
2
2
34
0
30
8
6
14
4
6
2
8
12
24
24
78
186
270
268
268
264
266
274
224
248
248
278
274
292
288
308
284
282
278
298
288
280
280
302
260
292
292
294
284
310
266
302
280
264
250
252
264
262
258
266
152
168
188
216
200
166
204
88
66
8
72
66
94
10
98
92
66
108
70
2
14
124
78
130
244
268
280
288
312
300
270
324
306
312
334
270
282
284
266
280
290
258
194
44
180
12
272
242
248
248
268
278
284
240
264
244
244
214
248
214
236
250
254
244
230
240
248
262
6
6
30
52
10
2
62
28
30
4
8
94
32
4
80
94
160
194
202
158
58
8
160
100
166
178
102
88
46
0
170
64
76
32
86
84
2
16
82
12
16
60
58
40
0
86
34
54
34
18
84
80
100
0
54
44
46
52
58
94
38
24
80
232
272
274
290
260
290
278
254
300
294
298
260
278
282
300
292
326
242
292
272
280
246
300
274
284
228
250
272
248
280
126
168
190
190
200
188
196
98
82
82
20
60
24
128
92
102
16
126
92
26
108
58
30
126
30
264
238
240
264
280
294
312
284
270
308
298
300
282
266
250
260
94
28
232
132
132
76
2
218
246
254
244
242
262
250
196
216
158
88
52
4
60
24
6
4
38
178
68
4
20
72
76
22
10
42
94
82
72
54
0
60
224
190
194
284
228
204
144
246
58
100
76
198
50
68
66
68
2
90
156
76
48
118
48
148
104
70
42
2
36
54
60
24
34
0
22
42
118
16
124
40
56
18
6
22
28
40
2
50
156
76
56
78
112
136
64
246
294
294
314
248
316
274
302
258
332
292
294
288
276
284
270
240
256
268
254
270
250
284
258
214
112
174
204
206
206
160
202
68
80
30
48
14
70
98
100
36
98
32
96
98
120
100
124
74
178
4
278
254
290
270
290
290
288
292
288
262
286
256
262
282
220
104
78
4
152
60
126
76
82
60
70
94
24
4
64
72
98
72
36
122
212
20
194
196
224
232
2
160
98
44
0
36
76
48
42
134
206
18
166
78
178
6
186
126
120
174
272
6
160
164
10
16
142
50
74
92
136
84
120
110
62
32
42
138
0
196
68
0
154
148
154
178
64
52
48
54
106
2
68
78
62
244
72
138
32
106
36
68
128
152
68
46
124
2
94
58
126
56
100
132
288
292
304
306
310
288
262
290
338
272
274
272
258
278
264
238
258
242
246
264
258
118
180
188
192
214
158
190
38
68
60
8
60
18
106
96
96
14
86
114
94
28
134
126
80
28
98
22
40
254
264
258
254
246
296
266
264
274
264
230
242
194
108
30
46
8
96
78
116
2
130
182
66
118
246
276
214
220
266
246
144
362
332
326
226
234
298
300
166
216
222
202
222
98
196
238
6
154
64
198
130
234
176
274
52
102
0
152
194
174
152
286
190
112
188
58
78
210
128
0
252
174
124
142
164
108
160
0
192
42
72
36
114
58
50
120
132
172
170
98
78
28
80
62
106
150
240
270
60
150
232
282
122
152
134
68
8
12
56
148
94
128
52
158
296
278
290
288
318
280
268
292
266
292
266
242
278
232
298
264
270
254
98
170
190
196
204
158
156
116
94
8
46
12
72
88
32
72
56
78
0
84
96
84
100
44
144
50
52
46
42
24
20
242
246
272
240
292
258
244
242
62
28
90
96
172
62
150
246
0
184
74
178
68
358
354
266
144
120
22
32
308
22
188
226
224
194
12
174
224
196
202
0
188
126
56
72
102
138
8
268
200
92
150
78
64
68
266
184
180
266
250
4
206
2
112
74
222
118
18
196
168
214
98
234
196
142
162
216
84
112
116
88
160
160
166
130
80
166
118
84
126
104
124
204
102
48
114
80
228
376
308
206
20
128
130
86
98
78
22
36
16
40
72
118
60
68
112
286
290
278
284
302
292
268
300
256
252
252
236
228
270
278
116
166
194
212
212
162
174
148
64
0
32
18
16
92
88
48
64
62
12
78
54
116
110
220
18
122
74
172
2
4
52
4
24
78
60
58
106
20
18
26
216
58
216
350
66
74
190
48
254
292
144
298
4
354
8
18
38
32
146
116
164
68
100
116
234
150
0
296
4
352
172
256
68
276
14
68
74
122
148
174
262
184
208
252
238
210
216
178
236
254
280
244
184
202
174
210
258
70
176
192
206
208
138
160
232
170
160
254
152
90
254
188
100
232
88
128
88
158
48
226
144
188
214
226
140
186
194
266
158
234
274
262
88
138
50
96
54
72
94
52
56
30
50
38
52
154
92
98
110
280
274
274
244
282
254
248
284
262
274
240
274
88
154
192
202
178
158
190
162
70
24
12
16
24
70
84
36
0
78
72
58
146
22
214
244
208
252
264
188
68
66
72
8
14
2
6
24
256
204
210
4
194
66
160
182
56
132
72
48
148
120
214
298
28
198
44
62
24
74
248
46
258
108
102
222
140
328
254
320
240
28
186
112
214
192
120
84
212
234
272
250
162
206
192
266
222
22
60
304
284
318
214
186
204
310
188
232
166
156
262
2
162
178
192
190
238
206
156
176
212
38
92
160
38
0
74
150
76
168
252
216
234
228
246
210
76
294
282
256
226
288
246
54
70
72
50
92
104
178
184
228
142
26
76
50
48
28
42
68
96
64
92
264
282
256
280
246
222
248
218
274
260
96
130
192
182
178
150
176
138
8
66
30
80
32
48
30
10
48
40
66
36
190
248
284
250
266
220
164
38
58
36
74
48
38
22
56
26
124
192
14
194
34
42
130
182
0
50
44
54
2
126
238
378
64
184
164
62
50
34
92
130
88
88
196
234
100
178
356
158
236
130
114
172
20
78
116
62
176
174
0
116
228
238
146
4
248
386
276
262
210
0
208
192
144
248
208
164
186
208
136
310
278
212
160
212
170
108
184
6
170
246
210
180
68
156
280
168
156
168
232
192
268
214
206
248
148
194
156
168
128
158
64
140
46
36
120
100
82
188
212
290
344
254
220
126
116
54
42
48
64
72
48
144
184
258
280
252
264
236
232
290
250
98
158
184
182
190
160
172
150
26
32
46
80
34
116
12
64
90
18
72
170
240
198
118
192
80
134
274
244
12
138
82
182
62
58
30
46
8
46
280
286
174
180
250
262
284
222
12
142
42
248
200
232
110
84
196
92
66
86
158
62
0
46
180
204
44
154
188
168
14
82
70
44
10
0
20
24
152
292
184
120
230
138
200
4
198
200
298
252
182
296
232
286
22
242
176
188
192
130
118
270
216
164
2
132
166
106
154
202
94
164
150
114
124
166
180
174
174
238
122
280
200
192
150
256
234
290
200
260
100
106
16
38
104
48
24
130
146
96
146
216
170
136
170
176
170
300
102
74
28
68
54
64
56
116
104
258
250
272
258
258
244
92
162
190
188
176
128
188
174
32
42
0
34
4
26
40
26
32
50
34
68
22
198
232
238
278
322
28
352
258
214
182
288
220
134
46
114
198
216
36
258
134
230
270
282
302
222
192
112
284
260
148
142
224
194
244
80
170
168
162
132
56
104
60
104
220
316
222
182
64
4
6
32
58
114
144
142
264
262
218
144
234
196
278
224
202
200
148
180
252
228
228
200
20
284
264
234
174
102
212
192
224
138
280
246
298
200
230
228
180
166
122
88
188
82
140
152
224
100
152
112
86
238
226
180
204
114
100
192
212
4
12
74
42
62
58
102
68
66
70
110
156
106
194
242
196
132
56
222
396
420
410
62
96
46
94
44
180
274
274
286
246
106
164
174
170
182
162
206
142
28
26
52
32
58
94
88
82
62
64
24
180
312
260
154
270
300
362
186
342
352
332
350
330
76
16
254
298
260
40
304
360
258
224
148
300
18
334
276
260
338
44
156
12
208
240
194
102
116
142
152
116
148
166
132
160
118
128
206
200
130
8
2
30
140
94
202
2
242
102
102
10
118
216
294
202
140
182
258
216
278
330
292
328
308
280
210
156
254
86
194
284
174
212
214
186
184
178
146
156
194
170
138
120
200
244
170
166
200
4
152
186
138
130
156
94
204
162
176
192
98
24
80
130
106
50
72
34
42
104
88
28
94
144
174
232
162
126
100
500
326
6
256
120
118
80
72
78
64
178
242
288
280
94
176
186
194
144
200
186
82
12
0
8
20
42
36
0
34
64
0
32
218
224
270
212
202
186
256
274
18
290
110
254
344
258
278
234
60
284
188
322
32
100
278
200
254
302
184
202
272
214
176
264
280
216
236
284
164
226
182
200
198
238
262
190
150
150
100
138
166
82
142
54
54
100
152
132
184
164
180
216
80
224
220
240
202
210
334
240
206
240
272
144
292
278
278
234
16
194
146
204
194
176
64
196
130
58
36
34
66
138
64
134
62
138
62
60
48
24
94
40
30
198
148
104
82
154
120
80
110
112
18
112
60
30
88
74
138
108
96
80
126
100
76
104
148
136
128
264
476
242
2
234
454
162
124
110
106
56
70
68
278
248
118
172
184
210
144
200
138
14
52
2
30
36
0
114
32
22
32
36
2
248
346
292
260
314
40
304
338
292
314
290
386
302
356
258
278
328
334
298
292
272
252
244
244
236
240
122
184
158
186
226
268
216
218
158
254
202
2
254
172
266
46
254
146
82
124
164
170
176
18
182
54
74
150
148
174
206
168
198
132
244
272
238
250
220
190
272
252
258
210
248
24
292
302
290
204
110
160
180
182
190
96
130
124
112
126
116
72
130
122
78
52
126
86
140
136
86
166
30
218
144
254
170
48
180
60
20
96
54
12
54
140
80
62
42
60
24
52
122
92
180
20
74
112
86
174
190
196
438
446
448
428
308
146
130
96
68
76
46
90
258
238
104
184
180
200
136
198
58
48
6
66
76
122
116
132
92
66
28
50
66
16
20
284
76
342
388
384
26
350
338
244
278
42
328
280
88
256
152
266
270
48
268
88
234
164
142
160
204
258
172
148
196
230
146
78
226
270
262
202
138
244
220
192
110
160
206
208
184
290
272
364
246
308
284
270
248
322
114
100
68
50
64
216
174
160
144
158
198
152
208
230
210
148
192
118
238
170
200
176
224
132
140
138
186
124
188
204
146
246
164
120
128
150
104
120
36
134
122
170
104
246
120
170
62
62
78
36
52
6
14
70
176
110
64
38
48
24
158
58
60
118
94
46
144
190
166
242
126
26
288
254
254
216
210
276
242
162
242
226
198
276
264
120
186
194
206
162
122
66
34
96
26
64
88
42
32
0
52
2
66
70
248
302
354
148
330
334
342
358
314
212
276
116
412
216
372
422
400
206
290
254
134
84
186
88
104
166
128
176
254
78
168
212
240
212
20
264
190
218
10
294
268
172
158
106
176
6
118
148
150
92
68
40
88
20
90
104
148
98
116
72
166
86
298
162
158
160
154
136
144
110
150
110
180
136
212
120
108
92
170
98
132
46
96
204
170
156
106
90
178
118
122
130
116
210
78
124
108
216
100
140
138
94
216
90
244
78
66
10
16
12
54
18
92
92
38
66
150
80
96
34
114
100
170
190
160
114
246
290
268
278
352
424
478
248
134
134
216
268
280
220
246
258
136
204
222
186
174
60
48
38
74
68
82
52
44
52
114
8
82
6
48
272
370
354
28
362
132
382
326
366
318
294
400
444
284
458
66
378
308
194
174
216
246
244
178
90
182
108
196
276
288
10
152
192
264
266
150
250
228
210
122
244
230
72
108
150
60
50
76
122
56
120
86
48
66
68
116
122
118
144
204
214
64
198
10
68
136
188
80
154
170
90
166
118
150
184
200
44
164
198
160
156
194
116
200
102
58
114
144
208
198
172
68
70
150
48
132
40
144
62
244
146
162
168
174
144
96
16
46
34
12
54
114
136
14
38
52
92
62
56
62
162
116
152
186
164
266
264
288
212
336
338
104
218
330
266
222
286
224
224
254
234
242
134
228
214
208
172
78
16
44
60
56
106
90
54
50
84
70
76
66
78
90
6
330
356
328
266
416
458
410
408
462
420
506
398
472
450
408
262
316
280
192
240
224
152
126
134
232
158
202
268
190
248
242
156
138
148
226
272
112
106
94
118
100
26
40
16
12
26
12
56
240
34
74
152
220
164
50
158
202
198
230
230
158
216
130
160
24
166
190
138
122
138
240
182
158
216
220
112
160
120
132
188
144
116
134
152
84
86
224
174
188
66
104
170
78
158
132
188
108
176
128
116
140
122
166
38
74
82
36
10
18
14
26
64
24
74
32
52
24
66
90
148
98
118
120
228
298
270
342
204
280
240
288
168
282
182
192
220
240
242
264
254
130
138
204
174
36
40
88
38
100
34
98
130
96
30
84
28
80
70
90
78
214
270
356
28
332
386
226
504
476
478
504
438
488
452
482
410
282
344
196
138
264
228
310
282
154
282
258
10
250
204
262
308
246
246
178
92
188
184
134
94
54
92
46
22
72
88
84
36
60
82
24
188
80
150
156
194
212
228
6
140
170
158
252
80
178
178
0
178
170
226
134
148
122
198
198
158
162
204
114
162
208
240
168
140
96
132
162
206
122
182
126
50
168
116
126
174
172
176
150
262
166
178
230
204
196
136
188
86
16
26
18
16
24
28
48
26
28
110
54
110
82
132
180
234
214
312
370
114
166
248
218
242
172
162
166
164
92
236
192
198
262
148
196
178
182
70
42
48
6
128
68
120
130
116
120
100
96
64
54
122
108
100
40
302
308
116
346
356
322
382
434
418
430
382
382
388
248
440
414
394
254
182
156
182
190
246
204
224
290
244
284
204
304
214
156
190
198
130
270
304
246
108
184
148
188
108
210
194
46
78
36
164
214
204
218
148
192
222
262
146
184
206
228
174
134
150
228
188
200
208
144
124
194
280
224
160
248
180
252
222
116
162
86
76
154
104
106
190
166
174
154
124
118
202
156
224
198
234
192
174
170
196
222
286
222
166
84
238
238
18
14
10
4
8
14
46
20
28
28
76
158
142
142
82
94
230
304
98
142
206
304
326
112
138
202
220
160
182
178
198
222
264
146
202
192
180
122
34
78
92
84
112
136
18
96
76
120
40
86
122
52
126
76
110
212
212
318
270
268
254
240
92
262
260
288
294
364
290
376
288
362
350
252
222
104
160
284
266
276
218
316
176
278
296
346
262
256
280
282
262
268
228
194
250
320
270
12
2
232
120
208
232
110
210
264
172
202
252
256
322
276
270
192
134
192
260
178
206
222
192
234
216
168
206
182
264
168
218
120
258
102
136
190
208
112
116
118
136
274
198
238
192
166
134
258
242
154
226
182
220
206
54
208
274
186
220
142
156
166
232
58
30
16
16
8
64
136
0
76
26
76
88
146
174
64
206
300
118
154
268
302
404
472
296
280
212
190
174
118
320
240
250
254
164
198
220
48
100
16
98
30
8
118
104
114
48
28
86
126
40
132
150
58
148
140
170
164
86
142
74
26
36
72
170
190
180
192
156
124
52
52
52
274
236
266
292
360
350
336
310
314
300
40
316
92
326
338
222
260
302
302
284
244
264
304
342
338
380
318
292
218
232
224
4
270
262
150
262
308
236
234
258
160
252
208
146
168
186
224
276
208
204
166
192
220
258
236
230
196
140
234
202
202
188
238
202
180
240
218
206
188
266
236
206
180
182
196
144
100
156
174
82
110
160
214
236
198
82
130
150
218
44
28
20
34
82
14
12
98
82
60
104
112
148
250
190
302
348
106
124
294
356
454
338
262
286
298
250
246
278
292
240
278
260
158
198
192
96
16
48
54
78
52
88
108
40
124
78
106
122
140
142
182
164
80
110
36
28
14
110
182
200
218
206
218
222
202
226
208
176
172
168
160
146
130
210
264
298
332
452
350
384
350
426
336
398
382
342
304
310
314
312
326
288
280
302
336
276
340
344
214
238
258
310
308
194
210
288
272
0
242
276
180
138
140
198
152
180
234
204
210
176
158
160
252
146
264
232
214
252
144
228
234
282
234
198
250
222
196
234
228
208
230
198
190
196
136
218
158
150
146
102
136
196
164
184
154
206
188
136
60
86
30
8
48
122
32
52
30
180
78
84
114
220
248
180
262
334
216
118
254
398
292
140
208
212
134
102
292
292
372
224
222
278
274
164
208
178
70
72
58
98
4
78
126
120
32
136
122
150
174
194
34
130
130
74
14
70
206
208
226
238
212
244
204
212
226
230
216
184
210
202
166
192
162
92
62
116
172
216
352
352
486
412
372
412
442
454
408
328
330
306
386
316
18
264
314
260
294
292
250
244
234
246
238
242
256
268
218
250
258
228
190
200
186
226
244
204
200
160
234
216
198
172
184
252
230
206
284
238
162
190
256
230
190
174
204
180
206
192
254
226
164
188
148
114
172
110
88
154
118
138
136
154
112
70
46
118
100
90
62
38
92
120
18
26
20
106
78
34
148
188
142
210
182
204
154
120
142
202
132
162
218
174
134
142
184
256
296
352
232
218
232
226
220
242
158
186
82
102
42
70
116
52
114
4
140
126
38
140
162
140
78
162
32
30
136
224
218
222
224
248
262
234
220
224
238
222
238
252
232
228
198
226
248
66
8
24
34
50
78
100
222
370
380
466
458
402
454
8
320
328
354
356
396
408
318
330
408
388
320
260
276
290
226
244
272
330
318
200
264
278
188
134
204
216
236
186
256
148
236
230
262
256
230
272
274
228
276
318
192
194
186
236
278
184
262
234
204
258
266
188
172
228
140
94
86
82
104
80
96
120
66
138
60
66
88
68
54
20
62
26
14
22
132
162
60
90
44
132
126
12
166
252
282
282
118
162
236
148
234
254
134
158
280
182
184
220
298
246
178
214
208
234
262
272
288
136
176
58
124
16
90
118
38
134
138
54
160
140
152
162
110
24
58
210
228
224
268
230
232
256
246
254
238
256
234
264
242
204
236
278
230
248
244
184
60
22
30
42
102
132
110
132
128
228
254
374
426
404
402
440
418
374
374
340
382
432
392
404
394
6
324
336
342
266
262
272
300
312
302
316
260
216
284
270
248
222
258
236
164
320
292
242
160
242
238
292
264
236
218
252
244
222
198
274
284
230
238
282
270
280
278
256
238
214
64
54
62
32
48
30
38
22
18
20
34
40
68
82
86
172
214
162
208
280
356
268
98
36
14
44
52
132
158
116
126
114
136
154
268
232
272
322
216
194
188
222
218
194
192
208
200
194
252
232
240
286
146
190
48
96
28
116
124
88
114
162
92
76
108
34
42
152
212
234
238
260
284
254
244
248
240
262
242
262
286
236
232
244
252
228
270
230
234
218
220
46
46
46
80
80
84
88
114
128
138
172
196
306
368
368
376
438
406
422
386
446
416
430
430
470
422
378
308
358
280
340
312
286
330
288
282
280
230
230
278
234
270
250
262
230
250
218
226
328
238
324
204
240
262
304
300
266
242
280
266
212
274
282
218
312
272
230
336
260
256
204
2
0
0
0
0
0
0
0
2
4
10
14
30
48
104
174
246
224
272
390
344
298
144
16
32
106
62
126
144
142
152
132
126
100
122
126
120
112
190
156
150
168
192
232
204
240
226
242
254
262
260
154
196
104
122
134
100
106
80
82
100
54
54
128
186
244
240
240
250
272
258
264
256
252
258
258
282
258
250
222
210
234
240
280
238
228
242
244
226
140
58
118
70
34
88
126
100
108
130
156
174
176
220
214
284
358
376
370
450
452
432
432
374
428
428
450
466
338
334
380
354
346
362
358
330
332
350
396
296
310
266
354
264
388
316
322
256
318
320
312
282
362
344
268
326
280
278
280
282
310
236
280
250
324
308
308
300
270
252
278
284
26
0
0
0
0
0
0
2
2
8
48
108
36
92
118
208
260
364
432
380
376
396
214
212
122
106
52
54
80
170
188
224
120
162
198
66
68
108
160
162
160
182
228
210
194
246
274
294
268
266
276
148
196
186
110
102
76
54
72
86
206
358
394
438
408
426
466
488
496
500
490
498
492
452
478
408
390
436
420
426
404
394
438
386
404
390
386
402
378
170
136
134
74
84
104
160
114
160
170
164
220
196
198
214
216
192
154
148
306
392
476
440
412
466
442
442
458
424
384
416
376
380
396
382
392
340
354
332
314
342
296
250
284
334
322
328
346
402
430
366
408
328
334
312
346
332
318
266
332
290
328
352
342
316
400
366
364
382
330
324
350
262
32
2
8
0
0
0
0
0
6
6
14
34
222
266
276
374
414
426
404
364
384
350
268
260
250
134
82
120
158
220
196
226
226
248
282
250
290
310
344
324
320
368
396
388
378
396
458
410
456
478
154
202
244
240
208
198
196
214
194
282
436
432
334
504
464
492
506
508
510
490
502
460
402
476
392
350
380
418
380
420
394
416
414
344
372
388
376
352
232
162
102
106
130
108
150
198
202
238
218
192
208
212
180
188
168
232
242
242
188
174
310
358
410
482
446
470
438
368
394
332
258
202
160
158
130
86
68
48
98
120
216
298
322
368
378
330
414
406
446
358
430
356
370
358
374
344
410
386
394
398
364
432
424
446
422
422
436
432
368
364
374
340
138
0
2
2
0
0
4
6
18
26
90
196
326
402
410
390
414
378
358
390
376
270
216
190
158
178
212
224
214
266
254
250
298
270
294
322
324
358
328
396
400
372
384
416
398
454
460
446
434
156
202
240
242
220
226
226
222
206
308
382
430
406
478
456
438
504
504
478
378
492
494
432
496
438
370
380
422
444
376
406
380
398
314
416
412
398
304
198
188
144
138
138
164
210
218
252
210
230
204
164
214
186
276
260
274
288
280
272
254
252
246
82
148
196
248
320
322
110
78
50
54
102
78
130
126
112
160
172
194
174
200
206
320
394
428
454
418
410
404
424
376
400
394
404
400
422
396
434
456
434
430
460
404
416
436
370
428
400
384
400
376
366
320
28
2
4
2
2
4
32
46
262
376
414
354
328
316
152
184
214
204
234
220
216
250
252
264
170
244
256
296
288
302
330
286
320
328
336
312
370
366
388
366
370
380
396
450
414
438
440
168
204
252
262
234
266
246
232
216
296
354
412
416
406
364
490
504
508
390
506
458
478
424
420
424
352
380
404
402
348
436
436
394
350
444
424
348
294
188
164
168
130
170
190
224
254
228
262
232
316
320
322
210
350
326
308
274
334
342
306
290
320
298
218
290
314
254
212
240
220
180
132
190
188
234
256
210
218
286
296
286
260
288
340
404
424
412
414
400
394
416
424
404
400
406
360
378
394
394
400
404
388
392
382
422
400
388
356
350
364
352
344
300
312
294
270
290
274
282
254
172
144
140
98
230
240
212
258
274
272
254
236
300
256
232
264
260
268
266
304
312
280
298
322
336
296
332
370
382
334
388
422
442
316
388
414
414
368
432
418
334
174
220
250
252
282
246
234
242
218
354
498
504
500
498
492
500
506
440
508
494
494
482
448
448
426
422
430
404
434
416
302
450
380
380
372
414
446
446
238
198
136
172
200
172
302
332
344
300
332
332
326
382
376
366
400
368
352
348
386
338
310
368
358
374
332
318
316
290
278
238
220
194
172
74
72
38
34
28
50
48
70
98
94
122
136
224
238
324
332
382
378
388
410
408
402
408
384
386
354
346
346
356
298
308
260
222
156
184
186
192
222
204
212
192
200
216
176
210
212
204
198
228
244
248
252
282
284
316
298
298
300
302
290
278
304
348
336
344
358
316
348
360
344
302
340
360
270
384
410
404
374
426
390
392
384
350
412
424
438
346
442
164
206
262
262
266
258
248
264
248
364
482
504
460
502
502
500
356
412
504
472
444
462
466
404
428
436
434
408
470
428
362
400
436
386
382
444
414
362
372
376
342
376
360
374
336
392
342
288
372
384
380
376
360
436
368
352
392
394
446
390
298
396
384
392
378
346
414
396
346
322
256
270
270
158
216
232
202
214
182
196
208
188
222
216
222
208
194
206
202
198
152
204
196
198
200
186
214
198
216
204
184
202
204
152
214
226
250
276
258
286
280
286
296
258
254
262
246
268
284
266
270
280
282
298
288
314
320
330
316
312
304
334
324
284
340
334
334
296
312
356
362
340
324
356
358
388
308
424
414
392
370
368
398
442
410
374
372
392
400
354
410
172
206
252
264
278
282
250
244
244
328
490
504
490
508
506
500
304
392
490
472
280
448
410
438
468
424
372
458
428
310
374
444
428
180
404
448
446
422
420
416
444
364
274
386
380
414
176
326
422
364
302
376
394
426
314
408
402
414
420
238
358
434
402
322
396
416
394
348
390
302
306
162
144
228
240
252
102
250
252
238
246
230
250
246
124
134
230
256
266
196
188
242
234
224
260
262
258
190
182
246
262
172
220
246
286
258
236
288
306
306
288
300
286
316
232
236
304
322
286
202
282
304
292
334
350
304
312
246
244
316
348
254
256
302
350
340
222
370
364
390
324
336
342
356
296
286
338
392
382
280
404
350
396
416
376
394
400
388
412
354
478
174
202
258
266
264
266
276
266
252
378
486
510
510
508
502
500
490
500
470
496
444
456
430
440
454
416
422
426
438
422
458
420
440
448
440
424
420
424
376
432
408
424
450
406
434
418
416
410
410
436
428
394
398
422
402
400
432
378
420
460
416
432
422
430
392
360
418
392
386
314
312
312
296
276
290
260
288
276
286
272
290
278
292
268
278
282
304
292
278
266
296
258
290
282
266
268
294
324
294
308
300
294
304
272
308
278
322
334
318
312
296
308
330
334
352
300
286
336
318
318
330
314
332
322
336
334
376
364
360
340
358
356
364
366
362
352
332
382
386
392
366
352
382
350
384
388
374
358
406
402
396
358
364
440
406
386
458
392
446
414
426
