320
298
298
260
244
154
96
112
152
194
182
190
202
186
210
180
208
178
210
224
236
218
232
226
184
210
242
210
198
228
224
238
228
198
214
218
202
218
268
244
236
248
216
242
238
238
210
224
236
212
226
234
216
230
218
214
236
228
216
218
214
220
214
234
200
234
220
222
236
208
250
228
204
208
210
216
220
248
278
206
222
192
190
192
168
156
196
182
230
192
244
220
226
234
222
264
248
248
268
252
276
260
276
296
290
310
304
312
292
308
298
294
348
354
336
342
352
338
360
362
360
386
352
370
362
364
362
388
396
414
392
390
384
406
386
414
388
392
394
410
408
410
392
404
392
390
402
416
416
418
354
406
402
412
406
390
418
424
414
424
412
306
324
302
318
318
308
320
310
308
274
320
346
374
318
204
204
218
182
220
212
244
222
220
216
220
230
220
220
206
246
242
238
216
226
212
238
236
222
214
246
210
202
244
240
228
232
222
230
232
222
198
218
184
218
222
208
234
216
204
232
236
212
186
212
210
218
202
180
212
184
202
224
184
232
194
210
222
236
224
214
182
184
188
178
174
160
202
176
186
184
210
212
228
224
240
248
256
260
248
248
278
250
248
288
298
298
306
292
302
302
302
302
344
342
344
344
330
364
352
360
358
354
368
374
384
358
346
382
354
410
420
402
420
398
396
424
396
402
400
406
404
404
394
404
410
400
404
400
412
394
396
406
414
404
396
390
410
414
416
388
428
320
310
324
324
302
336
318
330
320
292
338
228
156
240
324
316
314
324
334
440
438
384
274
228
224
224
222
218
238
224
232
250
224
228
226
216
228
216
232
222
236
242
242
222
236
228
214
202
188
208
230
222
226
214
228
224
212
226
206
222
218
236
216
222
228
192
196
220
188
222
232
196
214
202
208
196
232
216
210
168
148
142
160
188
176
216
186
184
202
208
216
208
228
216
244
234
258
264
268
236
264
248
258
284
310
298
308
310
308
328
362
360
372
330
352
342
342
348
338
362
366
374
360
378
360
350
356
364
372
428
424
408
420
434
396
418
424
446
448
452
438
400
380
370
390
392
388
398
402
400
402
400
412
396
404
412
418
404
416
426
424
312
298
326
314
326
330
326
310
310
288
150
152
160
116
288
274
310
324
312
328
340
344
330
346
364
330
342
438
494
480
362
230
242
260
232
244
218
230
208
212
232
238
222
236
232
230
232
212
220
220
214
216
224
220
222
210
226
204
234
220
242
244
232
196
208
202
186
214
186
208
210
226
200
220
192
210
188
210
162
170
138
148
122
128
134
172
178
192
180
182
186
208
194
220
236
244
230
246
264
262
260
248
280
310
294
282
312
314
330
330
324
370
380
346
352
354
356
346
352
334
356
348
350
364
370
360
360
368
392
440
418
426
432
446
450
442
434
454
462
464
434
440
440
452
446
444
476
492
478
464
434
380
400
412
408
410
406
398
424
426
412
320
318
314
330
324
324
338
318
332
300
70
176
134
134
142
226
174
294
314
326
340
326
326
334
358
372
348
336
358
372
352
346
354
350
316
390
488
490
330
236
182
178
202
206
218
214
220
236
222
202
222
212
216
212
198
218
206
230
226
240
238
246
244
224
230
192
214
176
218
226
220
250
210
200
224
218
210
154
130
164
144
152
150
152
150
176
182
188
168
182
176
186
188
210
230
226
228
258
276
258
260
258
288
308
274
286
302
348
340
332
328
376
388
356
346
350
342
330
336
364
358
370
364
352
360
364
384
362
416
426
450
466
418
426
436
444
436
474
452
462
446
446
444
452
448
450
494
498
494
484
502
484
500
486
510
510
508
502
452
404
408
310
326
322
318
322
316
330
338
320
234
176
206
184
130
144
166
170
130
294
358
336
308
334
334
350
330
332
350
350
356
370
354
358
370
370
364
316
356
356
368
348
350
326
338
356
358
298
150
118
142
172
218
190
218
210
194
212
220
198
252
216
234
222
232
200
200
212
194
206
226
202
232
186
200
210
190
150
168
130
132
158
140
132
130
118
164
158
190
168
186
164
170
186
192
254
262
264
248
250
240
254
264
296
296
288
300
300
356
364
342
352
364
382
338
344
340
344
340
338
336
342
362
368
358
402
380
380
390
442
458
458
428
452
440
422
426
442
462
468
456
462
452
442
444
462
480
506
496
498
488
504
496
492
494
510
510
510
510
510
510
510
308
340
324
318
320
310
326
324
306
148
180
162
106
14
156
52
156
92
120
214
328
332
322
312
326
352
354
340
348
344
352
364
346
350
362
362
340
358
352
346
358
340
338
352
340
330
338
330
324
320
292
286
346
394
322
174
152
208
222
234
240
272
244
256
210
194
198
190
264
218
208
216
208
220
200
130
162
142
132
142
128
126
118
122
136
176
168
144
144
174
176
158
166
180
208
238
212
224
266
244
250
266
288
290
300
302
288
352
344
342
332
384
376
350
342
348
322
330
346
338
344
376
376
384
382
390
384
380
440
472
450
460
444
446
428
428
444
450
458
464
462
458
448
458
444
504
502
504
494
498
506
502
504
498
510
510
510
510
510
510
510
322
336
328
318
324
336
322
322
302
96
192
2
122
16
136
2
116
160
162
266
192
266
326
336
346
340
334
340
354
344
358
350
354
368
364
350
352
356
380
356
356
338
348
318
344
326
298
338
316
334
328
322
298
312
300
302
310
304
314
262
352
466
436
284
234
220
218
222
216
214
236
216
200
232
142
142
132
152
154
148
164
124
144
128
134
172
184
166
156
154
146
180
160
220
220
198
224
210
236
260
236
244
274
292
272
288
290
316
336
342
364
396
360
352
350
334
340
348
336
358
366
372
374
410
388
378
388
402
448
462
444
432
442
444
450
406
448
478
440
470
484
442
448
468
470
502
502
508
492
504
500
500
504
500
510
510
510
510
510
510
510
318
316
328
322
336
334
330
318
288
166
162
146
172
70
102
78
114
86
170
136
192
138
288
360
346
338
342
366
348
338
370
356
336
354
356
348
342
370
364
352
342
356
332
308
324
328
342
340
294
328
310
348
312
326
294
316
310
316
312
314
326
308
326
308
330
282
308
266
328
468
442
300
128
132
122
108
148
150
158
148
134
134
134
114
158
150
158
156
152
150
140
148
174
224
196
224
232
208
230
238
248
250
284
270
274
286
278
300
300
302
280
354
334
336
362
334
372
350
346
360
360
350
364
372
396
378
396
392
452
440
430
460
452
452
450
450
462
456
484
482
468
462
462
466
448
500
488
498
502
500
494
494
504
496
510
510
510
510
510
510
510
316
328
324
318
316
324
322
308
284
114
156
144
40
108
130
114
60
112
42
150
162
194
80
314
312
340
332
334
334
322
344
326
326
310
370
332
340
336
370
346
344
356
326
326
312
334
334
316
318
340
310
324
316
312
346
306
314
318
328
318
344
316
310
336
312
348
312
342
306
314
314
280
256
320
288
286
146
228
262
254
164
150
132
108
164
164
156
138
130
134
156
142
162
210
168
186
228
224
228
248
248
236
286
282
292
312
300
258
292
292
316
328
350
340
332
348
338
350
348
364
358
362
340
350
382
376
412
400
450
450
456
462
466
436
450
468
472
464
478
478
446
470
462
454
458
498
496
504
484
500
492
502
506
506
510
510
510
510
510
510
510
316
310
330
324
344
324
340
326
304
152
140
82
16
130
38
70
66
108
88
86
152
158
234
132
296
296
334
330
316
328
342
354
334
334
340
342
324
322
368
354
352
344
330
334
336
316
338
332
342
306
314
314
286
336
322
318
328
322
352
300
340
366
302
338
360
344
330
330
344
324
308
252
128
74
180
200
194
46
268
192
282
228
240
128
224
148
392
314
216
132
134
174
142
192
192
204
198
228
222
212
226
246
278
280
284
280
286
292
274
304
298
330
334
348
326
358
330
320
338
346
344
368
374
364
360
342
364
372
414
448
438
452
444
450
404
452
440
458
450
450
472
468
462
452
462
486
504
498
488
500
504
502
496
510
510
510
510
510
510
510
510
320
326
320
316
308
334
308
330
302
94
128
94
86
90
10
62
106
72
126
10
160
130
352
270
154
328
328
332
340
344
358
346
330
340
316
348
334
334
358
350
336
340
356
304
326
314
338
314
308
306
344
306
316
338
332
322
328
322
324
330
332
316
320
350
366
340
350
338
336
308
44
66
24
44
100
118
112
210
190
258
200
220
270
316
178
246
230
54
0
100
278
262
228
290
348
324
242
250
206
222
236
252
292
262
276
270
282
276
254
284
350
340
310
358
306
298
332
326
326
350
340
356
354
320
362
350
356
394
432
414
436
406
408
428
406
398
450
458
452
466
478
456
438
456
476
506
492
502
498
502
502
496
504
510
510
510
510
510
510
510
510
326
328
316
300
334
324
324
304
296
96
152
132
4
106
78
116
26
48
70
108
162
114
146
154
340
280
252
332
328
320
328
318
354
334
340
308
356
340
332
364
326
346
326
318
340
328
308
306
348
298
330
290
302
316
306
334
330
328
334
342
314
320
320
328
332
310
332
324
88
66
50
22
100
48
150
90
150
156
30
112
224
334
262
332
62
8
12
54
68
0
28
50
2
46
150
290
270
302
274
272
270
280
362
356
324
282
288
270
280
274
314
320
308
332
320
332
306
322
320
354
332
344
346
352
336
346
358
394
410
402
434
404
426
428
440
412
452
442
454
432
440
424
432
442
478
504
476
508
504
504
506
504
508
510
510
510
510
510
508
510
510
332
336
324
312
326
326
326
308
324
128
124
106
10
74
56
28
62
110
94
106
100
14
44
138
230
374
426
84
286
324
324
320
326
362
310
332
334
326
318
332
328
344
304
346
330
294
314
296
302
304
288
304
302
300
306
306
328
340
314
336
324
316
318
310
328
302
322
228
122
64
84
52
18
32
80
136
186
250
132
162
154
44
48
28
30
56
46
28
32
26
38
54
46
2
100
130
34
42
22
30
8
16
64
202
266
248
290
260
278
276
292
372
362
310
280
306
316
330
318
332
330
326
358
346
332
330
342
408
388
406
424
402
390
430
420
390
460
440
450
470
452
442
466
462
480
492
486
500
494
494
500
502
506
510
510
510
510
510
510
510
510
306
320
320
328
318
324
338
324
298
116
118
262
228
14
108
60
40
40
8
44
92
30
54
80
144
252
220
254
126
248
324
292
294
332
328
340
312
330
318
306
334
130
296
242
144
154
160
4
188
254
268
264
220
242
162
198
102
140
68
40
74
130
56
90
38
16
132
6
96
134
2
80
10
66
40
118
20
154
120
94
108
88
2
24
74
118
12
8
60
164
168
0
56
36
68
42
102
2
54
176
94
78
82
96
28
22
44
26
36
24
38
32
22
36
42
52
76
166
242
248
316
336
326
338
342
336
350
372
388
380
386
408
346
400
416
400
442
438
432
424
420
412
448
430
492
494
494
500
492
496
498
506
508
510
510
510
510
510
510
510
510
328
326
328
318
314
322
314
298
290
240
68
136
24
96
196
34
34
70
56
80
36
2
106
92
94
334
346
270
330
170
56
280
286
296
316
306
304
298
310
308
186
206
6
32
144
16
22
32
0
0
0
42
64
10
148
70
2
154
40
188
168
216
8
96
202
8
202
156
174
194
90
54
206
144
120
132
144
114
188
94
76
80
208
112
114
78
126
90
102
60
78
78
90
204
76
50
148
50
82
24
90
32
70
64
76
148
0
130
72
148
60
28
32
46
36
18
44
6
22
14
26
32
22
42
34
56
70
112
140
144
224
282
352
388
366
400
450
434
424
444
426
424
414
416
468
482
484
484
498
478
500
496
508
508
510
510
510
510
510
510
510
310
308
324
324
334
316
332
326
306
292
80
98
26
36
2
54
58
66
4
112
76
72
184
208
204
194
154
230
272
232
10
92
204
274
302
310
300
304
302
300
268
206
118
52
62
150
112
38
34
4
42
8
78
236
260
206
296
316
260
20
22
194
300
282
304
218
180
290
152
2
270
254
50
216
188
180
114
254
230
240
192
194
216
184
174
30
78
118
52
166
158
82
144
76
84
102
122
54
4
98
30
62
46
56
60
20
38
62
70
98
4
38
30
8
14
10
28
22
28
10
12
38
30
20
0
10
6
8
34
6
40
36
40
36
36
78
122
242
374
422
408
410
434
400
444
462
464
458
486
490
490
492
504
508
510
510
510
510
510
510
510
324
328
330
328
318
312
330
316
318
278
54
120
54
66
98
4
58
2
78
86
0
48
214
222
54
274
338
312
370
336
168
44
148
28
86
190
224
58
220
154
138
152
136
102
152
62
234
22
4
52
8
128
182
414
316
368
360
280
428
434
290
350
122
250
336
318
38
276
30
294
54
248
288
186
318
262
308
256
276
244
274
236
160
94
108
172
120
302
172
194
6
202
252
314
236
200
182
92
74
148
84
52
52
72
0
84
34
82
130
96
66
74
34
72
12
28
116
50
38
32
52
34
12
36
42
4
16
42
4
46
40
60
52
16
28
8
10
62
44
66
120
198
372
394
468
470
462
444
466
482
474
462
504
508
504
508
508
510
510
510
510
312
332
328
322
322
306
308
368
294
144
176
80
104
6
78
60
42
38
40
0
40
158
284
238
326
344
124
338
296
138
204
440
354
344
358
366
332
214
196
376
314
222
242
314
320
106
330
370
360
192
226
214
352
414
464
188
434
418
208
256
388
478
382
444
282
382
454
374
410
390
372
382
94
252
172
296
350
58
350
260
316
264
234
234
312
168
108
232
238
212
342
344
4
256
258
198
180
148
144
70
200
134
110
136
184
48
140
68
68
138
144
198
254
76
140
52
124
108
56
52
56
138
38
46
72
118
116
122
62
198
54
88
94
86
74
58
70
26
20
4
34
74
72
144
248
284
278
284
268
324
404
482
496
504
508
502
508
508
508
510
510
328
312
306
320
322
308
298
326
330
218
72
24
16
178
256
6
88
102
0
36
58
64
322
328
26
380
132
352
40
302
314
398
24
80
370
178
400
368
302
410
394
352
468
282
434
428
352
362
96
406
162
362
396
412
410
426
244
504
456
346
426
434
276
500
240
332
380
340
418
234
356
474
342
408
380
448
490
494
456
346
462
426
474
286
504
414
402
338
196
60
372
282
342
324
320
322
298
256
220
184
174
200
264
118
126
156
156
12
158
164
110
164
182
208
112
94
80
242
52
42
106
142
138
48
192
122
140
106
108
218
312
68
174
226
222
198
50
58
116
88
60
24
44
50
44
114
140
182
252
290
302
272
308
292
302
300
304
312
394
470
506
324
316
336
326
314
290
300
290
228
52
86
86
6
166
94
122
92
170
32
84
40
174
12
344
278
366
46
44
292
24
330
30
342
144
436
402
366
384
308
378
372
238
316
346
314
322
334
270
192
320
396
334
282
474
306
400
254
400
424
380
362
350
384
352
376
426
320
310
348
370
252
330
320
476
322
288
440
420
346
460
152
362
412
406
118
318
220
342
420
376
330
234
198
268
208
272
198
238
216
326
174
180
158
176
130
204
210
162
204
164
206
82
172
142
146
108
120
112
90
198
116
162
118
112
144
104
110
180
254
110
280
316
72
176
90
104
164
68
74
132
110
14
36
6
26
22
18
50
76
154
222
290
282
288
290
270
316
308
296
296
330
304
308
314
318
310
330
298
272
118
90
46
0
0
104
8
66
2
80
72
80
36
244
272
228
260
70
358
344
352
342
326
360
322
310
258
308
98
354
340
282
382
328
112
384
38
386
240
32
298
290
246
190
298
376
212
390
292
162
382
422
380
298
352
318
388
42
366
330
256
288
214
192
206
308
276
258
320
306
260
280
62
330
340
236
176
430
316
212
258
344
332
206
298
336
328
356
388
350
236
262
278
296
262
292
242
240
296
218
248
204
244
166
226
482
148
96
230
206
246
134
150
126
258
146
132
152
172
178
216
256
280
258
174
154
118
106
154
162
114
194
68
184
186
230
116
64
28
52
16
30
50
70
162
214
272
282
284
288
300
304
278
330
324
322
332
320
310
314
214
100
70
90
30
92
2
80
110
58
68
84
194
128
286
314
358
406
352
352
386
20
310
332
368
296
24
344
108
336
364
56
384
380
340
424
382
378
388
14
304
352
6
334
232
46
262
350
350
38
452
422
366
318
302
342
320
310
370
304
268
202
260
234
224
218
204
294
218
250
40
340
220
294
252
314
260
254
300
220
208
240
294
262
382
356
300
334
280
42
278
356
446
288
282
296
310
334
254
300
168
288
288
264
322
276
192
248
250
260
6
280
190
228
178
204
230
218
234
186
266
206
166
132
164
90
210
122
106
124
138
200
192
172
204
206
160
152
136
188
108
42
42
30
60
88
134
214
220
298
290
298
320
280
318
298
304
336
310
286
192
106
110
114
48
82
100
20
46
0
46
72
0
224
6
342
364
334
324
362
220
414
326
398
274
358
364
378
376
296
280
302
330
84
248
324
310
360
338
246
324
324
304
266
290
260
10
202
336
282
354
374
24
282
318
242
282
276
236
264
196
202
218
284
220
328
192
194
230
276
228
286
310
236
272
182
180
220
272
290
250
226
122
190
240
178
2
254
248
262
176
226
292
256
188
240
394
280
236
82
282
322
240
306
234
244
224
246
214
256
198
200
172
228
236
324
212
182
244
240
122
110
216
210
186
154
76
174
186
64
128
40
144
100
96
170
194
132
260
218
176
144
324
260
330
260
82
176
80
180
102
222
306
310
300
312
320
334
304
304
246
92
160
78
0
94
84
76
86
14
112
34
106
76
110
92
224
308
338
86
374
358
78
378
356
236
388
32
422
130
412
360
314
342
78
338
292
44
112
306
274
300
292
308
152
214
212
128
242
290
310
290
320
318
322
240
68
316
266
50
280
310
250
214
210
224
246
226
198
258
282
242
240
212
292
232
188
232
170
136
200
188
302
280
136
138
174
178
150
174
196
296
226
160
178
260
162
270
276
260
308
222
242
198
352
298
256
218
224
122
152
202
324
168
148
170
160
226
226
150
188
230
148
192
122
72
40
218
226
132
128
118
144
84
114
122
134
214
172
250
268
176
296
420
76
36
108
328
190
192
52
36
42
156
288
290
318
330
330
310
294
90
134
52
72
102
74
42
68
76
76
116
102
92
80
2
82
162
216
88
348
334
354
374
220
348
382
346
378
456
418
48
86
294
356
298
358
386
360
374
422
420
20
358
334
294
320
304
194
208
310
352
248
280
226
232
248
314
278
232
198
246
200
208
192
250
250
210
218
182
190
150
170
216
222
250
110
112
132
134
148
258
126
114
120
278
148
262
176
214
180
212
184
324
314
278
210
136
190
200
160
214
94
196
148
270
190
256
162
98
104
156
148
226
302
202
228
166
254
206
20
152
200
140
162
248
178
208
160
120
178
214
114
132
124
78
206
212
236
170
212
216
168
208
504
270
20
358
342
176
126
112
50
42
106
296
268
308
314
312
300
60
112
126
14
4
104
0
68
102
2
100
42
116
100
66
90
54
228
326
368
338
266
308
356
386
382
174
382
406
92
410
414
444
412
378
336
398
64
372
436
318
402
138
400
334
164
262
294
208
308
246
364
346
356
334
360
282
402
236
324
252
158
146
196
196
174
176
274
236
164
208
158
186
172
164
212
156
144
158
164
110
100
180
166
154
98
196
148
208
182
254
134
70
136
258
112
132
242
296
234
176
200
214
242
204
280
198
156
130
134
232
200
168
146
188
134
196
130
192
336
134
128
84
156
204
160
168
146
76
76
112
112
328
268
170
122
264
226
186
174
196
178
244
96
266
464
426
304
236
116
176
136
134
310
300
288
282
332
324
334
304
118
140
8
28
82
94
112
132
60
32
138
84
76
108
4
150
106
14
194
278
364
338
350
76
476
234
438
444
446
430
480
282
216
440
46
334
376
294
430
108
332
396
330
346
290
88
234
210
386
328
330
230
306
322
370
398
272
314
30
174
278
314
166
22
180
136
214
130
228
4
310
188
210
170
246
154
246
242
208
106
202
132
132
150
182
108
214
206
244
144
116
202
160
194
224
98
118
160
194
168
116
254
182
150
140
176
112
100
100
114
106
156
158
2
222
222
140
258
174
140
142
144
122
174
172
136
112
180
96
86
132
198
212
286
110
118
260
154
238
196
128
142
136
154
70
134
164
288
408
204
80
168
330
264
284
294
306
322
316
314
138
136
152
52
48
10
120
46
118
138
132
40
40
132
120
76
102
134
68
136
194
304
292
316
316
216
382
278
358
378
230
408
434
450
412
432
400
412
386
392
440
436
338
320
286
290
254
210
340
250
20
386
290
318
306
26
334
356
276
252
338
30
204
188
80
126
180
138
178
136
212
190
166
190
186
150
340
0
192
146
158
198
194
182
238
230
176
192
152
176
130
162
162
170
176
188
194
170
228
222
170
218
278
196
134
160
220
154
162
208
180
104
172
174
264
232
162
272
140
158
302
214
198
92
202
226
142
100
118
102
56
132
122
92
116
78
108
170
118
170
196
220
212
348
266
234
268
490
164
144
144
204
328
226
222
246
184
286
326
320
302
104
132
26
0
124
104
8
72
138
70
154
124
144
180
160
136
46
186
168
130
212
214
132
266
260
102
156
102
120
138
114
146
274
374
396
366
240
322
386
68
374
368
56
276
278
292
322
326
382
342
384
296
292
370
312
346
344
270
272
282
266
4
324
260
134
194
132
204
166
206
228
214
260
208
144
184
114
174
226
254
190
198
156
226
0
184
246
202
178
144
198
274
206
222
268
232
170
238
234
88
306
250
176
242
234
192
226
124
232
108
232
312
210
162
208
146
238
278
162
372
186
228
242
258
238
216
124
94
120
96
86
70
82
182
36
178
212
218
148
206
184
128
126
276
270
380
180
102
154
190
338
148
138
240
190
186
192
270
310
310
238
76
124
164
106
52
102
118
124
222
244
214
262
334
196
180
206
178
22
180
190
136
110
140
154
176
186
190
194
196
206
186
188
156
154
146
172
250
324
242
420
404
372
422
384
356
402
324
344
372
292
376
406
348
318
254
260
338
316
330
314
296
236
260
192
226
116
222
16
276
262
248
152
254
160
202
158
172
154
302
164
190
224
184
204
88
212
192
234
164
218
270
266
160
174
282
268
192
274
196
274
136
172
138
250
246
256
172
154
278
250
252
222
218
250
296
130
270
306
258
170
178
260
254
268
262
252
180
120
38
44
42
98
82
150
92
184
206
240
176
214
76
90
88
236
314
178
282
236
260
336
274
298
288
218
220
238
252
292
334
286
222
166
164
150
162
160
142
110
178
132
204
210
174
160
236
80
226
104
124
172
182
230
220
238
230
238
240
236
260
228
260
252
234
222
214
190
170
164
120
224
308
262
320
412
88
374
30
362
380
358
364
374
28
346
326
362
326
276
346
244
368
362
370
296
218
198
226
280
10
312
208
216
246
260
204
192
148
200
258
188
236
186
268
208
166
218
180
184
274
282
268
264
324
220
210
240
332
250
258
222
218
262
352
248
182
286
250
298
278
250
146
266
320
278
324
248
306
258
194
326
238
336
198
236
244
266
286
234
74
46
72
52
66
122
170
276
124
104
196
240
180
120
78
164
318
116
192
262
310
354
378
320
296
232
262
282
316
258
274
302
280
184
154
160
168
188
212
300
186
228
148
54
264
176
70
114
178
196
224
266
256
262
268
274
306
312
300
286
294
280
288
260
280
286
284
252
258
238
188
154
14
132
250
268
324
364
332
246
384
384
336
374
380
376
402
398
416
342
148
374
346
304
28
332
356
288
286
314
318
274
272
300
236
184
210
204
256
208
188
246
300
210
206
294
294
224
184
228
224
172
222
274
304
228
208
240
256
314
222
158
186
230
304
302
316
236
246
188
260
314
300
264
306
238
210
232
258
184
94
202
270
190
272
350
288
46
266
246
230
156
22
56
36
90
86
66
330
52
90
262
238
104
206
210
234
188
172
174
326
428
284
282
248
310
350
348
256
256
250
264
310
308
200
170
194
174
134
158
146
60
216
134
108
164
194
224
250
260
278
284
284
294
310
286
332
298
306
298
304
282
302
300
308
292
290
294
276
254
268
208
42
40
28
24
44
106
174
356
392
364
330
340
396
398
380
372
46
390
374
336
356
358
330
138
324
302
300
272
304
284
270
262
292
356
288
348
246
218
234
264
282
274
334
232
262
234
206
208
292
236
276
268
218
258
258
258
322
334
318
288
314
324
266
264
258
266
278
270
312
262
266
294
258
184
214
196
96
146
144
216
224
298
196
252
216
292
260
174
206
160
80
186
86
90
88
68
96
290
130
188
174
214
170
274
260
248
280
180
392
456
406
344
412
384
324
248
244
262
238
266
268
304
308
316
244
226
214
192
204
196
212
238
224
266
266
248
292
300
294
274
286
306
298
316
312
290
318
320
308
322
302
290
314
306
304
300
274
288
272
266
66
48
50
52
64
36
28
44
88
246
336
378
370
364
254
398
404
370
398
420
416
364
360
324
350
338
330
316
302
320
288
270
288
336
280
278
254
202
244
272
306
284
298
290
4
306
282
242
274
314
238
332
312
218
288
330
346
306
206
324
322
320
378
320
342
320
250
308
290
298
296
346
50
10
42
10
4
10
4
56
46
86
88
92
106
154
144
184
136
114
110
208
254
296
94
120
106
108
276
110
316
282
434
232
164
178
244
350
344
298
342
402
358
344
248
248
262
260
256
248
268
288
328
304
330
292
306
292
292
278
286
294
286
296
310
298
276
288
300
326
310
322
314
330
320
310
314
312
320
298
300
294
320
318
312
310
312
314
302
298
262
90
80
70
94
46
8
26
12
84
110
112
200
280
400
380
372
426
418
474
382
436
468
418
256
348
304
294
346
46
14
268
316
166
336
296
296
342
294
250
288
10
310
290
334
252
302
62
326
278
342
340
354
328
296
306
366
384
354
344
338
302
388
302
340
350
366
342
316
280
274
320
38
0
2
0
0
0
0
4
0
0
4
6
8
34
84
170
162
270
322
278
326
388
390
338
116
118
158
496
178
244
300
234
110
250
244
290
322
324
318
312
450
256
250
210
242
258
252
264
278
254
292
416
426
416
368
330
282
324
296
310
306
298
322
298
296
302
292
312
298
318
338
332
298
290
302
302
332
316
306
304
308
306
304
298
284
320
294
298
272
166
118
110
74
52
68
52
62
88
80
122
114
108
206
240
312
400
426
420
432
390
370
440
394
334
370
318
312
382
352
336
280
346
388
410
364
374
330
382
322
342
306
330
308
298
266
322
312
330
328
320
128
374
370
32
390
368
316
320
332
334
334
386
258
316
288
346
366
300
356
342
344
366
12
4
6
2
0
0
0
0
4
6
8
28
42
46
104
116
178
226
300
360
470
506
444
366
238
324
308
272
208
334
276
262
238
230
292
250
238
212
246
236
256
236
252
282
266
276
262
274
258
274
434
406
406
424
418
428
414
406
434
420
392
386
302
308
300
296
312
298
312
336
312
318
308
298
308
296
312
300
312
308
290
316
330
316
318
306
302
276
160
128
116
96
90
144
106
150
180
222
214
222
204
230
250
244
246
162
282
382
414
406
406
422
410
358
340
336
382
104
360
314
360
350
382
386
356
416
398
384
344
376
378
322
290
280
34
322
364
366
370
350
388
382
376
190
370
410
314
370
376
338
330
338
368
366
408
326
366
388
314
314
360
338
48
6
4
0
2
4
18
16
10
32
100
112
184
212
240
288
362
456
476
480
498
474
438
342
290
262
262
244
280
308
302
232
202
232
226
216
216
226
260
254
258
250
262
276
282
306
282
278
284
416
392
396
406
414
432
396
374
396
410
420
446
410
420
392
408
412
390
428
356
284
296
308
288
308
332
296
302
304
338
314
320
290
332
304
332
300
292
164
144
158
148
154
166
178
184
224
248
260
280
244
126
86
102
114
132
100
112
124
202
326
372
418
390
356
390
390
336
276
284
300
314
264
282
256
260
298
296
278
274
302
314
336
262
370
368
356
364
364
354
344
318
398
384
424
368
404
356
384
326
356
370
370
358
428
416
358
452
404
390
386
362
374
282
26
14
4
4
10
38
30
38
108
158
246
292
328
408
466
476
476
440
452
458
448
462
402
302
248
230
218
206
232
194
220
258
238
236
224
272
244
246
284
268
260
282
294
278
314
294
284
362
420
420
384
424
416
432
414
336
378
418
454
426
426
428
414
420
412
384
408
380
370
432
402
424
440
420
366
314
314
302
314
298
314
308
302
288
314
268
238
228
196
178
180
158
146
154
160
146
152
138
138
140
174
152
172
162
178
192
176
152
120
102
110
102
150
166
250
66
60
290
284
198
176
150
160
186
180
160
204
264
280
250
310
424
444
376
400
404
452
436
424
416
390
426
446
408
390
372
300
394
386
364
362
416
406
234
408
354
426
374
384
386
414
402
142
16
28
52
24
2
120
168
312
390
456
480
466
482
486
456
424
288
230
218
224
232
218
194
180
232
228
224
222
228
262
266
256
274
286
270
260
276
278
272
292
288
298
298
298
276
414
376
344
346
412
424
386
412
406
398
414
414
366
422
428
416
424
394
446
430
394
420
410
424
426
418
430
420
402
410
428
408
442
442
402
372
302
304
310
264
272
272
258
264
272
256
252
250
238
226
226
220
242
218
224
196
202
206
228
226
214
174
162
156
134
156
136
102
136
92
82
76
36
26
50
90
108
158
186
222
230
228
282
334
358
426
424
410
442
438
426
428
412
430
440
428
414
408
398
420
394
396
408
426
406
400
414
376
422
426
420
420
422
432
428
406
392
382
384
348
348
392
376
352
256
220
224
198
232
222
226
222
228
234
226
218
230
246
224
222
242
228
246
242
266
266
272
256
256
270
278
272
280
284
290
288
290
306
308
306
296
410
440
414
402
424
436
440
438
426
400
376
366
358
412
402
364
408
418
390
396
374
318
394
434
440
420
420
414
424
410
424
424
436
422
408
426
412
418
396
400
394
400
392
356
274
280
258
268
262
256
274
266
256
248
254
252
272
272
282
270
256
248
224
222
196
184
172
168
142
138
152
130
130
100
138
102
106
116
116
116
78
122
118
122
108
114
102
110
114
98
102
188
266
300
322
302
304
280
272
254
252
248
242
186
170
132
142
160
176
170
178
164
166
162
180
152
166
188
176
186
178
154
174
180
196
176
208
220
222
224
230
256
230
244
236
250
238
242
226
248
226
236
252
236
252
260
268
286
286
292
282
272
278
306
304
304
304
296
292
312
320
422
436
418
420
418
424
424
416
434
428
440
446
360
440
434
418
398
370
358
364
404
402
440
434
422
430
406
360
414
412
416
400
298
290
422
420
400
414
412
420
412
394
406
398
382
394
414
412
382
410
374
350
288
282
288
284
292
290
286
278
274
274
274
276
238
248
252
222
216
214
190
194
146
140
180
146
136
126
152
136
114
136
136
152
134
156
186
168
140
138
130
130
136
116
130
142
140
148
124
138
122
116
176
160
146
152
156
172
186
200
208
148
168
180
178
200
182
194
194
220
178
160
162
276
130
164
200
192
244
222
212
234
248
260
254
284
270
266
266
268
280
272
244
284
266
282
284
282
290
282
286
284
290
308
304
304
286
294
312
312
318
434
402
432
402
418
422
420
354
334
360
408
438
378
418
412
428
416
412
444
418
408
448
448
434
400
432
382
368
374
424
384
436
414
372
430
426
374
394
406
394
406
388
404
412
384
402
400
392
418
392
402
412
410
382
406
426
396
410
416
362
302
296
274
294
282
276
252
252
230
238
232
230
222
210
188
176
182
174
172
184
154
154
148
170
162
170
194
170
162
144
186
174
166
160
162
148
152
186
172
164
150
168
202
174
178
172
170
182
212
212
206
214
198
222
208
204
204
222
208
234
200
164
442
510
508
404
510
510
490
410
278
162
234
244
274
284
270
270
282
268
280
280
290
294
288
286
278
294
286
292
298
292
306
312
312
286
300
296
310
298
298
178
298
348
240
428
440
440
442
414
438
414
424
454
362
398
430
428
432
358
426
434
440
442
422
424
438
380
446
416
416
424
374
412
400
382
346
370
402
410
374
396
420
334
404
356
284
404
412
408
394
384
358
392
418
418
424
410
406
422
418
418
374
416
380
412
404
360
320
278
260
240
244
240
236
230
216
222
202
234
210
196
220
188
196
204
210
194
188
212
178
200
214
214
174
192
192
198
202
198
214
226
232
204
206
208
214
192
206
220
226
224
202
230
234
238
248
244
252
242
242
238
174
508
510
510
334
338
182
58
508
508
508
510
510
326
282
302
288
286
238
286
310
308
298
300
282
312
282
308
292
282
312
294
310
310
306
302
318
300
316
330
180
152
284
136
404
446
428
438
428
412
448
470
414
428
436
434
428
442
424
426
444
378
398
342
398
432
380
338
334
410
414
416
430
424
432
422
420
420
402
402
412
408
346
350
376
362
406
418
388
430
440
338
404
418
406
418
302
430
412
400
406
406
408
420
420
392
392
392
396
394
416
378
388
382
354
296
236
242
212
234
222
238
224
218
226
230
234
230
232
246
216
214
224
234
232
228
214
210
206
236
236
212
224
236
240
234
226
210
252
250
258
254
264
258
252
246
250
264
264
256
216
186
510
510
510
186
510
428
504
510
80
504
304
304
286
286
318
262
316
298
296
312
308
292
286
302
300
314
296
300
304
322
308
300
318
306
304
326
306
298
316
