510
504
510
510
506
504
490
488
492
466
488
488
492
496
486
420
438
426
440
436
452
434
410
412
386
390
382
396
408
424
346
368
360
372
354
374
350
354
308
314
294
272
272
326
306
316
318
270
276
278
262
280
232
260
260
230
238
246
222
274
250
218
200
182
230
206
206
174
188
262
188
166
118
172
138
164
158
192
222
226
160
138
332
138
142
116
192
278
314
390
444
372
348
356
450
478
428
452
412
426
274
340
400
434
386
310
358
456
414
442
474
332
394
420
342
314
292
328
370
308
282
304
344
300
322
350
278
286
258
256
258
244
250
230
240
204
202
226
250
256
264
256
294
208
230
262
220
232
204
222
238
230
238
218
226
228
222
214
216
218
216
506
508
508
500
508
500
486
458
454
486
492
478
492
498
458
470
430
444
440
424
436
416
392
384
382
398
382
424
368
372
332
374
358
378
366
354
402
362
290
312
336
318
304
300
320
286
278
292
256
266
274
266
254
248
284
248
246
234
196
230
248
220
222
192
236
164
208
200
218
180
178
166
164
158
158
162
164
170
164
174
134
224
130
334
160
148
132
182
154
346
480
362
358
408
458
490
316
414
390
418
332
334
384
428
288
298
312
490
384
378
392
446
272
414
302
312
306
298
340
366
272
310
356
370
272
288
270
282
262
270
260
270
268
282
266
264
264
246
260
238
240
284
252
250
222
200
214
240
228
234
244
240
226
230
238
226
214
212
216
216
192
502
504
502
504
500
472
340
354
318
460
474
468
492
466
460
442
474
444
454
446
460
462
378
378
378
380
398
410
416
396
322
360
342
348
388
350
344
366
306
310
266
308
310
294
298
254
286
246
298
254
300
278
298
288
276
214
224
220
242
234
200
216
212
208
206
186
180
206
190
182
168
138
154
146
148
156
146
160
146
140
120
146
86
210
140
132
136
126
128
240
418
354
316
382
388
314
334
286
464
390
364
380
326
390
506
420
314
314
452
438
284
496
422
438
404
348
334
332
304
408
324
276
434
366
354
248
222
260
248
248
256
270
280
264
254
274
266
272
288
268
254
230
268
272
256
228
236
242
248
232
236
230
242
244
224
242
180
178
174
162
164
500
498
500
498
494
384
290
200
264
322
226
460
476
478
448
456
450
416
434
418
430
436
376
400
368
398
426
396
416
420
364
298
350
336
330
348
346
350
336
308
300
306
316
288
306
282
284
298
254
266
270
274
278
276
264
234
220
246
242
192
204
236
248
204
196
206
200
224
188
186
218
148
152
140
182
184
152
142
176
148
120
152
280
152
140
136
132
102
82
162
266
164
176
238
336
338
368
416
388
396
466
340
284
464
382
322
318
310
348
388
330
312
282
248
198
252
242
244
298
288
182
164
278
322
308
288
306
294
288
278
276
284
298
304
270
288
288
304
278
260
256
256
286
302
292
280
288
280
288
286
292
260
276
200
126
142
122
108
76
68
76
492
498
498
490
484
274
234
254
28
222
250
120
370
452
452
464
446
490
444
472
420
428
476
486
480
462
472
442
452
460
462
438
396
416
402
346
362
338
338
316
328
310
320
232
276
250
236
258
234
240
242
240
202
182
230
208
200
220
224
218
230
226
228
212
216
230
198
212
192
212
204
192
264
208
230
218
236
242
220
242
280
260
386
262
216
234
224
226
230
250
278
256
264
284
290
408
428
462
502
370
390
374
322
436
404
446
458
416
482
434
480
492
410
438
352
406
338
336
408
364
372
374
362
394
354
314
412
346
300
308
270
310
282
296
326
290
298
316
296
302
316
270
292
334
282
298
304
324
324
298
266
290
294
290
302
276
302
294
282
272
272
256
236
222
248
244
78
96
126
98
12
120
194
236
190
244
258
254
254
244
220
244
226
260
246
260
278
228
274
268
262
284
248
224
260
282
264
236
254
236
236
272
274
232
272
268
268
256
244
294
246
246
250
236
244
248
240
244
272
252
246
218
268
236
248
262
238
250
264
244
236
228
254
202
126
32
4
182
204
188
216
244
230
244
218
224
218
284
250
244
228
280
286
290
362
356
294
328
404
422
440
370
324
310
448
418
470
382
474
490
286
390
418
388
428
428
430
390
408
378
402
308
416
412
388
404
396
346
346
306
280
284
326
314
298
302
318
314
320
318
296
306
294
272
324
304
310
318
288
282
294
304
264
284
294
292
316
280
268
260
288
276
244
222
252
242
248
82
154
66
26
106
68
136
156
210
134
252
228
246
244
256
246
264
240
232
230
248
238
278
256
276
242
238
266
286
252
282
270
252
262
246
256
252
226
240
270
278
248
270
252
258
272
252
254
254
246
250
272
252
246
248
248
234
228
266
254
218
268
242
262
242
260
228
160
134
2
120
0
130
0
144
146
198
8
210
258
232
302
290
262
212
186
226
226
278
268
282
264
378
456
434
472
380
474
430
438
484
464
440
416
290
408
436
400
420
424
466
410
396
360
452
400
344
384
336
344
344
354
364
308
292
284
300
278
308
292
298
324
314
324
282
310
304
284
318
280
284
320
286
300
278
302
310
302
296
302
298
306
288
296
302
268
248
238
244
234
210
58
92
76
32
48
134
6
148
128
216
90
232
252
236
252
266
272
240
276
254
276
260
260
282
258
286
270
274
272
264
270
298
292
260
254
274
262
244
276
238
250
250
240
258
258
246
264
252
252
254
260
258
236
268
240
298
232
264
292
248
258
260
268
242
252
88
150
20
64
22
46
54
28
38
62
74
56
70
114
162
74
86
4
246
254
252
222
228
184
238
220
238
262
460
486
488
454
450
426
432
454
430
454
344
446
414
446
388
392
406
436
424
380
400
398
392
434
452
400
422
380
400
376
344
290
288
312
284
286
296
318
298
310
318
320
322
308
300
306
300
282
282
288
294
282
298
302
298
310
302
314
314
294
282
300
278
256
248
236
230
248
68
128
78
60
106
2
128
134
104
52
180
4
218
242
250
248
254
264
272
266
282
296
240
290
244
256
304
270
280
302
276
268
274
264
272
278
260
278
256
264
268
258
248
238
254
226
242
258
248
252
240
270
236
250
246
246
264
242
268
230
248
212
232
218
134
76
4
2
4
30
30
24
6
54
22
32
28
44
68
58
8
22
0
40
54
46
26
48
58
44
42
4
36
38
40
52
46
64
56
58
46
50
46
46
50
56
94
72
60
52
72
32
34
22
20
20
16
28
24
24
24
30
38
66
174
232
270
316
314
332
288
308
304
326
320
332
320
304
310
306
310
296
306
300
296
300
296
296
302
314
296
302
306
288
272
280
260
272
242
220
216
80
112
92
48
20
88
44
82
52
114
138
160
4
234
266
252
236
254
226
236
284
286
262
292
280
292
280
274
276
266
266
278
254
266
288
262
272
264
264
236
266
272
262
254
242
238
226
260
276
256
200
264
220
236
238
246
206
250
236
244
254
238
230
180
10
46
38
18
24
2
2
20
24
46
38
0
54
54
22
48
48
22
102
162
86
300
192
202
8
110
30
106
94
142
162
76
10
94
50
100
148
192
50
104
28
138
104
4
94
106
90
134
226
58
148
212
28
106
44
152
212
34
66
70
198
28
40
32
36
94
118
70
248
284
300
316
296
292
286
292
274
292
286
286
306
316
294
308
306
294
286
302
322
286
290
274
232
228
232
212
214
68
148
16
18
48
0
60
114
140
96
118
132
172
66
220
234
242
260
256
256
270
280
258
256
278
274
252
274
294
296
276
280
290
270
276
266
268
254
260
246
266
248
228
222
262
250
244
236
234
230
224
244
232
230
232
242
226
222
230
224
238
204
26
6
4
20
18
0
46
60
38
20
24
28
148
62
160
8
90
132
114
206
104
288
138
174
138
114
182
186
120
152
78
102
2
92
142
104
36
250
82
122
86
72
222
96
144
150
102
222
118
252
34
56
38
46
32
98
70
114
62
76
136
68
60
138
82
194
142
48
140
40
34
20
28
32
118
250
300
282
292
292
306
298
296
288
296
248
304
288
306
316
284
274
274
282
266
234
242
252
216
94
96
34
34
48
30
42
38
92
42
22
102
126
120
4
240
258
230
232
270
292
272
274
292
284
294
284
280
298
286
286
252
130
138
38
50
152
258
268
254
262
246
238
236
260
242
252
224
246
254
226
222
212
228
196
122
60
46
36
46
50
4
78
92
38
172
26
66
40
138
30
82
104
0
154
106
186
156
208
166
140
20
134
140
184
220
240
106
92
192
182
226
120
176
220
84
160
158
146
78
116
164
310
216
238
60
92
166
202
228
192
248
220
196
218
80
226
176
322
162
138
230
180
344
46
62
220
244
104
252
86
24
52
42
38
42
68
40
48
70
124
288
298
284
320
294
298
304
310
292
304
300
298
292
294
290
238
226
230
236
226
20
96
30
60
90
40
72
90
78
66
26
86
110
88
192
190
10
244
232
256
268
268
280
292
280
290
264
276
280
294
276
234
52
118
44
126
128
68
80
82
228
260
234
234
234
192
80
62
10
82
32
84
130
78
70
260
94
154
122
8
136
250
136
4
168
172
0
162
16
14
116
94
172
34
150
172
124
172
200
152
200
140
200
290
240
4
114
148
172
66
76
194
2
266
274
118
280
136
206
280
308
136
62
192
136
120
154
162
54
186
244
78
186
206
152
204
96
114
316
186
18
134
116
182
242
274
284
190
258
156
134
172
74
52
40
56
28
56
50
36
28
34
28
214
292
296
308
308
292
302
308
304
298
274
280
268
252
244
224
232
208
128
88
36
112
102
86
36
84
78
10
92
126
110
38
6
136
174
18
204
250
274
238
274
286
306
270
280
274
290
304
284
160
6
26
4
124
108
116
94
122
106
74
38
78
156
60
60
168
126
296
168
190
66
154
260
92
214
242
232
224
198
156
256
154
174
208
126
208
174
194
98
86
114
138
162
82
110
156
170
250
176
174
218
186
268
138
242
126
204
4
274
264
216
132
110
174
218
276
118
336
278
208
184
206
172
96
154
102
134
166
300
82
212
74
166
160
134
284
288
158
182
106
266
150
122
174
194
78
100
78
88
110
148
162
138
118
62
104
64
44
38
26
30
38
68
88
288
296
294
300
298
298
288
294
280
258
228
226
236
252
234
68
128
8
2
38
54
78
8
12
72
78
2
92
12
94
118
108
88
144
22
246
266
274
286
286
272
300
294
296
284
282
242
76
104
122
98
24
96
80
6
194
144
136
318
246
296
196
308
214
170
18
146
190
82
266
344
82
292
118
248
180
238
228
280
106
58
344
240
180
226
86
4
192
306
132
200
4
194
122
274
262
28
100
184
250
288
188
292
450
236
164
202
204
24
80
200
242
410
194
146
276
326
178
208
184
216
78
118
100
178
252
172
144
176
100
84
110
338
202
124
140
236
188
224
286
226
176
254
148
78
124
68
170
192
164
166
112
70
82
76
62
22
40
16
14
34
162
104
260
274
296
290
278
282
280
284
232
252
210
240
226
80
96
2
48
60
50
2
74
58
88
60
120
46
92
48
82
6
196
68
202
128
198
274
272
274
286
274
270
282
260
242
192
16
28
10
68
158
144
266
234
6
202
14
196
6
216
26
176
264
226
222
242
300
206
244
284
280
78
252
294
262
230
30
256
256
328
238
72
188
238
246
236
258
274
174
334
318
288
358
362
256
332
202
186
248
188
284
188
344
422
308
214
270
12
224
386
282
60
206
134
86
296
234
324
176
234
140
166
148
46
144
216
182
286
164
178
194
220
158
270
136
196
200
130
154
286
286
102
32
158
170
114
96
160
198
172
296
168
120
102
196
194
240
58
28
44
62
82
92
68
294
278
278
286
276
296
242
206
238
246
230
88
126
82
60
54
72
80
88
26
80
32
68
20
64
78
164
130
162
312
194
170
186
140
156
168
192
204
92
154
38
158
384
16
132
258
236
6
256
212
162
292
250
320
312
390
278
282
360
302
270
288
312
206
302
356
240
366
242
284
220
308
344
42
268
290
278
284
228
312
242
260
256
302
178
186
260
234
238
250
328
236
280
258
226
212
238
210
314
284
226
296
242
254
214
384
262
260
368
250
260
150
66
168
216
314
210
236
306
140
200
210
316
170
248
232
216
322
194
136
356
270
196
202
290
360
152
210
110
322
184
240
116
142
186
160
146
184
222
386
264
198
114
110
168
48
14
4
108
36
46
112
266
264
268
274
278
260
234
224
236
234
126
98
44
0
54
42
0
74
24
114
30
76
26
104
0
178
224
6
286
36
222
204
236
272
380
332
88
334
50
256
310
58
262
138
82
306
234
232
44
330
130
318
84
334
238
250
368
206
394
260
370
62
356
298
360
274
382
276
292
230
282
284
428
354
22
306
384
258
208
280
284
216
350
310
370
334
232
308
162
46
228
214
266
276
370
286
208
252
368
228
288
264
220
278
268
314
390
338
142
260
202
256
316
338
296
208
320
156
160
316
342
122
162
198
230
324
306
280
264
442
344
134
204
208
204
178
140
108
272
190
208
96
160
140
138
134
212
194
346
486
216
172
104
342
316
362
374
130
158
88
50
50
164
264
282
270
222
250
250
246
218
214
96
114
8
12
10
36
42
42
64
0
16
80
256
204
224
252
264
284
262
242
232
134
312
282
310
252
350
100
348
180
352
90
278
406
232
374
352
272
388
44
340
366
46
228
394
188
230
28
14
310
302
312
166
38
214
244
290
270
292
300
318
280
294
192
236
326
250
204
284
300
198
244
274
334
280
248
216
260
260
292
276
272
256
52
300
218
264
288
248
256
246
230
282
306
294
414
292
264
320
260
272
358
372
252
254
284
238
254
330
262
226
274
230
298
348
238
306
310
290
406
170
122
152
198
166
88
340
238
252
258
160
154
164
134
204
204
160
230
218
196
86
300
372
0
2
360
150
128
128
98
28
68
230
290
288
254
244
226
240
226
218
66
56
0
0
2
0
0
40
28
48
42
78
30
264
210
250
366
26
218
324
340
310
284
38
426
370
324
422
334
104
314
312
384
124
122
348
430
424
350
362
340
290
340
416
322
36
340
214
304
348
282
320
202
32
248
262
268
316
336
314
260
262
278
322
232
272
246
320
250
218
258
228
234
264
248
284
296
262
262
248
276
264
390
22
358
350
278
318
348
298
248
274
254
256
278
338
338
316
220
268
450
474
40
364
404
392
332
410
318
236
368
278
174
358
284
218
216
186
100
196
214
192
186
118
100
92
320
292
422
364
260
166
174
162
150
158
174
204
254
168
140
424
436
6
4
336
124
186
198
48
40
74
112
280
276
230
234
236
232
242
228
8
26
34
0
58
28
32
90
8
34
72
104
80
288
184
312
220
182
348
162
172
306
388
362
400
170
154
152
384
380
438
326
426
402
410
374
370
364
316
438
374
346
412
346
338
342
320
358
294
346
230
294
334
356
260
236
286
282
14
324
316
302
206
282
262
250
332
270
242
284
338
294
272
228
256
210
290
348
236
278
184
276
274
286
260
244
290
288
294
336
344
262
244
254
300
318
230
266
250
164
246
174
64
110
320
334
224
288
244
178
234
192
128
82
44
186
190
262
220
140
198
190
132
188
98
334
408
364
236
362
190
86
164
108
180
66
190
228
232
200
128
278
382
130
312
344
234
140
114
136
74
102
60
108
276
238
212
230
234
236
228
150
46
100
20
16
72
20
44
60
40
34
226
236
294
118
360
68
376
332
296
366
70
372
50
400
176
302
398
380
388
414
128
394
44
430
400
394
430
322
176
456
440
348
382
330
370
350
288
290
306
324
282
274
256
286
176
250
260
14
212
236
290
180
204
294
262
240
320
226
306
324
256
54
20
234
244
232
252
336
152
204
278
282
274
276
240
222
278
230
286
4
268
282
302
264
242
226
208
142
186
206
172
274
332
208
222
196
154
182
184
184
246
140
98
132
82
194
156
106
152
178
158
154
98
112
350
496
266
236
196
210
226
114
72
220
210
136
144
264
228
176
72
330
314
354
180
174
240
160
92
100
228
232
222
272
228
264
226
240
238
232
86
30
32
40
50
34
46
46
22
38
26
264
272
318
310
348
390
404
376
358
394
338
348
70
416
436
406
350
96
380
470
440
450
330
432
90
30
322
368
336
388
376
414
332
294
284
362
348
248
254
328
322
248
248
268
262
254
308
274
242
224
316
256
322
264
304
16
274
276
182
280
282
218
220
268
270
230
272
288
318
324
262
400
286
310
246
284
236
252
112
10
148
130
176
224
162
162
110
140
174
168
228
214
194
204
208
202
208
186
122
4
144
42
192
98
88
132
170
116
176
68
166
136
90
176
130
176
434
338
104
248
172
110
126
114
166
258
272
258
184
232
102
218
220
332
446
386
224
110
180
214
244
260
260
250
252
242
220
220
238
214
80
90
54
68
36
32
8
60
12
0
28
278
260
250
270
318
284
372
44
342
206
302
356
370
370
362
378
398
180
420
488
478
408
452
422
282
380
314
368
412
360
26
370
316
316
344
398
382
330
272
310
270
250
362
264
274
252
310
288
282
264
252
238
220
266
322
270
244
228
206
254
186
230
242
234
194
154
188
206
12
312
258
266
192
132
244
220
224
212
196
232
198
150
206
242
188
274
218
216
260
44
258
242
140
226
134
210
246
224
196
166
188
116
156
214
40
242
176
92
122
190
272
90
68
88
20
78
32
316
128
164
374
76
142
160
208
194
160
258
206
338
364
366
338
258
166
238
230
160
316
252
254
266
256
252
260
236
228
234
238
204
4
50
46
82
80
50
44
68
38
56
92
8
80
332
300
360
26
338
218
418
234
264
280
408
232
78
374
432
428
436
448
340
234
486
496
452
388
390
334
350
386
72
374
350
208
330
294
372
332
320
282
280
92
280
282
272
324
268
282
304
226
330
244
328
26
308
320
258
260
184
212
248
260
290
218
146
100
222
260
8
26
206
220
170
226
246
208
252
248
152
224
260
184
146
238
148
278
196
290
230
14
226
140
120
188
286
268
158
240
150
206
220
182
248
96
118
172
174
122
160
264
268
72
44
56
70
48
94
40
30
76
90
74
66
86
168
180
238
198
286
324
358
280
156
228
342
120
316
230
202
240
242
264
280
254
274
240
234
246
236
168
60
128
70
66
78
56
22
44
0
88
2
218
306
334
36
388
70
466
360
316
382
436
408
56
454
342
482
438
426
102
454
106
452
496
390
356
392
450
434
404
418
54
378
448
350
354
28
296
380
340
290
40
118
278
234
194
228
280
282
360
232
262
302
340
38
256
322
326
254
276
264
184
264
260
178
200
130
218
262
210
202
258
122
204
236
310
174
252
132
140
214
256
188
234
220
194
236
204
202
240
272
130
244
84
250
230
122
298
246
104
78
256
94
206
184
232
104
134
114
238
216
290
98
138
204
106
156
206
58
92
36
118
90
56
138
144
212
178
164
142
296
284
198
168
112
50
308
158
208
204
158
260
224
186
244
252
250
220
226
210
22
66
58
30
30
36
30
48
48
56
66
14
214
276
352
174
410
358
328
386
324
450
420
356
474
476
504
454
470
506
486
456
480
504
434
466
452
448
464
482
474
426
398
404
350
350
362
70
252
282
296
322
274
248
324
322
260
288
210
260
248
278
232
308
294
318
254
320
298
238
212
92
130
226
228
154
270
136
220
222
222
286
282
130
242
198
264
230
266
196
208
206
256
166
272
278
242
254
236
286
286
260
192
228
200
282
178
284
220
186
258
108
258
184
186
186
282
164
236
190
258
272
238
50
110
248
180
40
20
12
16
60
66
68
130
218
244
202
122
94
218
340
146
158
68
66
294
240
286
240
152
240
234
182
208
274
248
256
228
228
122
84
98
114
100
72
64
70
38
72
0
58
104
184
242
292
362
354
74
354
28
438
352
214
62
448
190
482
414
28
508
416
482
502
464
500
452
474
430
472
292
448
386
334
400
386
372
328
314
328
296
336
334
330
336
314
262
318
318
234
264
236
204
210
194
240
272
326
198
264
260
230
120
200
280
250
198
264
242
230
250
230
268
182
204
172
188
244
252
338
272
202
108
196
192
258
232
234
152
250
226
214
212
260
194
208
194
184
200
202
112
206
194
116
258
226
278
220
248
266
172
260
272
198
238
128
108
104
44
14
12
80
58
68
104
94
224
128
128
158
148
222
128
100
48
98
312
350
306
162
114
106
210
204
242
286
264
212
270
212
218
76
80
60
32
54
16
70
78
50
56
66
2
82
74
8
222
354
354
404
476
266
368
416
402
450
468
464
450
496
466
452
202
468
502
164
188
478
276
382
424
50
450
372
398
350
126
318
340
370
336
286
368
256
328
262
264
292
294
290
318
276
302
208
278
298
314
290
332
166
256
208
298
278
220
208
274
222
216
192
252
176
250
248
258
246
214
260
214
272
282
236
202
192
256
220
256
218
248
218
250
142
218
210
292
222
238
228
196
194
182
122
166
180
208
278
296
298
320
224
240
270
184
220
152
304
98
54
64
102
20
44
10
54
192
54
146
154
212
214
140
176
170
98
58
126
404
476
168
84
96
226
258
272
342
246
264
256
216
250
228
44
52
90
8
88
112
104
40
66
92
10
74
74
66
26
92
236
294
272
368
52
394
436
414
452
464
480
498
480
468
458
490
508
508
506
496
468
468
444
394
438
474
418
48
396
380
274
324
328
340
362
362
390
302
356
294
352
288
294
284
288
298
314
290
284
254
242
310
292
226
228
266
252
268
282
194
202
164
212
262
250
238
230
222
248
254
296
250
288
210
288
296
300
252
296
308
304
244
358
256
272
270
170
302
264
176
200
302
246
246
250
314
208
240
160
304
290
224
258
220
256
212
208
220
158
176
356
34
22
76
68
52
48
78
18
98
74
104
88
70
204
114
212
52
246
322
178
114
176
234
280
270
358
356
254
244
246
268
236
222
222
44
86
0
2
98
0
80
76
72
60
60
80
42
90
24
94
80
188
344
348
338
350
360
268
380
386
378
390
412
410
370
442
494
470
176
486
472
476
468
450
438
450
448
416
380
364
390
326
352
312
380
282
328
358
364
280
320
344
396
334
354
322
276
304
342
336
336
340
172
282
300
6
260
180
290
226
166
202
256
262
262
196
196
174
262
256
272
334
222
258
290
298
292
258
280
222
248
296
342
316
270
298
278
270
290
286
282
284
254
300
190
184
132
206
182
156
220
178
148
134
168
224
176
124
50
106
128
270
146
18
112
62
56
128
70
74
106
216
156
116
66
122
106
92
118
124
236
252
304
306
404
270
224
246
256
254
280
290
248
214
192
20
82
84
30
68
2
36
46
8
82
90
74
90
78
100
118
126
100
216
292
294
278
216
236
212
138
60
86
170
296
280
292
330
356
352
338
416
422
464
426
192
406
456
382
416
390
362
356
320
320
332
312
394
354
336
302
374
394
304
376
304
280
322
362
238
336
242
262
256
310
292
20
276
304
252
186
246
260
244
262
148
320
284
150
226
260
304
324
268
292
266
266
290
282
286
220
300
286
312
296
256
242
238
240
258
246
302
280
222
4
18
42
20
28
48
92
96
92
120
104
140
136
166
132
62
44
140
370
308
192
246
68
68
56
16
88
184
220
212
114
208
206
144
236
242
310
274
338
194
188
222
222
232
250
272
246
256
262
302
222
214
76
48
118
76
64
0
92
80
104
92
2
54
60
114
120
106
196
176
188
190
76
214
42
104
162
160
174
164
160
148
126
144
140
116
104
104
170
320
354
412
412
424
418
398
402
342
374
374
60
386
330
306
304
340
382
292
358
338
326
332
334
344
312
386
2
330
310
214
314
244
348
278
278
194
266
244
242
244
272
284
254
290
264
162
250
264
296
298
298
256
286
288
272
274
310
332
290
234
318
282
298
298
298
256
272
308
320
226
2
4
4
0
0
0
0
0
0
0
0
2
4
26
36
70
128
184
280
454
400
234
238
178
130
48
214
52
112
208
200
172
194
228
266
232
218
170
322
182
206
210
244
236
214
254
270
290
266
278
282
216
208
58
68
36
8
56
36
48
110
2
96
78
82
42
100
54
180
156
4
160
56
26
146
166
204
214
198
230
222
192
208
186
180
160
146
138
266
342
298
288
352
438
408
406
342
400
382
330
376
408
382
390
314
364
388
356
336
304
310
54
256
364
308
330
336
312
308
296
264
270
230
264
218
208
304
222
258
244
300
304
232
280
268
310
212
250
340
274
324
264
290
224
292
300
320
288
196
290
288
308
288
284
298
284
280
312
282
258
234
2
2
0
0
0
0
0
34
4
0
2
6
8
14
82
102
170
260
298
454
434
334
216
152
68
32
104
84
214
206
122
50
76
100
144
140
132
150
184
210
212
224
250
238
268
274
276
270
280
260
234
228
208
64
2
70
54
58
10
62
46
84
70
114
40
126
144
182
152
114
70
38
170
208
260
268
276
278
292
312
282
324
324
304
304
240
220
150
180
254
150
142
104
296
310
404
396
396
374
392
394
386
348
386
386
406
440
366
362
362
360
316
368
336
348
298
286
350
364
360
294
256
262
238
272
288
256
256
258
242
230
270
42
288
278
294
310
278
294
318
298
284
308
260
254
274
274
270
274
314
238
240
298
296
306
188
312
250
272
282
234
190
0
0
0
0
0
0
0
0
0
2
8
32
60
118
202
252
322
416
430
370
304
354
260
140
76
48
50
170
166
128
140
136
104
160
164
198
176
228
224
250
232
262
244
266
286
276
282
278
282
222
214
176
84
66
40
64
74
66
88
66
82
82
106
160
144
140
182
112
44
208
252
258
278
276
292
268
298
294
300
294
320
318
298
314
312
280
68
100
62
40
68
76
162
252
352
244
344
394
430
434
408
390
414
404
352
420
372
348
356
340
344
396
318
312
352
310
318
316
302
334
262
294
282
260
278
272
266
272
248
244
276
318
318
232
302
270
304
316
310
292
312
310
272
236
266
342
234
286
236
232
268
146
330
288
216
240
268
248
302
278
260
258
178
0
0
4
0
0
0
0
6
8
50
82
166
180
294
408
418
342
314
326
302
302
246
178
190
140
130
90
86
122
146
176
198
196
214
216
236
226
242
264
246
242
258
280
270
290
304
290
224
250
80
102
12
42
70
46
14
80
2
102
44
168
166
134
74
42
132
220
270
284
292
264
282
300
294
288
314
302
306
314
318
308
334
318
94
50
46
44
48
46
84
86
108
282
314
206
184
260
312
338
406
404
346
412
396
376
366
342
402
380
364
340
368
368
332
322
336
322
384
320
208
330
334
320
300
304
320
338
374
132
302
330
300
348
344
360
342
340
342
302
324
322
312
246
320
326
304
278
296
322
292
342
340
280
288
306
300
314
290
276
268
278
280
26
0
0
2
2
4
4
16
78
168
234
332
384
398
388
328
316
296
292
240
124
98
118
152
88
124
130
156
172
196
216
210
246
228
244
258
238
242
270
252
256
270
278
280
278
292
240
232
56
82
40
66
26
84
88
122
106
122
152
154
150
72
74
194
246
250
276
284
290
278
280
298
270
302
306
312
334
340
310
316
328
318
184
156
116
92
106
144
164
204
270
196
296
230
242
176
150
208
298
348
372
376
402
372
410
376
362
354
396
402
356
418
364
352
332
362
228
348
322
336
348
342
362
322
338
322
298
296
306
262
38
324
272
350
316
342
340
344
364
344
336
358
344
362
304
300
318
306
330
336
336
284
314
284
252
344
240
256
222
280
258
256
254
206
0
22
64
40
180
326
318
334
360
334
330
264
136
164
162
182
144
134
148
192
178
96
124
144
184
202
200
248
240
238
248
248
260
266
248
264
266
252
278
260
280
272
290
242
220
66
44
50
18
80
104
16
80
164
116
50
70
48
180
230
252
280
244
270
264
266
276
290
306
456
508
510
510
290
310
328
330
340
340
134
122
78
106
116
122
176
222
334
246
230
202
190
192
164
186
204
136
28
46
186
306
372
376
382
396
344
368
354
374
350
322
288
316
292
318
272
294
266
222
172
140
126
92
178
192
186
342
364
346
340
312
338
346
354
366
346
380
344
360
314
298
306
286
322
296
332
304
298
286
324
276
276
256
272
264
254
254
248
262
242
236
242
228
198
214
184
122
96
134
126
160
168
174
194
192
210
202
194
178
204
198
206
160
190
210
214
218
236
240
234
250
278
256
270
274
274
274
280
284
290
286
278
288
286
276
200
44
68
110
14
42
108
138
128
134
118
50
156
216
230
242
240
420
498
506
508
510
510
510
510
510
510
510
510
268
302
304
334
312
330
232
158
190
132
182
208
270
210
218
238
218
244
206
216
138
54
74
100
90
92
96
102
82
54
38
82
194
262
294
326
326
308
148
124
150
132
144
148
162
140
136
202
210
238
252
268
250
274
338
360
350
366
338
362
384
354
324
346
326
336
316
314
284
260
268
294
284
282
286
280
302
278
242
212
84
36
44
48
46
194
112
80
134
142
128
160
138
176
160
158
182
194
178
206
214
182
200
218
226
206
238
224
242
232
220
204
224
250
234
240
224
268
258
244
260
256
250
278
280
276
278
294
292
268
276
250
196
68
78
86
94
112
180
58
136
40
150
214
224
228
252
248
260
510
508
506
72
510
68
506
510
510
510
510
510
272
314
340
316
310
328
212
226
254
232
256
238
230
242
256
216
268
186
68
74
64
98
122
112
140
148
146
132
96
82
72
74
76
64
76
44
30
28
34
30
18
6
18
72
66
56
66
30
78
134
186
190
68
36
86
196
260
294
290
286
316
314
330
322
310
300
292
274
240
216
132
80
38
44
50
44
48
52
52
66
82
70
88
102
74
100
162
138
192
188
186
208
184
166
206
210
206
210
254
234
220
244
260
218
238
210
232
222
234
246
222
222
220
234
258
256
272
248
266
264
266
260
274
296
254
266
268
288
292
294
294
222
194
90
128
90
122
6
118
80
148
200
212
226
250
252
276
266
234
508
492
506
126
498
52
508
506
508
510
510
510
284
322
340
344
344
332
292
256
274
244
272
260
208
106
118
152
112
150
130
144
144
180
188
188
198
170
180
140
120
128
122
94
104
78
86
100
66
94
66
52
26
46
42
54
36
32
34
38
32
42
38
50
42
48
36
48
58
40
52
52
48
38
72
48
56
58
66
46
76
72
76
80
72
72
110
92
92
126
118
108
116
120
130
128
132
164
192
190
188
236
200
232
288
262
228
224
238
264
242
226
242
276
244
246
258
264
256
244
226
234
218
242
228
240
218
272
262
288
274
240
280
278
262
274
292
262
274
286
294
298
292
230
204
188
124
96
96
136
176
192
220
228
246
212
264
250
210
258
250
510
490
504
222
510
68
480
40
510
510
508
408
270
338
340
318
340
322
238
252
230
198
184
188
166
162
194
166
160
198
206
244
248
246
232
230
232
230
222
182
160
154
162
164
134
124
134
130
124
84
82
86
112
60
86
74
70
52
60
58
52
72
74
74
70
70
78
90
82
74
82
94
72
84
90
92
70
86
118
96
118
126
104
130
116
132
136
122
144
128
140
142
154
162
144
158
154
184
210
208
172
298
270
234
404
264
234
210
238
240
252
256
252
234
236
238
234
254
260
244
278
268
244
250
232
236
238
262
254
268
248
286
268
276
262
258
286
278
280
294
292
306
304
244
224
224
228
220
202
192
190
246
252
250
250
234
252
250
240
252
250
510
248
46
250
504
506
276
408
508
510
510
510
252
314
314
320
314
342
374
244
244
210
228
222
258
294
308
286
288
274
284
278
270
250
244
238
236
188
206
186
194
172
158
154
166
144
152
140
140
150
110
76
106
106
68
94
90
92
82
104
86
102
122
76
106
108
104
122
104
118
112
116
130
132
128
110
118
126
134
124
158
144
142
150
142
138
144
158
154
146
180
166
170
178
166
170
200
198
222
226
200
184
250
264
198
230
224
240
256
252
234
236
270
240
264
240
240
266
246
232
266
264
268
240
256
246
250
244
272
286
286
270
278
280
264
296
286
300
294
306
300
290
296
222
236
222
228
238
236
208
192
234
232
234
248
236
230
238
242
236
234
508
508
244
414
506
508
510
510
510
510
510
510
250
318
340
336
334
336
334
344
336
350
330
328
336
306
326
296
298
342
298
258
250
260
216
194
242
222
252
208
166
154
178
188
162
174
168
154
132
174
168
132
140
126
120
134
116
96
136
116
100
156
150
132
110
150
124
134
162
122
144
130
148
152
132
152
162
162
156
152
170
170
184
194
158
154
164
156
174
160
182
184
170
168
186
190
180
244
200
228
210
196
182
188
236
224
208
246
272
256
244
234
240
248
262
260
288
250
250
248
264
256
262
226
254
242
260
250
210
282
254
258
274
284
278
276
268
290
290
306
294
304
296
256
246
232
218
222
204
236
216
238
250
240
224
236
246
226
240
222
240
506
510
510
510
510
510
508
506
364
196
228
256
296
334
310
340
318
320
364
358
338
330
338
332
332
320
318
304
280
284
274
300
248
258
242
240
230
214
204
188
170
170
180
180
172
172
160
174
158
152
156
132
120
160
138
152
120
116
136
140
138
162
136
150
144
168
164
126
160
164
148
170
152
162
142
154
160
156
150
184
170
212
184
198
196
178
178
174
180
190
192
170
162
196
186
202
202
202
236
228
230
208
194
200
238
236
232
244
250
248
246
270
254
288
254
238
252
242
278
238
278
286
242
242
242
268
264
262
266
260
244
260
256
282
270
276
304
290
288
296
290
308
300
