508
196
282
360
366
314
298
314
342
346
54
226
228
212
194
176
194
156
174
188
162
154
158
154
136
140
114
132
166
132
94
112
84
54
88
94
112
128
102
122
98
98
84
90
68
56
96
60
74
66
32
72
52
76
56
78
32
50
54
34
54
54
38
42
44
82
30
66
48
72
70
48
42
54
100
84
92
96
86
78
50
108
68
106
92
104
100
70
128
122
160
152
124
136
140
188
144
170
156
176
164
156
190
208
204
220
228
240
242
240
238
250
268
308
268
258
272
306
318
290
310
302
336
312
320
342
344
364
332
356
354
386
422
384
390
404
428
402
470
470
420
440
468
478
484
498
500
496
500
498
494
256
272
252
244
226
224
224
202
78
364
508
208
274
350
338
324
214
290
310
324
46
132
218
194
196
210
200
164
192
206
172
150
178
174
150
162
136
156
176
168
158
128
132
110
146
172
198
124
154
130
80
94
106
102
72
46
80
60
86
68
78
46
46
68
38
34
34
48
50
40
66
56
54
50
58
88
58
110
58
52
64
48
84
68
60
64
76
76
80
56
64
108
108
78
98
114
88
96
134
118
124
174
144
142
132
180
184
122
162
178
148
174
154
220
230
222
188
216
214
232
248
240
274
276
270
256
262
336
292
304
330
264
304
302
332
340
326
358
326
340
310
388
384
398
390
394
392
400
420
448
404
438
436
454
476
492
486
492
480
484
488
270
264
230
238
232
250
238
206
80
372
510
194
266
342
330
314
236
304
178
194
26
116
160
196
214
212
230
246
216
214
198
198
208
170
172
192
170
166
156
226
212
186
222
238
174
238
226
182
128
136
106
114
108
108
68
66
56
68
88
64
60
58
58
66
40
38
42
36
64
38
74
82
60
70
60
84
110
120
82
106
94
56
42
56
80
80
78
108
80
58
74
108
70
94
98
110
90
74
118
134
124
116
136
148
146
134
180
174
182
130
140
160
172
196
232
222
200
196
206
220
256
268
260
230
258
264
286
288
312
312
312
326
282
306
324
358
332
292
316
298
346
392
412
370
380
386
372
376
438
420
414
432
412
430
442
438
480
450
472
466
470
278
218
234
234
246
232
256
236
110
354
510
200
282
344
352
256
200
196
292
282
280
68
20
80
82
86
140
186
214
230
206
222
230
212
178
170
210
166
240
190
172
202
222
218
212
242
278
232
224
266
236
268
256
230
256
256
266
282
242
306
272
314
326
340
370
364
382
386
400
404
386
386
362
398
358
382
376
374
402
352
318
298
340
290
266
260
232
234
244
262
236
244
232
206
208
208
186
190
188
192
150
156
172
188
220
190
188
218
190
144
166
152
160
202
154
190
164
178
150
176
216
206
212
214
240
206
188
236
232
200
204
202
202
226
198
194
230
196
226
184
228
218
236
190
242
234
216
218
224
220
258
226
224
252
254
266
250
240
268
258
250
246
260
244
238
238
238
220
202
112
274
508
214
278
336
356
322
234
252
44
218
234
274
10
262
308
300
310
298
300
290
310
316
316
312
284
276
292
324
304
292
288
292
306
300
288
276
270
268
266
248
260
258
268
260
246
246
252
274
250
234
226
256
234
242
246
208
250
232
238
234
248
244
276
240
234
220
212
224
236
236
214
244
222
198
184
188
194
226
220
188
190
220
224
188
204
190
190
196
218
174
228
204
214
192
202
194
182
186
190
132
204
202
180
184
206
152
164
160
218
156
182
216
220
208
196
206
230
224
230
230
184
222
188
202
224
194
144
92
86
36
110
136
142
170
144
144
172
210
248
212
218
212
236
234
236
230
262
260
226
252
268
232
264
232
208
230
230
226
194
114
238
510
202
288
320
352
296
270
308
166
192
188
162
326
36
238
310
294
308
298
286
318
330
314
286
310
320
324
298
300
304
296
292
312
284
292
292
302
252
272
266
274
274
270
262
258
258
276
244
268
240
266
264
236
254
254
244
222
220
222
238
234
240
224
242
214
218
248
194
246
216
212
214
204
246
146
292
166
196
162
158
148
150
220
192
236
216
204
178
206
176
182
190
214
180
206
196
212
200
148
168
182
156
178
156
170
170
206
190
198
202
166
198
210
206
212
218
222
124
56
52
36
8
12
10
4
24
18
12
46
14
26
18
42
42
32
70
112
72
26
80
120
180
228
214
250
260
232
240
224
212
240
244
250
242
234
228
240
242
210
110
218
508
192
252
334
322
268
160
118
234
258
162
314
248
256
120
212
316
324
332
318
332
316
302
344
300
308
280
300
306
296
294
302
298
300
270
288
262
252
292
280
268
278
290
298
282
276
264
270
294
272
292
264
262
258
244
238
256
244
230
238
218
244
226
236
224
214
238
210
218
224
188
186
24
102
38
156
202
90
252
166
44
88
162
180
156
170
174
184
190
176
196
178
168
206
202
228
178
176
130
202
170
178
166
184
164
150
156
160
160
166
150
42
6
24
14
6
0
2
4
8
16
14
8
24
4
32
50
10
40
58
4
42
28
32
48
20
38
8
18
4
30
88
66
86
164
252
242
260
234
228
256
258
236
216
240
224
226
220
214
94
200
508
190
246
328
316
350
252
144
160
190
246
332
142
82
180
182
222
304
308
322
330
304
312
292
304
328
324
304
314
300
296
260
270
278
278
294
278
278
252
264
260
250
284
258
262
290
264
258
262
260
258
268
262
272
250
238
232
254
264
222
250
224
220
204
222
236
208
168
156
0
4
4
6
2
34
84
134
58
72
198
288
218
24
56
30
0
52
196
172
124
148
156
134
178
142
158
142
154
154
132
174
138
122
146
66
30
2
6
4
4
2
16
16
2
6
4
10
50
8
8
8
44
68
4
36
74
52
26
62
26
116
102
66
90
106
90
30
50
32
6
8
4
20
38
50
40
60
102
94
118
154
238
236
228
226
228
224
218
206
114
166
508
206
258
324
328
266
158
238
282
308
152
234
156
98
96
124
198
166
306
320
328
304
300
324
312
302
316
294
296
290
276
302
298
274
282
266
304
270
246
260
242
272
252
294
256
248
264
256
266
226
264
270
220
258
260
234
242
246
228
224
216
228
218
222
210
214
82
170
62
92
64
46
102
140
72
8
0
0
12
110
130
126
286
10
40
4
26
8
4
4
30
42
52
72
20
18
2
0
2
0
0
6
2
6
8
24
12
4
4
10
32
6
2
4
16
4
20
6
16
24
48
70
12
122
16
128
120
86
90
178
174
48
222
170
0
48
28
130
140
230
58
34
110
98
70
54
16
62
100
152
78
126
156
212
232
210
196
208
222
130
148
508
184
252
308
342
258
80
150
114
152
326
122
288
88
54
146
372
136
24
294
312
328
326
298
276
314
320
252
326
300
304
290
304
288
280
304
278
292
248
242
266
284
256
254
272
232
264
238
250
258
268
260
264
226
256
240
232
220
230
238
240
226
212
206
202
194
50
48
70
102
106
40
36
80
12
80
166
16
4
20
2
16
0
0
18
0
18
38
10
0
24
2
16
8
6
6
4
4
6
30
12
24
12
28
8
6
6
18
10
34
34
18
46
16
6
34
22
8
36
58
70
46
82
76
120
96
148
162
156
104
80
72
160
84
84
30
52
132
68
42
254
142
142
290
166
130
34
38
46
200
136
96
144
102
162
196
212
200
212
134
132
508
208
242
312
344
260
196
136
174
142
68
164
168
32
248
270
358
336
154
196
288
280
278
300
320
314
278
304
306
306
290
296
290
300
298
284
258
252
278
252
248
244
258
242
242
250
258
242
252
252
258
238
248
250
258
258
222
218
220
232
234
200
228
200
228
194
152
66
30
10
4
96
58
34
12
14
62
8
12
14
0
38
46
50
16
80
50
32
0
36
8
4
6
18
10
8
6
14
22
10
46
6
22
44
30
50
46
58
100
96
142
86
78
90
136
76
32
14
74
66
116
160
128
82
60
94
148
110
214
240
144
162
90
102
72
22
222
114
140
154
170
132
216
208
186
156
52
290
252
320
242
140
50
134
130
94
212
218
214
132
122
510
202
262
316
336
348
292
244
254
292
330
350
46
122
316
274
346
450
340
160
176
260
282
290
296
294
290
284
282
302
268
292
268
270
298
260
282
274
248
246
234
22
112
230
224
220
234
236
244
258
224
230
248
234
232
230
246
216
214
198
210
206
210
206
176
190
172
164
122
76
28
6
4
62
160
82
60
0
8
20
8
22
12
56
4
36
24
58
46
42
28
14
26
48
48
22
20
18
38
86
66
62
88
66
90
40
56
98
132
98
158
132
94
130
114
48
68
84
120
98
124
180
164
104
108
168
172
70
28
128
2
30
52
16
70
56
252
198
166
138
146
148
164
196
210
142
64
368
30
44
290
128
116
70
164
170
186
202
210
132
84
510
224
228
320
320
100
64
248
270
154
26
334
396
414
262
350
380
374
218
332
294
144
204
282
292
310
308
294
288
268
262
288
278
254
276
262
250
292
270
262
170
156
28
232
60
80
206
200
224
240
226
242
234
214
236
212
208
214
178
186
202
204
148
194
178
156
194
174
162
138
134
82
8
2
8
4
4
38
24
66
12
26
32
70
80
78
58
68
74
46
32
48
78
108
44
30
74
98
42
54
100
124
118
84
168
142
160
132
178
148
186
116
132
122
144
114
144
110
120
62
152
156
110
116
94
54
38
22
104
2
58
168
16
6
12
46
88
164
134
170
118
128
146
174
190
98
244
418
10
12
336
114
132
148
120
74
76
182
182
154
80
508
208
238
318
324
168
168
166
72
120
144
146
116
240
310
332
302
324
208
240
454
382
370
112
268
274
298
306
266
282
260
276
264
258
282
258
276
256
268
148
56
224
266
304
178
128
58
80
192
212
182
232
192
204
210
186
174
128
78
60
4
6
8
14
30
6
56
40
48
10
0
50
8
26
6
36
32
54
12
72
32
62
50
78
122
10
82
84
94
92
80
98
118
108
106
108
150
122
160
74
158
116
206
58
164
122
228
236
188
166
150
86
234
180
68
200
42
88
148
160
40
114
122
154
28
28
20
94
32
34
134
98
128
10
10
50
52
100
94
128
90
96
130
164
162
150
182
436
54
40
300
190
162
180
124
88
190
76
170
166
72
508
208
254
322
320
128
358
306
248
178
148
160
184
214
86
268
342
386
230
192
226
352
380
300
284
76
274
266
272
272
276
260
270
254
254
260
260
248
276
248
256
246
310
172
138
10
40
6
40
8
50
72
80
40
76
86
82
80
42
0
76
102
46
68
110
22
68
96
58
4
84
56
72
106
64
100
128
80
88
70
68
110
180
4
116
118
224
0
104
78
96
88
170
92
114
168
160
150
170
104
224
168
182
172
208
138
172
164
212
208
64
40
90
228
182
130
142
124
68
52
94
140
126
46
46
58
22
102
28
8
56
14
32
32
18
30
46
56
58
140
134
82
146
96
216
94
124
364
338
298
270
158
152
78
138
162
308
280
146
160
56
510
186
244
332
324
202
142
178
120
292
380
276
34
126
144
288
260
248
278
218
296
204
326
284
310
318
158
136
194
240
280
234
230
234
264
256
228
240
146
118
82
64
76
68
42
110
66
112
150
102
148
92
50
178
164
186
12
90
68
150
6
170
200
132
128
196
216
146
206
146
148
168
178
44
182
166
164
160
134
4
68
220
172
198
160
222
270
204
66
208
174
168
166
112
178
110
176
164
114
200
4
216
134
192
44
256
224
202
206
164
192
132
176
170
162
92
154
258
164
10
44
100
136
10
58
4
46
114
40
62
136
32
12
14
26
156
182
86
106
82
98
38
46
132
116
84
116
272
210
106
194
272
118
76
182
326
208
200
200
130
46
510
216
252
356
334
70
80
74
32
98
176
158
176
228
276
48
196
240
286
308
290
342
202
328
342
340
288
146
150
106
62
60
78
80
60
24
50
70
8
152
50
128
94
196
10
176
14
206
210
64
22
222
214
258
64
210
296
278
176
264
244
198
48
134
262
256
20
184
52
278
172
244
172
16
268
254
18
178
202
144
242
242
130
200
0
214
122
248
194
192
180
220
158
148
186
204
242
180
190
254
12
236
220
184
212
170
206
216
166
258
230
164
168
98
122
154
150
48
218
164
134
106
136
52
40
4
34
84
128
192
124
12
106
12
20
46
120
62
102
160
0
82
32
68
112
142
90
148
92
142
138
112
102
74
320
178
212
192
200
126
58
510
210
220
348
344
300
142
60
200
328
150
144
122
60
180
174
178
248
190
398
438
388
348
294
402
430
316
372
348
246
286
286
310
296
210
306
238
196
286
260
270
16
208
262
242
298
312
258
310
314
312
240
282
254
322
312
306
286
250
104
244
288
256
268
248
286
330
316
274
214
12
192
224
232
206
176
0
216
150
238
94
184
192
192
272
248
240
190
198
212
176
212
198
198
186
190
236
264
202
188
248
212
188
196
238
142
214
204
176
192
210
234
164
130
188
146
180
156
180
156
126
106
118
124
42
68
148
74
60
174
136
38
46
64
44
58
60
78
98
140
112
154
132
54
32
138
98
144
202
186
64
160
88
300
188
180
168
218
194
152
34
510
210
236
346
342
320
164
118
88
70
112
132
248
362
398
138
282
144
162
202
304
384
338
414
356
404
234
380
152
458
462
266
248
376
286
258
388
432
392
384
294
408
368
336
54
378
294
296
326
350
254
42
312
324
258
320
24
306
324
244
292
282
272
292
326
6
276
284
228
252
96
266
264
272
174
268
250
280
188
206
34
14
202
184
194
210
164
174
208
172
236
100
188
208
160
198
198
158
210
292
228
216
218
198
212
208
210
118
164
148
210
176
164
0
100
142
58
86
130
146
198
2
104
110
138
174
214
56
64
66
98
74
50
48
54
184
102
48
112
112
168
128
98
204
184
160
226
240
268
124
160
86
274
140
160
196
184
184
204
154
50
510
208
230
344
336
308
124
94
78
154
58
240
220
116
192
258
324
284
294
224
336
336
446
492
500
448
394
428
428
390
450
360
362
476
440
448
180
430
404
430
410
490
480
456
360
390
502
468
492
472
488
446
462
492
410
374
264
342
372
302
178
38
336
274
304
254
266
294
174
296
288
290
256
194
228
246
200
262
194
96
234
180
134
204
224
222
246
160
150
148
188
234
194
164
254
222
274
2
246
238
194
218
286
164
170
172
286
194
202
232
236
210
204
170
194
88
146
158
84
30
144
44
34
160
138
46
142
120
56
26
52
46
116
86
68
280
130
64
98
218
196
188
98
160
144
170
214
246
150
152
126
292
124
116
162
178
144
184
104
178
50
510
226
252
330
316
296
156
154
274
218
218
220
270
278
396
326
322
330
346
374
332
206
292
466
190
336
374
424
416
266
322
444
256
458
190
466
498
468
462
400
320
344
314
258
364
340
372
370
324
310
362
386
432
394
462
422
282
388
372
222
312
358
358
280
268
228
340
276
8
330
292
292
6
316
166
94
282
310
338
220
244
68
216
232
168
76
260
110
234
214
172
262
226
298
248
218
262
244
298
210
168
74
164
194
128
236
196
168
76
290
204
208
284
254
138
94
198
88
160
182
102
224
44
154
50
22
200
186
70
42
28
28
44
54
74
216
120
82
62
132
116
234
174
144
150
200
312
112
250
192
222
74
100
182
248
258
142
136
160
150
44
510
208
234
356
310
450
242
312
226
236
266
56
238
68
234
230
156
284
318
32
344
320
330
410
468
364
424
428
392
402
404
474
378
408
462
246
380
288
394
108
372
104
358
58
350
264
372
338
62
306
358
370
408
456
302
382
272
444
344
262
302
278
450
280
278
286
322
264
298
314
256
254
256
294
296
108
292
6
286
288
200
162
112
166
176
6
216
180
228
204
152
252
176
306
4
276
260
314
262
140
272
142
270
230
126
206
224
124
14
274
280
220
300
182
250
144
260
212
170
148
110
154
160
152
128
170
152
178
56
148
68
14
90
20
38
156
80
82
84
82
112
210
200
166
222
258
196
176
198
208
216
276
226
258
288
96
150
108
80
184
34
510
222
212
314
384
348
190
250
258
184
278
342
234
164
176
150
174
54
212
312
374
416
370
362
208
430
470
250
406
494
466
426
264
146
470
368
454
482
392
240
368
390
364
324
350
60
374
366
284
332
348
42
340
324
368
150
334
336
362
356
236
298
286
62
146
378
222
312
322
308
236
218
288
304
286
208
282
202
232
184
204
272
232
190
292
234
258
230
234
240
248
148
204
252
228
268
80
134
238
260
144
194
258
252
180
226
220
224
176
312
236
226
198
44
258
220
244
94
202
162
232
220
210
224
154
142
210
194
148
16
48
38
14
10
46
214
48
68
78
120
126
120
164
236
228
296
110
140
198
336
326
320
326
216
132
166
100
62
182
160
58
510
210
216
300
436
326
34
14
14
14
160
0
304
200
352
196
318
218
314
126
352
362
102
428
194
446
314
450
446
332
292
394
428
402
424
214
360
374
366
412
300
306
304
340
378
374
308
406
388
338
346
236
322
342
312
232
334
326
264
330
304
326
348
354
268
280
294
340
326
320
242
270
238
276
328
230
288
352
244
192
266
6
306
214
188
158
194
226
182
254
264
274
188
182
282
214
218
182
260
338
260
238
168
244
280
274
296
276
186
334
216
214
146
68
210
40
234
204
92
284
138
234
216
176
172
136
154
186
106
26
126
88
80
138
136
114
98
154
126
186
184
204
162
184
288
294
92
204
236
350
328
360
196
180
136
150
68
200
176
154
60
510
204
230
314
344
176
114
144
102
86
74
82
124
146
294
210
306
100
350
362
106
416
380
366
358
440
436
398
468
302
298
346
202
422
428
154
374
406
112
136
374
368
122
278
394
426
138
400
364
378
372
378
350
344
374
372
396
382
402
324
366
134
336
348
312
292
308
294
36
362
308
312
292
294
16
198
298
166
282
258
334
112
292
284
122
110
302
300
232
264
102
244
212
228
228
240
276
258
198
288
196
208
276
218
286
254
192
264
300
240
234
264
182
164
218
150
38
220
194
236
204
178
172
198
224
200
132
110
158
166
204
148
96
118
116
94
54
146
170
132
162
226
298
234
334
168
182
196
318
284
286
230
226
150
114
224
188
180
182
164
60
510
208
216
324
352
76
104
34
6
102
110
28
154
66
152
112
198
220
66
360
320
318
404
428
358
284
322
448
456
408
430
402
276
442
408
448
440
384
426
402
372
354
412
398
348
386
126
314
364
326
368
368
386
302
350
380
342
366
358
310
328
42
350
386
340
318
342
302
320
272
318
292
306
318
276
280
130
270
188
294
146
248
238
276
258
258
264
262
232
308
298
204
288
212
166
236
288
318
198
224
74
224
258
246
208
220
164
246
228
164
184
278
274
190
292
270
222
268
212
246
286
260
246
212
200
218
136
86
208
110
158
106
74
190
96
176
70
196
160
180
186
290
320
262
280
128
194
264
294
164
212
188
150
172
202
196
170
186
174
176
74
510
206
222
310
306
156
146
98
78
90
110
114
166
138
240
162
296
314
112
384
334
386
432
344
204
418
396
376
348
422
458
152
436
382
102
418
472
418
440
424
404
408
424
444
380
338
364
388
446
384
388
360
334
386
300
308
274
302
294
316
368
344
298
338
308
344
400
332
340
302
316
278
298
188
300
280
326
290
280
290
264
336
218
262
240
234
294
218
312
302
264
160
254
120
130
262
218
268
266
200
314
310
278
132
310
326
278
246
244
132
208
228
246
246
242
200
242
204
142
178
246
342
198
200
180
202
146
130
114
114
130
60
208
118
150
98
218
104
190
218
268
268
310
308
244
126
212
300
164
260
244
204
176
154
162
186
168
194
184
174
74
510
204
218
330
368
352
234
284
320
262
172
300
166
264
264
222
272
302
304
348
318
326
38
394
424
158
362
370
266
410
466
310
460
446
444
386
464
160
430
420
380
460
442
284
380
398
422
458
342
76
394
390
398
158
384
392
406
350
386
320
352
296
344
368
356
346
406
370
354
324
384
304
366
344
330
302
294
234
284
282
236
304
316
242
316
246
252
242
334
244
326
150
264
290
256
242
236
248
208
236
266
294
224
246
192
218
290
342
188
236
238
226
258
118
158
68
180
76
206
172
248
254
248
166
254
162
122
60
62
136
100
162
80
154
102
120
236
214
226
208
218
288
252
270
266
202
156
148
192
250
172
196
186
160
150
192
192
172
190
184
98
510
218
260
332
188
46
226
126
108
202
152
150
340
292
204
258
176
308
68
352
330
356
376
386
390
276
412
424
438
444
480
438
472
450
448
438
446
412
484
408
182
386
458
284
448
314
304
418
326
300
394
382
342
266
396
358
84
386
384
368
366
324
372
66
336
364
26
370
344
340
348
362
356
366
332
376
358
288
304
294
284
302
300
316
246
338
318
286
264
286
286
262
252
330
284
340
320
246
248
240
254
302
246
302
162
298
238
256
288
290
254
120
90
206
114
50
72
120
104
132
72
128
88
130
86
36
4
0
0
46
140
236
228
252
88
140
102
202
194
216
268
190
232
156
180
216
208
226
186
238
212
142
160
192
188
194
206
234
214
198
84
510
198
196
182
388
300
266
224
374
246
368
320
136
252
262
202
256
296
262
312
44
330
358
358
314
394
432
436
452
452
430
418
424
416
378
446
446
450
452
440
468
408
426
434
424
392
414
442
392
396
388
404
386
338
366
374
420
380
360
418
372
356
356
334
414
374
326
332
338
354
320
318
310
350
256
208
304
296
292
324
276
310
264
286
276
220
210
300
268
326
314
288
284
252
328
36
306
324
202
264
156
362
326
182
266
320
324
252
212
178
4
6
4
22
96
66
92
96
126
116
148
138
160
126
170
134
166
144
198
232
286
350
320
158
144
130
114
254
102
144
200
166
176
184
174
208
192
238
174
214
174
138
180
212
242
218
210
228
210
196
118
510
206
200
306
266
140
172
152
178
160
186
230
204
130
236
256
270
228
240
232
260
340
368
390
84
408
144
376
300
368
356
310
214
240
254
290
192
334
304
352
392
274
438
428
450
424
414
414
400
418
410
378
420
368
384
394
416
412
368
390
36
390
374
362
390
356
286
306
242
324
280
318
134
324
352
338
364
226
346
310
276
280
318
252
230
202
318
326
266
286
302
228
308
172
296
298
336
326
304
266
252
354
224
244
310
246
276
270
272
212
10
12
0
8
8
24
20
14
28
52
60
116
88
62
130
94
126
142
236
260
308
374
306
246
196
240
270
174
246
188
146
118
122
184
250
272
148
174
168
182
218
238
208
222
228
220
224
234
228
196
124
510
210
202
116
36
82
78
112
150
232
220
68
230
328
132
252
200
220
262
260
194
302
320
326
368
342
340
302
218
94
112
116
124
140
130
120
108
114
112
128
200
304
340
320
374
400
424
416
430
454
432
388
416
360
362
418
376
350
362
356
368
352
370
318
372
336
324
336
300
332
384
360
248
282
210
316
332
350
352
382
332
320
230
252
284
238
324
270
326
302
326
308
370
300
304
318
294
294
366
288
268
272
264
282
224
286
318
342
288
314
296
10
4
12
2
12
36
26
32
58
46
78
80
108
116
100
108
216
242
272
306
284
266
310
120
240
266
162
184
112
218
238
256
208
194
196
136
172
222
204
216
228
190
238
208
238
220
250
216
218
122
510
204
220
170
226
112
88
154
148
172
200
226
162
292
324
182
224
250
230
126
264
162
246
262
242
122
74
114
154
152
192
196
196
220
220
232
172
148
172
160
58
60
38
260
146
358
394
390
430
428
424
424
414
408
410
418
296
362
380
386
386
382
370
336
360
324
322
344
308
372
280
370
354
278
288
286
298
326
338
296
304
284
296
240
338
324
260
270
316
296
304
340
328
338
284
194
348
378
316
334
342
318
270
274
288
346
346
348
316
244
320
16
4
6
6
40
46
26
8
30
74
116
132
90
132
108
186
148
192
316
326
260
292
292
274
250
224
228
190
134
154
176
180
202
184
246
198
196
214
226
242
242
234
226
230
260
242
230
180
214
146
510
196
190
106
38
50
12
128
96
354
200
186
248
198
318
244
242
134
222
252
252
258
148
84
144
180
208
226
242
216
246
262
222
244
256
278
250
252
220
200
84
64
74
194
212
238
352
404
438
418
422
448
426
438
420
410
394
408
382
400
244
370
318
192
416
24
290
298
250
366
374
332
282
310
300
316
350
38
326
302
350
338
282
212
308
290
274
198
318
284
258
350
336
316
364
358
324
294
294
274
252
326
322
326
320
346
352
348
410
398
328
230
4
0
2
0
2
4
6
22
72
72
108
88
54
146
194
258
302
292
308
296
328
280
104
108
148
138
178
214
196
178
188
184
182
178
180
220
202
204
202
258
242
272
252
274
264
254
224
226
156
510
200
132
304
298
268
284
418
376
418
404
234
204
238
232
346
252
226
212
200
94
94
176
198
228
268
250
270
282
266
278
270
262
284
286
280
268
252
268
266
32
94
144
112
98
128
128
282
350
350
418
444
326
422
402
420
404
402
352
404
402
396
398
364
378
322
342
334
326
296
312
286
346
338
288
334
320
290
300
318
296
274
250
270
264
392
356
348
300
336
96
346
292
404
366
316
364
294
326
326
290
374
262
288
356
330
354
346
380
334
244
310
360
154
10
4
12
0
0
4
62
46
64
80
142
206
218
320
334
330
288
232
152
170
212
214
160
194
226
164
200
218
186
486
112
356
282
500
316
498
486
506
290
232
284
268
270
264
230
220
154
510
206
238
348
194
70
140
330
368
250
226
254
322
364
398
270
186
178
126
74
184
256
268
270
298
290
318
282
302
302
326
308
318
312
276
272
278
306
248
280
100
74
54
32
82
94
86
158
228
274
314
372
354
416
410
404
414
410
384
380
392
368
390
388
386
366
348
344
322
332
358
348
356
378
274
326
334
358
290
264
296
152
324
364
330
26
276
254
344
364
298
330
310
344
328
340
330
326
310
338
190
352
346
356
364
344
356
320
322
308
310
358
320
300
348
246
74
10
2
12
8
42
52
88
290
326
338
242
214
186
200
200
208
192
196
224
206
198
226
186
226
206
204
492
220
66
282
436
140
504
338
452
288
266
274
274
274
262
236
242
162
510
208
156
94
114
114
214
258
300
236
274
208
296
158
74
144
98
50
182
254
270
286
302
292
288
306
290
312
300
348
320
314
296
284
290
276
264
286
340
162
122
136
118
104
106
146
150
144
196
166
212
234
300
324
372
398
392
364
352
380
366
332
382
356
194
344
320
364
378
336
360
334
364
352
348
354
268
308
272
322
290
280
334
270
308
304
268
260
372
332
328
340
326
370
342
384
368
392
392
378
360
276
348
336
330
392
332
280
370
382
356
312
316
304
306
282
322
290
2
20
46
242
302
254
244
162
168
132
196
204
184
202
176
204
208
236
216
208
202
202
208
242
178
502
482
276
126
484
144
492
190
150
326
262
284
268
258
250
250
242
174
502
150
104
70
44
154
132
116
192
188
258
180
166
164
166
48
172
228
290
302
320
306
308
296
298
336
344
306
320
340
308
254
298
316
308
300
276
284
362
224
94
136
138
140
104
138
152
142
156
182
228
178
184
162
230
272
324
264
278
300
340
334
350
344
336
326
348
346
342
314
278
218
192
216
204
228
166
132
168
122
128
218
112
186
276
282
330
346
386
376
324
342
350
382
364
356
402
346
382
362
336
354
350
386
388
332
326
354
294
342
316
314
288
320
346
312
292
342
296
264
250
110
122
164
154
162
204
190
218
200
226
238
242
226
216
228
246
232
242
232
224
238
228
500
236
170
238
232
202
278
444
500
378
266
292
262
248
240
248
270
190
510
202
136
76
154
88
62
120
114
92
46
178
78
178
228
264
290
304
308
320
320
318
344
326
320
324
334
316
298
294
286
282
288
306
280
298
320
264
274
160
136
112
158
116
146
216
210
200
162
140
146
138
130
152
142
76
68
90
108
120
112
134
142
196
212
264
280
314
296
154
122
80
92
86
82
136
142
152
116
152
120
122
88
100
120
298
354
376
370
328
366
338
312
308
358
330
342
364
340
368
356
306
210
386
342
298
288
322
282
326
290
324
332
288
278
240
232
154
154
116
168
164
172
212
196
208
210
192
204
204
220
240
232
252
214
226
236
246
258
238
240
254
228
332
422
458
492
508
504
508
504
380
382
258
262
242
286
288
260
228
196
510
208
224
78
142
140
180
112
150
120
196
236
284
292
312
320
304
340
302
320
338
334
338
326
300
330
314
308
300
328
348
302
294
318
342
318
282
292
308
84
80
92
114
158
174
204
204
216
182
146
134
134
124
132
82
108
118
114
138
134
146
140
144
132
124
120
114
104
100
90
58
174
232
186
238
226
266
256
266
304
270
254
228
198
150
294
346
384
360
312
340
312
300
326
356
324
324
356
304
316
328
324
322
294
298
296
288
308
314
296
316
230
150
122
150
150
186
180
178
178
176
182
198
198
204
218
212
230
214
236
216
238
224
256
252
240
238
268
256
232
232
248
192
244
272
260
236
236
232
236
206
212
274
264
260
270
260
258
242
236
186
510
240
220
288
286
282
274
314
286
302
300
296
316
320
300
312
318
328
298
326
332
342
322
326
334
328
324
312
334
308
332
326
304
282
324
322
302
266
210
78
134
126
150
170
214
112
110
146
148
100
132
106
132
116
114
158
158
178
186
206
196
200
192
212
176
176
174
174
150
166
152
88
52
48
42
62
72
98
102
108
144
164
134
132
96
112
162
224
242
274
316
322
324
326
300
310
300
318
306
312
286
290
286
270
288
268
222
156
136
148
160
162
170
184
168
200
210
182
186
210
174
222
204
230
216
232
200
220
238
240
224
224
236
238
240
246
236
274
244
242
262
240
274
230
270
276
258
228
274
252
260
242
250
266
260
278
268
256
248
260
210
510
254
232
294
330
330
326
348
340
374
352
314
332
346
322
338
334
356
326
332
316
330
318
326
320
316
298
334
322
344
332
310
298
300
322
312
286
288
252
86
106
98
128
158
134
130
114
188
106
178
140
176
172
226
222
210
200
196
222
230
230
216
216
234
234
194
224
212
212
202
198
210
160
122
106
112
114
144
140
160
140
188
158
160
148
152
128
102
110
118
126
152
100
108
140
144
122
140
142
138
138
148
164
142
202
154
196
164
196
212
198
180
210
192
186
218
222
210
210
232
224
206
232
216
214
216
200
224
224
232
294
214
206
238
246
262
260
310
296
290
314
352
350
338
358
340
372
366
386
354
402
398
380
292
288
290
256
240
274
238
222
510
266
228
306
338
360
340
354
326
378
360
354
334
302
320
360
350
328
336
356
310
320
324
334
322
284
288
322
332
338
330
304
288
322
322
302
306
286
288
150
96
156
186
98
134
118
198
198
178
218
216
222
222
242
202
254
250
218
236
238
232
232
228
232
242
244
234
226
236
236
226
212
202
192
188
174
202
178
166
184
164
188
162
186
206
208
238
232
240
252
264
288
288
282
258
276
294
240
278
264
294
290
304
288
300
296
302
316
308
328
332
356
314
318
336
332
316
328
334
348
346
346
322
354
354
334
364
324
374
352
374
360
372
394
342
388
384
378
416
422
430
428
440
434
440
448
460
418
392
372
414
442
382
248
248
256
276
238
272
224
172
510
256
218
306
340
320
338
366
358
352
440
450
470
424
462
444
436
430
460
434
450
424
430
438
430
438
468
454
442
428
454
386
428
420
410
388
430
408
434
396
356
292
304
372
360
350
344
400
398
370
394
378
378
372
388
380
396
384
400
374
386
350
328
374
366
364
338
378
356
348
358
364
286
338
332
318
304
320
280
292
280
288
280
290
294
290
296
294
298
292
316
294
292
312
312
312
304
308
306
334
314
330
306
328
316
316
314
328
310
368
338
346
350
344
368
324
368
350
330
344
348
350
346
358
364
348
362
404
370
346
392
390
356
346
358
364
368
372
378
434
400
448
438
448
490
458
392
448
454
372
390
400
422
284
252
278
256
262
254
260
210
510
266
228
316
304
352
340
364
342
360
460
466
464
448
440
468
464
434
466
392
464
436
450
408
442
448
422
444
428
424
456
366
436
462
410
440
386
412
442
408
430
400
412
410
378
382
420
410
388
412
398
412
408
374
408
398
404
384
376
384
392
376
332
376
358
362
376
292
362
362
360
342
296
292
350
360
336
322
312
328
300
304
332
144
312
288
304
316
350
322
282
346
330
268
348
280
324
328
326
316
296
342
342
324
336
310
380
358
354
354
386
352
358
378
360
342
370
382
358
378
356
384
388
338
378
396
362
410
392
366
374
380
360
382
356
382
382
374
404
390
412
420
446
438
476
450
426
472
398
414
410
422
422
250
264
292
258
244
254
264
206
510
282
214
302
334
366
340
362
352
338
446
454
488
464
488
446
476
452
384
454
450
458
392
466
406
438
442
466
432
404
448
348
388
464
426
444
416
418
444
412
412
388
356
406
354
420
440
412
414
362
394
418
368
354
384
388
378
398
382
408
408
382
322
364
386
394
380
326
360
354
380
378
314
226
376
368
314
328
340
344
322
294
346
326
320
300
308
344
332
338
276
326
356
350
346
272
364
378
344
332
326
334
352
376
318
342
366
360
374
308
354
358
356
388
316
344
400
368
412
318
374
374
394
396
302
334
382
328
364
326
354
370
360
386
342
366
404
388
386
342
412
420
438
468
412
426
410
420
382
362
348
354
390
254
236
266
266
232
252
250
252
