294
290
288
274
172
152
144
136
134
142
132
136
140
142
138
132
158
152
164
168
182
228
234
230
234
230
234
236
238
244
234
234
240
228
192
180
184
186
196
186
196
190
176
186
190
192
188
194
206
242
262
266
246
246
252
208
260
268
280
268
266
262
254
270
280
284
270
272
274
264
292
288
282
254
246
238
236
262
256
258
244
278
300
292
296
318
318
310
308
308
308
318
344
324
314
336
340
346
330
350
340
380
376
370
378
342
380
366
368
366
352
372
372
378
384
398
396
388
374
392
396
396
388
384
384
380
390
394
384
390
414
388
394
388
398
396
382
404
400
406
408
396
406
402
408
408
402
390
398
402
396
324
322
316
314
324
318
312
308
272
282
282
286
282
262
166
150
138
134
118
120
124
144
150
134
134
146
154
190
224
222
232
232
222
230
234
234
242
236
238
238
236
236
232
238
182
172
182
168
168
184
178
184
194
182
190
186
178
196
198
200
242
252
248
252
240
258
246
268
264
260
252
254
264
284
276
274
266
272
286
270
276
274
266
242
242
236
240
238
256
248
238
270
292
294
292
306
320
320
298
300
304
310
328
322
318
314
330
326
334
348
356
358
370
348
362
360
350
332
340
346
334
338
352
380
414
414
416
410
392
388
410
406
434
408
418
400
424
434
424
446
436
464
448
434
444
442
472
470
466
460
466
468
444
452
478
496
488
480
472
454
448
322
322
324
316
316
322
294
304
268
282
294
284
276
270
160
128
130
122
140
54
122
120
158
126
120
170
218
218
230
232
232
232
230
226
236
240
238
230
244
242
236
234
244
224
166
168
168
172
176
174
190
170
180
184
190
190
180
176
188
188
192
204
246
244
248
260
258
242
246
246
240
248
264
270
268
286
256
262
272
268
264
268
276
244
244
240
236
242
236
238
256
282
290
290
296
306
302
298
302
316
316
310
338
322
332
312
346
334
314
350
346
354
368
362
362
374
342
338
326
346
336
340
350
362
406
404
400
406
380
398
400
408
422
432
422
424
426
422
426
450
464
450
432
434
440
452
476
472
474
474
468
474
468
458
508
504
508
502
498
460
474
328
312
314
312
312
326
312
304
268
282
288
296
288
274
166
150
120
126
84
106
82
128
122
128
146
212
226
214
228
238
234
236
238
234
232
236
232
244
240
244
242
238
234
238
170
182
160
154
158
140
166
172
174
178
182
174
174
176
192
198
196
192
196
234
246
254
246
248
250
254
246
246
256
256
242
240
252
240
260
272
276
284
242
242
232
230
232
230
244
258
248
254
288
280
278
306
286
300
296
306
304
294
338
322
310
316
332
318
336
350
358
358
372
368
358
322
330
334
332
336
332
326
342
352
380
404
400
406
398
392
398
408
418
426
422
426
412
400
426
450
456
454
446
448
458
438
460
482
470
466
476
486
486
474
510
506
506
508
506
476
468
340
328
306
324
328
322
314
296
268
284
284
292
286
266
154
130
130
80
72
48
52
106
152
180
182
220
222
230
226
232
240
226
228
228
238
244
236
234
234
240
232
246
238
234
170
152
174
120
158
172
164
162
164
166
172
180
170
174
172
184
184
194
194
194
244
268
250
240
244
254
256
256
250
260
256
250
262
260
260
258
248
238
224
234
236
222
234
240
250
248
248
238
282
270
288
308
302
308
282
314
298
294
320
310
328
318
312
300
334
348
364
358
330
322
312
324
318
344
332
340
312
338
332
340
386
408
408
404
414
404
396
414
424
410
420
412
422
420
340
500
504
504
508
508
492
460
480
476
478
480
484
472
474
472
502
508
500
500
480
472
476
330
324
324
322
328
326
322
304
270
282
278
284
284
270
148
138
124
78
16
6
148
28
132
114
176
168
216
228
230
228
234
238
234
234
232
238
238
242
238
234
234
234
242
238
190
164
154
152
152
166
170
164
166
170
174
168
168
184
192
182
188
188
192
182
214
262
252
258
248
244
254
258
258
270
250
260
256
262
256
270
264
254
230
230
224
228
230
234
236
238
232
246
264
292
284
296
298
294
300
282
298
292
316
316
318
310
322
326
320
364
346
336
320
322
310
322
310
338
338
338
312
360
346
326
372
372
418
392
404
392
400
416
414
412
410
406
418
416
366
510
500
506
506
508
366
508
508
510
508
502
508
486
484
470
502
506
506
488
484
474
478
334
330
330
322
324
324
318
308
264
284
294
292
286
272
152
122
116
80
40
32
36
2
110
132
132
74
192
160
218
230
230
236
236
226
234
230
228
236
232
230
238
242
234
234
230
158
164
158
154
158
164
170
172
154
174
178
162
164
198
186
190
180
194
198
184
250
248
250
258
250
252
244
264
256
262
258
262
258
252
252
264
224
214
218
150
236
222
244
220
214
208
220
232
272
274
290
292
300
280
296
298
300
298
298
318
320
320
306
330
340
308
302
308
302
298
310
304
346
338
338
326
334
340
328
366
366
390
404
400
406
384
430
408
424
416
416
420
430
436
490
508
508
500
504
272
502
508
370
300
506
504
508
476
482
508
494
480
482
476
480
466
326
332
324
320
330
328
310
314
264
288
282
292
294
272
156
116
120
60
106
122
96
106
88
124
70
136
114
184
180
202
238
220
232
230
226
230
236
236
228
236
238
236
224
228
234
158
150
184
160
154
166
172
186
176
168
178
182
176
186
186
182
184
206
186
196
202
254
244
252
260
248
252
262
262
262
256
256
266
232
236
226
156
186
172
158
204
224
224
180
212
212
182
206
254
262
284
294
306
298
276
292
286
320
312
312
326
332
308
330
352
358
310
294
308
308
318
312
340
330
314
334
328
320
324
374
374
390
372
378
374
348
394
402
390
394
412
418
404
360
344
444
508
502
508
454
316
462
510
498
320
502
502
464
462
482
492
486
484
490
476
462
326
308
328
324
326
316
316
300
262
282
290
296
288
276
152
130
118
88
100
114
64
104
88
68
92
122
136
176
146
214
216
230
228
234
226
232
240
232
212
240
230
244
236
228
228
174
152
146
156
170
166
150
166
180
182
174
216
194
182
200
188
188
206
176
188
210
208
242
246
260
252
254
270
250
264
252
258
248
228
132
162
76
100
136
142
120
158
116
166
176
156
190
186
206
166
210
150
182
248
274
286
284
312
288
306
316
312
306
326
336
336
292
294
304
304
296
312
330
318
328
348
330
330
332
372
366
374
380
376
378
376
398
400
382
400
376
404
398
394
408
440
432
416
402
354
322
370
502
492
500
510
510
460
462
484
484
496
492
486
478
472
328
312
328
314
316
330
310
308
262
288
296
288
288
266
160
132
134
80
114
20
54
126
66
136
90
140
110
130
168
176
166
206
236
238
236
236
238
232
230
240
234
230
232
228
192
176
150
158
162
168
162
162
178
158
190
248
246
242
200
182
178
196
178
180
200
198
208
202
264
260
252
252
258
256
256
266
248
192
190
156
88
116
88
104
160
116
108
132
146
142
136
116
146
160
132
190
198
136
154
172
178
178
228
182
150
146
168
154
162
156
168
170
196
218
230
282
284
368
302
310
328
306
310
332
346
370
374
352
362
358
348
390
394
394
392
380
392
390
384
424
420
426
422
414
414
416
426
420
426
422
414
422
454
458
480
484
488
476
498
470
474
326
320
316
318
318
314
312
278
258
280
290
296
294
260
172
154
152
98
100
114
96
100
82
102
88
140
158
120
134
176
178
212
150
236
236
238
242
230
232
220
236
230
192
190
164
186
170
188
168
166
188
162
164
184
186
234
246
238
190
204
184
194
184
190
192
212
196
204
210
218
262
242
260
254
256
264
204
166
150
22
48
90
82
18
132
100
102
136
92
156
146
136
174
88
166
212
138
210
154
162
120
126
174
174
176
134
160
144
128
152
132
162
124
130
134
136
132
170
148
168
168
158
198
176
184
212
216
212
240
324
348
392
368
364
378
382
382
398
386
426
432
416
430
420
412
418
444
432
432
434
430
456
454
458
482
488
482
478
494
472
466
330
328
326
314
318
322
312
306
270
290
292
292
302
286
286
278
274
132
116
110
4
116
124
60
128
150
164
80
138
46
172
114
124
178
242
286
278
280
274
270
286
268
272
260
260
266
260
256
270
252
230
252
264
262
294
310
316
360
346
340
346
312
322
282
254
228
230
202
218
216
228
242
250
252
236
212
184
124
2
40
68
12
32
78
180
144
118
140
78
108
142
34
64
78
142
52
134
162
132
134
140
114
138
136
132
130
110
118
134
126
102
134
158
124
128
118
166
146
130
140
146
160
162
156
206
198
196
182
194
194
180
224
208
224
220
220
226
250
298
394
416
414
416
396
412
416
432
426
436
434
434
456
446
450
484
480
478
486
474
474
470
320
302
318
320
322
312
326
302
264
280
294
288
280
294
286
280
276
152
152
30
58
128
114
102
128
98
118
136
38
150
148
38
168
154
202
200
286
288
296
290
294
280
276
294
288
302
276
244
178
54
14
70
80
174
132
282
274
286
288
286
290
294
274
266
272
284
250
196
206
152
164
150
170
150
152
144
108
100
90
162
60
130
136
114
144
10
96
84
30
58
160
128
108
128
212
166
146
166
206
180
146
226
230
174
130
158
136
190
200
180
184
184
132
146
128
128
160
154
164
150
164
202
142
140
142
152
168
164
158
168
174
170
196
186
210
202
210
196
216
208
212
236
232
250
266
386
434
432
442
428
442
442
446
456
464
470
470
468
470
464
468
310
312
310
310
310
298
308
304
258
284
290
294
284
284
290
276
290
134
106
96
4
70
78
74
110
70
104
34
110
92
86
94
152
180
126
126
196
246
284
288
292
296
298
300
284
284
250
126
154
136
128
134
140
156
140
150
176
134
110
146
144
138
106
118
208
140
138
136
32
108
60
126
106
90
164
108
64
66
166
146
130
134
134
196
216
202
238
136
230
198
212
190
216
202
126
200
186
194
234
232
208
200
206
168
188
206
226
196
200
164
204
204
198
202
206
206
204
188
206
226
238
184
202
242
170
188
220
194
196
198
204
186
198
238
224
194
226
178
230
182
198
200
224
188
196
212
224
244
270
344
328
320
334
350
380
388
388
404
420
418
438
296
308
306
304
300
300
302
290
262
278
286
292
288
292
288
286
280
154
42
32
72
106
98
52
12
80
120
138
94
102
126
72
132
176
170
186
184
166
116
212
282
272
270
282
282
278
230
168
116
64
114
132
46
158
172
138
106
198
172
190
206
198
204
152
176
108
132
78
62
110
140
152
176
200
212
212
140
184
194
204
152
196
172
188
210
172
200
198
172
210
200
168
210
232
228
214
200
170
180
202
168
200
184
238
144
214
166
216
206
242
190
188
168
194
198
182
242
226
200
244
300
210
240
246
188
208
202
236
248
244
216
256
220
232
238
246
208
182
174
258
216
196
196
206
220
174
194
190
210
204
240
254
266
324
318
334
320
308
314
298
296
306
300
290
296
302
296
296
280
262
284
280
290
296
274
286
292
290
172
104
50
28
36
6
10
14
102
130
74
46
80
16
162
100
112
84
192
158
224
86
188
142
130
144
202
234
254
164
170
54
6
100
56
130
68
104
106
198
164
130
194
132
206
170
184
200
206
192
202
214
172
164
106
156
96
188
184
172
146
180
178
160
152
174
160
206
178
204
174
158
154
178
148
196
190
202
210
192
192
180
190
190
180
184
180
188
208
186
206
220
192
234
174
176
126
182
186
178
134
224
206
196
208
222
182
214
242
202
198
178
178
200
202
160
264
206
210
242
242
248
212
224
342
206
204
208
182
202
186
180
186
194
222
232
236
236
258
260
288
296
300
296
296
288
284
300
294
286
298
292
256
282
294
284
288
284
288
284
286
260
70
86
12
30
12
110
100
54
12
2
10
74
116
196
210
174
198
240
192
258
212
206
218
146
190
132
114
150
86
34
100
178
164
148
218
140
210
204
182
210
172
198
204
174
238
148
202
206
236
160
222
172
200
258
236
258
154
208
212
194
184
208
176
198
182
176
176
150
200
88
204
158
182
80
208
198
202
150
206
222
208
200
176
194
218
162
202
106
178
188
86
190
190
164
214
180
224
190
216
218
218
176
196
230
232
240
200
186
188
248
182
174
260
194
190
176
202
194
180
196
194
174
206
204
208
232
246
256
234
202
184
200
186
196
172
180
182
206
208
224
208
214
230
292
300
280
300
304
300
298
290
262
278
302
284
290
290
288
290
282
262
42
10
68
104
106
130
148
48
112
94
82
140
162
192
14
188
38
154
162
170
202
144
272
120
196
168
194
212
186
204
186
210
188
190
210
228
208
126
168
220
204
200
214
288
94
200
174
170
174
134
248
144
198
160
190
198
178
194
164
186
182
188
172
168
176
198
158
166
200
200
174
154
182
146
198
180
186
202
192
130
198
192
150
192
192
190
196
168
182
224
226
194
182
220
242
208
286
224
220
300
220
166
210
228
196
214
212
188
186
214
192
200
156
246
198
196
224
152
192
240
200
180
154
258
264
204
210
214
206
210
178
184
174
176
202
224
200
192
190
172
180
166
204
200
202
214
294
292
278
286
266
262
286
292
290
284
290
300
286
290
266
6
28
12
12
0
2
104
146
52
106
22
176
194
200
74
216
224
162
174
112
150
176
184
62
198
160
128
238
196
96
142
256
230
112
210
280
200
186
144
208
210
186
200
168
174
178
162
164
196
152
146
164
164
208
180
206
192
198
174
116
192
188
186
162
214
134
198
138
194
172
202
178
180
166
174
148
206
178
222
182
190
166
196
206
196
224
198
210
192
236
256
216
212
252
222
204
162
222
214
228
226
216
238
228
234
196
226
162
226
234
198
164
202
222
240
194
158
180
170
168
180
204
182
208
182
174
160
172
190
180
182
212
188
186
186
190
204
190
230
286
244
162
238
212
208
206
202
226
270
274
270
258
286
288
294
292
286
294
286
282
230
102
2
2
68
66
62
38
2
12
0
88
102
84
194
182
194
190
190
186
140
144
190
162
212
214
190
192
220
208
186
230
178
228
74
244
182
98
166
188
144
114
258
132
202
180
212
172
208
170
204
148
190
182
150
124
166
216
174
168
178
196
188
176
202
170
192
182
186
178
202
190
150
192
190
188
168
184
182
180
224
192
162
200
194
224
180
236
228
240
218
240
236
268
230
198
230
220
242
250
248
208
238
224
238
206
184
232
202
192
186
214
160
170
182
176
166
182
190
186
198
158
244
180
182
174
174
182
194
196
180
202
188
186
174
176
176
210
206
196
238
186
152
156
184
174
160
162
160
212
238
276
256
270
292
286
290
294
292
292
272
70
102
52
52
104
122
120
124
46
94
68
166
194
96
220
84
180
196
38
78
248
198
184
122
106
190
194
194
190
196
232
272
96
186
164
188
196
214
186
282
190
188
204
184
196
210
182
186
192
176
202
170
208
180
192
160
230
214
172
182
222
220
192
172
218
200
204
148
164
182
166
178
176
180
260
206
172
190
182
206
208
128
212
236
154
12
200
182
156
154
146
214
212
218
218
242
190
248
240
218
218
196
214
176
196
204
176
208
200
196
194
168
232
186
196
180
122
208
188
194
160
170
228
220
236
170
188
164
204
186
174
192
182
196
200
180
212
226
206
156
290
158
114
254
172
170
136
174
160
190
184
294
258
282
288
288
286
284
292
278
178
124
20
2
8
100
30
82
106
96
90
4
156
144
182
196
50
180
232
222
196
210
236
204
250
234
178
204
130
104
128
148
190
242
160
218
168
160
178
202
130
100
180
180
202
98
200
190
220
180
190
192
194
200
200
218
196
210
176
166
174
162
174
196
164
200
204
214
182
138
188
170
208
204
152
260
194
198
152
208
226
128
180
170
202
186
130
194
162
216
242
262
206
190
198
176
186
184
230
228
194
192
200
148
218
134
156
106
180
160
122
158
144
194
198
184
102
116
152
146
180
162
216
180
172
150
164
152
178
156
170
186
194
182
184
182
174
180
196
174
204
242
260
290
174
160
148
204
186
166
212
200
332
266
286
292
296
290
292
280
144
154
138
130
72
66
2
28
12
48
52
0
12
94
142
186
216
60
174
158
200
224
210
76
76
234
202
110
204
194
206
236
204
210
214
110
202
208
196
222
206
172
162
190
166
182
144
180
194
188
224
202
230
174
174
204
190
186
220
230
206
188
152
188
196
172
200
192
192
160
168
206
168
166
160
158
132
102
122
2
106
108
150
104
14
180
186
158
178
172
140
146
116
30
138
160
158
162
162
148
138
138
206
216
208
172
142
188
154
206
134
128
162
130
150
178
92
108
122
62
186
138
170
168
152
166
142
180
174
216
150
158
172
186
180
182
170
180
166
192
170
146
156
212
222
168
210
192
190
194
170
244
236
256
256
302
294
290
294
278
252
156
128
126
132
102
122
86
96
102
56
68
132
40
152
128
220
210
72
192
224
184
146
176
180
212
232
184
240
206
216
236
216
56
130
240
234
238
224
102
198
100
210
198
172
110
184
124
198
194
206
192
192
228
226
194
184
224
196
100
210
192
196
160
188
160
190
184
184
108
146
152
122
116
132
136
162
116
160
148
190
182
156
186
162
184
176
174
152
104
128
98
144
146
114
168
144
136
110
134
200
152
188
96
138
136
182
112
148
72
130
198
102
124
72
186
200
136
98
98
152
154
146
158
164
158
164
164
130
170
156
162
166
182
168
172
166
182
190
178
156
182
222
218
218
212
238
176
200
190
198
240
248
234
236
248
272
290
290
280
276
124
98
84
74
106
56
78
118
76
88
114
110
8
10
2
160
192
132
154
180
6
178
182
188
188
218
220
182
212
228
166
198
224
178
0
246
198
258
234
142
242
164
212
184
204
222
208
204
184
192
96
234
238
234
118
188
226
196
202
214
208
178
164
202
194
186
148
128
198
184
206
134
196
106
158
178
196
160
142
34
110
130
180
160
170
116
150
110
128
132
168
118
102
114
128
158
102
154
124
162
138
182
156
66
144
112
82
90
110
30
132
122
86
88
148
184
116
234
158
138
124
124
148
120
132
160
148
140
146
196
136
152
152
158
174
166
168
220
174
200
174
218
250
268
196
212
216
174
198
244
234
236
244
240
212
250
270
286
286
300
246
128
82
80
112
92
146
80
170
168
88
138
106
102
90
76
144
0
180
160
168
130
194
48
108
152
210
54
210
50
216
206
214
210
204
206
206
236
164
146
226
216
196
160
140
140
168
110
192
150
160
220
204
192
222
258
200
208
224
178
204
202
186
190
202
160
150
194
198
186
110
152
106
158
174
128
128
62
134
98
152
128
124
176
178
172
126
132
154
118
42
100
114
70
136
144
186
58
36
82
110
84
150
182
76
166
42
162
114
200
160
126
150
160
48
100
54
94
192
154
168
184
90
136
60
114
150
178
128
154
158
174
158
144
160
164
160
166
170
170
158
196
220
246
194
182
178
146
220
230
244
248
280
268
268
210
254
272
278
304
280
224
52
82
36
60
10
32
68
30
112
78
90
136
98
56
60
82
92
154
52
156
174
180
198
172
186
194
190
206
196
234
170
46
206
180
208
134
172
156
132
188
174
156
204
156
144
156
164
164
170
162
216
160
166
172
200
160
204
206
194
162
164
130
204
168
210
174
192
150
184
180
66
94
88
118
0
114
86
186
162
142
152
106
126
90
168
76
132
100
160
148
72
78
138
52
122
144
152
112
152
72
112
126
106
40
92
154
172
144
154
122
92
154
54
110
184
100
112
162
130
112
226
110
68
12
114
74
126
78
166
150
158
160
138
162
154
168
178
156
154
148
204
152
152
174
114
232
312
328
332
288
230
208
160
182
294
238
268
294
284
266
194
62
38
10
122
68
84
102
88
86
76
152
128
94
102
110
136
22
118
130
126
164
36
178
226
162
182
212
120
262
224
242
180
156
18
224
88
196
130
168
160
148
192
178
140
88
164
196
136
186
146
178
188
176
244
176
108
166
212
192
190
170
140
158
74
138
170
186
142
154
140
150
124
162
168
2
124
76
166
144
166
66
180
42
136
0
114
66
104
154
186
184
8
122
96
170
152
112
140
172
204
154
104
198
128
140
112
100
108
160
80
168
102
86
148
164
162
144
194
112
168
212
166
42
102
80
12
82
48
54
148
202
154
136
160
156
146
150
114
118
208
166
100
146
116
244
310
304
180
250
132
136
134
208
260
242
236
264
282
288
198
146
126
108
134
110
24
82
112
128
86
132
112
144
118
62
144
34
106
48
112
144
170
172
158
174
164
150
170
124
148
174
178
128
212
270
270
260
208
200
198
192
168
32
62
160
166
32
144
154
174
114
220
200
206
116
156
240
186
190
184
180
196
228
206
212
214
136
158
96
134
150
108
136
28
132
126
90
150
176
152
120
104
160
116
110
70
138
156
174
20
198
154
124
54
112
146
158
152
172
8
132
152
36
68
140
140
154
128
100
166
200
174
178
114
114
56
164
132
170
116
156
122
196
148
132
114
48
76
36
46
100
156
196
138
140
160
118
138
140
134
176
8
110
182
278
224
212
136
118
142
176
196
218
238
240
238
240
272
296
280
172
156
124
126
114
128
116
130
102
140
116
108
132
102
150
138
150
150
94
98
122
154
80
142
188
204
226
228
230
226
226
234
208
200
138
90
176
226
4
180
74
214
154
186
162
158
124
178
168
162
118
242
238
168
8
148
172
158
152
170
158
162
188
162
236
138
156
150
106
154
174
0
62
68
120
148
74
168
156
156
172
180
102
164
150
196
148
142
110
186
2
136
192
138
168
116
150
148
118
88
100
114
128
166
98
98
92
132
142
68
0
144
18
136
114
64
144
200
164
190
146
154
148
150
208
224
190
154
32
114
100
120
174
120
100
88
56
36
158
118
168
148
166
184
148
166
134
166
170
158
136
214
234
228
234
240
238
240
270
278
268
148
130
110
56
88
98
144
116
96
138
148
88
164
168
126
126
144
118
144
204
230
242
234
252
256
252
246
256
262
256
248
240
238
230
134
102
114
102
142
178
176
190
174
168
162
194
188
80
152
158
54
188
210
180
152
180
164
186
218
166
136
180
152
138
158
188
188
116
36
114
144
120
130
146
144
128
140
210
148
102
106
134
102
170
182
190
124
156
188
102
164
182
138
148
194
156
136
156
168
88
192
78
144
156
186
94
42
84
192
136
132
144
158
78
178
50
116
174
132
184
74
68
214
198
150
166
252
230
172
178
100
62
136
166
178
102
78
190
160
108
144
132
80
112
132
150
150
150
140
224
228
228
232
240
240
236
244
238
270
282
244
124
64
150
136
138
118
132
96
110
140
162
178
122
120
68
150
212
244
254
254
262
270
276
274
262
266
264
268
258
254
260
256
248
242
230
80
10
48
0
88
156
204
204
176
160
204
168
180
144
154
12
206
154
174
170
166
158
174
170
148
150
152
112
104
152
86
136
140
166
142
152
110
158
182
158
126
158
152
130
160
166
124
52
110
152
4
178
170
152
148
162
190
244
162
162
128
106
224
166
142
180
142
78
154
116
68
62
100
76
12
132
16
26
98
110
134
98
138
160
140
62
140
110
142
114
194
234
232
160
126
136
140
136
88
28
134
136
178
192
128
146
136
116
164
182
130
218
234
240
244
256
234
250
240
248
244
236
242
278
274
196
152
152
104
96
154
136
144
170
154
160
130
76
156
126
234
262
268
272
266
280
270
278
274
276
268
280
276
256
276
274
270
264
270
248
236
222
238
46
56
0
74
114
150
158
208
148
168
182
212
186
174
170
162
176
40
164
186
162
166
132
126
172
120
130
138
116
104
16
136
124
150
138
172
126
134
158
130
146
80
134
152
118
180
138
182
236
180
194
214
238
148
156
184
212
182
136
154
146
152
136
122
82
110
146
32
110
126
36
86
150
46
52
36
0
80
118
28
70
144
70
82
156
216
192
142
148
206
198
174
106
38
102
66
38
166
152
170
152
126
124
130
126
168
228
252
258
230
248
260
252
256
246
266
240
248
250
240
244
270
276
250
208
192
142
164
132
172
172
148
112
140
154
182
236
268
264
278
276
280
276
284
282
270
278
284
288
284
274
286
280
284
268
286
278
270
254
122
54
34
66
0
0
4
88
58
124
164
150
198
156
176
170
198
162
112
158
144
174
20
140
154
78
70
146
128
40
116
128
78
122
138
130
124
98
72
110
20
142
128
102
66
106
152
114
132
148
146
218
158
168
190
174
176
246
204
170
160
146
158
154
150
146
58
72
100
112
36
116
26
26
30
52
148
102
58
60
22
50
88
172
152
38
30
62
42
122
178
166
236
190
130
110
48
90
122
100
136
128
138
156
160
250
246
266
268
282
276
256
250
260
260
262
282
264
270
276
268
264
240
286
288
206
154
140
140
114
124
108
134
130
222
250
264
254
264
278
284
280
282
288
288
286
280
280
288
296
274
282
292
284
278
298
284
284
274
272
214
114
116
8
2
20
92
2
24
68
78
88
116
134
182
182
162
182
228
210
172
148
158
174
182
198
180
156
136
166
154
112
22
202
108
128
122
158
118
150
122
122
150
120
136
194
154
134
48
120
156
104
164
204
130
198
172
190
142
162
174
172
162
174
152
144
150
122
152
158
108
82
90
60
32
4
32
150
24
54
184
52
0
0
22
68
2
88
144
176
226
256
200
204
160
138
148
126
140
146
130
232
242
242
256
256
256
270
272
278
274
278
278
256
262
276
294
286
292
288
288
294
278
242
286
282
278
256
232
232
230
244
254
258
260
270
268
270
270
280
272
286
278
280
276
280
296
286
290
292
292
290
280
298
286
290
290
282
280
278
272
160
130
90
140
40
40
14
76
58
94
56
118
44
98
116
154
190
208
198
202
192
180
186
160
184
190
174
206
184
162
180
156
170
154
174
164
164
126
162
146
130
184
130
82
86
100
146
140
176
150
152
230
152
164
178
170
186
150
158
166
176
160
176
184
190
164
174
136
114
108
140
60
98
104
98
148
48
0
26
0
0
28
0
6
38
100
122
168
226
210
220
176
156
138
148
168
232
242
244
240
244
270
260
272
256
266
272
270
278
290
290
284
272
284
288
286
288
292
290
286
290
292
276
238
286
282
280
278
270
272
270
270
274
284
282
286
278
282
288
286
290
290
284
282
278
280
298
290
290
286
296
284
280
290
296
294
280
294
284
284
264
178
146
116
82
124
66
62
14
114
58
48
26
130
136
108
122
144
182
192
180
158
180
188
206
196
194
180
192
184
198
160
166
142
144
148
84
126
194
92
70
0
40
52
26
120
194
160
194
172
158
160
184
200
164
162
186
146
192
154
164
182
196
166
158
208
142
186
136
150
148
166
112
132
30
112
118
46
86
4
22
20
58
24
114
102
142
140
136
140
138
174
246
236
244
260
248
252
252
272
260
266
262
270
272
278
276
286
284
284
284
284
292
286
284
290
288
296
292
302
302
304
286
272
244
284
274
282
294
282
274
280
278
276
282
278
284
278
288
282
290
284
280
284
292
284
292
288
284
294
288
294
296
274
286
286
280
300
292
282
276
242
168
160
152
146
134
126
136
106
90
92
130
136
138
150
172
204
216
232
222
228
220
182
166
154
166
148
116
126
150
116
148
116
112
88
50
150
146
102
114
86
94
140
238
252
238
176
156
198
168
194
154
188
148
164
170
142
156
172
160
178
174
148
148
150
180
152
176
162
164
138
146
164
134
138
122
90
130
66
0
2
98
84
48
84
36
100
106
210
242
238
244
252
252
262
272
266
244
254
284
278
282
268
282
284
288
286
268
290
288
296
286
298
284
290
302
290
294
298
302
314
300
292
280
244
292
282
284
278
282
286
286
282
278
290
288
284
288
286
282
290
288
294
284
294
294
296
292
290
294
296
292
288
290
288
294
290
288
294
290
284
228
180
168
172
178
156
162
132
168
154
164
172
206
222
236
242
244
242
238
244
244
216
226
206
212
218
192
176
182
166
154
174
168
158
216
230
212
166
160
30
148
0
18
56
54
34
148
124
110
150
140
140
146
142
114
144
152
166
154
176
140
156
136
162
144
142
160
144
138
150
130
158
204
226
214
168
64
4
92
22
14
42
8
10
84
134
116
136
248
244
242
250
264
270
262
278
270
270
274
282
288
288
280
278
284
278
288
286
288
300
286
300
282
294
286
304
300
304
290
306
304
308
302
280
244
288
284
284
276
280
286
286
284
280
284
282
290
290
296
288
280
286
288
296
288
286
290
302
288
290
300
292
300
292
292
284
290
290
290
280
286
250
196
154
184
178
160
168
186
232
232
242
244
242
248
254
254
258
254
256
262
234
230
224
224
226
220
228
204
208
202
196
184
176
154
110
98
72
138
72
96
112
80
90
148
130
148
176
178
156
150
156
152
152
148
142
124
144
166
150
156
160
166
172
158
184
188
202
182
204
228
240
240
244
234
234
166
18
28
24
2
4
54
54
142
112
162
146
258
262
268
274
268
274
272
270
268
290
282
278
274
294
284
298
306
282
306
296
294
296
294
298
294
306
284
306
296
298
300
296
296
300
286
288
284
242
290
278
282
368
362
352
348
338
320
326
302
304
302
288
296
292
294
298
288
292
290
294
288
302
298
284
304
294
294
294
298
290
292
300
294
280
282
258
206
214
246
266
266
270
272
258
274
270
262
262
272
270
260
272
276
262
242
236
236
240
240
226
236
226
232
230
218
214
206
194
204
170
178
174
164
184
178
170
198
196
180
168
178
194
198
184
192
208
202
180
200
192
196
194
186
208
202
190
200
206
206
216
206
236
218
244
254
244
258
250
228
130
110
54
36
86
124
140
88
106
192
140
266
270
284
272
260
274
266
286
276
272
280
278
282
288
290
288
288
286
290
296
298
288
300
288
290
274
304
304
296
292
300
294
302
302
306
302
296
284
244
292
274
270
356
364
360
360
364
362
356
364
368
370
364
332
360
360
370
366
374
362
360
364
366
360
366
368
370
360
372
370
360
366
366
358
326
372
362
362
368
364
380
344
346
360
338
354
326
328
300
280
276
284
274
290
274
250
250
244
250
248
244
242
242
238
236
236
224
216
224
226
218
200
216
232
220
228
210
234
226
214
244
234
206
218
206
206
208
214
220
210
206
210
220
224
214
220
242
224
222
224
216
214
242
228
238
252
256
248
260
242
114
118
122
60
12
64
110
128
144
166
274
288
276
280
278
272
278
282
298
294
296
284
284
278
288
312
290
298
300
292
294
288
290
288
304
300
302
298
318
304
296
298
298
296
290
306
308
298
284
246
296
280
292
372
384
370
356
366
364
366
370
360
372
366
328
312
362
370
360
356
360
366
342
360
372
364
380
366
368
366
364
364
368
364
356
320
362
368
364
374
368
370
356
352
340
358
362
368
354
348
350
332
360
360
348
342
304
324
324
336
334
330
322
336
332
322
314
306
294
308
316
296
280
286
300
288
284
274
278
282
282
276
274
284
282
282
284
274
240
264
240
272
246
250
252
244
230
236
224
230
234
234
242
240
260
252
272
248
282
270
264
130
108
152
96
94
124
120
148
182
274
290
302
278
276
268
276
280
298
288
280
292
276
276
294
276
298
300
300
298
288
300
292
306
296
282
310
298
294
296
298
306
304
304
294
276
304
294
294
290
242
290
284
276
364
366
358
336
368
364
368
346
368
374
370
336
370
362
368
320
368
366
362
342
360
366
358
366
350
380
372
372
350
380
364
352
318
378
372
374
338
364
366
368
326
364
360
326
282
352
368
360
354
354
346
356
350
320
304
334
316
328
326
324
320
266
316
340
316
308
324
312
304
244
308
310
294
304
296
300
272
284
300
286
288
298
312
296
296
296
306
300
304
266
312
304
324
312
304
300
296
286
300
296
306
304
318
312
318
312
258
310
176
154
142
136
148
162
174
292
334
324
312
344
336
342
342
330
342
350
342
338
368
364
350
360
370
376
380
372
372
358
350
328
322
318
308
308
302
302
310
298
302
298
310
286
250
286
288
286
286
242
292
274
274
364
368
360
370
378
372
370
352
372
372
376
336
376
374
370
360
360
362
376
372
380
378
372
368
364
366
356
348
334
332
318
318
300
340
330
356
320
360
360
368
346
366
364
360
364
356
350
356
350
352
350
354
358
294
338
336
330
274
330
328
322
274
332
320
316
274
344
342
304
262
324
298
318
290
292
306
316
298
302
316
318
316
312
316
294
330
296
306
330
338
308
316
322
322
300
318
242
314
266
292
334
314
308
344
312
310
254
336
280
182
186
182
240
320
312
346
348
346
352
348
352
372
306
344
344
354
378
346
352
364
350
382
356
370
374
376
392
402
406
424
406
416
412
404
396
404
400
380
336
300
304
282
274
276
288
294
272
246
302
274
272
362
364
364
364
368
372
370
366
354
370
366
332
320
374
370
356
370
358
366
372
372
368
372
374
386
374
378
378
364
366
360
364
386
384
376
370
358
372
370
372
312
368
374
364
366
374
366
366
356
358
352
350
362
354
332
342
328
346
346
328
348
340
354
356
344
344
336
336
344
278
300
294
296
274
250
248
248
240
246
258
268
280
282
308
308
322
308
320
300
312
318
322
310
322
296
316
306
316
248
300
310
334
258
308
318
346
278
340
332
316
258
354
350
354
314
344
348
350
320
334
348
352
302
330
356
332
360
330
326
356
352
370
376
384
376
364
410
408
432
442
442
406
318
362
342
376
394
394
318
304
304
288
298
308
282
290
258
244
304
