234
230
244
234
230
232
238
232
230
238
238
232
242
232
234
232
242
232
232
240
234
236
232
240
232
226
238
234
232
232
240
238
222
228
236
236
236
220
224
218
226
232
220
226
220
204
206
210
196
200
194
190
180
184
188
178
178
182
178
180
180
176
180
172
172
174
170
158
170
170
174
158
162
164
168
174
176
150
172
182
168
162
156
164
162
164
164
176
168
176
178
188
184
180
168
164
158
184
196
110
160
164
174
184
180
192
182
180
180
190
194
176
172
140
142
64
72
10
56
146
206
202
228
240
234
244
264
258
248
252
254
262
250
242
252
258
258
256
238
232
204
52
72
222
242
176
230
266
230
244
226
246
264
256
266
270
272
246
254
278
302
226
236
228
238
238
230
238
232
240
236
236
240
234
230
224
240
238
238
232
234
236
238
234
246
234
234
234
236
238
236
240
236
236
226
232
230
238
230
230
226
234
232
234
226
224
232
224
226
220
222
222
214
210
200
202
202
190
188
182
182
182
182
184
180
178
168
176
176
176
172
172
176
168
162
176
178
172
164
160
160
174
164
158
164
160
168
164
174
160
176
178
180
182
166
166
164
174
196
186
166
160
166
170
168
172
172
166
174
178
172
178
170
116
104
168
186
180
188
162
132
20
2
36
68
128
172
196
216
236
242
256
260
244
238
242
248
254
252
204
48
48
204
230
214
228
238
212
224
242
230
254
270
256
272
272
246
242
256
280
282
290
230
228
238
234
236
232
240
236
238
232
236
240
232
244
244
232
238
230
226
232
234
236
238
228
242
248
236
238
240
230
240
240
242
232
236
234
234
238
220
238
234
236
234
228
236
234
222
232
230
234
226
224
228
226
222
232
226
216
188
190
186
194
182
186
190
180
180
172
170
184
166
168
178
172
164
164
178
162
180
158
166
172
122
74
68
126
160
154
166
168
178
188
184
160
160
164
170
180
168
148
160
160
162
172
166
166
166
162
166
168
158
102
98
160
172
176
168
166
178
166
178
170
174
164
124
78
176
28
46
144
196
204
230
242
244
258
246
48
36
142
0
210
224
240
242
218
250
234
252
222
224
264
260
262
250
264
274
260
308
264
226
236
240
238
234
240
232
236
236
234
238
226
240
240
236
234
234
234
242
238
240
240
244
234
230
242
238
236
238
240
238
238
226
238
236
232
242
234
234
236
232
234
234
236
234
230
232
230
228
238
236
232
238
236
240
224
226
232
224
226
226
230
224
220
212
188
190
182
178
176
182
178
180
178
172
180
188
184
180
164
170
172
174
122
112
130
142
128
120
142
164
170
170
164
150
164
166
162
158
164
152
156
156
164
130
158
160
162
162
156
158
190
164
166
164
158
162
162
154
166
166
168
168
170
180
164
176
180
176
178
108
26
150
30
122
74
86
132
188
174
198
4
210
210
194
204
232
232
224
252
224
248
234
286
242
248
254
294
252
288
298
300
236
232
240
238
240
242
230
236
234
222
232
244
238
248
236
222
232
242
242
206
234
240
234
238
224
244
236
232
228
240
242
240
240
236
236
246
240
232
236
232
230
232
232
238
238
232
234
232
242
238
238
230
230
228
234
234
240
234
234
236
234
226
228
226
230
220
208
198
188
184
186
192
194
204
192
186
184
184
178
180
176
178
156
108
138
138
132
136
126
112
120
158
152
150
174
166
152
152
154
156
150
146
154
158
150
162
144
146
160
172
148
164
156
152
150
160
160
160
152
148
154
156
160
164
162
174
170
162
158
172
166
168
178
156
80
78
100
118
160
192
148
82
200
202
202
268
236
236
226
226
246
266
248
248
260
242
252
266
280
288
300
234
232
238
230
262
234
236
230
234
234
236
238
238
242
236
238
232
238
238
242
238
236
242
244
236
238
234
238
234
236
238
242
236
238
244
234
238
238
236
230
228
230
228
236
230
240
232
234
232
232
236
232
234
234
230
222
230
226
232
232
226
232
230
236
228
226
226
218
228
222
210
216
228
220
210
192
184
192
180
180
176
180
160
112
114
138
128
126
128
150
132
118
106
158
154
156
156
154
148
156
156
152
156
152
142
146
142
158
162
100
154
140
152
138
154
148
150
154
152
144
156
154
146
156
156
156
164
156
168
152
166
156
158
150
84
66
120
62
156
136
94
70
158
86
156
224
200
214
204
236
206
238
242
262
252
264
276
268
276
286
270
232
236
236
236
242
226
240
240
242
240
234
246
236
234
246
236
234
246
232
238
236
244
236
236
240
234
234
240
242
238
238
238
236
234
228
236
226
228
238
232
226
236
228
234
232
234
228
230
234
236
232
216
228
228
230
234
234
238
228
234
238
232
232
234
222
228
216
236
226
230
230
228
234
218
222
220
214
196
198
186
186
172
122
128
130
126
124
146
134
140
142
132
126
110
134
146
150
154
152
150
158
144
156
136
144
160
148
148
144
146
150
152
154
148
158
142
152
154
158
152
152
146
150
154
154
156
148
158
142
152
160
142
148
72
64
124
134
136
142
158
136
150
168
170
166
182
126
82
200
146
174
146
224
242
232
252
266
264
290
260
282
236
236
244
230
236
228
234
238
236
230
224
240
240
238
236
232
236
232
236
242
242
234
234
248
236
242
232
234
236
232
244
236
238
234
234
230
232
224
232
238
236
236
234
236
238
236
240
234
234
230
230
232
232
236
234
226
234
228
228
244
230
232
226
226
228
224
238
232
228
230
234
228
224
228
224
228
222
198
194
192
182
144
144
148
118
144
152
138
138
142
152
144
134
134
138
134
130
156
148
156
148
142
152
150
146
152
152
148
148
144
148
144
150
152
144
144
148
146
152
144
136
150
146
140
150
152
150
144
148
138
144
140
62
62
124
116
134
144
130
124
134
142
146
172
152
148
166
156
142
170
118
110
136
106
144
214
228
228
240
242
272
246
236
232
234
222
224
230
224
234
232
232
238
234
242
234
244
240
238
240
240
226
230
244
238
240
232
246
238
236
232
238
236
236
234
236
234
234
238
232
232
234
236
236
230
234
236
238
238
226
226
232
230
230
230
240
234
236
232
232
236
234
232
226
218
236
232
230
230
232
226
232
234
232
226
224
230
216
200
196
178
178
166
142
152
150
146
166
152
172
146
162
142
136
140
122
94
118
114
134
148
154
148
148
146
144
150
144
138
144
140
156
138
148
148
144
148
152
126
142
136
144
148
138
144
142
136
138
140
144
140
126
66
62
120
124
142
114
120
134
136
138
144
142
138
148
146
158
142
174
170
140
160
176
176
182
196
138
140
110
190
220
238
236
226
158
140
138
146
104
210
228
226
240
238
234
238
236
248
232
232
240
232
238
238
238
240
236
230
234
238
238
234
234
236
234
228
228
230
224
226
232
226
236
230
236
222
230
242
218
234
224
230
228
234
234
234
232
234
224
228
224
226
226
240
234
234
232
234
222
228
226
230
238
226
236
224
224
208
202
198
184
170
170
164
166
146
152
152
148
174
152
162
148
148
140
118
124
114
102
102
96
94
140
140
150
148
140
138
150
140
144
138
142
144
150
132
132
148
138
138
132
136
134
138
136
130
136
132
136
124
120
58
70
116
128
130
126
120
130
132
134
134
128
142
142
148
138
168
148
150
144
146
164
158
162
172
180
190
188
196
204
206
234
234
224
188
152
156
152
158
154
136
176
228
228
234
242
246
244
232
234
236
236
238
244
240
236
238
232
238
238
238
242
240
232
232
230
230
226
226
228
232
226
234
234
232
228
232
220
226
234
224
228
220
230
232
234
226
234
224
232
234
238
234
230
236
228
228
226
226
228
228
224
224
226
230
216
212
206
194
198
184
150
136
128
138
124
138
136
134
128
134
144
122
136
100
110
76
56
20
6
30
24
30
16
186
50
100
126
138
134
140
142
140
142
142
140
134
134
138
140
140
136
134
130
138
116
128
126
126
116
62
64
106
120
124
114
130
126
136
132
140
142
140
148
130
134
146
138
140
160
130
152
158
194
160
170
178
182
182
184
210
246
232
238
236
204
158
160
160
150
150
154
152
164
196
228
236
232
232
244
236
236
234
242
234
242
230
246
230
240
228
236
230
232
218
234
234
232
230
220
226
236
226
228
228
230
220
224
222
230
220
230
232
224
230
228
236
228
232
234
234
234
238
244
234
228
226
230
220
224
226
222
224
226
226
208
190
192
186
198
200
192
200
190
176
98
96
86
82
58
64
10
14
14
0
2
34
74
2
50
56
158
30
4
48
32
0
54
62
184
22
52
186
74
14
38
112
100
76
104
126
128
126
124
136
140
140
132
124
110
60
62
86
106
114
124
120
120
130
136
132
154
142
134
160
140
146
146
132
162
144
166
158
158
158
168
174
184
204
236
228
246
230
236
232
232
220
176
170
156
154
148
150
148
142
154
168
212
228
238
234
236
234
238
238
236
238
230
240
232
236
230
228
226
230
238
228
226
232
220
224
228
226
226
216
214
224
220
220
228
224
224
228
224
228
228
230
224
236
224
236
224
228
228
222
238
224
218
212
222
214
218
214
214
206
196
180
176
166
152
130
76
66
30
20
26
26
8
40
52
2
6
52
8
6
24
38
98
6
46
40
72
28
54
80
12
28
44
0
30
10
0
42
18
34
6
6
34
22
24
38
108
132
6
36
136
110
104
114
108
68
64
118
108
106
126
126
122
126
124
126
130
126
126
136
142
144
142
150
140
148
136
146
160
164
182
198
220
226
236
232
238
228
230
232
232
232
230
190
150
146
150
142
156
146
142
146
158
150
168
222
224
236
232
234
238
234
236
232
248
234
228
236
236
228
232
228
232
226
218
224
224
216
172
174
146
158
174
208
212
206
216
220
222
220
214
226
226
228
228
228
224
228
224
218
218
210
216
202
164
136
64
50
104
76
22
72
36
18
38
44
12
34
24
24
50
12
32
50
46
48
2
38
64
40
4
36
20
0
38
52
22
32
44
26
14
48
28
2
84
18
0
12
10
2
4
26
18
4
2
24
16
32
26
58
4
24
20
42
210
82
106
2
34
104
120
132
126
140
146
132
134
128
134
146
144
130
136
126
138
144
142
174
182
212
210
216
216
224
232
226
222
226
224
202
240
232
238
232
210
156
148
152
140
144
142
148
148
148
148
178
178
156
226
226
232
228
238
238
234
234
230
226
222
220
226
218
230
226
216
226
212
188
140
106
120
124
110
120
120
120
98
130
162
204
206
216
216
216
216
212
202
184
100
92
68
52
56
4
54
56
6
10
52
18
6
14
50
36
42
28
40
70
64
26
92
94
48
16
74
62
40
64
46
26
4
60
34
14
60
64
30
16
88
24
20
68
30
10
42
22
8
78
24
8
24
42
20
10
10
28
32
46
8
10
10
12
104
144
16
18
78
170
28
120
40
200
192
30
126
138
138
132
144
140
146
140
148
150
158
170
190
192
202
212
222
220
216
222
224
224
226
226
216
200
198
232
228
238
234
226
158
164
154
150
142
140
140
144
146
154
176
168
136
158
168
218
224
226
230
222
234
226
226
226
222
224
222
218
224
220
212
188
136
122
96
90
84
80
74
58
52
38
60
44
28
102
64
70
32
72
46
20
52
50
26
72
76
32
48
92
22
24
44
2
12
54
58
50
14
66
26
56
60
16
52
70
72
2
74
78
42
70
94
46
2
48
50
58
10
38
4
0
68
18
34
56
78
20
90
56
48
54
70
0
74
28
24
16
238
32
54
26
80
20
134
54
130
72
8
10
252
104
8
8
30
36
80
130
236
84
54
68
136
160
142
162
146
168
186
198
198
206
198
210
214
220
232
218
220
214
226
216
212
206
208
200
240
240
238
230
230
194
164
166
150
148
142
146
148
138
136
144
156
144
156
154
156
198
210
222
228
222
216
218
216
220
214
220
222
212
208
190
172
102
96
90
74
66
54
36
20
12
4
32
28
30
76
44
18
46
38
46
24
50
42
50
50
56
38
52
48
38
62
54
48
54
80
82
32
94
52
44
74
76
34
46
106
110
60
20
124
48
38
12
30
178
78
20
30
30
54
104
10
36
8
50
32
40
52
38
52
44
52
36
44
58
72
44
60
32
64
86
96
118
38
44
186
92
40
54
132
22
40
78
40
64
18
52
46
90
324
248
44
272
222
170
196
196
194
200
210
206
214
212
224
210
226
212
218
216
226
212
212
200
192
190
208
236
244
240
236
230
208
168
152
158
140
144
140
146
148
144
130
142
138
150
150
134
136
158
182
208
212
214
210
210
212
210
210
214
208
188
164
138
86
68
54
42
10
0
36
30
68
48
54
70
84
34
0
72
52
48
56
58
66
44
68
68
72
42
104
32
36
42
22
40
42
26
72
74
52
78
74
74
52
86
62
86
76
56
128
64
46
34
116
40
46
70
74
0
42
96
26
74
38
44
18
90
12
108
54
26
52
84
18
84
60
26
28
84
66
94
176
72
14
104
58
26
78
84
86
90
92
72
72
50
28
118
134
158
34
104
74
284
422
146
294
68
194
210
204
202
212
218
210
218
216
222
220
218
222
212
212
202
202
200
206
206
248
244
242
232
230
222
168
154
144
136
142
144
134
144
138
118
130
140
134
118
126
112
90
98
112
106
186
196
208
204
206
196
194
186
138
112
84
20
14
30
28
42
38
38
50
64
46
74
84
60
38
78
78
60
56
110
88
44
90
82
62
66
90
68
52
76
40
30
28
58
62
32
44
78
14
52
64
44
28
52
48
54
54
50
32
24
46
4
30
28
42
36
26
24
2
4
58
12
4
36
30
50
32
60
46
94
20
52
12
64
44
104
96
88
126
120
8
86
62
2
34
78
212
46
170
118
36
54
60
60
214
506
92
130
188
366
256
286
90
110
176
148
88
204
216
218
224
218
216
224
212
218
220
212
200
192
196
202
204
202
210
238
236
236
242
236
214
198
170
158
138
122
132
134
140
122
116
110
110
112
102
96
76
64
54
68
56
50
38
46
100
84
78
78
72
38
46
36
34
24
36
52
36
34
54
30
46
46
38
56
48
38
34
50
50
46
52
48
74
58
66
64
72
72
100
66
58
58
44
56
48
50
52
50
52
90
72
58
40
64
58
56
46
60
58
66
34
84
66
16
32
82
32
10
20
4
4
24
86
4
46
18
12
24
18
40
62
2
22
20
54
30
40
26
14
98
70
14
48
34
40
40
60
54
22
148
80
56
48
150
280
206
202
166
286
488
388
196
194
256
130
236
300
178
144
120
216
218
212
216
218
214
222
210
202
196
194
196
200
194
206
202
246
230
234
234
240
214
210
190
162
136
132
122
116
120
118
112
96
90
88
80
64
58
60
58
54
50
44
36
34
48
68
64
52
54
34
78
50
48
64
68
42
62
56
60
84
60
58
58
74
52
62
60
60
44
86
90
62
70
66
56
54
90
60
58
72
58
48
32
40
52
46
36
50
20
30
32
32
16
46
34
18
18
52
38
28
40
40
30
22
64
28
24
50
4
34
50
2
20
46
14
68
22
18
78
32
20
70
46
12
82
40
26
52
86
10
56
86
34
44
104
68
22
118
114
18
152
160
214
132
110
128
250
374
504
316
284
224
142
124
258
300
244
148
286
270
142
150
206
216
200
214
204
200
186
188
192
192
198
198
210
212
238
234
230
236
234
222
216
196
182
150
134
124
116
122
124
112
88
68
66
66
60
52
46
36
46
62
54
54
52
54
52
56
48
58
48
68
38
52
58
52
44
50
72
70
44
38
70
58
48
68
66
52
36
68
72
52
80
86
70
54
82
70
52
54
70
48
60
96
86
70
78
52
50
40
72
66
32
38
70
50
22
58
50
70
42
72
60
14
46
56
34
42
44
12
60
146
36
50
50
12
48
10
44
44
24
56
32
20
36
50
34
34
44
42
34
64
70
42
62
58
64
66
80
86
42
84
120
158
144
68
280
350
492
506
298
194
206
100
210
378
448
508
274
236
508
284
444
152
136
198
200
198
186
186
184
190
196
194
208
204
206
218
224
220
230
226
224
218
204
178
170
122
112
110
114
104
100
84
66
64
62
72
50
58
44
60
70
74
50
44
62
58
50
54
50
42
60
36
30
46
54
46
60
46
44
52
38
34
46
54
38
52
58
50
36
78
60
66
62
54
42
88
62
48
60
56
62
46
48
32
32
52
52
46
48
38
48
62
50
50
68
62
32
30
82
70
34
74
62
42
36
76
34
42
58
2
8
84
2
22
28
26
36
10
8
70
28
16
88
24
14
60
28
40
22
54
78
94
72
56
62
62
132
82
106
128
92
138
152
276
426
190
174
172
248
312
260
344
142
412
312
338
408
500
176
340
508
426
302
142
132
112
180
180
178
186
184
182
198
208
210
194
224
218
226
220
220
208
212
206
194
164
138
92
98
112
100
92
86
62
56
46
48
46
46
50
44
48
56
40
44
38
32
40
50
42
68
50
50
46
44
44
56
66
52
60
56
48
42
42
68
60
38
62
54
66
54
68
46
36
68
48
54
46
78
52
68
46
46
58
44
48
28
40
54
62
68
86
34
68
68
72
54
38
68
50
44
46
64
32
60
56
48
68
90
62
24
88
34
56
76
34
80
66
44
104
48
48
114
38
48
108
60
42
72
98
108
94
104
44
158
210
66
142
222
36
150
140
122
114
158
282
322
394
152
304
274
216
154
322
354
388
242
362
226
276
394
352
508
454
178
122
136
128
132
176
182
188
192
198
206
206
198
230
230
226
220
222
220
212
206
200
170
116
78
92
108
88
88
74
70
58
46
34
44
52
60
74
70
74
44
40
38
60
52
50
82
58
62
74
46
62
64
68
96
56
58
80
78
50
54
70
50
62
82
60
40
76
16
48
70
78
58
74
92
68
56
100
88
52
62
80
66
46
68
64
34
60
86
62
28
62
76
20
34
80
92
28
64
80
18
68
58
24
32
84
54
38
56
18
34
30
46
24
20
46
66
24
62
62
40
28
48
12
44
48
54
68
94
74
78
124
156
196
128
122
246
142
154
362
326
160
262
264
286
200
220
190
134
276
496
500
508
446
508
242
252
498
506
508
508
158
498
348
356
126
102
168
190
198
208
198
208
194
228
220
224
230
226
220
214
202
186
116
78
94
102
94
96
94
92
74
56
52
46
40
36
60
64
62
72
68
104
82
88
86
98
98
82
70
72
68
70
76
74
62
68
66
58
54
66
56
60
64
52
56
48
48
48
64
56
58
38
58
64
46
56
66
56
52
82
72
36
62
76
54
48
68
78
56
64
60
60
78
70
70
38
60
70
74
30
56
54
46
60
110
60
46
96
22
84
38
14
90
32
38
78
16
102
64
20
106
80
36
32
116
94
92
100
156
148
200
68
106
162
142
190
190
124
214
208
194
136
256
366
506
244
134
186
114
396
510
510
510
510
508
424
250
382
510
510
504
168
506
40
0
266
108
84
182
192
204
202
190
186
230
224
228
226
226
220
206
158
124
106
94
98
102
100
104
92
78
68
54
46
54
42
42
70
72
90
104
104
122
106
126
124
114
128
112
110
116
116
114
102
106
100
100
88
96
96
104
82
74
90
70
68
112
88
78
72
82
86
78
64
80
74
100
92
64
68
98
82
44
88
94
58
64
76
98
64
100
92
70
96
78
48
32
62
52
50
48
64
94
54
42
54
66
50
76
66
64
38
60
42
36
48
60
50
60
46
34
84
80
60
48
94
40
104
68
118
50
126
178
122
104
108
196
106
180
112
120
344
270
204
234
242
130
216
160
168
506
510
510
510
506
502
394
174
244
508
510
510
164
506
150
6
228
102
68
94
194
200
194
196
178
234
228
228
228
222
208
158
140
118
114
110
114
106
102
74
74
66
52
52
42
52
56
60
68
82
132
134
146
148
152
148
156
152
136
140
130
120
120
110
112
112
110
110
116
92
112
110
98
102
86
100
102
86
82
88
104
70
90
82
72
84
96
66
72
88
96
80
90
90
88
82
108
82
86
112
128
102
110
90
72
66
92
104
56
62
86
62
64
106
94
88
82
108
90
74
88
98
74
74
52
88
86
68
82
98
80
96
70
94
92
86
98
74
132
120
112
112
154
158
106
174
166
98
148
142
158
180
264
236
178
186
162
192
228
186
232
280
508
504
508
508
452
474
200
264
414
508
510
506
156
288
384
160
134
122
110
160
188
182
182
176
202
228
224
218
216
176
120
122
122
124
116
110
110
106
84
60
70
60
58
46
46
56
66
94
106
152
138
142
132
152
152
148
154
160
154
152
180
142
148
142
138
132
126
144
138
120
130
132
118
124
114
104
86
108
104
116
94
108
110
104
88
94
78
90
92
102
74
106
106
86
78
86
106
86
76
114
100
112
76
94
104
98
74
70
104
68
86
108
84
84
94
92
82
82
100
82
112
58
54
70
66
92
56
100
76
90
88
36
118
58
78
28
98
82
66
88
88
90
104
162
86
90
106
122
234
202
192
290
220
312
132
134
222
210
208
182
430
176
442
468
456
488
482
246
270
346
508
508
468
486
214
178
278
508
508
384
118
174
182
180
178
228
228
228
224
210
118
110
110
120
120
118
102
98
96
70
64
74
74
70
62
60
66
92
116
126
140
116
122
116
122
108
116
114
116
114
108
112
128
136
146
156
152
140
140
152
142
134
130
124
134
128
116
118
106
94
104
110
100
98
112
98
96
114
118
78
88
108
128
104
116
90
102
104
112
112
120
110
92
66
74
88
76
108
86
82
92
104
100
102
92
138
68
74
96
78
104
132
98
88
56
78
130
68
64
96
140
92
100
104
130
112
96
100
106
80
104
102
74
128
110
100
106
118
158
104
254
136
152
224
104
186
302
136
250
180
66
386
506
336
266
494
506
350
254
188
194
384
394
508
510
510
510
508
508
264
474
332
124
176
174
162
216
234
232
222
172
122
118
116
122
122
116
112
94
92
72
78
70
80
72
62
102
106
124
128
148
176
168
162
148
132
124
126
128
118
120
116
118
114
116
134
122
110
120
132
144
146
140
138
128
138
142
116
128
132
126
114
106
120
102
124
116
100
100
106
104
98
74
106
128
92
112
110
108
104
98
122
124
116
98
84
90
106
96
74
138
122
72
104
54
100
100
80
110
86
92
84
104
78
96
68
80
50
82
52
84
68
70
72
50
74
70
76
58
102
118
54
110
62
106
98
110
88
116
128
90
100
134
100
262
202
92
44
66
128
126
78
190
464
508
364
388
326
352
252
174
238
402
408
468
500
396
420
262
506
216
168
148
180
170
186
94
242
240
238
212
120
120
112
116
104
118
106
102
104
80
84
90
98
80
82
108
116
158
188
194
184
192
190
200
186
190
188
158
140
138
130
132
136
126
132
120
128
124
112
124
120
142
136
134
132
126
132
126
134
132
132
122
124
116
120
108
122
116
122
104
114
94
108
106
104
102
118
92
114
104
104
98
86
122
80
114
88
102
110
88
102
72
72
76
82
116
128
112
66
100
100
110
90
96
90
104
76
88
78
84
100
108
114
96
102
108
88
92
66
124
102
116
94
70
96
106
76
80
66
102
116
102
130
128
208
260
42
2
4
2
84
150
108
288
490
466
370
370
360
336
214
462
228
212
232
236
214
244
256
242
216
194
186
182
192
184
78
240
236
224
202
124
112
120
4
108
110
102
104
100
104
108
94
102
116
124
184
186
194
198
208
196
196
200
200
198
196
198
198
188
166
160
148
140
142
130
136
134
118
126
124
126
118
122
106
114
120
138
126
134
130
124
134
118
118
134
102
92
122
102
104
136
94
118
94
108
102
126
106
98
82
118
102
110
88
118
100
84
102
110
88
94
74
64
84
82
96
84
74
82
118
86
72
110
112
116
90
84
68
108
112
104
94
108
94
90
76
116
84
104
74
98
88
90
90
86
58
70
80
78
56
80
60
64
52
40
48
36
8
26
58
198
216
186
234
376
358
464
368
394
360
446
222
174
254
372
234
230
268
304
248
200
178
190
200
188
196
58
236
238
228
182
114
120
108
32
108
112
106
106
84
92
96
88
104
176
190
206
202
204
202
198
200
210
210
210
206
206
206
208
204
186
178
174
160
148
150
142
140
128
124
116
114
122
118
122
108
122
116
106
116
96
108
114
132
116
112
116
124
112
126
118
116
126
98
104
92
88
102
94
82
90
86
142
84
130
80
76
78
86
72
102
112
58
114
108
108
102
104
106
74
66
68
82
102
94
96
90
94
94
92
100
60
130
72
98
82
62
104
66
86
62
106
76
110
106
76
94
106
56
104
128
104
94
56
86
62
68
14
36
80
96
182
202
232
172
310
482
328
340
302
310
368
316
292
222
230
232
202
228
344
204
188
190
204
190
192
186
40
236
240
230
104
112
118
124
114
104
92
112
106
110
114
122
172
200
202
210
202
214
210
208
208
200
212
212
214
208
210
212
216
202
210
192
178
174
160
160
148
150
138
132
122
120
122
118
116
126
132
128
108
100
102
94
106
124
136
130
128
116
124
138
112
120
120
112
90
132
112
90
108
122
90
104
112
76
104
96
90
78
86
86
72
76
66
66
70
100
94
84
96
66
92
130
72
62
88
80
72
102
86
98
84
94
84
88
102
80
88
80
78
98
98
130
94
104
104
104
126
108
156
132
110
88
144
104
108
110
140
62
88
122
434
186
172
280
220
198
480
324
332
328
278
214
214
376
256
220
200
176
146
160
176
194
196
196
192
184
134
80
232
238
218
114
120
118
124
104
98
110
102
100
86
104
210
204
214
204
214
208
210
212
218
220
208
212
220
218
218
214
224
218
210
196
194
188
182
168
168
156
154
132
140
124
126
134
138
138
122
118
116
104
104
106
86
88
92
90
88
110
120
152
128
126
112
102
126
100
142
106
112
88
132
130
102
106
84
58
104
116
90
60
90
72
62
46
30
80
92
110
84
94
106
124
74
84
88
90
96
112
100
86
124
90
236
90
106
92
130
72
80
104
90
160
116
84
130
116
82
132
172
184
156
214
174
140
140
140
144
140
112
116
164
126
116
164
178
248
160
394
226
210
180
180
194
140
174
276
220
180
176
194
212
208
194
194
204
170
90
54
54
246
244
200
118
118
122
118
122
124
118
108
112
192
204
204
214
214
216
206
218
220
220
216
214
220
220
216
218
222
222
228
216
206
196
184
170
174
176
176
162
144
160
156
146
148
154
132
128
116
114
110
100
98
94
100
92
94
84
86
86
92
94
80
100
112
136
128
128
122
116
122
96
116
116
100
104
98
86
74
92
104
70
72
58
34
22
42
52
86
80
62
128
88
100
122
102
110
112
96
86
106
110
104
82
132
92
102
136
76
110
88
114
100
156
324
136
84
82
190
412
130
148
166
136
188
378
124
148
120
114
102
104
114
176
212
248
268
212
146
156
178
180
160
158
154
170
182
188
192
192
200
200
202
204
196
200
114
108
112
68
58
230
230
200
112
114
120
116
116
104
160
192
196
210
206
220
210
208
218
218
220
222
222
220
226
208
208
212
216
220
214
224
212
196
164
114
180
180
176
164
156
154
170
156
180
196
190
178
184
136
126
116
114
100
106
98
102
90
92
90
94
90
88
82
82
88
80
80
98
102
124
128
136
132
128
114
98
96
70
82
54
48
30
28
18
16
18
26
94
122
104
98
124
112
72
100
108
98
114
116
98
286
118
124
124
84
110
90
88
136
94
98
148
78
232
90
136
140
146
330
134
254
280
168
146
152
112
96
116
100
122
106
126
222
168
180
160
170
162
152
156
152
162
174
176
172
184
182
192
210
200
202
210
196
192
194
194
114
112
88
34
76
252
242
224
178
134
122
162
198
206
210
202
218
224
218
218
224
226
222
224
224
220
220
222
218
222
222
222
216
220
226
224
210
200
112
82
180
180
174
178
180
182
180
196
204
202
202
198
196
186
182
158
132
120
116
106
100
96
100
100
94
90
88
92
94
72
76
86
86
96
96
120
142
138
128
118
134
134
128
114
106
108
88
78
74
78
74
106
106
136
92
124
114
100
122
106
102
140
130
132
96
136
142
120
114
122
124
86
112
84
188
106
144
166
104
166
110
112
178
252
284
202
106
110
190
120
116
104
136
126
134
140
212
170
220
170
126
120
172
166
166
170
170
164
180
180
186
174
184
188
188
194
194
198
190
196
188
184
182
162
40
88
260
246
230
218
216
214
216
218
218
222
226
226
222
216
222
230
226
230
226
218
226
220
224
224
226
226
220
228
220
228
226
206
200
200
178
184
188
192
198
208
218
212
210
212
204
208
198
150
194
192
190
180
168
130
120
110
108
98
102
100
96
104
92
94
92
96
92
86
90
84
86
92
94
90
90
94
102
128
136
142
144
122
92
110
122
138
124
144
140
130
112
156
116
122
128
126
114
140
114
106
96
238
108
98
106
64
106
374
128
108
112
132
132
120
132
86
174
116
172
210
146
126
118
124
132
134
142
156
174
158
170
176
120
126
134
162
170
198
202
206
172
176
168
176
180
174
182
176
186
184
198
188
192
188
192
196
186
180
148
94
92
288
248
232
228
232
228
238
232
228
228
232
234
218
226
230
230
232
220
226
230
226
230
226
226
218
226
228
222
228
226
214
206
196
192
186
188
192
202
212
214
214
218
214
216
214
204
208
200
188
192
180
188
190
178
178
174
128
124
108
108
98
92
102
102
86
84
86
90
92
84
82
94
90
92
94
92
88
84
90
80
84
90
102
92
124
144
156
156
156
142
160
160
152
146
152
134
108
128
130
106
128
120
110
118
122
120
104
112
176
154
152
116
140
136
130
152
134
152
158
136
130
152
154
160
160
158
118
120
116
132
128
144
180
202
214
214
218
222
216
198
180
184
188
176
178
188
178
178
174
180
194
180
186
192
192
188
182
178
50
90
92
278
246
260
266
262
250
254
256
240
244
242
236
236
232
236
234
240
230
230
224
234
228
232
220
234
228
222
226
224
224
208
202
200
196
198
216
220
216
222
216
212
216
212
208
204
202
202
202
204
200
194
194
192
186
180
190
174
164
170
136
114
110
98
100
96
94
86
92
88
94
86
88
88
78
80
80
78
80
90
76
82
92
126
100
108
108
112
112
116
114
128
132
134
142
146
164
164
160
162
152
158
158
162
152
148
152
152
150
136
150
158
154
156
160
154
156
158
152
136
120
108
102
106
118
122
132
138
172
200
204
216
204
220
224
224
224
226
226
224
204
178
174
184
176
178
182
176
182
184
186
190
188
186
190
186
194
186
184
38
88
130
280
276
274
274
268
270
268
268
254
272
262
262
244
240
238
242
240
236
232
232
232
226
232
236
230
234
226
228
224
228
220
226
232
224
228
222
218
220
176
214
214
216
208
214
210
198
200
208
202
204
204
194
194
190
184
174
186
186
172
124
108
116
106
94
100
98
102
92
96
96
92
82
78
72
74
76
88
94
108
102
108
106
110
108
104
120
114
112
122
122
128
134
126
124
128
128
130
134
130
122
122
108
118
112
108
104
106
106
102
100
98
100
98
102
108
112
116
114
118
128
122
126
136
152
190
212
210
210
208
222
228
224
224
228
232
234
230
222
222
188
184
180
184
172
162
180
182
180
182
178
186
186
188
184
190
182
182
160
26
92
128
262
260
254
260
254
284
282
186
258
268
256
272
252
262
254
250
240
240
236
224
232
234
234
234
232
226
226
226
228
232
228
226
226
224
226
224
226
224
222
214
212
212
212
212
202
212
212
204
208
204
206
206
192
196
176
158
144
126
130
2
6
116
112
116
102
108
104
92
100
96
102
88
82
72
90
104
132
108
112
112
110
110
116
118
130
120
120
110
122
132
128
126
132
134
134
126
130
128
126
128
126
130
122
130
120
110
112
116
108
122
108
110
116
122
122
112
130
146
148
170
196
212
218
222
224
230
222
228
228
230
230
230
234
232
236
230
226
230
220
196
180
176
180
178
184
176
178
176
184
174
182
186
190
184
192
192
180
170
34
88
160
268
272
274
272
284
276
274
280
248
242
272
266
262
256
274
272
270
264
250
248
252
242
248
238
236
234
228
228
224
216
198
214
230
222
218
216
224
226
216
220
218
218
218
208
212
214
210
208
212
204
204
204
194
196
170
140
142
136
126
126
108
116
132
130
130
124
150
146
154
142
126
122
88
122
118
116
122
122
118
134
130
130
124
128
106
126
124
126
128
130
132
136
136
128
132
134
132
140
138
136
144
136
146
126
136
130
130
122
126
126
128
134
150
152
176
198
212
206
216
224
234
226
222
228
232
230
238
234
230
230
236
232
230
236
238
234
232
230
222
190
182
182
176
180
176
170
130
160
180
182
186
186
192
186
186
182
182
76
98
82
142
266
258
270
272
242
274
276
272
276
266
276
268
240
278
276
268
270
252
264
260
268
256
264
266
252
250
240
234
236
222
232
232
232
226
232
228
228
226
214
224
220
210
212
214
216
212
214
208
206
206
204
204
190
204
196
190
192
186
180
180
180
182
184
178
178
164
160
160
138
154
116
124
162
164
172
158
170
180
176
164
166
154
148
142
146
146
140
142
140
136
140
140
148
144
148
146
142
154
152
164
154
148
164
164
166
174
176
184
186
188
200
204
226
218
216
222
228
226
236
238
232
226
230
232
240
234
230
228
232
234
242
238
238
236
234
232
224
228
200
184
180
184
176
178
176
178
184
186
186
190
190
188
194
190
184
182
182
60
102
96
126
