370
358
368
362
374
378
370
358
380
376
380
376
366
376
384
378
364
364
364
384
294
366
362
376
374
368
356
376
376
380
364
372
370
370
362
378
374
368
370
380
370
368
366
370
370
364
364
388
362
358
362
370
368
362
366
364
362
360
370
374
366
358
366
372
370
372
370
356
368
360
358
366
364
358
348
366
364
356
364
360
358
348
362
358
342
348
346
346
364
358
366
354
360
342
342
360
356
370
364
368
360
374
370
366
364
372
370
372
370
366
366
366
364
336
332
272
364
364
386
428
434
400
390
392
356
346
348
358
364
368
376
380
388
390
420
404
396
392
390
402
388
400
400
376
364
328
358
348
344
334
330
328
310
322
322
300
314
320
332
336
346
362
364
374
368
372
368
380
368
368
378
370
370
366
376
378
380
374
374
374
368
362
370
370
374
374
384
376
360
374
380
374
374
374
374
362
368
370
366
368
366
370
362
366
358
366
364
372
370
352
340
354
364
370
368
372
362
362
362
368
364
356
366
366
366
358
352
356
364
364
346
356
348
358
362
360
362
360
360
362
364
364
358
356
350
336
326
350
346
348
364
354
362
364
334
332
352
342
370
360
366
360
368
364
372
364
370
366
370
366
372
364
358
344
330
342
358
368
368
398
406
404
388
372
340
362
358
368
376
382
386
392
388
394
430
414
410
388
394
392
396
390
396
404
376
356
328
350
338
338
324
328
322
316
314
326
324
318
336
338
338
344
306
366
372
368
368
368
350
362
362
362
372
370
378
378
370
364
362
368
376
370
370
376
372
376
368
364
370
364
380
374
370
378
372
364
378
376
370
346
376
356
364
370
374
366
366
366
384
352
364
372
354
366
366
366
358
366
364
366
366
360
366
362
366
352
356
358
356
362
360
342
348
352
358
346
364
342
360
354
354
370
340
358
346
348
352
296
276
222
354
350
356
358
350
338
344
364
364
364
370
360
358
370
360
344
358
370
376
360
374
340
366
348
338
342
362
366
364
402
440
400
392
384
368
366
394
382
380
380
380
390
384
408
424
408
408
408
398
400
400
416
414
412
388
364
360
326
336
332
328
306
320
316
318
322
328
320
316
326
320
338
342
372
366
366
370
382
360
370
364
362
366
358
356
372
378
362
370
372
370
374
362
380
368
366
378
370
372
366
374
352
374
372
362
374
370
376
374
382
372
364
360
374
376
372
356
368
390
358
360
356
354
352
374
358
366
358
364
374
360
362
370
358
360
358
362
372
298
366
358
334
340
334
328
342
356
354
362
366
346
350
354
332
346
336
346
346
292
288
272
262
216
344
342
352
366
372
358
358
372
360
352
362
372
360
358
370
368
358
362
366
362
350
336
336
366
368
372
374
406
410
396
378
378
382
386
396
396
384
386
392
392
410
412
422
404
402
404
400
392
408
406
414
396
380
374
346
358
336
334
326
308
316
292
308
316
318
316
314
278
324
338
336
378
374
372
374
358
368
284
306
274
350
342
352
368
362
358
354
366
366
364
366
362
370
362
370
368
378
360
374
368
370
370
378
374
376
378
366
370
376
362
362
364
372
364
370
362
358
364
364
356
366
354
360
362
352
366
360
364
364
364
366
354
362
356
366
352
358
358
336
310
162
220
312
334
350
312
348
350
342
346
348
346
350
350
352
334
260
292
244
278
230
280
194
346
358
352
354
354
354
354
362
358
358
360
360
368
372
358
372
366
356
340
336
358
362
370
372
390
398
392
380
396
396
390
406
388
398
392
400
394
416
446
412
408
404
396
394
404
398
410
414
414
402
402
384
346
334
334
326
310
318
314
314
314
324
320
326
330
334
342
342
352
380
378
380
374
362
336
342
272
262
274
258
348
352
352
360
366
368
360
368
368
366
370
362
368
366
364
364
364
372
374
364
374
370
370
374
358
366
354
362
362
362
376
366
362
368
364
360
362
362
360
368
362
360
360
364
362
364
356
364
362
358
356
356
368
356
350
264
282
206
284
358
352
342
348
316
282
266
340
342
360
350
346
352
328
336
284
256
234
232
200
298
282
206
348
350
354
354
356
352
364
362
372
352
358
358
362
358
366
364
350
336
350
366
368
374
378
382
396
406
394
398
396
424
416
416
410
408
422
428
446
430
410
406
406
404
400
396
408
398
410
408
398
384
368
340
342
330
314
312
310
312
320
312
318
324
298
252
278
346
418
346
368
370
374
376
362
340
276
294
260
256
270
280
266
346
348
354
360
352
364
364
362
366
370
360
364
358
362
362
366
362
370
374
372
360
370
364
362
368
360
358
362
354
354
352
352
356
350
350
358
354
356
356
360
352
364
360
356
362
354
354
358
360
368
360
342
326
248
266
320
318
328
342
336
340
356
344
272
230
338
320
316
334
340
322
334
280
260
184
222
174
292
272
264
266
226
354
352
348
352
356
360
354
364
364
362
352
362
366
360
334
346
376
376
370
380
388
404
404
404
410
404
430
442
444
442
432
406
432
490
420
410
404
404
404
400
392
400
412
406
410
406
386
388
362
348
338
330
294
312
314
312
316
322
306
246
258
272
362
416
342
330
378
374
368
372
368
340
264
288
250
258
264
278
280
272
300
350
342
356
356
350
366
362
372
356
364
370
368
358
364
368
360
370
360
368
370
358
372
354
364
340
360
360
350
354
350
354
358
354
354
358
362
354
348
360
358
356
354
366
348
354
358
348
340
344
312
244
308
324
338
334
308
316
328
346
340
348
352
348
198
300
302
302
308
326
290
270
276
152
212
200
308
282
238
258
230
194
322
330
352
352
356
358
354
356
352
354
356
360
336
340
362
392
376
386
390
402
398
402
394
392
420
434
452
456
422
420
406
418
422
410
396
388
382
392
406
396
410
416
410
406
392
394
384
368
338
322
308
318
314
316
306
302
252
232
250
292
358
348
350
336
334
368
374
378
368
368
338
302
288
268
266
258
250
246
260
276
248
336
344
340
358
356
358
374
360
362
368
368
364
360
368
362
362
354
368
350
362
364
354
348
362
356
338
344
336
344
340
352
348
344
346
346
354
356
348
350
358
352
352
354
362
342
328
332
330
316
322
330
320
340
344
332
318
322
336
344
356
338
304
320
268
316
290
288
278
254
252
260
224
284
174
256
264
258
258
270
228
178
276
344
354
352
348
356
346
358
352
356
342
342
360
384
380
376
384
394
400
412
392
392
408
418
434
468
426
430
398
406
428
394
382
380
380
402
396
402
416
410
412
404
398
386
386
378
358
340
324
318
314
312
292
294
244
246
258
292
404
330
328
330
332
334
378
378
352
362
358
332
304
290
256
264
250
252
268
244
270
242
232
330
340
330
346
350
356
358
364
362
352
366
360
368
366
362
364
360
356
358
352
342
348
346
332
330
346
336
338
336
342
338
338
338
342
350
346
338
358
350
344
350
352
344
332
342
320
318
334
332
334
338
338
334
328
302
292
320
352
344
356
338
280
200
294
286
282
242
216
232
182
250
292
222
318
260
296
250
234
212
238
216
176
336
350
344
350
342
360
352
346
340
354
386
380
384
384
392
390
384
398
394
396
420
430
472
442
410
404
400
412
394
380
370
390
400
402
402
410
416
410
412
398
410
386
384
370
334
330
322
320
312
316
298
264
258
254
328
328
316
332
326
326
334
328
382
358
370
366
362
320
298
280
274
260
262
262
244
236
238
234
242
214
214
332
338
350
358
352
350
350
362
352
358
356
352
354
360
350
354
358
344
348
334
330
340
302
264
262
288
322
332
330
316
318
336
332
346
332
344
348
340
348
350
340
328
312
340
330
328
334
330
342
334
342
326
326
318
296
324
338
312
330
340
306
284
286
258
248
226
286
230
214
172
196
300
204
236
264
158
282
254
236
236
214
128
340
356
354
356
354
338
352
382
386
374
392
390
396
392
390
388
408
406
414
436
438
404
408
406
394
406
382
396
406
398
406
396
414
410
416
404
406
396
396
386
392
368
332
306
330
314
306
312
304
312
328
330
316
320
322
324
322
324
324
326
366
358
372
362
366
342
320
276
278
272
256
236
220
248
214
230
208
242
186
214
308
340
326
312
292
340
350
348
360
350
350
356
352
342
350
334
340
332
322
252
162
150
128
102
108
148
260
310
320
326
316
330
334
332
316
338
332
346
338
318
296
330
332
330
332
328
328
336
328
328
318
326
324
296
310
294
314
360
298
272
268
260
196
216
168
264
160
156
156
232
148
250
156
262
184
254
228
204
186
164
166
90
294
348
350
336
352
388
384
378
390
376
384
374
392
394
390
400
412
402
428
420
410
396
384
394
398
404
410
410
408
408
406
420
412
406
404
408
400
384
384
382
370
340
322
318
320
310
308
322
334
318
318
316
324
318
322
322
320
308
302
376
370
366
370
364
334
320
274
288
260
236
230
230
226
188
210
188
250
212
160
190
290
336
332
306
336
340
346
348
352
338
338
338
328
340
328
326
308
144
100
92
82
68
62
44
34
50
62
98
206
298
320
326
310
328
334
300
324
320
312
316
316
324
326
324
314
322
324
318
312
328
324
312
304
280
304
332
298
270
272
260
234
214
172
166
102
58
72
72
64
102
100
58
54
32
16
34
30
38
18
8
40
8
16
64
194
348
380
368
376
376
372
382
380
388
388
388
398
400
410
406
402
398
390
408
410
404
420
406
410
404
406
394
420
374
406
394
396
392
376
394
374
354
328
308
322
308
314
316
310
316
304
316
328
318
332
324
324
324
328
334
366
380
374
366
360
340
336
290
288
252
234
238
228
196
202
180
180
196
212
222
168
168
164
310
304
328
328
332
328
328
318
326
340
330
322
314
280
162
56
50
44
50
34
40
32
36
30
0
4
4
58
76
294
308
310
304
320
314
306
308
308
312
310
300
230
210
144
122
88
90
52
80
98
58
48
88
54
56
26
26
50
36
26
54
40
24
72
100
216
40
56
128
90
28
96
46
102
116
30
112
116
80
232
414
0
40
62
12
44
54
76
150
198
340
380
376
392
392
402
406
414
390
392
408
402
408
408
414
410
406
398
410
406
394
406
394
394
392
392
376
382
370
362
330
328
308
306
314
308
316
320
314
320
326
320
306
314
336
334
322
324
364
372
370
364
370
342
334
300
278
260
244
234
232
216
192
188
176
174
190
210
206
164
154
134
150
314
312
320
322
322
326
310
330
318
296
270
232
108
36
36
10
10
18
0
2
0
0
0
0
0
0
8
14
62
68
108
132
46
164
116
22
94
130
110
138
110
60
150
56
10
166
26
20
118
110
24
6
68
68
118
16
62
52
16
82
70
60
10
42
102
100
28
122
274
64
88
66
4
114
72
42
100
92
88
274
26
54
84
10
78
82
152
14
14
34
84
144
142
144
300
400
400
384
404
412
414
412
408
402
410
408
414
414
418
396
404
388
394
384
376
374
366
360
334
312
312
308
312
320
308
314
308
312
314
324
322
322
318
330
322
322
384
372
374
368
356
348
334
318
272
258
240
216
226
212
186
176
168
128
156
140
126
126
132
102
90
90
120
300
306
312
310
308
316
304
254
232
200
84
30
24
4
0
0
0
0
0
56
4
62
42
26
112
116
64
94
76
8
164
52
14
136
78
32
104
70
64
4
40
12
90
118
28
78
102
160
4
4
38
138
4
84
64
46
56
82
138
30
12
54
78
26
88
206
26
84
70
52
124
66
76
100
52
14
106
50
324
82
2
128
172
34
124
38
44
48
420
48
82
224
160
304
172
142
140
172
280
386
404
396
396
412
402
406
394
400
396
376
378
392
384
366
368
362
338
312
316
308
312
312
310
304
316
318
316
324
322
328
322
312
274
406
378
372
368
376
346
344
330
308
298
278
252
226
196
206
202
180
152
118
134
126
112
104
118
74
42
74
30
34
66
228
280
294
296
268
214
184
152
88
28
16
0
10
108
12
20
124
92
136
78
32
74
146
46
130
104
48
120
84
28
118
82
78
102
84
96
74
80
24
78
100
116
30
78
78
70
222
46
120
52
48
106
80
36
146
88
102
16
86
96
56
110
108
96
110
22
56
104
38
104
92
28
72
106
158
442
116
96
234
44
144
122
56
194
90
96
36
44
252
88
56
108
144
118
92
92
124
298
232
128
152
176
394
390
392
406
400
382
386
378
374
374
362
356
338
314
310
302
308
302
306
314
318
312
320
318
328
324
322
336
310
328
374
368
368
364
354
334
344
312
292
280
220
192
192
202
168
156
152
96
106
104
112
98
108
76
86
84
60
60
74
20
22
14
74
44
28
90
46
66
90
8
58
62
80
88
28
68
84
74
22
92
58
36
82
72
38
96
38
54
52
66
44
68
88
108
104
174
122
44
46
130
40
30
100
102
28
94
136
112
54
144
106
74
124
120
86
62
106
102
10
92
68
36
118
60
28
88
114
90
66
256
74
68
136
86
60
126
130
50
124
14
172
122
12
2
46
84
56
452
502
464
370
382
410
256
290
154
74
182
340
106
326
506
102
110
278
392
380
384
380
376
376
364
352
340
308
302
302
304
310
318
310
320
316
320
320
328
326
334
332
324
324
374
364
372
372
346
342
340
324
298
276
242
228
186
200
174
164
148
110
104
120
88
110
102
70
106
94
136
86
76
70
48
72
78
74
82
80
74
62
52
102
30
40
68
64
24
50
94
64
58
68
72
30
52
76
36
92
78
32
122
90
58
122
124
74
144
108
116
108
148
82
90
148
92
40
66
70
64
28
100
126
24
76
88
54
102
14
64
32
20
44
102
84
74
68
58
114
70
20
74
50
42
106
34
80
118
84
100
108
48
102
26
184
44
86
68
268
502
96
262
58
110
100
96
86
140
182
162
136
422
502
180
154
488
506
352
80
136
276
366
370
364
356
344
332
312
308
306
310
306
310
310
312
318
330
322
318
326
320
328
312
328
374
372
364
362
348
346
342
332
300
292
268
246
200
154
168
156
146
130
126
92
106
78
76
98
100
118
150
112
96
90
112
96
108
88
80
94
60
88
80
56
116
44
98
76
36
150
96
44
110
118
90
92
142
84
132
114
42
122
100
58
96
92
50
54
86
64
64
84
54
54
54
60
82
44
102
20
122
40
34
86
54
38
102
88
88
44
162
78
16
118
42
126
116
88
126
110
64
150
104
34
92
72
42
140
178
104
100
228
96
118
218
64
70
164
244
226
74
62
138
174
162
170
228
264
202
110
166
122
230
192
402
166
124
116
104
112
428
218
144
98
274
350
318
308
306
310
304
306
300
314
316
312
318
314
314
316
322
330
324
330
324
366
374
368
352
348
346
330
332
316
286
254
190
170
162
164
150
142
138
110
60
46
88
80
94
90
108
94
90
80
94
86
122
104
78
116
80
82
104
54
134
118
76
144
46
110
90
46
128
66
46
88
88
64
56
98
96
58
56
48
58
60
100
86
62
58
66
62
80
94
46
38
102
82
42
56
140
84
52
134
94
60
128
140
72
82
94
124
42
86
38
106
66
54
88
88
54
92
64
18
46
40
28
80
92
60
64
128
36
124
118
26
184
166
136
96
102
154
144
144
190
112
118
134
80
170
114
390
172
506
214
220
186
110
164
504
506
450
356
38
58
44
40
74
326
290
310
306
314
310
312
318
318
314
320
316
318
318
328
328
330
332
366
366
360
362
354
344
338
324
312
254
200
176
166
152
158
144
118
68
86
92
66
80
52
94
114
120
86
106
110
104
92
96
82
98
66
100
78
44
70
66
66
112
78
78
50
90
66
74
76
46
52
66
66
60
80
56
42
70
88
44
204
104
44
132
136
94
120
150
104
60
180
124
90
36
74
66
6
96
78
34
78
38
94
276
50
78
74
38
86
60
38
144
50
64
122
64
80
96
8
80
50
16
124
72
140
148
74
124
154
54
112
80
80
38
128
138
126
104
170
368
160
302
502
152
180
148
314
504
496
180
200
486
504
248
506
404
146
84
74
64
106
98
10
42
74
144
300
300
300
306
312
316
312
310
324
314
320
324
320
326
320
354
366
360
358
340
344
328
326
216
190
166
170
158
152
146
124
88
36
68
86
98
78
72
96
104
116
136
118
112
120
128
138
178
140
152
132
66
140
86
110
72
56
78
90
66
88
60
60
70
58
80
54
80
68
60
60
46
48
30
56
34
58
68
70
58
106
66
70
50
62
54
52
80
54
62
88
60
66
86
60
66
122
118
78
60
152
84
138
82
80
178
144
142
124
68
114
120
38
72
64
12
68
60
114
102
110
110
82
66
84
114
86
62
64
96
130
200
168
244
134
192
216
96
98
314
322
168
166
132
274
410
306
506
506
234
232
102
126
72
130
108
166
54
352
72
80
102
118
214
296
298
312
312
316
310
322
318
326
320
326
326
360
364
352
354
336
334
314
244
208
200
194
164
160
154
124
104
88
72
98
78
100
92
108
84
102
138
152
202
154
210
206
210
210
192
154
156
154
118
152
126
128
112
130
96
110
114
72
80
116
82
48
118
110
84
156
90
48
96
126
104
58
144
84
78
104
138
88
104
168
116
76
100
66
66
48
68
84
42
46
86
70
52
76
100
102
76
50
24
76
68
54
126
70
74
98
80
86
48
76
60
10
110
60
58
134
30
172
114
96
198
120
124
224
170
116
134
100
96
122
122
124
120
160
148
188
124
208
306
390
194
166
78
174
124
128
58
24
94
238
298
268
142
44
262
218
220
82
76
92
68
144
296
306
312
310
312
312
322
330
324
332
356
358
356
358
346
306
250
214
174
164
148
144
142
98
122
90
88
104
100
90
96
120
110
130
150
164
204
228
252
242
252
266
266
238
244
238
204
214
188
198
206
206
182
194
192
154
168
146
142
120
156
132
124
162
140
70
112
94
72
98
104
64
68
60
64
68
68
42
72
104
66
54
80
76
32
98
86
56
116
148
66
134
170
138
62
104
92
64
98
32
98
82
64
64
98
40
48
80
26
52
66
58
70
60
66
120
50
88
38
50
126
72
212
150
244
166
130
242
186
414
248
196
198
296
504
234
348
298
270
346
266
184
454
372
366
14
16
224
318
340
234
432
102
148
498
276
358
198
96
108
82
96
154
304
318
314
322
320
324
328
322
368
364
368
354
330
252
224
190
186
154
150
160
112
122
108
92
98
88
112
100
106
100
96
158
192
246
254
244
264
262
276
284
294
290
274
244
272
266
244
266
228
222
228
202
214
182
194
150
164
150
156
140
160
120
86
132
106
136
136
112
132
122
76
140
136
124
112
136
116
70
144
154
96
106
150
98
66
130
76
72
74
42
50
86
86
104
88
52
82
50
112
138
44
192
120
68
182
86
60
124
48
136
124
76
128
66
88
118
36
126
112
64
116
116
164
356
152
126
194
152
142
174
208
504
346
94
286
294
264
504
486
230
112
106
94
126
156
502
314
446
456
352
80
160
352
346
320
246
4
96
46
66
98
122
300
300
328
316
324
326
326
368
372
356
336
292
234
192
188
178
164
160
162
146
136
86
92
100
112
110
98
126
130
110
138
182
204
232
236
240
244
252
234
242
244
240
266
292
296
300
264
264
246
254
244
234
276
250
220
236
214
186
226
202
170
192
182
184
162
162
178
160
138
130
116
100
134
130
108
102
94
84
116
76
100
86
50
98
146
120
62
142
146
124
76
210
126
102
178
68
120
104
90
100
80
96
122
78
70
54
60
52
70
76
54
134
156
72
134
44
108
110
58
170
196
154
116
196
92
232
318
274
468
224
410
84
98
382
490
412
308
208
144
352
434
110
32
450
432
508
508
238
118
100
132
246
470
494
376
168
504
104
112
260
130
86
312
318
320
326
330
322
366
368
356
342
254
192
192
172
184
156
148
152
108
140
112
112
126
130
122
98
122
126
204
226
244
244
248
248
246
236
244
236
250
248
250
236
200
248
240
258
266
282
246
268
282
254
276
272
236
260
274
240
216
258
226
184
164
188
168
182
164
130
156
138
106
138
168
124
156
158
170
142
160
178
146
108
200
128
134
122
90
100
114
102
94
98
78
82
106
112
104
56
142
110
94
136
128
106
118
70
102
134
44
184
90
112
102
48
142
102
36
112
66
68
62
140
154
126
140
138
130
78
150
148
278
274
192
108
166
296
258
210
206
58
38
110
310
286
296
476
494
312
254
106
440
378
404
390
234
214
0
0
434
142
116
76
306
322
324
330
330
376
360
360
308
224
196
174
178
172
148
144
144
112
126
146
134
136
106
134
130
244
246
254
266
284
290
268
268
266
262
264
252
258
258
258
256
256
248
252
248
250
236
224
258
268
290
278
282
306
292
266
270
288
254
256
196
194
218
216
192
192
202
190
162
170
146
140
168
176
154
162
140
146
158
162
140
164
140
156
122
124
132
134
128
146
150
168
122
194
132
134
176
134
126
238
114
120
94
88
60
98
68
66
104
70
94
94
50
114
62
50
166
152
88
90
136
166
214
112
116
106
276
168
202
490
96
194
134
202
336
170
220
102
92
62
158
262
262
234
308
358
296
234
106
306
482
348
390
56
444
300
270
256
90
114
182
78
300
320
326
324
378
372
354
270
204
196
174
168
158
158
154
160
134
124
86
118
126
148
242
268
316
314
330
326
334
332
330
326
314
282
274
266
268
252
258
268
272
250
264
256
258
200
136
254
242
252
242
274
260
274
300
298
268
274
256
262
256
258
230
222
200
230
188
190
170
172
146
158
166
142
154
168
158
158
176
152
196
186
146
180
154
136
148
146
184
126
98
144
136
82
110
136
168
130
134
114
110
138
86
120
108
92
156
112
164
110
46
98
102
82
168
162
66
96
130
84
100
160
182
340
172
266
190
134
140
134
232
298
354
430
194
250
62
116
78
260
346
258
268
286
332
268
280
72
206
508
480
306
398
36
244
188
150
334
400
448
144
96
312
318
328
372
370
352
228
200
192
184
178
170
182
158
128
130
98
90
124
268
286
320
326
328
338
336
332
342
332
338
338
338
338
328
318
298
342
282
282
276
274
276
276
266
260
244
262
256
254
242
246
230
214
230
250
262
284
280
272
268
252
246
240
256
200
218
222
224
210
198
182
188
194
154
140
146
156
168
180
164
116
150
146
172
148
146
174
192
150
164
172
144
132
136
132
160
110
130
118
48
102
72
90
70
114
62
98
54
114
62
46
30
78
122
88
72
104
144
40
86
92
102
194
56
112
124
172
192
248
350
208
216
138
152
82
102
74
154
270
192
204
230
318
464
344
264
142
178
182
278
338
324
434
394
384
408
320
314
414
320
182
206
328
330
382
362
334
220
192
200
164
168
160
144
144
116
124
134
260
298
322
340
340
348
342
344
346
348
348
348
340
346
346
350
348
346
340
324
314
304
296
288
286
282
270
278
266
248
260
248
248
214
242
210
238
234
236
236
232
256
268
272
272
276
256
266
246
214
234
174
192
180
162
186
174
176
164
180
186
164
164
164
180
176
136
158
174
154
142
112
214
134
120
128
106
126
146
146
106
126
122
104
142
126
114
128
94
134
130
110
122
108
138
110
122
132
112
120
96
134
198
178
128
114
154
148
152
200
444
420
180
152
192
158
506
476
164
214
124
160
274
200
228
390
508
442
304
178
152
164
230
360
384
386
504
508
302
278
278
222
166
218
290
334
334
362
368
314
206
166
170
184
162
158
134
158
168
266
300
332
338
340
348
348
356
352
354
350
350
354
340
346
350
346
350
348
344
342
334
332
310
314
316
302
286
282
270
246
258
242
228
188
216
216
224
248
270
246
248
238
208
276
254
260
270
288
234
242
246
258
256
232
218
226
186
228
192
182
174
170
160
152
148
162
128
142
162
164
176
134
156
156
148
128
134
156
124
104
146
140
82
78
132
88
108
140
116
132
86
150
90
102
110
102
112
82
116
86
110
88
106
232
170
114
102
150
120
486
438
194
128
236
148
236
122
222
146
122
194
244
340
464
430
282
296
304
330
360
302
232
148
240
320
348
496
380
350
310
314
246
236
232
320
338
322
328
374
364
316
230
202
152
124
140
100
206
274
290
338
346
348
344
342
348
356
352
354
354
352
356
342
362
348
366
352
348
350
350
356
354
334
336
328
328
322
306
292
298
240
258
250
248
240
252
262
258
252
250
240
240
240
242
238
244
252
284
266
262
254
270
256
268
276
234
232
206
214
182
182
170
208
194
158
164
160
172
134
142
140
150
138
140
132
130
134
138
138
150
126
124
200
102
134
160
164
120
130
106
138
138
144
152
150
110
166
138
182
128
128
132
152
174
112
156
132
446
390
486
152
92
98
158
154
146
290
216
106
28
6
88
122
178
230
504
452
370
322
334
412
382
328
250
326
322
352
456
454
414
424
352
368
318
290
322
324
304
326
368
366
340
310
296
290
284
292
292
310
340
344
356
332
330
352
362
358
360
372
362
360
350
362
364
360
368
358
360
358
358
368
352
352
340
332
324
314
316
308
296
290
278
276
270
276
282
280
264
258
256
254
248
238
250
246
248
242
238
238
250
244
248
264
280
272
258
258
236
288
264
232
240
246
176
180
202
152
176
166
140
152
134
146
150
162
176
182
110
140
138
124
142
166
174
102
158
150
146
154
148
130
166
144
128
138
146
128
194
172
128
102
162
152
184
146
166
114
110
126
78
98
102
110
92
150
150
204
90
86
20
0
0
2
62
256
152
296
488
358
380
472
438
398
374
360
352
238
290
266
462
350
352
384
326
318
338
346
320
328
330
380
362
366
352
338
340
338
342
350
344
358
360
354
364
368
366
368
372
374
372
368
362
354
356
362
370
370
360
356
362
368
372
354
346
344
340
332
312
312
304
292
302
292
286
296
284
288
290
278
270
266
268
248
248
254
248
240
250
252
246
248
246
250
254
248
250
264
234
240
230
264
286
252
226
228
202
220
210
188
206
182
190
152
156
110
132
160
110
114
122
130
116
134
172
150
146
164
158
146
140
162
140
146
214
162
160
172
188
154
196
96
94
166
430
146
124
154
114
70
52
44
42
38
28
26
4
2
0
0
6
64
70
76
126
262
264
286
242
384
426
506
508
498
470
424
428
430
426
358
338
316
312
356
326
330
318
336
336
330
322
316
390
368
362
366
370
358
370
354
360
368
368
368
366
366
370
370
376
376
370
372
368
360
364
362
364
374
368
368
368
360
364
376
346
352
350
344
338
334
330
302
308
302
324
310
312
312
348
342
312
320
308
282
264
246
260
288
304
292
300
296
296
282
288
290
284
296
280
282
238
218
234
272
278
202
268
280
254
282
264
210
210
214
168
146
202
134
136
126
170
190
110
156
142
144
144
126
160
144
148
148
192
128
154
154
206
152
156
174
158
116
130
156
130
130
190
156
92
50
68
44
8
38
44
30
50
32
10
32
30
54
58
94
176
174
274
284
380
352
380
508
510
510
510
510
504
502
462
404
372
386
346
340
328
328
330
328
324
336
328
342
324
388
372
366
368
276
366
370
380
378
376
372
366
378
382
382
378
386
374
386
384
390
396
376
370
372
382
374
370
380
390
394
392
380
382
380
384
366
340
352
350
366
368
366
370
390
398
394
384
368
338
292
318
314
274
270
260
256
286
302
302
296
314
306
278
290
274
290
302
274
258
238
208
204
200
202
230
204
194
200
252
240
176
136
158
168
108
104
134
174
138
140
138
146
160
112
168
158
114
136
160
178
150
148
132
152
140
152
160
136
128
140
152
144
174
128
140
122
90
82
80
72
74
116
82
78
78
96
122
114
156
148
202
246
312
318
324
392
508
446
508
510
510
508
508
506
428
416
412
398
392
350
328
338
330
324
326
330
332
320
350
332
388
400
396
398
404
396
406
412
394
394
392
404
412
414
406
402
408
414
422
412
414
408
408
406
400
408
370
402
394
402
408
402
392
382
390
372
376
374
370
370
340
412
408
402
394
398
396
388
394
386
358
340
330
330
312
262
262
258
252
278
294
292
296
308
298
300
300
296
278
242
214
202
186
174
146
156
138
140
174
186
156
134
26
18
24
50
14
102
168
150
170
166
178
192
188
172
180
182
160
152
170
146
140
136
136
176
168
146
156
180
202
172
200
220
180
248
238
174
194
228
238
174
154
168
148
186
194
250
250
210
262
268
292
296
390
504
510
508
506
508
494
478
468
444
426
418
408
406
398
396
400
378
340
336
324
322
318
318
318
318
332
418
418
414
412
406
416
422
416
412
414
404
404
408
412
422
418
416
404
410
418
410
426
408
390
406
408
408
408
404
402
400
368
378
376
386
374
386
384
398
402
402
394
410
388
404
406
388
394
368
380
384
376
340
346
316
316
288
272
252
240
226
258
288
286
282
292
286
282
210
136
128
134
130
118
84
72
58
40
34
18
10
12
16
22
26
84
62
78
206
174
204
190
206
236
220
216
218
178
200
216
176
230
190
186
190
188
190
184
190
236
192
208
192
190
230
224
298
196
298
262
260
286
332
336
286
268
338
324
268
334
338
278
370
506
510
470
504
454
466
468
460
462
460
436
396
404
402
400
392
380
374
380
366
372
352
326
316
312
316
308
306
408
418
416
422
420
414
432
416
416
416
430
410
410
420
418
420
422
408
410
404
414
416
422
418
404
408
396
406
402
390
400
394
380
392
378
368
394
412
406
422
408
408
404
402
398
402
364
392
392
380
392
380
380
368
350
296
278
274
258
256
246
238
238
236
230
236
230
220
202
184
148
132
138
150
124
86
134
174
160
124
92
108
122
148
150
152
170
206
214
226
240
214
258
232
264
236
222
234
254
254
240
204
214
208
178
226
230
228
208
260
254
208
170
268
208
258
232
264
438
464
262
310
372
372
388
404
356
390
350
364
434
428
444
456
456
460
444
418
404
372
316
308
280
244
244
232
224
234
222
198
250
178
180
184
172
160
154
136
154
168
172
428
434
416
416
416
414
410
420
394
422
416
412
416
422
416
416
382
390
408
418
420
414
412
414
420
394
414
402
406
406
402
396
380
384
408
402
408
402
406
404
412
406
396
392
404
374
384
342
394
384
392
384
384
364
346
334
290
278
262
260
250
234
228
218
214
214
212
200
156
118
78
66
60
48
56
56
100
122
150
160
164
170
160
162
166
152
162
172
164
150
164
180
200
220
198
208
208
228
240
212
202
230
216
224
230
208
230
196
210
224
292
258
244
370
318
440
332
248
288
380
304
274
308
346
354
300
370
400
382
224
218
226
256
282
274
312
296
304
308
308
298
286
282
278
282
264
254
256
246
250
248
238
234
234
228
202
198
194
206
212
232
416
418
408
416
412
424
422
412
422
410
412
414
412
410
404
420
418
414
412
408
414
404
404
406
408
410
408
404
406
402
380
370
398
408
402
410
404
402
402
400
392
396
394
398
384
382
384
384
386
386
380
374
376
372
342
324
326
306
262
250
248
234
216
210
202
190
182
182
154
148
116
116
98
96
94
110
110
122
116
110
108
106
114
106
90
110
110
108
104
96
104
110
110
106
122
130
128
146
154
170
182
200
200
200
238
200
204
210
204
222
264
236
284
238
284
234
256
250
276
276
316
320
276
250
230
256
266
284
286
296
314
336
306
328
336
346
322
340
362
336
378
402
408
404
396
376
368
368
362
356
356
364
348
330
330
292
292
286
294
286
290
400
410
412
406
402
412
408
408
416
408
414
310
404
400
400
404
416
400
396
392
400
398
396
392
398
388
392
378
384
358
378
382
384
368
366
376
342
324
288
250
200
184
184
176
140
176
132
142
134
128
126
122
136
96
138
108
84
90
76
86
104
100
108
112
114
112
124
136
86
144
96
104
108
98
114
128
126
122
122
128
88
128
132
134
132
128
140
138
92
116
118
98
110
86
84
116
112
108
100
90
138
100
108
128
140
160
164
168
174
178
210
210
218
218
216
212
230
244
246
254
266
304
306
336
332
352
374
352
362
348
378
386
354
414
330
318
374
402
358
390
398
384
352
422
318
370
310
290
310
294
294
168
194
216
184
140
202
140
178
116
98
326
308
264
258
218
198
184
198
180
156
156
204
160
134
156
138
182
150
126
138
136
140
132
120
142
112
146
118
136
146
170
194
216
210
216
210
214
224
216
364
216
220
224
204
222
238
210
214
228
214
212
220
236
206
196
192
190
158
136
128
116
118
176
110
100
94
130
140
136
118
112
82
102
94
104
130
154
136
134
128
156
160
164
160
160
158
348
174
184
204
200
214
196
294
188
254
190
218
218
232
210
266
216
274
234
248
232
224
218
334
216
246
202
216
200
228
228
208
220
218
208
204
182
180
180
174
146
182
176
150
188
168
164
174
178
188
200
186
214
184
198
234
192
176
240
190
186
154
184
188
170
166
138
176
156
148
156
174
158
162
148
226
244
248
244
244
252
250
210
250
258
244
338
244
240
258
258
264
246
254
248
266
254
256
248
250
306
276
196
242
246
238
256
258
278
274
290
322
358
144
380
334
374
368
388
378
368
336
336
346
332
326
338
300
268
254
282
330
282
284
278
302
260
226
242
220
238
210
242
234
228
200
196
214
184
192
218
194
212
212
200
212
174
188
184
194
180
164
178
290
182
170
192
184
214
190
212
206
210
204
196
202
208
218
222
218
220
218
222
216
210
212
214
206
206
210
212
206
210
208
194
192
178
176
158
174
170
166
158
176
168
172
174
200
172
230
190
200
210
190
180
212
188
166
192
178
190
218
172
196
196
190
184
196
142
186
162
158
174
156
156
164
