342
306
314
330
354
348
362
358
356
350
350
318
352
350
358
346
340
356
350
352
350
354
364
356
350
352
354
332
348
346
326
346
350
346
344
348
350
358
352
352
350
356
358
354
352
354
354
364
360
362
358
356
348
352
366
360
354
354
362
358
364
366
364
356
362
362
356
366
350
366
362
364
364
358
366
358
360
358
370
360
354
366
360
368
366
364
364
366
358
366
358
364
368
364
362
366
360
364
360
364
362
358
360
348
354
356
358
356
366
354
368
358
354
364
352
360
350
362
360
358
358
358
364
370
338
382
384
378
370
384
376
384
384
332
390
390
388
388
364
358
340
342
330
332
312
326
324
312
310
308
296
316
306
312
304
308
316
300
318
234
292
368
364
360
360
360
356
352
366
360
366
368
356
362
358
354
364
358
362
362
354
358
364
364
366
326
352
358
348
320
356
354
346
344
356
360
360
362
356
348
356
356
362
360
368
366
362
356
358
356
362
354
356
356
358
352
356
364
364
364
364
364
364
354
360
364
368
360
362
358
368
364
356
358
360
362
364
368
366
362
366
358
366
362
372
348
364
372
358
366
362
356
362
360
364
366
362
358
360
372
368
368
368
364
358
362
360
360
366
354
360
360
364
368
364
356
364
360
354
344
360
372
368
306
372
380
384
384
372
394
368
388
386
394
386
398
394
388
362
362
358
324
336
340
316
314
318
314
304
306
306
316
316
310
314
314
314
310
304
312
246
302
364
354
358
362
360
370
364
362
364
364
366
366
360
358
364
366
364
360
360
356
360
366
360
368
360
362
348
354
358
354
362
360
366
354
362
358
348
354
354
358
358
360
360
358
362
362
358
360
358
360
360
358
358
362
358
364
362
362
364
362
352
366
360
366
366
366
360
362
360
362
366
364
362
362
360
370
360
366
368
366
364
308
312
308
320
312
362
358
364
368
362
358
366
366
362
362
362
350
366
368
364
360
368
360
356
360
360
358
368
370
360
354
362
362
358
370
362
362
370
376
370
384
376
394
376
394
366
378
380
382
392
390
398
386
394
386
392
378
370
350
340
338
328
300
316
308
308
310
310
306
314
312
314
316
312
318
286
304
300
220
280
368
368
362
362
366
362
370
362
364
370
358
360
366
366
364
370
372
360
356
356
344
358
364
362
364
360
356
360
364
348
362
356
362
354
350
352
356
358
362
360
364
360
358
356
366
358
360
366
354
362
358
362
362
356
358
362
358
362
364
362
364
360
370
366
362
356
362
362
358
354
364
364
368
364
366
356
358
360
368
354
364
318
318
328
328
318
328
312
354
358
368
364
356
360
368
358
362
364
374
368
366
356
360
354
364
366
362
358
358
366
362
366
358
356
362
368
362
360
372
370
388
392
390
394
382
382
374
390
372
392
384
390
400
396
368
376
356
388
376
350
346
340
326
310
308
306
306
306
310
306
308
314
310
304
314
306
306
306
314
230
284
366
360
368
358
362
364
364
364
362
360
366
360
360
372
360
362
364
366
360
356
356
360
362
364
358
336
352
360
360
360
356
358
356
358
360
358
354
364
362
364
360
366
366
362
360
360
362
364
360
356
354
358
358
360
356
358
362
356
362
362
366
370
364
366
366
366
368
356
356
360
362
362
362
364
362
362
360
358
332
334
324
302
300
304
306
326
318
322
300
306
310
364
358
364
358
364
370
366
364
360
364
358
368
354
358
352
362
360
364
368
366
362
370
368
368
374
356
380
376
392
390
390
398
396
386
366
392
368
378
392
384
398
402
394
394
382
388
390
356
340
336
348
316
308
304
308
298
306
300
312
306
310
310
306
312
308
314
312
296
222
276
374
364
362
364
366
368
364
362
366
366
364
360
364
366
374
366
364
372
362
364
358
358
358
366
364
356
362
362
362
362
372
368
360
352
364
350
354
362
364
356
364
360
364
362
366
360
358
362
356
356
364
364
358
358
356
366
364
360
364
348
354
362
364
362
364
362
364
354
364
362
366
362
372
362
354
372
358
362
324
326
320
270
270
278
312
320
316
320
326
322
320
292
318
346
362
356
360
356
366
358
352
358
362
368
364
364
366
360
360
366
366
362
382
370
368
376
392
406
386
398
398
400
400
372
378
388
368
376
386
406
392
390
394
386
390
380
370
384
360
330
328
314
314
306
306
306
310
298
306
298
314
300
314
304
310
312
308
308
244
194
254
356
362
364
362
364
366
372
364
370
372
360
362
364
358
362
366
364
366
366
366
358
362
362
360
368
360
362
366
356
360
366
360
362
360
342
356
362
362
362
358
358
362
358
362
366
358
360
360
358
354
356
360
358
360
368
356
360
356
364
360
364
366
364
360
362
364
366
360
360
360
366
354
358
356
360
362
358
360
340
320
288
272
266
280
300
312
306
312
326
308
318
312
290
282
346
358
358
358
354
360
358
366
360
362
356
368
364
366
364
368
376
372
378
388
382
382
392
382
390
402
372
402
394
386
386
376
394
350
398
396
388
394
394
394
390
354
380
378
360
342
324
322
306
308
306
308
304
302
302
296
310
288
306
298
306
314
314
268
292
218
284
364
360
362
370
366
372
372
366
368
364
366
356
364
368
368
368
360
366
370
360
362
364
362
356
364
356
360
354
364
368
364
362
362
350
358
356
360
360
360
360
370
354
356
362
362
364
360
360
360
354
354
364
364
358
364
360
356
364
364
364
362
366
348
354
366
348
358
350
360
362
354
360
362
362
364
360
364
360
312
290
272
276
274
274
296
298
304
296
332
294
328
310
318
310
262
246
346
360
358
362
350
364
360
360
366
366
366
370
368
380
372
374
394
398
392
396
376
390
384
390
394
390
390
380
392
382
394
390
376
370
394
396
392
386
382
380
388
384
364
330
318
312
306
306
310
304
304
304
304
304
312
306
306
306
306
308
306
308
288
234
276
358
358
364
362
362
358
364
368
366
364
366
366
362
362
364
368
366
364
368
362
364
364
358
362
368
364
360
356
356
362
366
356
368
358
358
360
358
360
354
360
360
362
354
362
362
358
358
358
360
356
356
358
360
356
360
356
358
356
360
358
356
366
366
362
364
358
356
358
354
356
356
362
360
358
358
352
362
324
306
282
280
282
274
308
288
274
282
272
304
304
328
308
308
308
272
302
276
244
354
352
362
356
366
362
364
370
358
372
376
384
392
396
452
400
398
396
388
392
384
392
388
394
386
392
388
390
398
376
376
364
388
392
400
388
384
390
376
368
340
326
288
280
300
304
308
300
304
298
308
304
302
298
298
294
302
312
316
300
288
252
290
366
368
366
368
358
370
362
364
364
370
364
352
364
366
360
360
368
360
366
368
364
372
368
370
360
360
354
368
362
356
360
364
356
364
344
352
360
362
354
354
358
360
354
362
360
356
362
356
352
352
360
360
358
358
356
356
360
364
350
368
364
360
366
362
362
346
356
360
360
356
360
360
360
358
360
356
332
302
284
298
268
298
278
262
290
298
268
292
252
292
288
294
294
286
290
314
280
278
288
344
356
350
360
366
358
366
372
372
384
382
394
392
386
398
392
392
390
364
386
390
386
358
382
390
396
394
388
386
336
366
390
390
396
392
386
366
370
378
346
328
314
304
298
300
300
306
300
274
306
302
312
300
298
302
298
312
302
312
298
232
284
354
356
360
364
354
362
366
362
358
370
370
368
362
364
368
364
366
356
368
366
362
368
360
364
360
364
366
358
364
358
366
358
364
358
364
362
362
342
316
352
358
352
356
362
358
352
356
342
350
350
354
360
360
356
360
360
356
356
356
360
362
362
362
350
354
352
352
358
366
360
360
358
356
352
334
336
300
302
300
298
276
256
306
248
266
276
264
276
256
276
244
284
238
276
264
258
258
244
216
168
162
304
364
352
358
362
382
382
384
384
386
388
390
390
246
140
130
176
154
258
364
364
388
388
398
386
400
398
330
356
368
376
384
384
384
374
372
360
338
328
314
304
264
304
296
304
302
300
306
302
310
304
290
302
312
292
278
302
286
212
266
360
366
364
366
364
362
374
366
366
370
362
362
370
370
362
374
362
370
362
368
366
370
370
358
370
358
366
368
366
356
360
362
360
360
352
348
354
348
348
360
356
358
362
354
356
348
350
350
346
352
356
356
356
354
350
356
358
356
358
358
354
360
354
358
358
356
360
352
354
354
356
354
352
328
330
308
276
262
296
244
244
272
270
244
258
248
244
210
210
170
176
146
138
116
142
112
116
164
156
120
174
190
158
166
172
182
178
204
260
350
376
384
234
264
370
382
390
394
368
374
358
392
386
390
392
398
390
384
358
376
386
388
358
352
358
364
370
358
342
320
316
302
236
272
298
296
296
300
300
292
304
304
304
306
306
304
312
266
282
212
236
370
360
366
362
356
364
360
368
368
368
362
364
364
364
370
370
370
374
358
362
370
358
360
356
362
362
368
360
360
360
358
362
360
358
356
366
354
356
360
348
350
356
356
354
350
344
348
348
348
342
350
348
352
354
354
356
354
352
358
354
352
350
356
354
348
346
352
358
354
354
354
352
330
322
314
308
304
304
294
256
202
144
112
128
116
152
200
152
144
130
164
128
136
150
128
124
120
124
114
152
146
146
160
130
222
156
190
168
130
178
186
140
166
172
192
184
194
176
198
270
330
370
384
380
386
392
392
386
392
392
392
392
360
378
354
372
362
354
336
322
310
302
304
294
292
292
280
298
298
300
296
302
278
300
310
302
300
272
296
208
264
370
366
366
368
366
368
368
370
370
356
366
360
370
360
362
364
370
368
364
364
356
356
362
364
360
356
362
366
362
360
356
360
356
360
354
350
358
350
344
340
344
350
346
350
344
338
344
356
346
348
342
350
354
356
348
346
354
354
350
346
346
356
354
344
354
348
352
344
354
344
352
322
310
306
294
290
240
174
154
140
138
150
186
108
140
164
154
122
186
156
114
162
160
140
176
152
164
140
150
192
114
158
136
154
160
284
278
128
250
144
182
222
274
136
168
190
130
174
208
248
200
192
286
188
232
296
234
356
382
386
386
380
388
378
382
354
364
336
344
316
308
304
300
294
296
298
290
294
302
296
292
250
294
306
308
304
290
304
292
226
258
366
364
348
366
362
366
366
362
370
364
360
358
346
360
368
364
358
352
364
362
362
346
356
356
360
354
358
356
366
366
360
358
352
352
352
338
356
352
346
344
344
350
350
334
338
348
362
350
348
348
346
342
340
336
348
302
350
350
348
344
342
350
338
332
330
338
338
334
308
182
182
150
152
152
152
118
174
140
160
108
150
310
148
134
136
168
112
102
154
206
122
156
114
160
140
146
192
144
160
180
166
110
194
162
124
154
136
164
204
392
166
134
238
234
168
158
186
162
132
214
418
154
180
208
288
184
412
234
354
300
214
228
298
384
380
362
354
336
326
320
304
306
292
300
300
290
288
302
282
300
306
304
308
304
312
306
306
304
288
212
248
368
362
348
368
358
362
380
366
368
368
362
362
354
360
368
360
362
364
362
358
362
358
358
364
358
356
360
362
360
356
358
342
356
350
352
340
352
344
330
324
336
340
328
336
340
368
324
334
338
344
332
346
340
334
344
340
336
342
338
336
330
326
330
190
164
144
186
132
112
108
122
156
72
114
166
120
142
130
102
158
136
110
150
132
176
176
158
166
130
176
200
110
172
166
122
206
160
150
152
138
170
166
174
134
178
256
166
156
138
206
196
246
176
158
372
168
164
170
290
128
160
224
224
178
200
274
256
220
244
276
322
228
224
272
354
248
342
354
338
310
338
298
298
290
288
290
302
298
302
294
302
302
310
310
324
308
312
302
294
218
250
368
320
330
316
322
292
312
356
362
360
374
364
362
362
336
358
352
360
364
358
356
360
362
356
362
338
350
356
358
346
350
350
352
354
344
340
318
262
234
194
188
182
224
324
316
354
338
330
332
328
346
334
340
340
328
336
324
300
174
140
154
156
144
98
132
184
124
140
146
152
112
90
158
200
144
144
138
258
150
154
140
154
114
154
178
140
172
462
206
122
110
142
156
154
186
142
126
162
146
280
150
154
174
188
154
140
160
462
168
172
160
202
206
206
160
190
200
168
174
206
190
156
180
204
418
156
174
256
256
206
290
230
398
506
348
334
466
238
302
296
304
296
296
294
298
296
298
294
298
252
272
300
312
318
318
312
310
298
298
224
232
362
356
340
342
328
328
332
330
308
286
368
362
368
366
352
354
358
354
356
356
354
350
350
352
356
350
348
340
354
346
358
346
344
346
340
284
224
182
158
138
146
132
136
118
126
148
306
320
316
316
322
322
314
210
166
138
122
162
210
148
134
168
170
172
128
154
150
144
154
126
128
186
162
100
156
162
164
134
156
152
128
118
160
170
118
242
152
118
154
166
152
160
198
166
180
142
164
144
166
184
134
186
162
208
156
152
172
182
198
286
130
210
184
182
194
184
192
176
176
180
168
486
194
182
186
208
212
198
252
282
326
270
252
482
456
398
510
490
464
298
192
244
280
292
290
282
306
296
296
294
264
302
312
314
314
304
304
310
296
242
236
322
300
314
328
346
336
340
336
338
344
296
278
360
364
362
360
358
354
360
354
352
356
356
356
356
354
340
340
344
346
346
352
344
326
246
178
156
118
104
108
94
84
90
92
104
102
120
108
136
146
182
228
86
116
102
168
144
126
154
146
140
156
134
168
142
142
120
160
126
156
116
142
136
176
142
136
158
170
130
144
154
144
142
136
134
162
136
182
152
140
170
180
146
158
208
138
184
154
138
152
184
130
230
162
178
180
152
276
164
172
208
204
158
212
166
166
236
246
178
164
230
180
234
326
242
188
248
362
228
212
268
290
254
488
378
372
216
260
196
196
224
168
170
186
268
292
296
302
266
238
298
310
312
306
306
308
304
306
300
256
248
330
322
298
314
318
330
332
334
338
330
330
328
290
250
358
356
360
360
354
356
360
358
358
350
354
342
310
344
346
342
340
334
302
260
170
136
116
120
92
80
84
74
88
92
72
86
100
150
150
150
102
148
180
100
156
158
98
166
158
134
138
178
174
162
198
148
134
154
138
178
148
188
146
150
150
140
160
134
168
128
134
180
152
154
184
150
164
154
188
156
198
158
150
190
304
164
134
134
158
170
138
172
148
172
146
154
130
186
178
152
300
190
196
190
186
276
226
152
162
310
344
178
258
238
194
380
248
362
182
258
326
288
372
282
490
268
298
244
214
326
282
190
210
186
188
186
286
294
284
288
306
306
308
306
310
264
304
296
278
242
232
326
328
288
306
306
314
324
332
326
336
326
330
324
320
268
282
354
354
358
350
348
356
344
352
340
348
344
344
336
340
336
292
266
218
146
100
80
70
74
70
78
62
74
100
82
130
166
150
92
124
154
118
132
152
108
108
142
128
106
166
148
98
162
142
146
124
148
136
140
136
112
180
166
160
154
154
184
154
144
156
138
144
128
164
178
176
176
180
168
180
174
146
194
156
130
400
194
160
176
138
190
168
182
186
180
190
178
160
224
208
230
198
204
192
202
220
190
132
228
470
226
228
328
254
202
250
244
188
252
502
286
420
426
362
466
262
236
232
380
346
340
358
190
172
324
290
186
194
284
300
300
304
298
304
312
302
306
302
294
234
230
328
332
308
304
302
310
312
310
324
324
334
314
308
328
298
272
256
264
284
342
350
348
348
346
344
334
342
348
338
326
282
264
246
218
142
112
78
58
60
84
164
116
152
132
150
178
122
256
162
146
126
232
136
170
110
136
144
128
148
136
130
166
162
126
196
174
144
146
142
198
166
174
132
166
226
148
126
214
164
150
356
160
156
332
150
158
150
166
132
168
164
142
156
162
150
104
200
130
160
170
138
168
176
180
298
188
182
118
182
222
184
218
182
200
258
214
192
348
214
298
234
358
396
390
298
304
504
294
502
344
378
506
376
458
346
254
356
370
436
356
374
494
456
226
282
350
232
254
172
200
288
304
302
310
306
304
298
294
300
212
214
332
326
298
296
290
296
296
298
310
298
300
310
304
312
308
302
278
234
236
196
244
318
340
338
332
332
338
338
332
284
262
250
222
232
146
90
120
86
90
90
112
108
140
156
126
156
150
152
152
134
144
122
122
116
164
156
142
124
166
126
150
146
172
150
140
208
196
160
136
170
158
144
124
126
138
160
108
148
150
146
210
172
148
172
162
156
166
158
144
226
168
176
268
190
124
196
204
154
188
162
220
186
142
194
220
206
252
200
222
190
166
240
302
172
272
230
256
202
230
216
166
306
228
234
272
258
218
216
302
334
406
468
154
502
226
236
314
462
508
438
388
364
496
226
276
438
316
434
266
160
160
228
308
304
310
454
278
310
296
210
220
334
334
326
292
294
298
302
306
302
298
294
302
296
306
292
286
244
264
226
184
162
170
164
166
184
288
316
328
318
250
174
136
112
130
142
144
86
150
128
146
142
116
114
126
164
134
130
176
130
182
166
114
104
174
134
122
160
174
156
150
196
124
156
132
162
136
156
156
122
130
154
152
150
152
172
156
150
182
176
158
214
192
154
196
174
142
174
184
156
186
162
174
198
190
162
166
146
178
178
176
140
146
204
166
178
178
214
178
144
220
262
264
230
246
256
188
214
244
234
232
172
172
214
286
280
204
224
426
440
202
276
240
192
232
206
236
510
510
510
392
508
316
248
268
328
500
470
426
366
172
146
158
180
298
302
290
298
308
292
206
228
328
332
336
292
280
292
304
294
290
278
280
298
272
250
250
250
254
242
218
186
172
182
168
148
134
134
136
176
132
158
146
140
196
132
150
108
158
160
134
140
150
176
122
132
166
146
174
162
188
172
158
164
188
168
140
132
156
160
164
142
142
156
146
146
146
156
182
156
144
150
184
174
156
158
168
166
148
148
164
174
158
194
156
160
214
150
174
204
200
148
200
174
148
204
192
162
216
206
162
218
160
230
178
148
214
224
170
250
110
232
240
196
294
240
170
186
226
242
236
242
210
216
218
228
164
264
284
278
278
244
262
242
178
214
208
506
510
510
510
510
510
458
358
276
410
474
498
490
276
146
264
218
160
174
300
296
302
294
298
188
210
320
318
320
298
282
280
276
282
284
278
264
268
256
234
248
248
224
216
200
170
158
200
178
174
158
134
158
124
168
154
150
168
144
164
140
150
130
146
142
160
142
172
192
198
178
174
190
164
180
180
182
174
186
154
132
130
166
160
166
172
174
148
198
152
132
142
142
160
172
164
168
182
186
178
156
170
160
136
166
188
158
178
170
174
190
176
160
152
168
164
196
182
174
156
174
204
188
190
202
162
220
208
218
206
158
262
248
230
222
202
224
224
224
228
224
210
200
196
206
202
202
224
182
202
336
470
264
372
278
296
268
190
184
184
246
382
510
510
510
510
510
478
390
272
410
508
508
508
202
224
200
44
170
206
160
300
302
300
298
204
222
320
314
316
318
264
274
276
280
280
280
270
256
238
228
232
234
224
210
198
156
148
172
158
156
114
142
162
166
168
128
172
146
172
210
180
154
190
158
172
168
162
164
142
208
156
144
210
172
220
202
178
200
196
158
176
156
162
142
176
162
146
180
150
142
166
148
128
150
234
148
156
120
126
170
160
172
190
194
162
226
212
230
232
192
186
224
192
226
218
208
250
226
212
174
202
208
176
208
186
168
176
202
220
276
240
200
200
202
250
228
208
220
194
236
222
126
156
198
194
180
160
166
190
182
188
274
410
204
272
182
502
162
194
240
358
234
384
426
496
490
482
472
438
236
458
504
436
506
254
238
46
32
36
214
206
134
302
306
302
214
226
318
324
316
322
312
278
276
270
270
268
264
262
250
222
216
220
224
214
172
158
172
154
134
132
176
174
154
154
172
162
166
160
194
156
172
142
164
162
162
170
154
172
208
168
158
208
186
148
186
160
166
170
150
180
172
144
154
168
180
146
138
146
162
154
144
192
190
150
156
200
172
144
228
176
160
164
184
218
174
184
176
188
276
218
188
194
184
204
230
198
192
214
174
138
168
212
222
210
212
250
226
202
250
256
172
220
246
234
228
194
182
268
262
216
226
282
258
152
192
184
156
160
156
150
186
202
152
354
308
408
248
190
192
180
308
348
284
442
420
458
494
464
388
258
500
508
510
498
508
202
250
366
256
196
174
158
184
298
308
196
228
326
322
318
318
318
318
268
246
252
254
268
260
250
244
226
224
208
204
184
168
144
156
150
154
154
164
170
164
164
162
158
160
170
176
154
186
190
174
184
172
156
178
158
190
182
150
196
172
160
180
182
186
184
182
154
162
158
144
168
180
176
216
178
150
164
166
176
180
176
172
174
194
178
158
184
174
176
198
216
172
204
210
224
232
226
220
226
240
268
250
218
250
216
212
184
216
210
172
202
204
168
204
204
226
278
196
232
214
208
140
478
360
206
242
182
210
184
192
196
168
200
158
112
114
126
158
174
160
186
286
406
174
164
204
216
366
342
394
294
380
510
422
310
214
306
278
300
422
354
396
260
160
202
216
320
282
182
204
288
202
220
324
320
312
316
308
310
310
270
256
252
260
258
266
258
246
234
220
200
162
128
152
152
164
180
176
160
162
176
168
144
166
174
166
166
176
152
186
190
162
264
192
164
180
190
184
170
186
172
170
152
166
182
180
176
178
188
170
158
170
148
166
160
172
198
202
172
184
188
172
150
202
204
180
164
188
158
288
150
158
196
152
192
152
266
174
182
198
200
236
220
222
190
170
178
152
188
182
190
198
202
280
198
184
198
214
188
198
192
208
216
222
218
208
278
222
212
222
464
196
206
496
304
182
122
104
122
120
134
162
160
196
140
282
158
200
418
506
360
338
342
310
302
280
258
212
220
266
258
296
350
292
320
248
216
256
378
410
184
248
182
216
330
318
318
312
314
306
310
302
244
238
228
248
246
226
246
226
212
192
186
162
140
146
162
156
182
184
186
164
190
158
196
182
154
168
154
176
190
190
190
192
194
216
186
178
210
198
186
162
168
172
202
184
184
150
170
182
190
174
172
180
180
186
178
182
200
152
170
186
182
168
170
206
194
174
170
198
196
198
186
194
186
228
186
242
202
236
208
202
226
220
182
210
188
180
196
174
196
180
196
170
180
180
178
206
202
182
182
178
154
146
272
172
208
224
486
230
346
270
412
370
368
170
192
198
168
152
146
122
104
122
140
178
116
108
156
254
470
396
354
324
320
336
318
252
252
172
216
296
358
372
326
256
274
318
308
412
346
202
196
182
214
350
318
306
306
314
304
294
304
280
230
240
242
232
234
216
230
222
202
182
150
154
156
180
190
168
192
202
204
198
184
204
204
198
194
226
200
228
238
224
212
218
216
220
242
216
210
222
204
204
234
222
202
200
200
194
232
222
198
204
218
186
156
168
194
190
188
164
178
184
174
142
172
164
174
140
152
174
158
162
168
196
170
168
184
134
164
184
194
168
212
190
172
168
162
316
174
158
186
202
182
202
176
184
182
170
174
182
220
190
186
174
254
188
176
210
182
392
402
198
180
198
310
218
246
198
212
172
174
160
134
138
136
166
230
210
254
304
376
386
378
336
368
346
330
302
218
270
352
372
320
288
280
252
248
224
212
182
192
210
190
196
352
354
328
318
314
304
304
300
294
212
214
224
224
250
234
214
220
208
188
162
176
168
176
318
198
214
222
238
254
242
246
252
270
256
252
264
238
234
266
252
262
260
250
244
254
236
256
232
208
230
258
264
228
254
246
210
216
238
200
216
232
210
188
208
202
208
192
224
200
192
184
192
194
182
170
192
174
168
164
164
194
142
198
152
180
196
194
182
144
172
150
234
164
190
168
188
158
236
182
182
196
152
170
156
198
126
176
180
156
172
498
186
180
228
274
184
202
206
290
196
292
218
282
370
508
234
254
202
220
162
220
214
204
216
272
276
306
378
404
494
426
422
394
376
352
294
252
236
286
294
314
334
282
308
282
218
182
246
252
182
226
352
358
366
320
308
308
292
298
264
250
258
264
254
260
216
204
208
188
196
188
184
182
192
232
252
296
270
264
262
268
284
270
268
272
290
318
296
300
290
262
244
260
268
260
272
260
276
262
262
272
268
262
250
260
260
218
244
240
234
260
232
226
208
220
262
224
222
212
216
190
204
202
178
182
180
176
156
140
146
176
188
186
198
188
206
192
190
176
158
166
156
154
160
194
180
184
168
142
174
202
196
198
180
172
172
162
342
184
182
126
188
178
194
180
190
248
210
220
162
168
270
510
316
184
228
294
260
262
228
188
252
262
282
428
322
348
436
394
468
508
506
486
492
456
414
382
352
270
288
326
288
334
356
286
264
232
256
272
290
196
220
354
362
360
366
324
312
310
276
272
278
254
264
252
228
220
204
228
216
196
174
164
168
198
240
248
264
282
316
282
276
276
286
314
320
324
316
324
302
300
288
280
280
274
270
264
266
260
264
250
240
264
266
278
282
270
280
278
266
272
280
280
284
270
246
260
280
264
236
226
232
234
222
204
206
202
186
204
172
208
178
174
210
160
232
174
224
186
180
200
140
156
150
142
154
162
162
168
152
146
170
154
150
180
192
198
188
196
180
188
218
168
214
194
184
200
210
238
202
288
292
308
290
324
326
292
322
302
266
254
324
264
292
356
296
348
442
444
476
402
506
510
510
464
508
464
366
350
320
306
286
266
312
306
262
252
270
316
312
296
220
228
384
386
400
398
388
356
300
276
274
280
264
262
234
248
236
212
210
204
194
176
168
190
198
250
322
316
332
330
308
318
320
322
324
320
326
322
326
328
314
310
304
298
312
310
290
300
282
256
244
244
232
232
240
268
212
220
260
268
290
280
278
284
276
276
276
276
286
252
270
240
224
242
226
202
200
182
192
192
172
194
174
152
208
230
206
198
136
146
148
180
154
150
158
156
166
204
176
172
154
184
188
192
204
182
192
176
264
210
154
178
192
196
188
258
188
216
220
236
216
196
300
350
294
258
298
274
250
314
422
340
292
250
270
330
502
506
504
508
434
410
490
406
390
382
366
378
378
380
358
356
328
304
302
290
270
278
312
300
310
196
238
384
384
398
394
372
354
284
288
284
276
272
262
266
264
250
226
196
208
196
184
196
292
336
326
330
336
334
306
308
314
326
322
316
324
324
328
330
326
330
314
320
302
302
304
262
248
276
268
240
242
244
264
302
306
310
270
264
252
252
244
242
246
242
234
224
236
242
256
268
266
254
246
242
234
204
190
198
184
170
184
148
196
210
206
200
170
158
132
124
194
194
218
206
170
166
192
206
152
188
188
214
194
204
202
182
214
250
258
192
216
198
200
196
180
202
342
214
186
276
406
316
316
322
320
270
342
304
366
304
290
308
382
400
380
382
362
358
380
372
366
348
318
280
270
268
270
250
244
238
226
220
228
226
220
234
236
246
266
224
204
250
386
374
390
378
356
288
270
280
274
274
262
280
246
216
252
212
220
218
206
206
336
336
332
338
342
328
338
334
292
286
278
280
282
314
324
330
330
334
330
314
308
300
296
260
278
242
216
204
220
254
308
326
320
326
320
282
262
260
256
252
252
252
240
240
232
232
220
212
208
200
190
224
232
226
214
204
168
156
146
136
122
116
112
112
92
88
54
106
88
216
244
202
208
230
214
182
174
242
172
248
218
214
210
244
240
306
264
184
196
226
214
194
188
310
222
216
266
260
284
280
314
334
272
310
280
362
370
318
360
306
210
222
228
254
260
258
260
264
254
258
264
268
286
276
270
278
264
268
266
258
244
222
218
214
220
240
270
284
274
214
258
352
358
386
360
350
282
274
264
280
282
250
234
234
258
210
218
212
208
278
342
346
350
366
362
360
352
352
336
338
306
294
280
280
276
282
326
336
334
326
308
288
256
278
264
238
202
216
236
294
326
332
326
328
320
320
318
314
302
306
300
300
272
234
236
222
224
214
218
206
224
234
210
194
192
186
186
170
174
168
164
146
130
132
130
136
172
190
216
180
270
336
212
268
236
236
228
244
242
240
236
256
250
256
222
250
238
204
238
270
252
240
258
356
272
414
382
264
256
260
260
280
306
354
354
270
208
198
212
206
198
228
224
240
262
286
318
346
352
370
360
358
354
356
352
350
352
356
352
360
342
314
302
296
296
292
298
294
294
284
210
218
344
346
310
308
248
248
256
266
240
258
252
242
238
206
210
220
202
354
352
360
372
378
386
392
386
386
382
376
380
354
346
336
322
282
278
286
286
318
302
260
266
266
252
232
234
230
232
324
332
320
332
328
324
314
314
320
316
310
308
304
298
246
240
228
218
216
214
212
202
184
172
154
146
136
134
140
158
176
172
142
164
164
144
162
188
206
208
232
302
304
280
266
252
312
242
244
266
234
226
250
248
230
232
252
240
262
232
236
250
254
254
274
270
268
264
254
238
264
286
240
236
268
258
254
254
246
260
266
286
288
302
334
338
344
366
364
378
386
394
374
364
382
376
372
356
314
376
352
352
316
312
306
306
308
292
290
300
272
258
238
228
344
306
302
290
226
236
234
236
236
242
226
230
242
194
182
198
348
376
378
376
376
380
382
388
384
384
370
374
378
382
350
340
314
284
274
276
272
258
266
260
258
240
260
232
242
314
310
312
296
270
224
208
174
172
172
262
172
160
154
158
156
158
168
164
166
172
152
156
144
148
142
128
122
110
88
100
90
90
90
84
90
90
114
158
174
206
188
180
198
198
208
214
228
232
238
236
220
206
188
176
178
174
184
190
186
192
186
192
192
196
196
274
170
208
218
228
236
250
248
276
278
308
296
294
306
312
322
316
308
298
278
296
310
304
294
330
360
342
310
294
280
226
240
234
198
196
210
200
222
202
220
204
200
208
210
204
202
212
206
180
200
306
288
290
284
208
206
216
232
240
216
208
212
176
210
226
372
372
370
382
380
368
372
370
374
356
326
270
252
200
182
182
158
152
154
138
156
156
256
250
262
266
280
262
286
226
222
222
214
216
220
206
218
210
210
210
216
202
200
204
192
184
178
148
164
170
172
174
192
202
190
180
156
138
130
132
132
142
126
116
132
112
122
128
152
158
168
164
170
166
158
162
172
182
184
194
206
218
254
222
222
242
240
220
246
244
218
214
226
224
264
230
268
244
224
212
214
204
220
202
204
172
178
172
172
190
180
206
200
186
188
206
190
198
206
200
208
208
250
236
232
234
218
230
204
210
218
230
232
216
208
202
206
218
210
212
206
202
198
206
212
206
262
230
200
190
184
200
200
228
232
212
218
210
218
224
228
238
242
246
248
246
248
240
244
252
244
228
234
236
228
236
222
224
216
182
180
190
186
272
292
282
288
318
292
314
318
310
320
314
314
316
322
320
312
314
316
316
312
308
296
296
290
292
248
238
220
210
214
210
216
216
208
232
238
206
244
220
212
220
208
228
250
250
238
282
230
226
202
230
210
224
222
208
188
214
210
188
188
192
194
202
188
200
204
192
190
202
204
210
206
206
200
202
208
210
208
216
212
218
230
226
246
216
220
220
220
230
238
208
224
222
224
234
244
240
240
238
246
274
230
260
260
286
254
254
186
188
154
110
76
58
66
68
78
116
146
156
158
0
0
0
0
186
184
190
200
220
230
240
216
208
222
220
262
218
232
246
270
298
336
344
354
354
360
364
364
360
358
368
362
350
356
342
320
316
272
264
268
280
282
302
302
304
302
302
316
306
312
310
302
278
278
300
296
302
288
312
276
234
242
250
242
228
258
250
252
244
234
228
230
208
198
214
208
218
188
204
206
202
174
204
202
194
216
204
210
204
228
208
224
214
238
206
220
222
220
238
228
238
230
226
204
192
210
218
208
206
214
216
220
226
238
238
222
236
240
250
242
228
202
148
120
66
48
14
18
8
12
10
8
6
6
18
18
10
20
14
30
42
32
32
40
30
34
22
20
28
40
42
56
54
116
158
246
212
190
252
290
78
30
0
14
26
296
272
270
234
228
222
218
240
280
302
324
320
330
336
330
328
330
336
324
336
322
302
314
324
324
312
350
282
268
234
252
252
232
240
230
236
232
236
226
228
234
222
224
234
228
226
234
242
232
240
234
240
236
220
226
246
226
218
220
210
226
234
232
242
228
242
222
242
222
220
224
226
210
222
214
220
212
210
230
194
242
214
256
242
256
240
258
272
262
272
264
250
274
206
192
292
258
332
374
270
380
364
310
258
276
278
268
62
38
22
50
58
100
2
4
2
8
4
2
8
2
4
4
0
4
6
2
2
12
26
24
40
50
66
82
128
134
112
90
36
0
4
2
0
2
2
0
0
0
2
0
6
4
12
10
28
22
22
40
28
28
294
264
306
274
248
236
262
236
228
262
238
240
218
226
218
216
214
200
210
208
196
212
202
202
190
198
202
198
194
208
210
212
214
212
220
218
226
222
216
220
214
236
224
232
234
250
238
244
256
258
252
248
260
238
262
232
260
240
260
250
260
266
244
250
220
204
202
196
194
188
194
186
182
192
196
354
424
452
434
388
314
256
202
186
176
186
220
298
322
312
336
312
300
314
334
296
290
196
196
174
270
388
418
380
340
318
246
190
70
52
54
4
4
2
2
4
0
0
0
4
6
4
0
0
0
6
4
0
0
0
0
0
0
0
0
0
0
0
0
0
0
16
0
0
6
0
0
0
2
0
2
4
8
10
10
20
22
18
44
0
0
