286
284
290
340
310
336
332
332
334
310
328
338
334
338
342
320
334
342
332
332
336
328
334
332
334
336
344
328
318
332
296
310
332
336
338
338
338
340
342
338
338
338
336
342
344
342
342
348
340
334
336
334
330
340
336
340
334
336
340
332
352
338
344
340
344
336
342
326
340
336
332
334
340
340
340
342
334
340
326
346
332
338
336
340
340
334
332
336
330
342
338
344
336
328
316
298
308
336
338
338
336
338
344
328
334
326
338
332
332
328
324
338
322
330
300
332
326
330
338
336
334
342
338
342
344
344
366
358
350
344
360
370
368
360
370
360
364
354
316
338
334
306
322
314
312
292
294
282
292
288
298
282
288
234
200
262
282
242
262
214
266
332
328
324
334
328
340
338
336
338
348
334
344
342
332
338
342
340
340
334
334
338
338
338
336
338
314
334
334
328
340
332
330
334
302
342
332
330
348
338
340
344
334
342
336
342
340
342
352
340
334
344
346
348
344
344
346
346
344
342
338
340
346
330
342
342
346
354
344
336
338
348
336
344
344
352
346
342
348
350
342
330
348
342
346
346
338
342
330
346
338
340
346
338
326
334
332
338
340
334
344
336
336
328
336
334
342
328
334
332
342
338
326
330
330
334
334
338
332
342
344
340
344
340
338
358
366
366
364
344
356
354
364
372
374
374
366
362
362
328
334
326
320
322
312
298
314
290
292
284
284
298
292
290
296
300
208
228
288
162
210
266
330
340
350
328
336
344
334
330
342
336
346
340
346
340
342
344
344
350
346
340
332
332
342
344
330
342
332
344
306
332
330
334
338
334
336
340
338
332
338
342
342
336
336
340
346
338
342
346
352
342
344
338
348
344
348
346
346
336
344
340
348
334
348
340
354
340
354
346
338
340
340
338
338
344
332
346
348
342
340
346
342
344
312
292
288
286
338
326
340
344
338
322
340
336
332
336
334
344
332
338
342
334
340
336
334
344
336
332
332
342
332
320
336
340
336
342
342
338
326
340
348
350
342
368
366
358
372
350
368
362
352
360
370
378
378
390
368
364
334
330
332
312
298
278
294
294
288
282
282
290
296
296
290
288
282
282
238
266
168
204
260
346
348
344
338
342
342
346
344
346
344
340
344
344
338
346
342
346
342
340
304
332
338
340
352
344
332
346
338
340
350
338
342
342
346
338
340
344
346
336
344
348
340
348
358
356
348
348
346
342
342
344
340
350
352
346
342
340
340
340
340
342
354
338
348
346
352
346
352
342
342
304
344
350
356
342
342
346
338
334
340
342
344
294
284
292
306
296
270
342
342
344
338
338
338
342
332
340
332
340
336
338
330
334
336
336
334
330
336
332
352
334
336
334
334
336
344
342
332
344
354
358
362
364
366
368
378
352
358
370
354
360
368
376
376
370
374
360
358
334
322
324
312
310
262
290
294
294
292
296
296
292
292
290
298
288
286
284
284
172
204
264
346
338
340
332
350
348
346
348
348
346
350
342
346
342
340
338
346
342
344
340
308
322
336
346
348
332
338
348
338
326
338
342
340
344
342
342
342
342
340
346
334
348
342
342
330
334
348
346
348
342
346
348
344
346
336
346
344
350
338
354
348
346
346
346
348
330
346
348
342
338
350
342
338
332
342
334
342
338
338
334
304
304
290
284
280
298
296
276
278
264
332
334
332
330
330
326
330
344
336
340
332
340
340
330
324
342
326
324
332
332
340
342
338
340
342
350
348
358
358
362
370
372
370
382
380
368
354
366
354
358
378
374
386
364
374
366
348
360
352
324
318
316
302
276
286
290
288
278
294
284
286
288
288
302
286
290
294
280
170
212
260
348
342
338
344
338
342
346
338
340
346
340
346
342
344
338
352
344
340
342
338
342
336
346
340
338
346
332
338
332
336
330
340
346
348
340
344
348
346
346
340
336
328
340
344
354
348
350
344
350
346
340
338
336
346
344
340
334
344
350
348
348
350
350
342
350
344
348
350
334
338
348
342
340
360
352
346
348
342
346
332
314
298
240
260
270
270
260
294
304
296
256
258
324
322
330
342
340
328
340
334
334
344
334
338
334
330
334
338
336
342
334
340
336
346
344
344
344
364
338
326
366
376
374
374
374
350
360
370
356
372
374
378
376
366
366
366
358
354
340
318
308
316
296
272
284
286
284
296
288
288
286
288
286
298
298
288
286
266
152
200
256
332
338
346
344
344
348
346
346
340
340
350
348
350
348
340
348
338
340
344
342
342
344
332
342
342
340
338
344
344
338
338
346
344
346
346
338
336
340
336
340
348
340
346
342
346
352
350
346
346
348
344
340
346
348
342
352
338
344
346
344
346
344
338
346
346
338
346
338
348
344
340
340
344
344
348
340
344
342
332
336
300
296
226
214
246
266
278
292
282
290
280
276
278
262
328
334
340
336
336
336
338
338
332
330
340
340
342
338
342
344
348
336
344
352
348
360
362
372
368
360
372
374
378
376
362
364
362
362
374
372
376
372
376
368
374
344
354
354
328
316
310
294
304
258
288
288
274
280
286
284
286
282
288
286
292
296
288
278
146
194
252
344
348
338
340
350
346
348
352
348
346
342
346
340
342
338
344
344
344
342
336
342
344
334
350
346
344
344
346
348
348
348
348
348
348
342
334
328
344
342
330
362
338
342
344
342
344
346
346
342
340
342
342
344
342
348
344
340
342
350
354
348
348
340
346
344
344
338
346
340
340
340
348
340
342
342
344
336
342
338
332
296
252
232
238
242
236
272
270
264
288
272
272
296
266
260
324
326
334
326
330
336
324
330
334
342
336
340
344
340
334
350
352
346
364
368
372
366
368
378
368
348
376
372
374
358
368
380
372
376
368
370
370
366
372
364
346
344
354
334
304
306
294
298
258
284
286
282
280
284
276
284
286
286
286
290
276
286
216
148
188
226
344
350
330
338
352
342
350
340
342
346
354
334
344
344
348
332
334
340
340
342
342
346
350
344
338
350
342
340
348
340
344
342
336
350
346
342
338
344
342
346
342
348
342
340
344
342
352
346
340
342
340
348
340
348
344
340
344
348
350
344
344
336
346
340
344
344
346
342
346
344
346
336
342
338
342
340
350
342
332
308
258
238
250
252
254
268
246
278
260
294
274
298
272
280
270
268
218
324
334
332
334
336
332
328
340
340
336
340
344
342
350
364
366
366
370
364
362
364
354
362
356
378
372
356
364
374
376
382
368
376
342
368
370
362
360
334
356
346
324
308
302
302
286
278
280
274
282
282
288
284
290
286
284
282
286
286
282
280
184
200
256
358
342
338
350
340
340
344
346
350
344
348
318
344
348
340
344
344
348
348
340
338
346
346
346
348
346
346
342
340
340
338
342
340
346
346
346
344
344
330
334
346
348
338
342
354
344
350
344
342
332
338
346
348
346
346
348
348
340
348
346
350
348
336
348
338
334
346
350
344
340
338
344
336
338
342
348
340
332
294
270
262
244
222
262
290
224
234
258
242
264
276
294
278
262
284
272
210
224
312
332
328
334
334
336
334
340
342
340
348
364
364
366
358
372
376
376
376
376
370
374
378
328
362
352
368
364
368
370
372
362
370
370
350
368
320
344
332
314
316
302
296
252
290
284
276
278
278
280
288
280
284
280
282
278
292
252
292
284
178
220
268
338
344
348
346
342
344
338
344
348
346
350
338
348
346
346
340
340
346
342
340
346
342
340
346
342
346
344
344
350
336
342
344
346
342
342
344
342
340
328
348
348
344
336
342
342
350
348
340
340
342
346
348
338
346
348
340
350
342
346
342
346
342
346
342
334
334
346
344
336
338
338
336
334
338
338
344
324
302
284
270
230
282
264
228
252
246
268
234
256
224
260
226
290
244
286
264
252
256
194
224
320
330
334
322
338
344
346
356
364
366
358
368
354
362
368
372
372
376
380
382
378
354
354
354
374
370
370
344
368
368
356
366
342
318
308
308
288
300
314
300
290
286
280
284
288
282
282
284
272
284
290
276
284
280
288
294
300
280
176
226
266
340
338
342
336
334
340
344
344
354
338
348
348
348
348
338
346
340
346
350
338
344
344
344
344
344
348
344
344
342
346
346
344
344
348
344
346
342
336
300
336
330
346
338
352
336
338
342
340
338
334
340
332
340
342
342
344
348
338
336
334
344
340
336
340
332
338
338
344
338
222
330
330
336
326
342
316
306
278
264
246
282
230
220
276
222
248
218
246
236
210
232
222
238
232
216
276
236
200
216
188
150
292
318
328
340
352
356
358
356
364
368
368
344
364
350
368
370
374
380
374
358
356
354
360
368
362
368
364
364
372
358
340
374
368
338
342
346
318
314
276
296
288
284
278
282
284
278
280
276
282
278
280
278
226
280
282
216
282
156
206
250
342
352
340
350
344
334
338
346
352
346
346
340
346
344
340
340
350
348
348
348
344
344
336
350
344
352
350
344
348
350
344
344
346
346
342
344
346
340
340
340
336
340
344
346
330
336
332
340
338
336
342
330
334
340
342
336
334
332
346
344
340
340
328
336
338
324
336
336
332
336
336
332
336
332
308
306
294
262
236
210
244
192
222
236
198
214
182
186
142
170
130
132
126
104
118
106
104
96
90
118
112
136
148
138
162
262
348
348
352
356
330
348
354
358
176
232
374
362
360
366
362
350
362
354
368
348
374
312
310
336
370
368
374
358
360
338
348
322
302
288
286
270
280
286
278
284
278
282
284
276
272
278
280
280
284
288
286
274
174
182
234
352
346
348
348
342
342
340
340
346
342
346
346
344
342
352
342
352
346
344
344
348
348
344
342
340
342
338
318
342
344
338
348
342
348
338
340
340
326
344
338
344
338
338
330
334
332
328
334
334
326
336
340
332
336
328
340
334
338
338
332
338
342
338
330
332
332
322
332
330
324
328
330
316
298
292
290
280
278
284
262
268
242
94
68
92
120
124
128
142
168
100
162
124
96
120
124
96
70
110
110
278
140
102
124
160
118
136
134
144
118
172
194
160
202
246
336
136
148
346
360
346
360
346
374
370
376
354
362
340
370
368
366
360
360
354
354
346
336
312
286
286
282
274
280
274
268
274
280
276
280
284
284
274
284
280
288
278
274
152
186
244
352
346
320
234
240
262
340
332
346
348
340
346
342
344
342
346
348
342
346
346
342
346
346
348
340
352
346
336
344
328
344
340
336
344
340
346
344
336
336
330
332
328
326
320
326
324
324
330
334
330
334
330
326
336
332
332
336
318
330
332
334
338
334
330
336
334
314
336
324
320
310
330
292
274
206
144
160
134
148
138
122
158
114
112
154
144
140
144
122
98
122
146
108
146
130
116
102
120
136
132
156
120
230
142
156
158
130
148
144
128
142
198
174
136
154
276
260
44
78
96
184
184
296
362
360
364
362
360
364
360
366
356
356
364
362
352
346
338
308
290
300
280
276
278
280
260
268
272
274
278
282
210
256
280
304
276
284
272
192
182
254
340
346
256
260
248
248
252
236
244
336
338
340
348
352
342
350
352
350
348
342
342
340
340
340
336
340
338
344
340
336
344
342
344
342
334
332
334
328
318
320
314
322
314
312
318
326
322
334
324
324
334
332
324
330
324
328
324
330
322
330
324
322
324
320
316
306
242
174
146
106
106
126
110
74
122
142
126
136
104
120
148
108
124
110
126
116
106
108
108
118
126
112
144
128
96
130
166
106
206
166
140
104
164
252
350
102
156
118
148
130
104
98
138
130
150
136
134
264
86
46
58
362
226
148
226
264
256
310
252
364
366
370
352
358
348
344
336
334
316
294
290
280
282
278
278
270
264
276
274
276
280
276
272
296
294
286
284
280
190
194
244
344
350
304
236
246
244
252
266
252
258
278
338
336
334
342
348
350
338
346
348
342
350
334
350
340
332
342
342
340
346
338
328
338
332
328
328
320
272
222
204
164
162
158
190
292
302
312
308
312
326
318
322
318
318
318
318
312
318
310
306
210
146
206
140
112
102
116
124
100
114
106
88
56
110
154
148
118
72
116
134
68
136
124
192
124
300
114
286
136
124
152
128
142
136
120
166
214
128
128
80
120
144
216
136
228
160
118
158
124
144
136
96
170
234
126
110
156
156
256
92
88
112
186
360
148
182
398
310
182
240
284
208
226
302
320
342
328
332
308
298
286
278
276
280
274
262
270
282
274
282
284
282
284
294
284
298
288
280
220
188
254
344
336
326
232
252
258
268
272
274
276
274
272
282
336
332
340
338
336
346
342
334
340
346
344
340
340
342
322
336
344
334
334
328
324
324
312
230
178
136
118
102
100
104
102
96
106
118
296
304
308
322
308
306
306
312
176
296
152
102
74
98
122
92
132
126
132
70
152
134
52
78
90
106
126
68
132
116
150
154
118
150
130
152
134
150
120
148
122
118
140
190
106
154
116
144
182
118
114
122
110
128
148
86
142
122
118
146
120
144
176
116
202
148
122
188
216
136
118
166
164
130
144
94
146
340
298
292
206
196
154
200
210
310
344
204
412
186
328
290
286
280
272
264
270
256
274
260
256
268
274
222
286
286
292
288
220
284
274
194
184
256
346
344
344
258
240
240
256
258
272
276
274
286
274
256
264
326
338
338
334
342
340
338
340
346
344
342
340
306
336
332
334
334
324
322
288
186
136
108
86
62
60
56
56
68
106
68
94
100
94
150
158
122
168
108
136
142
120
90
148
126
76
134
248
112
194
84
136
138
100
120
144
110
74
86
170
140
164
116
122
140
124
134
156
92
174
148
102
138
136
150
142
158
126
128
170
110
122
156
110
256
148
122
140
154
136
120
148
150
158
140
280
138
128
230
144
138
144
166
152
332
120
354
162
222
138
142
162
404
216
216
428
222
376
262
252
368
506
400
204
178
268
272
272
276
270
276
274
282
274
262
288
270
296
280
292
288
282
274
226
200
260
346
348
346
282
250
252
268
258
266
264
274
262
280
270
264
228
254
328
334
334
336
338
332
342
336
338
330
330
334
334
332
324
322
290
230
142
96
56
40
48
46
44
48
66
60
78
64
74
122
90
142
154
82
150
132
94
110
128
114
130
140
130
106
154
318
100
102
112
138
138
88
164
188
144
112
98
140
166
90
134
200
114
134
124
110
126
142
120
188
144
128
164
84
124
120
130
152
120
142
120
108
146
132
98
190
160
160
150
138
150
138
188
246
190
144
196
268
184
174
140
152
424
162
148
182
174
176
168
234
268
282
242
232
382
504
474
504
234
180
196
142
140
256
266
270
260
280
276
274
220
242
288
296
290
294
290
278
278
246
212
260
352
348
340
294
248
246
258
264
270
264
278
262
270
262
268
246
232
234
236
324
328
328
330
324
328
334
298
328
328
328
324
318
302
254
182
108
68
44
42
38
40
56
58
122
96
122
138
106
90
140
120
130
116
106
146
118
98
90
122
126
106
118
174
130
108
154
122
110
120
128
122
140
108
106
126
134
136
160
184
134
172
166
152
108
166
138
146
132
174
110
128
148
114
294
296
112
134
210
114
138
138
140
118
126
150
160
138
180
258
214
182
256
168
192
168
192
186
218
166
182
174
186
148
286
208
150
282
352
210
182
242
302
250
458
354
318
202
212
168
176
226
174
150
150
224
270
268
272
224
268
284
280
290
286
288
284
280
276
248
232
260
338
336
338
292
256
244
260
264
272
272
258
252
252
254
262
252
240
228
214
192
216
320
322
320
326
318
322
326
320
318
308
308
270
232
178
102
66
28
32
54
70
106
84
134
56
108
142
102
130
44
144
334
98
146
68
130
114
86
100
106
98
138
98
136
132
112
144
150
130
114
118
158
124
126
128
144
124
126
118
136
112
148
148
136
142
164
132
132
182
170
156
156
194
140
138
172
136
182
162
106
194
146
170
218
102
184
154
126
270
154
174
198
266
138
152
370
196
156
142
376
230
162
156
144
184
324
208
278
188
216
318
212
340
268
494
230
272
222
210
326
252
178
226
156
244
168
204
280
274
286
264
276
284
284
286
282
288
274
240
288
282
340
342
338
302
252
242
264
260
260
260
262
244
236
252
238
228
236
220
200
184
178
192
194
224
306
316
314
312
308
306
302
300
250
198
132
106
54
96
118
124
128
98
128
118
100
156
106
98
134
118
108
106
122
204
128
114
92
154
150
116
144
162
136
124
126
134
134
116
100
158
162
146
110
172
168
120
142
202
156
136
444
148
166
198
136
150
134
126
166
176
124
118
164
160
106
166
160
140
194
132
132
162
66
156
202
152
182
138
150
152
166
292
184
188
198
166
182
174
236
304
268
206
292
238
182
264
232
172
242
496
236
410
372
302
462
248
224
154
350
352
334
406
216
196
176
242
180
164
204
282
282
226
292
296
282
284
286
276
282
216
258
338
342
334
316
264
242
254
258
252
252
244
244
228
228
218
204
226
206
204
190
172
134
142
170
134
126
146
180
202
176
154
132
114
128
138
102
122
144
84
114
60
104
132
116
118
120
152
140
104
160
136
80
118
142
142
82
130
98
126
152
156
128
142
162
124
172
156
138
130
128
142
132
134
132
120
138
90
134
128
116
170
150
124
124
116
126
116
124
170
132
130
186
142
210
90
112
112
142
148
116
142
158
152
174
132
170
126
130
162
182
186
180
156
248
234
282
188
178
198
260
178
308
498
172
400
322
490
310
488
286
396
492
364
362
332
254
356
224
400
364
442
500
502
256
276
278
268
200
158
136
240
278
282
288
294
266
286
276
230
208
256
348
344
330
320
292
258
254
252
240
236
242
228
222
210
200
190
200
192
182
192
146
166
164
142
118
110
150
102
140
108
124
124
146
98
132
120
162
126
110
152
138
114
108
126
130
148
140
108
156
132
124
134
178
144
124
148
150
120
116
130
132
128
96
136
132
118
122
140
86
130
144
156
140
134
186
130
140
158
150
136
182
146
142
278
148
144
164
144
162
178
164
172
184
160
120
184
108
166
178
140
192
128
134
166
152
198
172
144
182
176
190
168
126
162
330
200
178
222
224
272
158
246
180
182
278
208
220
214
282
278
384
342
154
504
194
188
164
386
442
446
480
412
498
236
334
508
410
480
362
178
130
148
272
272
260
270
274
274
292
206
256
348
334
330
320
296
252
246
250
256
252
242
230
216
210
178
178
182
174
174
152
148
144
160
186
132
120
118
158
154
122
154
126
110
144
118
128
126
116
138
116
128
146
162
164
122
164
148
110
140
146
100
98
118
138
128
98
126
140
128
142
150
104
144
180
152
134
160
132
120
118
138
132
122
106
136
146
128
114
146
144
118
162
118
112
178
116
154
168
138
136
240
170
142
216
164
144
212
138
158
202
162
192
148
136
182
146
170
92
74
192
182
136
182
204
290
182
208
208
198
220
138
144
190
230
166
218
194
418
362
214
264
336
182
234
184
160
386
510
510
510
510
348
256
236
306
510
504
480
356
156
106
98
204
166
276
286
286
282
276
188
254
336
332
330
328
296
294
258
246
240
238
230
232
214
192
160
170
166
168
160
152
144
134
126
132
148
122
136
144
132
158
150
128
152
162
152
156
144
130
142
136
130
138
118
170
154
98
158
126
146
140
96
156
160
136
150
144
150
132
128
122
168
112
126
114
128
136
114
144
150
132
156
158
162
154
112
162
132
126
144
144
142
160
134
140
150
154
186
200
138
120
176
130
134
152
136
178
144
140
178
144
160
166
164
128
184
244
164
138
184
208
302
170
358
206
166
204
228
238
214
206
170
194
196
196
154
230
276
278
316
204
176
226
162
208
172
148
510
510
510
510
510
508
284
292
366
420
398
488
388
178
318
206
236
190
158
284
280
280
284
198
248
338
328
334
328
296
292
278
232
220
222
216
192
220
206
192
168
168
160
154
146
136
132
142
118
130
130
138
138
142
130
134
142
120
128
144
124
148
146
148
136
134
140
176
120
144
168
168
122
168
136
112
148
150
128
118
106
100
144
166
158
136
146
118
134
140
128
132
116
94
146
142
114
104
154
146
154
176
176
142
200
198
206
194
160
152
230
172
182
220
170
178
234
204
136
208
182
218
192
216
156
204
166
210
216
252
244
204
184
186
196
210
194
180
256
216
202
174
184
192
200
198
186
174
220
290
504
254
378
260
248
226
180
144
186
148
334
510
510
510
510
508
508
436
282
314
510
506
508
356
244
44
0
146
228
158
142
280
284
274
214
268
344
344
328
328
330
302
280
276
234
220
208
224
214
186
194
178
168
162
152
126
126
140
152
158
142
134
134
130
130
150
144
126
158
142
118
172
150
144
158
154
132
150
154
152
154
148
164
150
152
166
180
166
160
168
150
130
122
136
126
130
146
152
164
152
146
164
196
126
116
160
142
136
174
172
130
140
158
184
162
168
136
146
230
204
168
164
174
184
202
184
186
186
176
152
168
268
164
180
192
158
156
162
240
218
194
226
172
190
322
192
186
262
194
244
188
128
130
184
156
162
134
160
150
154
162
226
462
164
224
138
502
166
168
140
198
366
420
498
508
508
510
492
408
296
274
508
508
508
510
292
344
20
32
182
136
136
210
282
268
202
264
342
296
328
322
324
316
308
270
264
210
206
202
204
198
200
188
176
166
156
144
130
132
130
132
146
140
150
144
132
138
154
140
160
162
142
136
156
166
146
226
168
144
150
178
168
158
172
164
142
160
134
150
136
116
136
202
174
134
136
146
154
166
150
118
146
140
124
158
160
170
158
190
160
162
186
166
158
172
194
150
164
210
200
208
162
188
210
164
212
212
182
212
192
202
188
200
174
164
178
190
224
178
194
240
202
164
188
196
198
170
180
224
216
216
224
254
210
134
176
160
122
126
140
140
156
160
132
324
306
234
224
206
140
160
248
368
402
378
448
440
508
506
408
310
282
468
402
506
506
494
214
326
238
186
174
184
178
290
228
206
260
334
330
316
322
320
312
322
276
258
230
198
192
188
184
180
162
166
170
148
150
142
130
136
136
144
152
156
166
158
134
168
154
150
156
162
166
162
152
180
168
170
184
166
154
168
182
170
144
164
152
146
162
134
142
148
158
134
156
166
130
160
154
158
184
184
138
122
170
140
140
160
150
156
128
152
162
242
126
156
164
136
202
156
154
152
172
236
198
218
180
188
192
156
148
138
148
148
142
142
138
182
112
168
236
154
172
192
134
172
206
306
280
184
220
164
182
158
162
166
174
180
120
102
88
118
138
186
152
208
284
364
150
146
194
130
252
322
408
266
350
508
490
368
264
200
238
370
360
426
392
390
266
232
220
196
420
344
148
266
204
254
342
330
328
322
318
316
308
276
266
186
164
182
188
182
166
164
158
156
142
132
118
130
160
152
138
154
164
172
180
180
198
194
182
194
196
192
204
208
212
196
194
198
194
200
172
160
198
164
172
186
180
176
178
160
168
174
172
156
158
172
156
166
158
120
176
152
180
164
162
170
176
176
174
168
162
146
192
170
142
166
142
172
160
186
206
188
176
172
192
200
168
146
158
184
158
148
178
158
172
190
170
206
188
162
208
166
178
174
162
196
188
206
190
404
208
176
184
450
104
184
430
176
146
106
100
96
98
116
140
134
162
120
234
126
122
230
416
500
368
336
294
312
312
252
212
160
264
302
294
288
330
312
226
224
226
318
324
354
158
192
262
340
332
324
316
318
320
312
258
216
210
220
218
194
200
182
170
162
166
154
148
144
154
148
172
176
160
190
216
218
240
236
242
252
238
222
240
222
220
238
218
244
240
234
228
216
186
238
200
192
214
200
220
200
180
212
210
180
176
194
206
184
170
176
154
182
166
138
156
152
140
128
142
142
174
154
140
138
138
148
134
172
140
130
170
160
136
164
174
122
198
160
198
164
150
168
132
142
140
168
120
146
186
148
180
194
146
158
152
136
148
248
160
214
200
440
220
266
230
290
448
308
192
162
168
118
122
100
92
82
98
120
162
60
76
114
108
256
468
450
414
340
302
316
302
238
194
156
220
298
294
282
230
204
162
234
166
148
144
172
172
232
346
324
322
322
324
318
254
218
210
206
220
212
214
188
192
168
168
180
170
164
168
154
166
200
216
232
282
282
242
234
228
214
226
220
226
222
226
248
254
262
234
244
238
244
244
232
232
248
236
230
232
242
222
220
218
204
198
222
190
198
204
184
224
200
172
192
196
200
152
174
166
160
178
142
154
160
160
148
152
156
192
136
190
172
136
158
146
158
124
132
126
178
152
156
170
150
178
194
144
160
178
174
138
158
158
140
152
194
204
174
156
142
138
146
182
212
356
376
196
152
196
328
184
204
170
158
134
136
112
92
118
122
142
182
140
194
168
288
340
328
336
334
354
326
320
248
230
334
358
292
288
252
236
240
226
182
178
142
210
284
268
344
338
326
324
320
256
236
230
214
234
230
220
208
204
184
190
176
188
176
164
142
138
152
210
208
230
244
248
242
236
232
230
232
236
234
242
268
274
268
272
268
242
242
240
238
240
246
242
240
232
236
254
234
230
220
282
250
228
230
232
230
202
234
196
244
214
208
204
182
172
164
184
162
146
154
152
138
126
138
154
150
148
148
148
178
170
158
138
116
154
144
150
152
150
126
140
130
174
150
186
134
150
178
126
222
148
148
154
162
110
490
166
160
234
172
146
192
178
234
164
198
208
342
354
254
246
210
182
180
130
170
190
164
218
294
224
206
206
340
386
364
364
404
376
364
324
276
262
254
304
296
288
248
262
198
168
158
216
228
190
248
342
328
332
326
286
238
236
234
226
250
238
228
240
228
228
208
190
186
180
158
134
164
180
262
294
298
304
300
264
254
256
286
290
294
294
292
298
296
282
286
292
280
292
288
288
284
252
252
222
198
192
192
222
258
266
270
264
256
262
250
250
266
262
254
246
242
238
226
204
188
204
218
186
198
188
166
164
178
134
176
160
156
140
184
138
198
166
166
156
124
120
120
118
162
130
146
142
128
136
268
144
142
148
164
138
146
148
202
136
132
178
134
176
148
164
242
160
306
148
156
242
244
308
210
238
310
240
226
214
164
208
244
262
296
356
288
300
280
336
444
480
486
440
414
366
358
362
328
286
292
278
278
266
258
216
190
224
234
228
190
232
334
332
334
296
266
232
238
248
240
260
262
244
232
230
222
210
214
208
190
156
168
238
300
312
320
320
318
322
318
312
314
316
322
326
314
322
322
320
304
300
306
292
298
294
302
276
236
276
258
232
238
240
242
258
208
240
244
240
238
250
252
262
242
246
252
258
244
244
252
226
190
202
206
196
160
182
152
164
144
148
142
152
130
200
190
178
134
136
138
154
162
142
118
122
116
250
140
144
142
152
146
168
160
174
178
160
130
138
152
200
174
286
168
180
136
194
176
172
272
232
256
344
308
384
276
306
240
256
234
312
224
296
270
264
324
422
362
376
320
452
500
504
504
490
504
352
330
350
310
298
286
276
262
286
300
290
292
292
268
214
262
344
338
312
300
252
250
244
276
276
276
276
260
250
244
250
242
226
216
188
180
316
320
336
354
366
364
364
356
354
358
338
330
328
328
324
322
322
326
310
304
294
302
294
258
278
254
250
216
188
232
240
272
302
298
304
294
264
248
246
246
234
234
222
224
218
222
216
234
252
244
224
228
206
202
186
174
156
168
172
146
162
160
212
202
166
126
96
116
138
136
120
136
152
180
166
152
152
144
140
128
126
152
156
138
180
204
218
160
118
150
166
164
160
184
172
136
198
244
194
154
214
276
370
344
286
274
234
274
282
320
266
228
310
302
408
410
504
450
342
346
486
508
506
490
434
372
354
352
340
338
304
284
294
288
288
316
298
286
162
204
216
338
338
306
298
258
258
274
286
280
276
262
264
268
250
220
236
226
206
222
328
364
364
358
368
372
370
364
374
342
328
332
338
316
334
330
330
332
330
312
306
300
298
282
258
256
250
186
230
232
260
306
314
310
302
310
314
248
240
236
232
230
228
222
214
202
212
208
198
192
184
174
196
226
208
208
188
182
188
168
154
136
104
152
122
116
88
86
100
118
170
160
150
168
146
156
180
166
152
178
192
168
204
148
188
176
192
230
216
176
208
212
182
192
200
188
182
202
230
300
364
330
250
308
298
278
270
272
308
304
260
276
300
350
364
354
354
484
400
368
368
328
318
300
282
274
266
260
230
210
224
208
202
188
200
222
210
236
230
200
190
202
380
352
352
342
276
292
276
280
270
274
268
282
262
240
226
202
196
296
362
370
366
368
376
366
374
372
378
372
366
330
336
340
312
328
336
336
338
330
314
304
286
276
272
268
226
204
228
232
314
314
314
306
310
310
300
256
252
246
236
240
238
228
228
222
212
214
212
192
210
204
180
176
178
174
158
154
130
130
166
166
160
166
172
174
154
120
54
98
160
212
200
218
170
208
184
166
170
190
166
220
216
210
164
214
230
212
228
210
208
182
182
154
154
264
208
190
236
284
230
260
316
340
280
264
362
272
304
332
298
422
350
296
238
242
252
248
246
254
234
266
258
264
272
264
256
252
270
260
254
244
224
206
200
204
204
216
218
220
222
204
246
358
350
344
336
276
276
270
272
280
276
272
268
234
240
230
208
304
366
370
374
368
370
368
372
376
376
372
376
372
332
344
342
314
310
300
336
330
326
312
274
278
268
248
236
226
224
250
310
318
314
310
312
312
312
306
300
304
294
280
288
252
242
218
216
204
206
200
192
182
170
162
168
164
126
124
156
158
144
152
142
126
120
110
112
140
154
170
220
252
266
248
192
220
224
212
204
216
216
278
222
224
252
230
228
230
210
198
210
282
186
218
222
276
214
344
280
224
238
254
236
290
288
282
284
310
286
170
186
182
184
184
208
212
240
272
284
306
344
338
348
344
344
340
344
346
334
338
334
332
324
294
278
280
272
266
284
272
236
250
206
214
350
340
338
322
246
250
256
276
270
260
246
236
208
214
224
346
366
366
378
376
372
374
364
370
372
372
378
368
366
354
344
338
312
294
294
290
290
302
292
282
270
240
270
216
230
312
332
324
328
326
326
286
310
304
312
230
292
302
296
292
288
260
230
208
200
184
160
138
114
102
104
112
110
102
114
106
102
94
88
96
100
170
174
152
168
208
176
206
216
230
218
228
224
228
220
232
230
222
204
208
212
206
212
288
216
272
210
250
232
228
236
262
252
238
230
216
200
210
216
214
250
216
224
228
232
222
240
246
256
246
260
294
308
322
326
348
358
370
360
368
358
356
348
356
352
478
336
336
312
284
298
282
290
286
290
296
258
258
240
246
222
308
292
288
284
200
246
236
232
232
210
184
192
208
198
350
372
362
354
370
360
362
364
372
364
376
368
366
364
362
364
346
330
302
294
276
270
276
258
262
266
262
268
236
258
160
164
172
160
154
152
144
164
164
178
194
262
178
182
180
160
180
180
156
148
138
128
140
130
114
120
116
106
90
82
70
74
70
52
48
50
70
62
82
100
112
118
144
124
136
154
142
144
140
142
150
160
152
152
150
154
150
162
150
158
158
156
146
172
172
166
174
238
200
220
224
230
240
232
240
248
300
290
282
284
286
290
292
308
260
298
284
288
228
286
326
276
306
304
266
300
270
320
198
178
186
184
194
214
184
170
176
168
194
170
188
172
186
180
168
166
190
286
284
280
274
186
200
216
202
172
178
188
196
318
324
300
266
224
186
186
170
174
162
154
164
178
174
200
214
232
226
206
218
182
180
176
186
180
246
286
274
274
284
266
224
212
212
218
232
222
218
218
224
216
210
218
188
206
224
256
248
268
242
222
206
196
190
188
188
190
172
156
120
122
112
96
100
96
92
92
98
98
98
102
118
134
142
160
154
158
160
172
164
180
180
194
234
200
192
182
202
200
192
188
182
198
200
220
204
220
348
238
196
194
186
178
200
198
164
134
154
150
140
144
158
162
170
176
170
164
174
178
188
178
184
170
182
188
184
196
192
188
192
198
192
178
188
194
218
202
182
172
176
182
202
184
182
182
170
186
184
194
172
170
164
162
174
196
216
186
188
202
230
204
200
216
224
220
224
224
228
230
224
236
222
226
236
248
242
250
244
240
258
258
268
266
268
276
270
302
296
286
300
314
312
316
318
310
330
316
320
310
312
320
314
298
300
300
288
274
270
268
262
248
276
252
244
242
248
248
252
218
206
170
182
232
228
286
260
204
206
196
270
200
210
196
182
190
172
208
174
180
192
170
176
202
180
174
164
174
184
170
242
152
166
170
174
172
192
186
176
176
176
190
242
192
182
180
188
202
194
208
206
198
204
196
228
194
212
210
204
196
206
202
192
206
206
216
262
198
206
236
242
276
238
206
218
228
212
200
154
146
110
88
96
124
148
144
6
2
0
2
2
208
216
210
234
230
224
234
256
262
270
300
308
312
330
348
334
338
348
346
350
346
348
356
348
352
350
348
352
340
342
326
310
298
292
286
284
294
284
280
250
246
254
232
238
276
242
252
284
258
218
300
224
234
220
228
202
220
202
200
206
234
236
222
236
204
190
202
192
168
198
180
192
182
182
170
192
164
178
180
168
196
184
198
192
182
188
200
194
196
204
194
202
184
210
198
236
184
220
182
180
274
170
184
182
190
196
198
202
224
218
222
202
216
216
220
212
194
158
116
78
22
10
0
0
0
6
0
2
0
2
2
0
2
0
4
0
2
0
0
0
0
0
0
0
0
0
4
0
20
18
50
52
76
124
172
210
80
0
0
0
0
