370
352
348
378
378
396
386
400
378
396
390
390
398
388
390
388
394
384
392
394
388
384
380
390
392
400
394
404
398
400
416
386
378
394
386
392
394
400
386
398
412
400
404
396
394
398
394
406
406
418
404
390
386
394
406
396
402
400
400
416
402
398
396
400
414
412
406
394
396
382
398
402
406
386
384
390
384
388
392
374
346
378
238
332
340
378
372
404
372
394
378
380
380
366
388
356
384
378
364
372
386
380
384
402
380
374
388
396
392
406
400
388
386
402
398
406
426
404
432
410
452
464
432
414
416
420
432
440
446
452
452
444
438
442
442
440
432
420
448
444
416
366
392
402
420
402
404
370
366
342
332
324
322
322
318
304
310
304
318
332
318
382
382
372
380
386
388
388
390
396
394
388
402
378
396
414
402
388
390
400
400
400
396
398
398
400
406
408
398
406
392
392
374
398
388
396
404
400
398
406
400
406
394
410
396
390
402
396
392
384
416
408
400
406
400
418
406
412
410
410
412
394
356
400
402
412
410
410
396
396
396
386
400
398
400
396
388
356
380
386
370
338
360
330
340
324
376
386
386
382
384
378
382
392
390
376
336
388
390
388
390
392
384
390
398
402
396
396
396
388
404
406
392
366
406
416
420
420
438
442
428
454
440
418
380
392
426
426
424
438
442
448
426
444
430
504
452
442
438
420
428
414
410
430
428
390
408
426
386
372
352
334
326
328
326
326
266
320
314
324
312
322
382
388
368
386
390
384
398
402
404
402
390
402
392
384
392
366
392
386
404
394
394
390
398
406
398
404
408
406
404
402
402
388
402
406
402
402
402
404
392
396
396
410
396
386
412
390
396
396
406
406
402
396
416
408
406
398
404
404
410
412
360
406
398
392
402
402
404
402
378
368
402
388
398
398
394
394
378
372
380
382
372
336
340
330
380
378
372
264
220
362
386
380
392
382
390
392
384
392
388
390
378
352
390
406
404
404
396
402
414
416
408
412
402
420
420
432
440
438
444
450
456
420
416
404
416
414
430
432
426
436
424
436
450
456
440
456
432
444
432
412
434
416
438
406
382
432
412
402
362
348
346
318
318
320
292
278
306
312
314
326
310
386
396
394
392
390
386
394
396
380
392
396
398
406
390
386
362
396
406
394
400
386
396
400
384
408
402
422
400
408
386
406
394
402
386
402
406
390
398
406
406
402
394
394
392
398
392
398
412
410
404
398
406
412
414
406
394
406
414
404
412
402
402
398
396
410
406
410
396
388
400
404
394
390
396
386
344
356
338
394
392
384
338
348
380
398
378
252
284
302
280
284
380
388
386
384
380
392
384
384
390
396
386
398
396
396
394
372
404
400
400
412
414
394
426
438
432
450
458
462
466
434
416
402
424
418
418
428
430
432
436
442
430
454
442
452
448
456
442
416
416
426
438
444
430
398
416
408
384
366
344
322
318
312
264
268
310
312
306
310
270
318
396
384
382
358
394
392
400
400
394
390
398
392
396
396
398
396
390
400
396
394
402
398
392
398
420
414
416
406
406
402
410
398
396
404
408
402
400
406
412
406
410
392
394
392
400
406
402
416
406
400
402
418
420
404
378
396
422
400
414
418
408
394
386
384
406
408
396
402
390
322
400
388
392
386
360
374
336
334
374
384
388
386
380
380
404
392
196
242
266
318
284
348
308
380
374
388
376
392
390
384
390
402
414
412
388
396
388
398
408
410
408
404
424
434
440
456
448
448
470
444
418
416
428
378
412
426
428
428
436
436
434
462
450
452
442
460
456
440
430
424
430
434
442
420
420
420
414
402
356
340
324
502
308
308
308
312
302
288
306
314
318
398
396
384
386
400
398
408
396
390
386
404
402
342
402
400
386
404
394
398
400
400
404
384
414
410
414
400
396
410
406
402
408
386
408
386
396
400
402
398
402
384
394
402
398
392
402
414
406
406
402
408
422
412
404
396
408
426
402
394
414
400
394
402
404
400
384
396
402
394
378
402
414
402
370
380
360
366
392
390
382
390
390
390
394
398
384
234
264
288
308
296
320
334
292
380
386
380
386
386
392
390
370
398
396
398
398
416
408
406
416
426
430
442
442
450
452
462
456
440
430
412
430
422
414
418
414
428
434
438
446
450
468
444
456
460
446
446
418
434
432
446
430
438
440
410
412
412
390
360
334
332
368
314
302
316
318
306
312
308
302
316
400
402
408
402
398
404
402
394
392
412
390
402
418
398
400
400
366
400
398
402
396
388
404
408
408
418
406
406
404
404
404
400
394
398
402
402
408
404
396
402
392
400
392
392
408
408
402
406
402
408
420
414
404
402
406
432
402
316
396
402
406
396
390
398
380
386
398
396
390
376
394
404
392
382
384
384
366
368
386
388
400
400
376
396
378
342
232
238
312
296
234
290
296
272
206
374
400
386
384
386
388
400
406
410
412
406
390
414
418
418
434
442
366
446
462
452
464
458
446
414
402
414
412
428
410
428
424
492
434
450
458
464
454
450
458
436
434
436
450
450
436
424
462
440
404
412
410
400
378
328
332
328
314
314
302
298
308
302
238
252
314
408
390
406
398
400
410
396
396
396
394
396
402
398
394
420
404
402
400
398
408
402
394
410
420
404
410
406
406
402
386
398
404
402
392
388
384
410
416
402
392
402
390
390
404
398
412
412
390
398
414
414
396
404
414
418
396
394
414
414
396
400
408
408
398
392
370
408
388
398
406
406
398
374
388
396
390
390
386
384
392
402
390
392
388
258
388
262
300
304
276
336
322
194
340
274
204
380
390
398
384
398
398
408
404
410
386
402
424
424
432
456
442
444
458
454
450
446
444
424
416
422
418
438
430
450
436
420
440
442
446
458
468
466
452
444
444
444
432
438
450
438
438
450
434
424
416
412
390
368
336
320
332
306
330
314
316
250
242
254
314
304
404
402
404
386
402
378
408
382
400
392
394
404
384
408
402
396
390
398
400
400
398
408
402
396
404
408
402
406
398
402
400
396
406
396
398
400
418
404
390
388
400
400
388
408
394
408
384
400
416
412
398
390
398
400
412
394
394
376
400
404
406
400
408
400
396
396
390
392
406
404
392
388
382
380
388
390
392
384
398
402
396
404
400
388
374
310
272
286
272
318
322
284
244
214
354
276
194
380
388
378
386
392
412
412
412
418
430
424
428
446
448
458
450
442
436
470
448
436
424
424
424
424
432
438
442
440
434
438
434
440
458
458
436
450
452
432
428
422
448
448
436
438
442
404
402
412
402
398
382
342
320
302
320
314
302
310
298
294
300
216
236
402
406
402
392
402
410
410
410
406
406
400
406
406
400
400
402
400
400
404
390
410
406
412
396
400
402
410
396
394
384
398
414
390
394
420
416
402
376
382
390
386
392
398
406
398
400
400
404
410
412
400
394
400
418
400
390
388
406
406
408
416
406
404
398
400
378
378
396
400
394
382
352
384
384
380
390
374
348
360
348
376
394
392
298
326
280
360
292
314
320
262
214
302
286
236
326
302
242
346
398
406
412
426
404
420
426
416
430
450
448
426
438
436
448
446
426
438
416
426
412
420
440
426
430
440
450
438
424
422
450
440
454
446
434
462
450
436
438
442
462
452
444
416
376
378
408
402
394
364
338
316
326
312
324
310
310
312
256
238
238
270
398
416
412
408
404
410
390
398
400
400
396
408
398
408
410
376
402
398
400
416
406
402
388
396
400
396
408
408
398
406
398
392
400
420
412
406
400
400
406
402
388
404
386
334
398
392
392
416
412
406
392
398
408
392
386
412
406
400
428
414
400
402
402
406
408
412
386
402
388
386
374
352
374
376
388
388
364
352
362
334
340
340
354
344
244
276
276
260
316
300
340
318
274
346
318
350
310
296
224
272
402
386
418
380
432
422
434
444
442
428
410
434
416
446
446
432
422
414
420
420
436
452
444
436
464
456
450
476
442
442
450
444
454
432
454
424
428
462
478
462
444
438
386
386
394
408
404
388
388
328
328
314
306
304
312
316
296
254
270
288
314
406
412
402
386
396
402
350
304
286
396
406
408
404
402
410
404
374
392
400
414
390
408
406
400
408
392
404
408
396
398
388
394
418
422
420
406
408
404
404
402
410
358
340
392
396
400
404
430
406
382
392
412
400
404
414
398
400
400
418
410
416
404
398
400
400
388
392
394
392
376
374
354
376
394
388
378
344
336
330
328
342
332
292
350
328
276
340
278
264
336
262
336
282
218
330
254
362
324
252
244
230
410
420
432
428
430
442
420
442
386
436
428
428
434
444
422
410
420
420
416
430
444
444
446
448
424
450
434
440
448
442
444
428
438
436
446
420
454
452
446
466
420
388
410
400
400
410
390
364
322
324
368
310
310
316
310
318
262
312
314
316
412
416
412
402
400
400
354
304
294
264
198
394
406
406
400
400
388
412
406
416
406
402
400
396
398
402
390
408
406
392
394
394
406
428
410
426
416
416
400
402
412
398
376
394
384
412
438
404
402
392
402
420
410
406
406
408
410
418
408
408
396
404
410
404
404
398
396
392
394
386
374
394
390
302
378
370
330
338
346
328
326
314
294
286
276
358
256
290
320
222
336
240
196
246
326
312
320
336
300
276
266
250
386
408
422
432
442
426
420
424
430
424
416
432
436
416
406
416
410
422
440
444
434
450
408
446
452
446
448
456
456
454
448
438
424
444
440
446
430
450
448
428
426
386
394
400
400
394
386
336
328
318
290
320
306
328
306
306
316
316
276
418
414
408
404
384
398
396
410
318
308
318
272
210
198
410
402
410
404
420
416
410
406
400
404
396
396
398
402
402
392
384
418
418
416
412
410
412
396
394
418
398
378
390
390
402
422
416
398
400
406
408
408
392
402
414
398
414
414
388
410
396
402
396
394
398
394
392
398
386
390
384
400
382
386
376
376
330
328
332
328
316
314
296
292
316
256
306
344
232
312
292
308
306
278
214
338
272
324
328
272
214
128
20
28
402
418
418
398
422
412
426
434
412
426
420
412
408
418
428
430
446
444
442
444
420
456
458
456
450
440
438
446
446
434
424
426
446
450
448
454
442
428
420
412
412
400
394
392
382
338
328
346
320
314
308
316
322
316
310
264
314
418
418
416
398
398
398
406
320
322
308
350
342
298
274
244
168
406
402
404
402
392
388
406
400
388
396
402
394
394
404
384
406
416
408
398
384
392
378
386
394
390
398
388
398
410
402
404
386
388
410
392
396
400
406
398
402
396
410
414
406
406
400
388
400
402
384
382
380
346
398
392
412
384
368
374
360
316
324
320
338
302
272
218
276
310
256
226
318
248
320
232
292
48
268
106
32
32
12
20
6
4
70
46
6
2
18
68
62
102
144
266
386
380
414
404
396
416
420
444
428
446
444
434
438
434
428
476
454
446
460
440
460
438
402
436
426
446
452
452
434
426
432
430
414
378
400
416
404
372
340
322
324
320
310
320
314
326
312
320
322
334
408
416
410
406
388
408
398
326
318
324
312
344
328
312
262
282
206
404
392
402
404
398
404
406
400
396
396
394
402
396
404
418
404
402
384
374
388
392
386
394
388
388
398
404
408
392
386
380
400
410
394
390
404
400
412
410
400
406
402
398
398
392
400
390
398
390
388
378
378
382
392
380
380
352
372
360
342
328
322
316
284
252
258
230
216
160
62
12
20
62
28
32
68
22
16
28
54
0
50
80
2
32
48
68
36
12
12
0
6
30
50
68
18
6
22
68
50
68
140
236
398
434
440
452
432
456
468
428
448
438
466
450
442
424
444
444
454
446
446
428
424
436
412
412
410
398
398
370
354
340
338
314
320
324
316
316
304
320
328
330
334
414
390
406
328
390
408
398
326
324
308
342
324
318
348
290
272
270
228
404
408
398
394
386
394
400
396
418
402
388
416
410
398
396
398
384
392
398
392
382
384
332
292
290
282
322
388
378
392
392
404
392
406
394
398
394
416
414
400
400
404
410
386
390
396
390
384
246
370
406
374
372
348
234
170
134
122
56
82
66
8
52
44
2
8
20
42
4
4
22
60
12
44
14
4
80
130
88
50
8
4
72
78
6
28
122
112
2
0
12
24
10
34
66
62
14
6
132
164
6
18
50
46
72
72
88
146
240
416
454
430
454
440
432
452
462
432
456
466
426
444
440
432
426
422
420
412
402
394
376
346
332
322
326
314
350
326
302
308
330
326
332
422
404
406
408
406
402
408
332
332
332
354
328
368
338
322
294
278
254
242
326
398
400
402
396
404
406
396
404
392
408
396
400
392
400
388
388
392
386
348
282
218
196
172
170
178
198
212
232
376
384
396
404
404
396
404
408
404
398
396
382
378
374
352
310
154
94
82
64
58
44
92
14
66
126
78
38
52
22
64
86
20
4
44
40
10
4
8
44
10
0
86
46
32
56
28
76
42
6
70
60
6
90
148
50
24
102
74
24
48
4
36
308
50
58
180
500
52
30
402
306
214
62
26
62
86
80
206
86
82
96
124
364
424
440
452
444
462
438
442
436
432
420
430
416
408
398
416
386
392
366
336
330
324
318
318
314
308
300
300
320
302
412
414
404
406
410
400
406
320
336
336
332
324
312
330
340
292
276
310
232
254
206
406
398
404
406
404
398
404
406
398
396
386
396
390
392
392
380
328
250
208
178
130
140
136
150
126
92
104
100
128
360
382
380
394
388
290
174
118
98
56
74
74
110
104
92
62
92
90
14
134
60
18
70
32
58
210
44
88
102
54
38
62
84
102
16
92
56
32
50
86
32
52
70
4
108
42
62
84
44
24
188
48
70
128
80
94
20
44
86
50
154
12
32
62
112
72
222
434
42
92
190
138
276
226
30
56
196
250
116
94
66
84
68
130
152
424
444
434
436
432
424
430
416
392
380
406
402
402
396
364
332
462
322
314
312
306
256
292
316
328
324
402
418
412
396
406
408
402
316
320
320
328
356
314
350
352
336
280
304
266
272
244
242
404
364
398
400
402
404
400
410
392
370
362
380
392
378
376
214
162
160
116
130
124
96
62
40
36
22
16
24
44
46
88
90
32
68
104
72
32
70
50
56
66
86
28
84
98
20
106
78
54
84
44
118
108
48
76
84
128
76
92
134
98
36
44
54
240
30
118
292
60
52
52
122
114
74
66
114
58
168
86
60
110
144
86
386
64
78
86
84
476
186
104
84
242
138
104
194
504
504
208
122
106
230
400
166
420
136
72
46
124
196
152
424
420
278
96
178
262
430
422
424
444
408
422
406
414
402
394
366
328
380
302
318
312
274
328
318
316
316
262
418
414
408
408
388
384
396
350
320
324
334
358
334
346
338
348
316
322
310
246
226
228
272
268
394
408
404
410
402
410
400
384
388
394
396
416
324
172
180
132
124
122
88
40
10
8
28
0
50
4
92
58
90
96
110
84
62
60
110
114
70
82
30
46
72
108
20
28
58
100
94
66
240
96
108
132
156
98
102
82
98
168
58
134
44
108
102
210
72
64
82
118
142
76
134
74
98
60
66
54
134
58
132
228
180
160
132
54
334
356
104
68
154
110
214
134
160
286
162
146
106
280
248
206
376
190
186
268
154
274
286
164
242
112
300
152
410
346
128
126
134
396
416
420
390
418
414
410
374
386
330
314
312
302
306
324
308
308
280
242
246
406
408
410
404
398
400
420
356
328
320
334
366
350
354
376
322
312
316
280
238
240
182
186
216
226
332
388
398
408
398
394
394
392
400
402
446
336
194
154
142
102
26
8
2
4
70
82
84
42
58
52
76
202
88
92
26
198
68
54
204
128
116
46
42
122
60
90
102
92
86
60
116
90
92
148
188
110
140
114
150
236
190
134
130
186
108
94
134
114
138
116
84
132
108
78
146
196
58
98
20
86
154
122
110
90
146
158
154
146
154
140
204
182
122
280
174
250
140
270
246
250
230
266
176
298
412
168
234
206
202
410
148
262
222
330
264
504
270
278
366
94
60
110
270
372
408
402
396
336
384
314
330
334
314
304
318
316
252
242
262
312
392
402
408
402
418
404
408
424
312
338
332
342
344
342
352
336
308
258
294
348
236
200
154
130
92
134
120
138
354
392
388
394
386
384
400
378
226
36
4
20
0
4
74
280
82
138
102
36
72
120
68
96
70
76
100
110
110
52
96
86
58
206
62
146
84
80
156
120
108
64
36
146
112
68
92
102
70
70
78
78
98
82
126
122
108
90
136
98
156
136
72
226
144
124
222
154
88
204
128
74
222
178
152
108
134
260
144
122
164
192
182
32
86
218
152
144
180
146
152
302
134
42
184
188
242
298
388
466
158
176
328
324
244
428
358
466
192
64
158
50
124
112
106
76
92
154
342
406
404
394
364
332
326
322
318
320
308
294
310
320
318
360
368
376
404
406
386
418
396
408
342
314
314
310
320
322
332
324
312
294
230
232
190
112
146
98
102
64
48
50
74
36
98
26
46
6
112
22
130
128
36
130
128
42
240
164
80
126
134
66
30
66
80
46
64
34
50
44
62
22
56
62
102
122
62
64
122
98
92
192
156
186
100
162
112
164
110
128
70
64
108
102
76
90
68
58
70
16
44
54
56
52
72
48
52
138
22
62
92
46
120
96
86
116
42
72
210
76
84
86
268
144
96
84
212
160
72
114
30
224
212
204
208
186
270
230
210
158
198
98
192
280
274
188
232
90
172
70
12
4
38
42
180
262
104
212
72
120
200
412
392
350
318
336
320
324
316
320
276
330
318
328
344
346
376
370
400
392
414
414
400
404
344
326
328
346
342
346
352
334
266
228
194
176
112
116
102
98
164
96
76
86
86
56
84
82
82
76
62
96
242
94
106
82
138
118
122
116
92
52
84
202
130
106
142
118
186
76
32
112
86
32
140
12
56
50
44
50
44
80
88
74
76
48
88
112
98
88
78
122
146
138
128
114
236
122
82
248
120
120
164
84
204
70
58
174
80
144
132
250
92
158
118
118
144
206
112
182
102
178
160
186
152
244
152
102
232
242
158
198
76
120
112
122
114
150
82
78
116
150
126
170
138
22
120
190
22
336
88
80
328
212
234
260
174
102
352
266
102
126
132
192
390
330
332
334
324
274
308
314
326
328
310
360
362
360
366
358
356
390
408
408
414
372
312
300
342
330
364
384
372
294
238
186
126
208
118
72
64
66
100
74
120
70
74
56
36
84
100
44
82
44
42
140
46
64
140
38
50
80
46
42
80
38
80
108
70
78
66
120
102
82
78
58
186
92
92
174
96
62
124
76
110
106
44
94
98
68
48
62
68
74
56
58
68
72
52
36
50
38
68
94
42
28
144
6
48
84
48
32
90
34
44
104
12
10
52
104
122
86
74
170
102
88
126
124
78
158
174
194
322
296
264
296
494
160
170
322
260
356
310
362
30
238
176
242
242
508
62
84
48
240
312
254
148
242
496
116
178
458
290
144
106
144
136
332
324
316
54
292
306
298
258
328
378
362
356
372
368
364
372
374
400
408
404
308
314
330
348
326
336
338
354
244
196
164
142
106
96
66
106
84
46
150
114
92
124
40
148
102
204
144
96
188
72
160
138
116
170
236
122
114
178
118
68
98
86
40
74
18
42
58
36
26
30
64
80
38
34
44
24
70
62
52
68
84
56
48
74
76
54
54
28
84
84
58
76
98
38
62
30
66
82
76
120
104
26
202
54
50
152
92
16
196
110
136
44
132
104
94
52
52
116
102
66
98
98
24
80
142
296
52
64
108
156
128
80
138
74
78
106
104
184
28
280
152
62
152
106
150
132
60
136
406
210
372
168
234
86
272
500
438
426
196
74
312
154
292
324
296
316
280
282
288
314
358
352
364
356
358
358
360
364
360
386
306
294
266
298
296
312
294
292
272
220
208
102
80
62
70
48
40
62
176
92
76
116
50
150
106
86
70
52
72
56
36
44
56
124
28
62
66
52
92
98
128
46
40
68
52
42
60
60
62
20
32
76
90
58
166
104
84
230
146
128
142
204
142
132
80
146
80
92
96
126
112
28
116
150
50
114
98
54
46
14
28
40
20
52
48
30
46
50
38
90
48
24
22
70
74
30
18
78
76
30
62
126
24
64
84
192
170
188
288
180
134
204
116
194
90
148
188
236
226
102
340
500
200
52
114
48
30
212
274
372
504
506
82
68
188
468
504
466
402
38
76
118
180
122
170
318
312
320
328
272
252
372
368
364
360
360
358
362
360
336
332
256
286
302
292
288
284
268
312
282
214
152
80
120
94
116
110
92
222
102
116
164
68
192
92
148
62
118
104
80
170
84
136
134
64
116
222
88
90
236
122
132
94
192
136
74
72
118
122
74
36
92
118
46
54
50
42
66
62
94
48
76
56
78
62
104
132
140
136
106
64
152
124
84
140
128
28
62
72
48
222
104
54
206
56
86
190
78
102
132
100
40
202
166
120
114
88
220
100
60
152
260
118
100
92
178
154
134
194
190
180
146
38
8
40
46
90
80
52
120
94
82
132
24
116
146
100
292
250
500
390
448
322
346
172
52
482
492
508
426
210
138
90
394
194
162
144
328
326
308
310
318
380
366
368
358
374
360
362
338
260
228
244
260
272
280
300
320
308
262
210
206
172
76
112
120
126
72
94
150
112
78
128
108
126
114
120
98
112
94
74
86
82
52
60
90
60
84
118
88
58
66
36
56
36
68
126
152
122
108
188
164
102
92
162
138
68
68
62
52
114
46
72
72
104
48
88
96
64
64
22
56
66
52
66
64
60
72
44
48
24
62
40
92
62
58
48
86
52
34
22
54
88
70
56
58
26
54
34
36
30
44
46
30
58
32
82
48
118
136
196
144
132
108
104
52
94
92
70
50
280
356
100
92
92
212
78
280
318
254
364
334
250
276
286
264
88
458
470
364
508
302
42
198
2
496
184
132
142
332
336
316
272
386
380
370
364
366
362
286
254
268
278
252
264
274
254
260
248
258
228
202
184
162
164
98
104
90
100
134
138
172
170
192
188
160
190
176
170
156
216
168
142
160
120
120
178
98
134
168
140
84
146
94
56
50
70
92
98
102
74
70
92
88
94
84
56
182
122
112
238
80
184
100
90
206
138
136
158
226
130
110
100
78
170
182
102
192
122
58
182
102
62
156
100
32
138
88
68
188
88
38
68
80
150
58
86
132
126
78
44
172
222
86
76
252
122
32
38
174
158
126
102
116
152
138
106
106
96
6
60
80
78
304
116
54
106
92
448
182
268
246
264
282
264
244
300
82
280
504
464
504
86
114
428
242
330
134
176
208
262
282
268
308
370
372
378
364
366
268
232
246
246
280
266
252
258
238
262
274
236
224
226
226
198
160
108
138
142
212
244
246
258
262
296
290
268
288
266
260
244
254
246
228
240
288
200
184
228
200
166
198
238
132
188
224
168
142
156
120
254
110
136
192
156
96
66
76
100
94
122
98
118
80
94
106
106
96
94
76
76
118
112
76
102
108
136
110
92
72
80
28
128
110
60
96
128
78
62
158
60
98
144
130
70
202
144
110
36
82
66
222
116
96
104
58
188
0
64
66
36
24
64
112
174
172
158
152
124
144
58
32
56
18
122
116
118
198
30
166
302
168
274
236
276
294
294
246
140
166
494
506
330
488
72
316
392
252
284
342
136
142
276
302
346
376
374
376
376
236
236
268
260
252
248
280
298
224
248
224
242
244
232
242
188
134
160
156
212
322
254
282
286
296
316
328
298
322
306
302
294
308
290
282
266
278
270
256
280
280
220
276
214
206
210
210
190
168
140
204
178
108
134
156
132
106
136
226
146
108
138
136
108
136
128
138
118
66
132
106
110
106
106
152
122
86
80
114
104
90
84
98
92
94
76
90
104
106
64
42
96
72
82
98
44
92
148
80
66
38
74
120
120
78
106
234
122
98
54
166
88
108
68
30
122
94
142
188
178
160
138
112
150
84
86
410
68
4
150
244
308
404
280
358
244
474
466
408
250
180
134
184
438
358
366
358
258
298
344
262
286
414
388
192
316
350
386
378
372
360
234
260
244
254
252
206
282
216
204
230
250
212
220
228
198
208
202
218
224
256
328
332
324
330
336
336
336
328
332
332
314
334
320
316
324
332
302
258
296
288
318
276
324
298
292
314
294
302
244
220
218
192
238
190
172
166
174
110
142
120
140
128
100
132
120
184
184
136
186
124
192
130
136
114
136
190
164
146
116
118
148
116
44
130
124
104
206
144
78
98
172
82
128
98
130
150
138
132
114
136
138
118
110
98
106
128
148
126
94
98
84
86
98
270
70
80
48
78
64
70
140
156
164
200
174
180
150
14
240
208
502
210
506
298
418
280
264
312
286
252
164
172
190
182
288
288
400
482
370
430
506
326
502
408
236
196
328
364
384
372
258
260
230
286
252
272
242
236
204
208
232
192
184
200
202
160
222
220
338
326
328
328
322
346
340
344
342
332
332
332
318
326
330
326
318
336
326
344
330
310
264
234
266
278
292
298
312
318
310
292
296
300
294
304
250
234
252
242
188
194
170
182
172
130
160
216
142
116
122
142
186
142
136
126
108
108
104
102
108
106
108
92
134
122
118
84
148
70
102
124
66
78
110
88
150
100
114
138
182
140
140
80
122
142
94
124
130
122
118
164
174
166
118
156
150
208
72
94
70
196
130
104
100
106
120
126
92
88
108
28
18
120
368
232
222
298
436
296
272
292
270
236
262
140
188
248
388
476
508
468
286
222
210
230
194
218
260
328
388
392
246
270
286
278
262
274
254
246
196
228
216
174
230
162
196
208
194
340
332
324
324
334
330
334
336
350
350
340
334
340
340
318
340
334
330
322
342
328
342
346
348
324
338
336
274
272
248
260
280
282
304
274
312
278
278
296
274
274
304
278
266
222
228
260
222
220
192
202
186
210
154
162
180
184
132
138
146
152
108
86
92
122
100
112
86
132
122
92
110
98
184
116
94
94
148
108
88
112
154
138
94
140
182
162
144
134
104
90
134
152
122
190
198
148
104
96
198
132
168
144
174
256
264
206
156
140
96
114
48
58
82
138
302
320
242
212
312
212
280
290
326
302
342
352
434
334
470
510
510
510
508
488
434
332
268
252
302
354
318
386
382
252
254
276
260
244
248
278
254
250
200
196
194
184
132
176
400
350
332
338
342
336
340
340
362
376
338
384
378
374
384
382
406
370
378
364
344
336
332
368
366
372
340
346
352
340
348
290
354
312
288
228
210
248
266
286
292
294
278
280
296
296
276
266
290
288
288
254
264
262
236
216
238
216
242
240
232
206
172
160
80
142
140
158
146
118
122
154
160
130
128
136
140
132
108
84
144
150
162
158
152
120
186
152
176
150
214
122
220
158
150
144
186
154
174
150
154
110
228
166
134
262
114
220
262
226
180
192
138
136
126
112
236
274
372
328
232
278
238
270
296
284
314
364
460
508
416
352
480
508
508
504
328
488
406
382
364
378
332
320
392
396
248
258
290
278
262
264
288
226
230
200
174
180
168
332
384
392
392
372
386
378
380
392
388
380
390
400
388
380
388
382
394
396
404
390
380
368
340
344
364
364
366
370
346
344
360
362
352
366
344
308
288
288
304
278
304
226
242
258
262
254
262
266
260
264
272
282
264
278
278
276
202
242
252
276
242
198
196
198
30
156
178
134
126
106
128
118
84
62
102
172
178
186
142
122
148
122
158
158
148
132
180
156
170
252
172
138
164
150
164
132
236
168
146
136
168
230
184
248
200
256
224
156
226
326
250
260
260
184
188
202
258
290
376
348
336
320
194
286
354
346
350
384
424
478
508
510
508
454
486
428
454
466
484
424
424
404
406
390
330
422
394
288
292
284
300
292
290
278
236
198
224
186
204
384
392
402
396
404
388
392
390
370
384
386
398
394
392
392
390
404
340
400
390
396
394
396
388
398
370
358
372
362
374
358
362
326
350
340
316
316
306
304
346
378
382
374
368
360
336
318
316
302
272
242
246
244
278
238
248
240
238
238
276
216
276
262
210
196
176
162
128
134
148
168
170
202
190
172
74
60
226
216
232
166
202
168
180
158
174
174
178
176
198
248
196
178
176
180
184
170
174
170
100
164
220
268
250
186
254
186
238
286
242
304
256
304
332
450
434
232
236
314
286
270
294
306
342
312
270
336
362
418
488
510
508
400
506
502
454
458
448
440
434
424
420
398
406
404
370
364
416
410
270
256
258
284
276
308
222
180
162
168
410
392
406
406
416
412
402
394
394
388
382
402
388
398
392
398
390
396
390
402
400
394
398
406
388
384
378
354
358
350
362
364
350
368
330
318
320
300
296
374
368
382
378
372
384
374
374
354
356
356
318
316
330
346
338
330
342
336
304
244
222
208
230
244
232
246
246
234
236
216
204
196
174
168
162
142
150
168
252
228
306
250
248
344
266
186
250
188
200
206
224
198
248
254
210
216
198
260
194
224
170
284
162
180
206
274
316
372
296
310
426
340
354
312
406
384
330
316
256
264
346
406
390
350
412
368
312
308
432
430
424
408
472
478
498
506
506
500
450
352
288
248
234
262
210
214
202
202
240
410
418
256
256
280
270
234
190
162
160
368
400
404
416
412
410
408
402
404
406
396
394
396
400
402
396
396
386
386
312
280
392
340
382
386
392
382
372
386
382
374
358
368
354
338
358
310
308
298
342
374
368
330
258
322
374
370
366
374
362
366
356
350
364
296
288
324
332
320
326
336
328
322
346
340
332
322
272
240
188
188
190
196
210
206
236
208
212
210
174
216
184
230
314
270
224
250
212
204
216
244
226
348
224
98
262
258
196
274
234
280
222
232
218
278
226
194
312
260
378
308
334
260
262
462
342
380
420
410
406
298
330
400
372
420
420
506
354
338
342
226
248
218
216
226
252
218
250
290
300
316
488
302
290
280
284
290
286
264
256
216
422
418
422
412
394
312
352
400
402
406
422
412
412
408
416
404
412
416
410
410
418
408
404
416
408
408
396
394
348
392
374
218
392
390
394
392
398
304
386
380
378
362
366
354
332
334
300
318
378
386
372
376
374
382
382
374
342
354
362
354
346
360
362
348
300
318
284
266
292
302
338
330
326
328
312
308
306
276
234
196
198
178
190
176
186
164
156
170
214
182
186
242
190
208
210
208
224
256
218
232
186
208
206
224
212
210
208
216
248
222
252
254
250
240
250
262
250
264
252
304
250
306
318
316
304
234
218
208
200
214
194
210
224
256
274
294
350
332
320
312
328
310
306
314
314
308
320
340
352
348
304
456
318
368
388
390
384
366
376
360
332
408
432
412
400
394
402
406
418
402
406
412
420
424
418
410
428
444
452
442
440
426
422
414
420
408
416
404
396
406
400
404
366
388
392
404
392
400
394
380
374
356
358
342
338
348
314
352
370
366
380
382
384
372
378
370
362
358
358
364
374
356
346
354
342
344
330
326
300
266
264
268
270
274
258
252
238
222
218
218
180
184
166
160
160
138
150
160
188
190
178
186
184
190
194
192
190
176
188
192
194
198
194
198
200
204
202
202
200
196
150
140
118
112
122
118
154
188
160
178
188
190
218
250
272
254
266
268
270
278
300
294
296
298
292
290
282
274
308
294
342
382
424
426
440
454
468
478
488
496
474
462
424
402
398
384
390
352
338
352
296
294
434
434
418
400
410
328
378
380
404
420
438
450
444
458
460
458
450
408
458
448
450
444
444
454
438
420
430
376
414
402
404
374
406
400
406
398
398
400
388
366
364
364
346
342
296
370
374
386
384
378
378
366
370
364
368
366
356
356
352
348
340
320
336
346
326
324
312
280
260
234
242
238
248
242
222
216
214
168
204
158
148
154
138
126
146
156
172
182
176
172
186
176
172
168
122
106
70
64
148
86
74
82
84
42
94
100
104
118
130
128
120
136
142
134
150
180
194
224
206
222
194
212
220
240
348
312
356
388
330
390
404
400
412
416
428
428
438
438
438
438
402
448
452
424
368
286
378
380
446
418
272
408
238
214
190
172
166
194
190
204
206
430
414
408
404
400
388
386
376
424
448
456
442
458
458
448
458
452
454
452
468
454
458
448
434
326
428
422
420
410
414
414
410
416
402
402
396
402
394
386
336
330
358
350
370
374
378
368
376
372
366
362
376
360
354
348
344
348
338
336
320
322
298
284
276
270
254
256
256
204
224
218
214
218
210
204
202
196
170
142
158
144
120
120
98
28
44
24
24
34
22
18
46
76
86
34
82
90
78
86
82
70
60
90
182
90
96
72
84
78
84
104
158
180
214
232
250
270
298
314
328
346
356
352
372
374
366
378
388
348
384
358
388
324
284
342
342
300
276
202
206
178
172
168
176
198
192
168
194
256
216
220
212
206
220
216
204
210
202
206
224
208
414
406
404
414
410
412
444
404
444
442
442
450
456
454
438
460
452
456
468
448
456
456
464
448
438
418
418
430
426
420
424
406
410
406
404
390
398
394
394
384
374
382
372
384
384
368
372
368
372
370
374
372
340
334
348
338
344
296
268
244
254
246
238
216
230
204
202
162
106
74
64
56
86
78
32
68
56
128
122
112
54
48
42
68
74
90
60
72
58
70
58
82
252
64
62
52
84
104
130
182
172
180
192
194
198
194
212
206
198
202
204
212
234
238
244
250
256
316
262
276
284
264
312
254
254
224
236
232
218
216
206
184
176
172
192
202
242
206
190
200
196
192
204
202
218
194
214
216
206
246
224
236
216
202
238
236
224
242
222
234
226
