354
344
356
358
358
348
338
342
346
316
132
338
344
340
336
332
342
336
354
354
340
340
338
328
308
338
348
338
338
340
334
344
344
336
332
344
340
336
336
344
332
344
336
320
304
336
342
340
342
342
340
348
336
340
340
336
340
336
332
336
338
338
334
330
332
330
332
340
352
346
336
340
346
354
356
346
356
362
360
354
356
356
362
364
358
354
356
368
362
360
364
372
356
358
372
348
356
358
360
356
354
352
356
362
358
366
368
386
372
360
368
374
384
380
366
378
388
388
370
388
372
380
390
374
380
392
398
380
380
380
382
382
392
382
388
394
384
382
388
384
398
390
390
388
386
382
376
388
358
354
386
388
384
388
392
412
396
392
394
390
372
338
356
354
356
362
348
352
340
340
72
94
328
340
336
352
334
336
340
360
338
332
332
344
338
222
338
340
328
342
340
348
346
338
344
344
338
332
336
340
324
342
328
326
338
348
340
338
342
342
338
338
336
338
342
334
338
330
324
346
346
334
344
336
328
328
338
340
344
348
348
336
342
340
350
354
362
350
356
354
354
344
354
354
344
350
344
352
342
356
356
366
370
360
362
364
374
368
346
360
358
374
358
368
370
370
370
360
370
370
388
388
384
394
396
384
386
382
388
386
382
364
378
394
386
388
388
388
380
382
380
382
390
390
388
372
366
388
390
388
376
390
386
384
396
384
386
374
372
376
374
398
382
382
402
384
380
390
394
386
384
378
310
344
348
356
362
342
344
354
336
172
142
354
348
346
342
350
336
346
346
340
338
334
324
300
320
332
336
348
338
336
348
336
346
346
350
354
344
350
344
338
346
332
284
316
342
342
340
344
346
344
338
346
340
336
342
338
344
344
348
340
342
332
332
332
336
336
334
356
344
342
344
344
348
358
334
356
360
350
354
352
364
340
292
158
168
170
182
248
338
358
350
366
358
368
364
358
358
366
360
352
358
354
364
366
374
376
378
356
372
374
370
382
390
374
400
380
392
370
378
380
392
384
392
382
384
384
374
388
378
384
360
390
382
376
374
394
388
386
384
392
382
386
382
386
386
356
370
380
378
386
384
380
384
382
382
390
396
382
388
376
354
310
344
362
352
358
356
338
362
350
350
346
336
336
348
346
352
346
342
340
332
340
342
316
296
350
346
342
340
348
344
342
342
338
346
342
342
348
344
346
338
348
340
338
338
352
336
352
344
356
340
340
344
338
332
336
338
338
342
338
342
340
340
342
334
346
338
336
336
348
336
338
348
348
352
340
354
354
336
308
332
318
320
308
228
150
184
178
210
212
194
336
354
342
354
352
352
360
366
356
358
354
362
360
352
360
366
370
378
374
380
384
388
390
370
376
380
376
382
380
398
388
380
384
386
392
380
382
378
384
392
384
382
384
380
380
386
374
394
390
388
386
372
390
382
374
386
376
378
394
402
384
382
390
380
390
386
382
380
368
360
332
356
348
350
360
366
346
342
350
360
342
340
340
340
342
350
342
342
342
342
338
338
338
328
324
340
346
348
350
342
344
350
344
342
340
346
346
340
340
332
340
344
346
348
348
336
354
346
352
348
334
356
348
338
344
338
338
332
348
334
338
332
340
342
334
330
336
354
346
342
350
352
344
342
340
338
338
338
338
332
318
314
314
288
196
156
194
206
162
186
256
210
216
342
332
352
354
372
368
362
364
358
358
378
370
364
374
374
382
384
392
378
392
386
390
366
388
382
398
364
384
380
392
392
378
388
382
376
386
388
388
374
382
376
388
386
386
396
390
392
390
388
390
386
388
384
392
392
396
392
372
376
388
390
380
372
388
382
382
350
318
326
356
368
354
358
360
338
350
352
348
350
348
348
346
338
350
346
330
348
340
350
344
342
334
340
346
330
346
346
344
336
340
346
336
344
348
338
344
344
346
340
328
302
336
336
338
346
342
352
350
352
340
328
344
340
336
338
330
334
332
336
330
334
338
332
336
330
326
340
336
340
340
340
328
336
338
328
324
328
308
320
312
302
322
190
170
164
152
182
202
180
228
274
212
266
346
344
352
358
352
354
348
368
354
366
370
370
380
374
384
384
384
390
380
384
376
392
386
370
370
372
390
374
386
388
386
380
380
370
376
382
396
388
382
382
388
390
400
388
386
382
386
378
376
380
386
392
388
380
386
382
378
384
380
384
384
374
384
372
360
318
304
364
354
332
356
354
342
348
352
348
348
350
352
348
348
346
346
344
344
340
352
342
338
346
338
336
342
336
346
340
338
338
344
340
338
332
338
346
344
342
334
306
284
338
334
340
350
326
338
348
332
350
334
354
336
334
342
336
330
328
336
328
328
334
342
338
342
344
336
330
344
344
336
340
350
332
320
322
324
316
306
304
306
314
198
208
170
168
158
152
188
186
216
240
260
244
316
354
348
344
358
360
362
368
368
374
382
386
388
386
382
382
378
390
338
390
394
382
388
380
388
384
386
384
392
394
386
382
390
384
386
390
382
378
380
380
392
382
390
398
384
378
390
376
386
384
388
386
378
392
382
382
372
378
382
384
382
378
368
340
304
304
362
360
360
350
360
352
346
346
350
352
328
348
346
352
344
336
348
354
340
344
346
346
342
336
320
336
342
340
344
342
342
336
334
344
334
340
336
288
344
346
330
338
336
334
346
348
352
344
344
340
348
348
340
350
350
330
334
328
332
332
336
324
338
338
332
342
328
342
332
326
332
342
326
318
326
324
320
312
314
308
312
312
308
222
226
204
186
200
164
188
192
204
208
262
244
200
236
348
342
354
354
352
356
368
372
374
372
380
388
382
382
376
386
386
378
388
378
384
382
374
386
380
386
388
386
392
394
392
382
388
382
372
384
370
380
378
382
378
392
390
390
384
388
382
384
380
376
356
380
386
376
380
384
382
368
374
366
354
316
298
302
364
350
364
366
356
350
352
346
358
356
358
352
348
350
342
352
362
342
348
344
348
342
344
342
350
336
336
336
344
348
322
312
290
336
330
334
330
308
334
338
300
342
340
334
344
342
338
342
342
336
338
344
342
340
348
336
314
330
330
326
330
334
332
326
318
338
330
338
330
328
334
326
320
318
320
322
316
312
318
306
298
308
300
260
234
210
222
230
220
226
204
204
168
254
228
276
264
264
282
348
354
370
356
356
356
358
366
374
376
370
368
382
382
376
384
386
378
384
374
380
380
388
382
382
378
392
384
392
390
382
378
376
388
390
378
394
384
392
384
390
394
396
382
390
376
388
358
318
394
386
378
376
374
384
378
378
362
332
302
310
304
344
364
368
358
352
356
362
348
354
350
348
350
346
344
342
350
348
340
348
346
350
340
342
348
340
344
336
338
302
340
336
338
308
332
336
336
330
334
336
330
334
332
340
346
342
338
332
340
342
334
336
338
344
344
340
340
328
324
320
318
330
324
330
326
320
330
338
304
330
328
322
314
318
320
316
310
304
312
292
302
288
290
266
266
230
222
222
238
218
230
200
218
206
224
214
280
252
222
232
284
300
350
354
348
360
360
356
360
378
376
366
382
368
370
366
380
370
378
372
396
388
384
384
394
382
394
370
382
378
386
388
388
382
384
390
394
390
388
364
382
384
388
384
378
380
374
370
370
384
390
380
374
376
374
358
362
318
304
294
292
290
348
362
354
362
358
358
362
352
350
358
346
356
358
350
342
350
350
346
350
348
346
346
340
338
338
340
346
340
338
336
332
332
340
334
342
328
338
318
310
314
340
332
336
340
346
342
326
338
344
342
340
334
332
336
332
332
342
330
316
318
326
320
326
324
332
320
322
324
322
316
312
312
296
306
300
284
306
294
298
292
296
298
288
258
230
236
232
216
196
238
192
198
194
216
192
232
188
168
210
202
184
168
304
344
342
360
364
356
368
360
368
358
366
374
376
378
368
382
388
376
376
384
384
388
384
388
388
388
378
386
380
378
384
384
380
382
374
380
372
378
386
376
376
384
370
354
358
362
370
368
368
374
366
360
356
356
318
306
294
290
280
324
362
354
366
362
318
284
284
308
362
364
354
352
352
354
352
346
342
342
340
350
344
342
344
344
338
342
340
338
338
342
332
338
332
320
334
328
342
306
326
326
340
332
328
340
346
332
334
334
332
334
336
332
328
324
322
338
328
326
322
314
236
318
310
312
318
300
306
304
306
316
294
298
292
286
288
286
284
282
286
292
292
264
226
220
198
210
212
176
200
168
168
118
132
102
74
90
100
110
96
126
152
172
166
146
152
210
254
290
316
338
362
354
360
362
350
356
382
382
378
386
380
382
378
374
376
382
382
384
378
390
394
388
386
378
382
386
376
384
366
382
386
380
384
384
352
374
374
374
378
378
360
374
362
358
354
300
302
292
288
300
318
362
358
360
304
240
282
238
280
248
206
342
350
348
346
346
350
346
346
344
346
348
342
342
342
348
344
332
342
294
328
342
330
328
336
324
324
330
328
326
330
326
324
326
328
330
322
334
340
334
334
328
330
324
322
322
314
318
320
310
306
320
308
306
316
298
300
294
290
292
294
286
286
286
280
274
260
274
264
260
274
276
202
186
164
154
140
114
114
118
110
156
100
100
114
118
78
94
142
126
112
130
108
128
162
154
104
118
160
170
172
150
138
154
144
170
200
256
320
354
374
380
370
372
370
376
374
376
382
390
380
398
376
392
382
374
380
386
384
374
382
388
388
372
386
356
370
376
380
366
370
370
366
358
322
316
306
304
296
292
288
368
364
366
368
340
304
300
274
294
284
276
268
242
248
260
292
348
334
350
348
352
346
340
344
332
338
338
338
332
334
336
338
330
334
334
316
336
326
320
330
324
340
332
320
324
328
324
324
322
322
328
328
312
314
318
316
310
314
320
294
304
310
302
294
294
272
282
280
278
266
272
264
260
250
258
234
210
156
126
96
120
100
110
124
90
140
74
138
144
132
126
92
110
112
160
104
112
100
114
110
132
150
108
96
82
94
114
118
128
100
136
168
116
110
148
158
114
128
100
116
136
144
172
196
258
350
372
376
376
374
378
372
378
380
386
374
384
384
370
382
382
380
384
374
356
372
376
382
378
376
358
362
336
360
346
326
308
298
290
292
292
358
362
358
362
354
276
300
306
286
274
302
286
268
280
330
244
338
340
348
352
344
354
340
338
340
338
340
338
332
332
336
326
340
328
312
328
326
328
314
310
324
328
312
296
266
266
270
304
312
292
316
328
314
318
316
308
312
302
310
294
284
280
278
272
270
268
244
192
142
96
98
126
70
74
128
96
48
62
112
76
64
114
76
104
102
64
136
126
90
168
94
76
84
76
90
110
266
100
92
124
138
148
86
104
122
160
78
94
74
88
102
64
88
96
92
72
108
92
84
144
98
78
118
74
110
146
158
164
168
276
376
382
362
372
384
378
368
380
380
380
372
378
366
384
366
374
370
362
374
366
372
368
324
348
328
302
310
296
286
290
282
366
374
380
368
360
326
302
294
296
296
304
300
274
300
276
280
236
200
316
356
340
340
346
350
342
342
338
342
340
346
338
318
324
320
304
272
282
310
332
308
306
272
248
218
210
210
210
238
250
242
278
304
312
310
302
302
294
292
206
212
218
116
98
70
94
96
86
100
104
102
72
66
100
120
46
34
56
172
50
74
130
90
114
252
116
74
118
104
80
58
82
72
68
40
76
58
58
86
72
72
62
42
78
96
74
48
68
70
78
60
78
78
66
52
76
72
78
60
64
108
128
118
104
84
100
96
122
132
150
160
120
168
204
322
374
372
370
380
370
376
374
374
364
352
372
368
372
366
372
364
372
362
348
324
302
308
304
292
294
298
292
392
366
374
370
366
360
328
290
298
308
304
298
310
288
298
318
264
282
206
268
268
344
336
334
336
338
336
338
328
334
320
284
266
250
230
250
258
250
246
268
282
224
226
204
210
210
210
190
172
162
140
118
110
150
140
120
114
158
112
190
150
156
66
94
118
54
94
104
60
80
94
80
64
40
72
74
82
42
78
52
46
52
64
40
52
94
74
54
56
94
92
78
52
80
82
78
62
98
76
108
74
86
72
100
88
100
100
106
96
68
98
106
94
70
124
88
90
62
76
104
104
40
126
120
90
64
56
72
106
118
138
152
148
260
178
184
304
372
368
370
370
366
370
364
360
372
368
372
368
358
376
356
344
336
302
298
296
294
300
294
300
342
368
394
368
360
362
288
302
300
298
276
304
320
306
290
310
268
280
240
274
188
200
290
334
340
330
324
326
332
290
274
264
260
254
252
252
234
244
240
220
230
196
202
200
196
184
124
124
84
74
152
84
128
108
100
154
134
94
238
190
124
80
130
206
64
68
158
118
88
98
106
82
86
74
110
86
66
90
110
44
80
80
54
54
86
98
72
48
76
108
90
56
110
58
54
82
136
102
84
158
126
138
130
188
86
160
124
100
78
124
114
160
102
146
134
168
98
110
116
120
106
36
72
92
60
76
76
90
66
100
104
190
82
74
112
74
162
280
206
350
360
362
324
358
382
364
378
378
368
370
368
362
334
308
306
308
294
296
298
292
292
320
370
368
368
380
368
348
306
310
304
304
316
310
298
312
264
302
296
274
286
232
192
228
188
238
256
308
330
294
280
266
262
250
250
224
252
238
234
224
240
222
192
178
180
138
90
66
58
146
46
116
134
104
120
104
112
92
112
78
92
90
66
58
36
102
92
36
54
94
64
48
70
134
92
54
50
122
106
128
104
134
108
108
132
150
132
84
118
98
106
94
86
130
60
98
74
148
94
160
86
198
116
152
92
122
124
140
114
132
132
84
154
106
178
82
168
98
188
106
132
88
74
106
70
160
62
130
124
110
88
96
102
90
90
138
76
114
206
42
116
170
286
352
360
366
368
374
366
366
356
368
346
318
298
298
284
294
288
296
296
292
318
326
374
366
360
368
352
300
296
304
286
298
310
300
288
292
308
302
258
274
248
224
184
148
180
184
188
186
182
230
262
254
248
242
238
228
230
240
206
192
132
66
24
58
18
34
146
80
80
86
174
148
108
138
188
100
144
90
106
138
120
70
96
108
98
58
66
92
88
86
74
80
94
88
112
60
92
88
74
140
92
180
102
112
82
154
98
128
102
176
88
100
98
148
96
94
172
140
184
88
152
108
228
102
252
108
186
94
182
100
146
176
96
218
86
178
102
192
88
152
110
84
122
80
128
68
142
158
156
106
74
70
92
196
22
20
44
30
74
96
162
122
146
202
348
370
366
358
362
356
356
344
308
290
292
298
300
286
292
290
292
320
322
336
374
366
352
366
350
272
288
276
292
280
284
298
298
294
292
294
252
242
222
190
164
110
92
76
90
132
64
36
62
42
50
146
160
60
56
84
62
172
74
74
36
66
54
46
50
82
84
84
84
104
82
78
100
96
90
116
98
104
100
126
84
74
54
78
98
80
84
100
108
78
84
96
92
150
90
190
128
156
116
178
124
104
98
86
112
118
94
94
164
80
112
92
78
90
100
64
134
134
116
72
94
114
108
122
84
114
86
86
184
110
136
86
178
100
108
94
90
76
160
84
72
48
54
110
80
112
82
80
90
118
86
62
12
38
70
48
162
82
216
452
126
154
186
356
352
370
354
358
322
322
302
290
290
286
296
292
296
298
318
314
314
336
370
366
364
360
320
294
292
280
282
296
290
272
272
284
280
278
240
208
204
176
122
116
38
84
84
68
46
40
54
92
48
54
120
48
100
70
84
72
64
86
76
60
56
78
104
84
102
108
90
138
126
104
94
122
126
112
112
120
106
88
62
76
102
106
88
74
88
86
84
84
74
90
90
96
90
98
98
108
88
88
50
86
112
102
102
80
126
106
102
106
100
102
112
172
74
136
92
122
94
90
98
126
80
88
98
72
104
84
98
108
82
102
104
116
102
80
80
160
72
88
72
74
90
78
80
74
78
128
116
106
82
144
152
138
120
102
68
210
450
334
88
134
180
208
324
352
344
310
304
296
286
296
302
300
292
300
302
310
314
306
302
358
358
358
352
354
320
272
264
272
264
266
278
272
276
264
248
264
248
166
132
100
96
106
98
102
72
62
76
82
116
140
56
66
44
80
86
64
72
58
82
74
42
76
80
78
86
88
84
100
110
88
112
128
108
92
124
82
114
120
118
118
64
106
102
102
96
116
124
112
116
132
110
100
108
96
114
116
120
104
104
54
102
98
112
104
110
120
102
98
116
134
88
110
114
100
118
98
106
112
90
76
96
108
98
72
88
110
90
82
66
76
108
116
70
68
86
80
78
84
116
80
90
72
80
64
62
152
352
158
162
180
144
134
118
118
234
242
80
168
134
130
446
150
130
182
200
322
308
306
296
298
306
302
302
288
296
298
294
288
288
302
324
348
354
338
354
348
346
296
254
226
222
228
230
256
224
244
242
234
220
148
48
64
116
62
72
116
90
78
58
90
94
114
62
94
84
124
138
98
118
98
94
154
62
70
118
116
100
92
108
128
128
124
94
122
100
122
84
106
114
114
116
92
110
106
102
104
116
118
114
92
110
124
96
100
106
110
100
82
118
100
82
92
132
110
116
90
126
118
92
102
108
102
118
94
108
134
128
126
126
128
130
148
120
134
140
124
128
102
138
150
148
104
112
110
122
136
130
124
128
122
118
142
140
128
104
194
154
286
194
184
188
182
136
164
124
224
22
144
82
78
102
314
154
32
50
116
196
258
296
296
288
296
298
300
296
300
302
88
192
284
296
284
284
350
350
348
348
264
276
258
154
132
180
194
186
186
220
232
230
216
150
60
68
100
96
56
54
76
84
74
66
70
90
80
82
94
82
106
116
112
94
84
82
136
86
86
86
108
120
102
120
100
128
112
116
116
104
122
136
120
124
112
120
150
108
108
118
152
142
114
132
148
150
120
136
138
108
132
106
122
132
136
160
180
144
144
138
134
134
128
156
126
128
134
142
126
140
118
150
136
128
124
128
126
116
136
116
132
118
128
122
102
130
116
116
116
114
130
120
108
110
110
124
142
124
136
170
220
186
152
196
180
164
178
190
168
12
58
140
92
126
158
288
10
194
76
68
122
178
228
298
276
292
298
294
294
302
306
174
140
84
186
264
300
338
344
308
226
236
224
218
240
266
262
274
228
228
234
234
226
190
154
66
38
62
76
74
110
82
122
130
92
114
92
114
138
124
138
118
132
128
100
70
102
114
106
120
146
130
114
146
164
156
138
162
156
134
134
178
168
146
164
200
188
146
136
162
170
140
122
124
144
126
146
120
150
156
124
120
116
126
114
128
128
116
116
120
122
136
134
134
114
122
104
118
114
120
136
134
114
138
138
150
146
160
158
166
156
174
166
150
154
136
130
134
140
120
146
158
118
132
158
148
140
148
156
162
222
238
74
204
196
186
148
128
184
240
418
134
138
138
202
246
216
176
146
0
86
4
192
178
192
286
288
312
298
304
310
306
162
148
162
238
126
162
330
286
240
244
244
210
206
250
268
234
246
204
200
210
202
196
156
148
70
128
84
100
94
76
86
116
122
154
154
172
150
188
182
166
164
164
190
170
126
164
176
150
142
160
180
158
134
156
154
136
152
160
132
152
144
176
112
132
144
154
138
142
128
122
160
110
200
178
150
156
162
122
146
178
154
140
174
192
176
174
154
164
180
196
158
180
202
146
158
166
188
162
136
128
140
144
154
158
122
138
148
144
148
120
126
142
140
134
106
136
148
158
104
126
138
140
148
156
154
146
160
174
362
258
212
108
218
172
174
188
158
258
408
504
256
126
148
500
390
240
150
58
0
0
260
198
126
126
142
284
316
306
308
306
298
282
230
172
154
164
152
106
120
168
192
204
182
194
196
228
210
256
218
222
212
170
160
126
136
114
64
100
92
98
130
112
156
134
176
182
202
186
176
176
160
126
184
158
178
136
166
180
170
148
164
182
178
166
172
174
182
188
196
188
176
194
174
196
194
178
184
202
180
158
166
176
178
166
156
138
170
152
164
144
162
144
162
138
166
146
142
136
138
150
138
170
146
152
158
154
120
144
140
168
156
170
150
148
170
164
208
162
174
176
158
174
158
156
154
192
140
158
150
174
180
188
182
176
156
154
148
190
228
348
222
246
158
180
174
208
210
200
266
508
504
304
136
176
420
270
210
178
184
88
40
506
290
102
144
124
204
294
302
306
304
304
146
256
204
220
188
176
100
108
102
140
130
150
154
156
172
162
168
192
214
190
148
128
120
118
114
144
162
188
182
310
250
246
234
242
258
262
224
242
254
234
218
220
182
198
170
232
172
196
134
162
150
176
164
212
174
190
184
226
182
196
144
206
186
176
168
170
174
156
170
188
202
200
170
184
198
182
160
210
196
146
186
176
176
166
180
176
194
176
166
176
170
174
162
212
164
172
150
144
162
136
154
154
130
146
152
156
148
148
164
150
116
124
170
212
176
176
168
160
148
164
148
166
148
158
148
138
106
190
326
304
200
252
222
182
228
252
216
244
496
500
354
156
134
194
268
162
218
98
484
448
294
166
394
332
438
140
242
308
310
300
312
188
154
262
242
212
92
102
90
94
104
108
134
144
158
152
156
176
226
192
142
166
192
128
102
178
180
208
244
258
274
274
298
278
286
272
274
278
256
256
254
262
236
264
238
202
224
232
236
188
206
198
190
186
184
196
178
204
218
204
174
202
216
206
176
204
192
204
162
190
178
198
162
190
180
180
162
184
184
176
116
172
162
152
158
156
156
146
146
158
148
162
150
148
174
154
138
138
150
142
158
158
160
154
144
162
164
158
170
188
128
140
128
148
148
158
136
172
206
142
174
132
156
128
148
120
108
98
114
238
382
164
182
198
232
150
230
196
238
440
360
374
206
124
176
272
328
352
388
370
300
508
508
508
508
506
340
172
266
306
314
304
136
140
122
154
176
252
202
126
126
126
128
142
140
132
166
166
214
194
144
172
234
226
184
212
242
266
262
282
284
296
286
272
276
254
264
254
260
246
240
256
274
288
278
272
272
264
258
224
238
212
246
228
238
204
206
230
200
184
250
206
154
174
152
194
158
168
144
194
172
178
174
200
160
180
166
172
170
210
170
168
152
164
144
168
170
172
134
172
162
170
138
162
178
168
160
128
156
164
146
162
150
146
164
166
144
204
166
140
142
178
140
172
118
118
142
154
148
116
134
140
184
170
136
136
100
178
232
154
234
182
216
142
166
178
172
168
184
198
320
424
340
180
150
158
178
188
426
492
506
508
508
508
442
494
386
504
266
190
302
312
306
194
176
152
114
104
128
162
156
214
140
120
130
128
154
184
178
174
182
216
290
334
346
360
270
316
356
350
356
350
340
348
334
294
280
280
270
268
258
248
198
254
252
256
262
288
260
262
260
222
260
248
244
242
244
260
212
232
220
192
220
194
222
202
194
190
176
202
150
190
166
188
168
174
174
188
180
162
192
192
142
210
156
172
150
192
132
186
156
178
142
188
166
144
176
136
184
150
178
190
170
156
172
162
172
174
194
204
158
180
176
144
140
158
122
148
106
150
156
162
144
140
128
152
204
244
312
194
124
118
126
178
140
106
166
154
172
208
234
288
482
438
194
172
154
198
354
510
510
498
506
458
438
294
314
240
218
286
306
302
310
308
156
156
162
166
132
130
152
154
180
202
244
214
192
174
190
194
108
152
388
398
404
386
344
374
376
370
370
370
360
360
356
352
342
320
308
290
270
270
256
258
248
250
256
262
284
260
282
282
282
284
270
262
278
262
272
270
266
258
226
202
228
246
224
226
216
218
236
180
178
192
208
192
196
182
172
170
190
178
162
224
162
154
166
176
178
216
140
166
160
166
168
182
118
154
170
156
166
156
144
134
152
144
170
148
182
130
192
168
188
180
150
162
192
178
196
126
160
168
214
188
182
150
182
212
192
210
162
134
56
14
20
214
124
196
164
162
184
222
384
330
508
388
238
234
196
286
508
508
494
504
508
506
480
394
248
284
358
330
314
322
312
252
230
200
206
182
226
216
164
192
192
186
210
300
250
196
196
196
208
114
122
382
382
410
398
390
392
384
390
382
370
368
368
360
346
352
334
326
282
272
258
268
260
264
266
266
266
282
350
276
294
278
266
262
274
274
278
288
286
282
282
252
246
268
256
252
260
220
232
190
206
228
246
180
192
190
198
206
192
218
214
170
196
210
170
176
168
176
172
210
198
226
162
180
200
180
122
208
164
204
164
152
146
128
136
138
142
156
154
150
142
158
206
120
154
158
162
184
138
168
148
252
196
278
220
224
202
158
88
74
114
220
262
236
152
228
222
216
282
484
462
508
420
504
506
264
508
502
402
400
492
508
502
492
384
336
336
344
314
306
304
302
18
4
254
212
244
186
192
132
252
174
176
180
182
304
230
240
182
204
220
226
160
152
370
352
386
404
396
388
390
384
382
382
366
350
354
360
356
338
326
302
292
268
274
274
282
274
282
302
292
300
274
280
272
282
296
276
252
264
280
258
228
254
262
268
272
266
264
248
250
256
244
242
244
244
244
224
232
206
204
206
198
212
208
170
164
156
154
134
178
156
184
176
158
218
180
176
148
218
186
190
184
188
140
158
156
184
136
208
160
162
152
198
150
270
170
210
140
188
158
164
282
392
378
338
296
270
172
166
138
154
190
284
298
476
228
222
306
316
508
508
504
446
428
510
508
420
282
274
316
444
478
506
410
410
346
312
326
312
306
300
304
4
4
16
92
248
230
214
270
292
194
196
188
168
154
240
286
278
256
218
218
234
236
116
168
362
378
394
392
392
390
392
384
382
380
376
364
364
350
332
348
330
292
288
292
302
302
280
300
292
282
304
286
278
274
298
300
300
302
288
282
280
286
282
282
258
274
264
262
268
270
256
264
244
252
252
238
234
228
216
220
216
234
200
166
148
150
162
184
152
148
192
200
210
214
170
172
172
184
176
220
200
192
184
174
176
194
172
184
152
190
172
160
132
184
148
192
184
280
210
498
504
432
502
498
416
482
188
158
212
220
440
378
424
272
448
166
242
324
414
466
416
434
358
404
500
506
442
310
350
390
374
358
340
320
316
310
312
310
310
304
312
8
4
14
28
76
198
182
190
254
198
196
194
190
148
190
178
170
266
224
318
232
258
196
210
116
144
346
382
398
398
392
388
388
390
378
380
368
356
348
356
352
346
322
332
322
318
308
300
308
262
298
292
288
294
280
296
266
272
270
272
276
284
266
290
294
302
318
324
302
300
296
296
290
272
268
260
274
258
258
222
226
212
226
232
206
228
198
142
128
150
164
200
218
260
236
212
208
208
220
222
226
200
202
216
242
216
238
216
200
208
150
174
192
176
164
166
266
278
194
446
218
230
438
314
314
230
308
242
368
218
412
270
282
240
482
272
368
242
462
394
354
340
442
458
332
318
314
302
326
314
324
332
322
314
294
314
318
302
310
316
312
36
46
40
8
32
20
48
56
292
234
224
200
182
160
168
158
132
132
134
200
246
306
274
240
222
208
120
138
364
378
382
380
388
390
380
378
380
364
370
360
368
366
368
358
356
356
344
324
316
312
300
304
300
314
288
240
280
274
276
276
274
282
290
286
294
304
296
300
300
302
312
308
324
336
348
336
350
340
334
332
328
334
320
306
282
282
252
218
196
246
254
254
246
270
300
248
242
222
224
226
238
230
228
238
230
224
210
210
228
210
198
208
212
188
200
138
162
232
244
296
464
424
280
452
496
440
390
508
284
332
308
494
482
426
384
258
288
298
350
350
294
310
330
336
326
318
322
328
312
322
330
316
316
320
316
316
298
258
286
314
312
6
34
36
88
58
40
40
40
26
92
296
242
228
210
208
186
156
140
132
130
132
310
216
284
250
212
218
224
114
124
326
372
378
386
350
366
366
368
372
376
376
410
398
382
386
384
364
344
334
326
332
324
318
338
336
170
308
310
300
292
286
288
294
284
298
310
308
298
308
314
316
322
330
332
338
342
338
348
342
346
338
336
334
330
320
316
292
262
318
338
332
332
336
304
302
284
290
284
284
288
276
272
262
264
268
248
242
238
238
224
204
214
202
176
198
184
158
176
236
290
302
232
280
388
430
300
296
280
294
280
318
328
312
304
320
328
342
368
356
384
372
348
334
326
318
320
316
324
314
318
312
310
326
314
308
312
318
314
312
314
320
34
26
4
12
24
78
74
64
52
40
36
74
256
242
206
194
176
146
134
126
132
114
188
282
178
248
236
228
212
222
124
110
272
336
336
376
374
374
388
404
412
410
404
398
392
376
380
376
354
348
344
328
306
344
358
218
364
354
354
358
354
324
302
282
310
304
324
318
320
324
336
340
354
340
356
352
356
352
340
352
338
356
334
334
330
308
280
340
338
322
338
344
344
320
314
314
312
312
304
306
302
306
302
312
312
316
306
300
312
304
302
298
288
308
298
292
300
282
298
300
310
310
322
320
334
332
356
368
372
374
376
376
380
374
376
386
382
388
372
336
328
326
316
320
320
322
318
312
306
310
318
318
316
314
310
320
316
310
316
306
308
88
82
58
30
24
16
8
30
38
52
78
86
40
28
232
228
196
184
186
202
122
116
114
118
148
344
214
292
262
196
204
192
140
100
258
362
370
404
396
422
426
400
384
386
384
392
378
380
390
414
394
346
320
354
370
374
308
358
372
358
338
318
322
332
328
328
328
330
334
340
350
366
364
358
366
362
364
366
360
356
342
354
330
324
326
338
368
360
204
194
352
362
354
360
322
326
322
314
324
310
318
312
312
316
312
318
316
308
324
328
318
324
330
308
320
336
348
350
352
354
370
366
368
360
368
376
372
370
370
380
380
378
386
386
380
382
386
382
350
334
326
330
322
320
314
310
308
302
302
320
308
302
306
318
312
302
320
310
314
318
318
230
70
102
102
78
70
44
4
2
0
30
74
100
72
32
14
244
228
176
168
154
116
76
142
130
154
196
272
246
294
216
210
188
184
110
120
322
406
410
424
426
426
432
424
382
398
420
422
414
430
426
380
360
390
384
382
232
184
358
334
340
332
336
334
330
342
336
350
356
376
374
372
372
374
372
370
376
374
368
364
340
336
352
338
360
390
374
388
96
392
380
398
356
392
380
378
374
358
366
364
366
368
362
368
372
366
358
374
360
378
380
372
366
364
374
374
380
376
394
380
374
380
366
368
386
376
370
370
372
386
388
378
378
384
376
376
384
386
366
352
324
310
316
304
316
316
306
302
308
302
266
250
240
240
242
246
254
288
326
324
320
340
4
96
96
98
450
96
98
42
2
12
26
50
42
72
56
30
30
252
230
232
190
110
144
94
116
142
194
210
286
244
294
220
202
212
218
116
126
312
400
418
416
424
434
430
424
438
434
434
426
416
388
384
420
410
390
368
102
208
326
338
336
338
342
340
356
370
370
392
386
386
374
386
378
368
374
370
364
358
360
376
368
366
416
410
410
416
416
402
404
406
416
412
412
408
388
392
386
388
376
378
372
378
380
374
388
370
380
382
376
368
382
378
372
386
372
376
372
380
380
378
376
368
376
378
374
370
386
372
368
386
378
384
390
372
378
378
382
348
326
312
324
326
316
316
306
304
264
246
238
214
230
226
242
224
248
256
284
360
306
304
316
4
0
0
0
242
110
120
92
72
46
56
56
40
2
4
20
38
26
34
234
230
168
152
132
152
144
146
148
152
158
274
266
244
210
212
234
224
140
142
288
420
416
426
426
422
434
402
430
438
430
406
392
430
426
418
364
352
122
266
344
338
352
346
382
382
386
396
396
390
392
398
396
392
402
366
362
372
378
396
380
408
412
416
384
434
414
412
424
404
422
406
414
418
408
416
388
396
374
376
374
394
378
382
374
364
374
386
378
370
372
384
382
364
380
380
378
340
384
376
388
384
378
370
382
382
386
380
380
376
370
374
368
388
374
386
372
358
328
308
312
310
306
316
312
306
304
308
308
296
306
302
304
312
338
334
368
390
376
320
310
244
0
0
0
0
0
0
0
38
142
108
108
104
106
40
30
16
6
12
10
10
66
236
198
138
140
144
156
156
174
190
186
186
502
252
456
206
242
244
230
168
130
272
398
404
424
350
436
384
428
420
420
402
334
426
388
390
386
378
252
244
380
398
398
406
396
404
410
398
404
390
396
392
398
406
390
376
392
382
444
428
426
424
446
432
412
420
414
414
416
416
424
412
412
412
412
410
396
382
388
386
388
378
380
388
384
392
378
388
384
384
374
378
382
374
374
374
372
382
366
376
382
376
380
376
374
370
372
340
362
366
376
374
376
372
374
366
362
340
312
314
314
306
282
308
306
310
300
320
266
316
320
332
330
342
340
318
312
308
302
304
0
0
0
0
0
0
0
0
0
0
0
0
110
118
120
108
50
22
4
12
28
14
22
58
198
190
158
156
162
168
234
196
160
142
140
216
214
300
244
260
236
192
188
138
250
386
398
428
422
430
432
422
412
364
408
414
400
396
410
436
440
438
424
414
406
396
400
414
406
402
398
402
388
396
404
396
404
396
406
420
442
434
444
428
422
426
424
424
408
410
418
420
418
420
422
420
408
394
390
376
380
376
386
378
386
382
390
380
386
384
388
382
372
382
364
378
382
382
390
376
376
376
374
374
376
382
370
382
378
362
362
390
366
372
376
382
374
372
312
316
300
310
310
308
302
308
312
292
302
302
320
310
312
318
316
316
314
310
312
300
298
