416
428
404
424
418
424
422
408
418
434
430
434
426
434
438
420
420
432
428
430
434
426
440
432
428
426
428
442
436
424
436
440
434
440
446
436
442
432
448
422
444
440
438
448
458
464
456
462
458
448
438
434
438
438
442
438
436
426
426
432
438
448
450
434
448
442
448
442
448
392
438
444
446
448
458
450
448
452
460
466
446
434
442
438
444
446
450
442
448
450
456
444
446
438
434
440
454
410
364
388
194
308
112
106
336
356
314
338
358
354
338
360
352
354
354
344
346
336
336
332
332
324
358
318
322
322
318
302
304
312
310
284
188
116
290
274
280
290
282
266
296
270
260
294
346
384
366
386
364
372
374
366
168
214
250
344
242
242
268
2
0
424
422
428
426
426
426
418
420
418
432
426
430
422
426
434
416
432
418
422
434
426
432
438
430
434
420
430
440
440
424
506
436
450
442
460
452
464
426
414
416
424
428
428
422
432
426
436
428
406
432
432
436
432
434
438
436
426
432
436
436
434
438
444
442
438
434
438
440
438
444
440
436
444
450
452
452
450
454
454
458
478
464
444
438
412
440
440
454
442
370
370
414
394
268
76
168
374
314
310
368
366
382
364
368
342
356
346
346
334
334
336
334
322
320
324
322
332
326
320
318
310
308
312
306
310
304
298
302
302
292
302
208
278
280
268
276
272
272
264
274
324
318
356
376
370
382
374
366
362
366
368
374
368
216
222
336
206
248
246
0
0
428
430
416
434
426
424
420
420
414
432
438
430
426
424
438
436
422
434
434
426
434
440
440
436
440
420
444
464
444
434
444
424
430
422
428
428
426
428
420
422
430
422
426
432
436
422
424
436
420
432
438
432
438
440
442
436
442
434
442
438
438
446
440
442
432
430
428
442
438
444
442
436
446
434
440
440
438
432
466
452
400
368
386
374
206
86
226
262
240
322
334
370
348
358
358
344
368
346
340
342
346
330
330
326
334
330
324
320
320
324
316
306
62
324
306
302
306
304
298
306
290
294
296
306
302
292
296
288
296
276
222
226
282
270
280
270
268
254
278
306
354
362
364
354
368
380
372
360
348
364
370
370
350
226
212
342
208
216
258
0
0
434
434
430
434
422
428
430
424
414
436
434
436
444
428
430
422
424
426
424
420
426
412
430
426
428
412
414
434
418
420
426
424
432
418
430
424
424
422
424
426
428
438
426
432
422
432
422
432
438
422
434
436
432
434
438
438
432
438
430
436
440
432
442
442
438
432
432
434
352
444
406
378
364
356
324
178
94
294
310
328
318
350
370
362
328
262
284
264
254
278
330
338
342
340
328
322
328
326
322
318
328
312
310
308
310
284
310
310
302
304
304
300
304
294
290
282
294
298
292
286
278
290
284
318
294
282
290
282
294
274
224
274
282
272
276
280
270
288
332
372
372
350
364
360
360
370
362
354
348
334
366
374
362
216
222
336
148
230
306
2
0
448
446
430
444
438
446
440
444
448
444
436
420
424
422
416
428
422
422
428
416
416
420
426
430
436
416
416
434
428
426
428
424
424
424
426
428
426
420
434
402
414
428
428
420
436
406
414
420
418
432
440
440
434
446
436
440
422
432
428
430
398
364
366
404
346
208
74
90
276
346
288
336
368
368
362
356
356
366
366
356
358
368
350
330
276
284
304
262
264
198
212
280
324
312
322
312
312
304
310
306
286
300
312
312
304
296
302
312
306
314
300
304
308
294
294
298
290
288
294
282
290
290
282
302
288
288
294
296
270
214
274
286
278
290
262
276
336
326
356
368
368
352
356
346
360
348
348
352
362
356
348
362
342
166
242
340
294
212
300
2
0
428
436
430
416
426
414
418
420
414
410
420
420
422
408
426
424
424
414
412
406
418
414
422
430
426
412
416
426
424
426
426
428
424
428
432
434
424
444
436
426
438
430
438
426
430
424
408
408
432
422
366
370
396
392
286
132
68
178
360
348
292
340
372
370
362
362
356
354
346
474
352
350
334
344
336
340
338
334
328
348
338
342
322
232
288
276
280
304
198
260
274
238
308
304
300
300
300
290
302
224
298
304
298
302
304
300
300
300
294
294
286
292
294
298
298
290
288
288
292
296
288
282
284
288
284
294
286
280
232
236
282
288
280
284
300
354
356
360
360
364
350
362
360
358
362
352
354
362
362
322
358
360
354
278
292
330
338
212
288
212
0
426
418
416
430
422
416
428
426
426
420
416
430
412
418
372
430
420
422
410
420
410
418
410
426
418
416
428
430
428
420
434
430
426
434
418
424
410
412
440
370
364
380
382
384
270
82
144
344
352
324
324
370
358
358
362
368
350
354
356
344
346
332
336
328
328
328
322
326
326
316
304
318
306
314
312
310
314
314
310
312
312
314
310
226
290
262
302
278
280
304
250
234
254
308
294
290
292
294
282
294
296
290
300
286
280
288
286
296
290
300
278
290
292
300
296
296
296
308
308
284
294
282
290
302
292
294
284
284
232
290
296
296
358
338
372
346
356
378
368
362
356
356
354
358
348
356
358
356
360
356
354
358
354
210
226
366
324
180
244
322
0
436
436
426
426
420
430
428
426
422
414
430
424
430
420
426
410
420
426
428
424
412
424
430
426
412
414
406
432
400
374
380
354
424
400
372
204
122
314
378
320
322
306
354
362
360
364
350
236
348
344
330
344
342
336
328
334
332
326
324
322
320
318
334
312
312
306
306
308
262
292
78
304
296
302
340
304
300
308
306
300
302
242
226
226
298
170
250
232
234
278
290
264
210
220
278
296
294
296
298
294
290
288
284
288
300
286
286
300
292
298
294
280
298
294
306
298
286
294
306
286
304
302
310
300
294
312
300
262
288
316
340
388
404
414
410
422
426
392
374
366
354
350
364
362
336
348
342
358
356
362
368
354
346
206
250
254
324
204
200
218
0
436
440
432
430
422
426
426
428
430
422
432
428
426
430
420
416
426
412
420
400
444
454
382
388
402
352
366
390
326
318
314
328
366
348
360
364
356
358
338
350
346
340
334
340
340
342
354
312
328
322
320
318
320
314
306
316
292
306
306
310
304
302
306
298
306
306
296
292
298
284
290
296
294
292
298
290
300
300
304
218
218
178
230
252
286
260
296
260
170
282
248
278
264
186
182
292
290
282
290
290
296
294
290
300
298
294
288
298
310
308
302
302
296
306
302
306
304
312
318
326
338
356
376
384
370
384
354
324
398
386
434
436
418
400
438
440
426
430
378
358
352
344
352
382
342
338
362
362
362
352
354
358
350
350
272
208
332
208
196
180
0
428
430
434
434
428
432
424
428
414
434
432
430
480
422
380
396
414
386
272
400
364
372
322
322
338
310
384
358
356
348
344
340
336
334
330
338
332
326
332
318
322
320
314
304
304
310
300
296
80
316
302
306
308
300
298
302
296
296
294
298
294
294
302
286
288
294
288
288
286
286
288
286
296
286
290
306
288
290
290
206
258
306
256
256
300
200
232
284
246
220
286
276
282
284
262
176
248
282
294
298
296
300
292
302
310
302
314
316
338
338
368
382
384
328
334
344
334
394
390
386
400
394
396
400
388
394
362
392
420
436
434
432
424
450
442
440
434
428
374
364
370
338
342
356
344
340
340
360
348
362
362
354
344
338
300
238
328
224
166
192
96
438
426
434
444
440
382
416
418
400
298
340
384
398
340
340
376
374
368
332
360
340
362
362
276
286
280
332
332
330
322
310
320
334
322
318
318
308
310
304
306
298
304
306
290
322
288
296
298
290
294
288
304
298
294
288
294
282
286
276
282
298
288
292
298
290
292
278
292
276
294
280
296
282
290
278
300
292
302
246
266
258
254
266
288
206
236
300
184
234
290
280
294
282
282
248
270
182
332
344
314
314
310
332
378
388
378
390
364
380
400
396
398
390
398
388
388
396
398
394
390
390
386
394
404
404
378
408
422
442
442
444
434
400
446
428
446
426
432
372
354
348
354
316
350
330
338
352
342
340
344
356
334
338
336
282
264
324
140
178
206
64
324
314
368
384
320
306
372
400
506
378
312
378
338
364
366
360
352
346
324
334
344
330
324
336
346
324
320
304
312
312
320
310
306
306
296
316
302
292
306
292
294
296
286
286
300
284
284
306
282
284
284
292
296
284
288
290
284
286
278
282
278
276
286
298
298
292
286
294
288
288
282
290
288
300
294
290
306
292
222
244
250
220
318
234
264
288
280
274
314
292
312
282
326
270
300
260
224
192
306
394
390
388
382
398
392
398
396
398
396
398
402
404
400
396
396
392
406
400
386
398
398
414
408
418
426
414
438
440
460
442
442
410
446
430
420
442
444
420
360
356
346
344
350
332
338
338
344
346
344
354
336
332
338
330
238
236
316
248
192
224
4
374
380
376
270
314
298
272
252
310
356
354
358
342
340
340
340
324
330
328
324
324
326
340
326
324
308
300
94
304
306
308
306
290
296
298
288
290
288
276
294
290
284
286
276
284
284
282
292
282
286
276
288
290
288
280
276
292
286
278
286
282
290
292
296
286
296
290
292
292
292
298
294
306
298
302
306
306
242
268
272
284
294
148
256
310
320
240
318
180
306
204
296
192
312
256
190
256
144
144
88
390
398
398
372
390
392
400
398
396
402
408
402
408
398
400
402
396
404
394
400
404
406
414
438
430
450
450
444
448
434
440
440
432
416
440
440
442
432
372
362
334
340
340
342
334
338
338
338
342
328
340
338
338
318
190
222
332
304
202
222
148
362
362
352
242
280
314
308
304
308
272
244
336
328
328
330
324
324
322
320
312
312
320
308
312
306
304
302
290
300
294
302
300
296
292
278
288
292
276
280
286
286
278
286
284
278
276
284
294
276
294
282
290
304
288
278
288
284
288
288
294
298
294
288
296
298
284
298
312
292
310
318
358
376
320
312
310
284
234
178
304
306
172
238
270
284
136
268
232
202
160
150
102
96
96
46
58
32
62
66
54
60
88
146
394
388
352
398
382
394
404
392
396
408
292
390
396
378
404
410
404
410
442
454
430
434
450
444
450
450
442
454
454
418
422
444
446
442
384
356
344
342
334
330
336
326
336
346
338
350
340
336
340
334
330
202
232
314
308
200
218
214
342
344
340
342
296
292
288
272
312
250
308
274
256
330
312
326
318
322
320
314
300
306
306
302
294
304
294
296
288
292
298
292
294
302
292
274
196
152
296
258
268
278
290
294
284
294
290
282
292
286
288
292
300
284
294
294
292
300
300
304
304
320
344
368
314
360
384
382
366
382
398
380
326
322
314
296
298
228
196
164
178
126
76
78
36
32
42
20
54
8
12
82
30
38
4
4
44
20
68
50
112
42
48
84
190
46
76
62
124
124
124
314
378
400
410
406
408
414
408
432
442
454
442
428
452
448
444
450
452
456
452
398
436
450
442
434
444
436
364
328
322
328
326
322
324
336
342
332
344
346
344
344
342
336
168
212
302
310
200
200
202
334
330
332
342
284
286
284
284
258
284
314
306
296
262
310
316
308
318
314
310
304
300
308
298
300
302
294
300
294
292
296
286
298
290
206
144
106
118
120
94
98
100
216
290
296
292
296
306
308
308
306
310
328
356
296
354
384
376
380
376
376
332
380
382
382
320
378
280
146
152
120
138
138
82
138
114
120
128
70
88
136
80
76
130
68
66
14
74
54
2
68
30
118
38
20
18
62
8
80
54
4
104
36
22
280
10
32
46
58
12
128
28
78
14
60
94
98
78
110
166
432
444
432
432
458
446
462
442
452
448
452
452
450
446
450
428
444
422
374
300
336
340
322
332
344
326
334
338
332
346
344
348
328
334
198
212
208
322
230
192
198
330
328
328
322
276
302
282
288
312
324
308
318
322
302
296
278
316
318
272
306
310
310
308
308
312
298
302
304
302
294
290
294
292
232
140
110
106
100
82
72
80
48
56
92
140
342
374
378
386
390
386
388
374
326
384
392
390
264
106
116
52
82
58
98
80
38
90
106
108
64
88
70
76
90
48
22
128
24
38
4
64
64
46
46
62
28
80
30
64
70
66
6
80
42
20
2
118
52
12
8
50
26
32
6
88
48
12
22
58
6
36
124
128
86
34
72
78
38
22
134
6
42
92
84
142
124
172
436
448
438
448
450
450
408
422
436
434
418
376
332
338
342
332
318
330
328
326
332
314
338
340
336
334
316
328
204
190
312
246
188
172
336
330
322
328
242
280
298
320
312
286
312
328
312
304
264
250
254
222
308
312
322
314
306
308
324
306
308
312
310
318
314
316
310
156
162
102
118
102
100
84
52
60
46
42
60
76
18
352
270
102
94
72
70
50
60
290
136
44
42
2
54
40
64
32
78
168
54
40
82
96
44
86
126
70
70
168
50
44
18
72
46
60
72
114
66
84
44
74
62
2
62
72
32
68
88
48
58
66
62
22
20
40
16
100
62
26
48
24
70
50
34
16
68
62
110
30
16
74
40
74
150
4
4
86
56
86
128
32
106
470
104
212
430
438
402
428
426
432
406
346
338
322
336
328
332
330
332
336
296
340
340
336
314
178
376
224
214
312
242
210
220
332
318
318
324
282
288
278
278
284
314
300
306
310
322
310
306
296
298
208
174
310
314
328
328
330
330
358
380
376
388
368
384
320
204
130
102
140
144
84
58
42
42
18
32
2
34
48
106
82
70
90
64
12
18
54
76
38
64
28
80
80
22
60
80
84
22
92
92
42
62
102
136
58
82
128
38
82
74
102
50
106
84
104
108
98
134
90
76
112
106
86
68
84
98
78
74
64
18
82
60
26
88
52
36
70
42
40
54
26
44
70
64
116
32
16
66
150
4
60
40
48
52
2
28
144
140
18
90
136
270
190
22
14
308
124
152
414
420
384
366
354
338
334
334
332
330
334
340
334
340
342
334
334
334
334
206
196
312
346
204
226
332
326
334
320
334
296
264
292
308
316
322
322
316
318
288
320
304
298
282
210
142
222
396
384
348
388
396
384
388
390
394
396
316
182
140
106
120
90
68
40
22
76
32
18
52
120
104
40
54
52
48
62
66
102
80
76
26
96
108
120
120
98
90
80
60
84
98
52
128
118
82
84
132
52
62
110
88
88
86
74
70
140
128
102
80
64
86
86
96
108
62
52
128
68
92
62
78
104
56
96
116
38
104
108
70
86
88
32
110
66
92
68
48
58
42
50
84
88
56
56
34
26
94
26
40
72
72
36
6
74
72
132
34
4
58
40
20
102
138
292
338
338
336
336
326
320
326
326
330
336
334
334
324
328
326
166
200
308
344
228
228
326
332
332
338
340
340
268
294
310
314
348
340
334
332
310
312
304
308
292
218
214
182
198
200
398
400
406
344
370
394
374
394
312
216
130
48
36
2
2
4
64
72
84
80
34
62
68
78
70
104
106
96
114
110
88
48
118
128
106
74
88
106
88
58
96
96
84
136
100
46
102
130
98
130
146
106
130
138
116
80
86
96
146
122
58
130
122
82
124
116
72
118
126
124
102
88
132
86
112
86
42
108
42
56
100
110
80
92
68
84
66
114
130
78
112
110
96
82
96
44
92
64
84
56
110
70
10
52
110
94
80
54
38
52
42
60
56
56
114
180
74
130
324
328
336
332
330
310
338
338
320
338
342
336
328
180
198
308
306
198
218
342
348
356
358
372
302
304
328
300
316
338
320
348
332
340
294
282
260
246
250
190
188
112
154
96
130
88
92
234
336
254
50
46
26
16
0
6
58
76
66
62
98
72
88
110
112
128
134
86
84
72
112
68
78
98
144
140
98
110
148
152
142
90
62
126
84
40
142
116
50
62
130
106
96
136
128
136
130
80
126
114
110
206
64
118
130
64
134
114
90
114
76
126
106
104
132
46
114
66
82
136
84
116
106
84
118
110
82
70
164
98
128
78
68
124
98
98
100
56
94
72
24
52
86
60
54
54
30
54
38
128
98
54
122
64
88
76
34
28
94
6
42
102
162
330
326
328
332
322
348
338
338
342
336
330
188
234
320
304
234
216
410
414
420
416
420
410
362
310
300
342
330
328
346
348
290
266
272
230
214
192
146
140
146
104
128
78
34
98
76
30
30
74
80
102
102
108
76
68
54
68
104
92
136
152
146
130
134
142
116
208
60
76
86
96
212
108
86
70
176
106
100
112
126
114
152
124
158
88
98
154
132
60
64
110
76
112
92
68
60
114
106
48
86
78
90
108
92
60
94
102
138
88
94
84
58
72
90
108
82
74
112
138
154
142
114
46
132
128
84
130
114
68
104
120
80
102
102
70
110
116
92
132
78
8
98
136
16
54
42
70
52
100
102
84
72
108
8
30
18
16
106
58
130
138
144
152
334
336
342
340
340
346
334
340
332
186
200
216
304
214
282
402
408
430
422
420
418
358
310
300
280
294
318
364
370
342
274
246
220
218
212
154
162
104
160
110
104
134
60
88
92
90
138
112
102
106
82
128
162
140
126
140
134
124
112
110
120
120
84
66
70
44
88
120
82
150
126
76
66
66
104
112
82
88
104
146
128
86
72
134
112
80
102
146
88
148
130
100
82
152
104
152
136
76
158
100
44
154
78
70
144
42
130
84
118
108
36
166
78
52
124
66
30
134
70
66
100
78
52
84
58
104
86
56
98
82
56
118
86
222
116
70
94
82
100
24
56
56
58
68
64
54
72
82
94
146
94
56
6
6
72
144
44
112
150
176
134
152
164
318
336
342
328
338
330
244
336
230
178
322
212
198
414
412
434
422
410
428
422
434
322
312
324
342
318
326
328
310
286
252
202
178
166
134
136
98
104
94
114
122
116
112
108
84
166
130
116
66
92
88
92
94
112
96
96
70
116
82
104
138
124
96
100
118
110
124
150
94
96
178
174
142
108
114
96
86
104
98
76
68
114
56
96
66
136
116
2
94
118
72
78
128
54
144
108
40
60
100
46
108
76
80
74
38
102
48
98
54
6
76
48
84
82
66
106
100
52
84
72
58
84
96
44
82
138
62
120
126
62
98
114
60
110
112
74
138
160
88
64
42
34
84
104
84
68
200
100
78
50
190
210
504
228
124
70
30
146
194
198
164
156
190
248
338
340
346
336
328
208
178
318
214
254
366
368
408
416
418
416
424
414
422
322
318
324
322
350
338
290
272
276
234
184
146
110
154
138
114
118
102
120
80
122
128
114
146
130
88
92
138
134
132
104
96
108
72
112
110
106
122
120
116
76
156
64
82
68
86
110
102
86
82
106
134
62
82
98
60
114
112
72
114
128
92
62
156
96
86
114
124
78
144
134
106
140
64
88
90
94
116
122
68
140
80
68
104
70
110
94
86
48
56
140
48
74
100
78
68
82
68
60
50
58
76
52
116
68
66
70
60
72
110
74
254
122
122
178
104
116
80
98
68
60
54
102
136
112
128
60
172
258
194
284
294
204
90
76
62
38
50
92
146
156
166
152
324
344
350
328
218
200
312
180
214
360
360
366
378
402
418
412
424
422
314
316
308
362
346
342
314
294
260
246
190
124
134
122
116
120
100
112
120
144
118
106
68
116
102
124
112
72
78
100
92
110
72
78
78
58
46
46
48
76
72
172
110
102
116
170
146
86
126
176
114
116
80
126
114
36
114
118
72
84
104
96
102
66
80
94
96
92
126
106
106
132
86
44
66
80
62
84
108
112
52
86
86
92
88
104
76
32
112
140
94
144
72
118
104
52
112
124
88
94
150
90
104
122
70
148
124
96
150
110
66
146
100
56
112
138
184
80
70
108
104
64
138
104
146
124
230
204
216
380
92
194
166
92
14
88
152
214
44
82
80
106
146
168
154
332
326
144
208
316
268
230
372
346
366
362
364
364
404
422
418
308
296
308
344
342
326
282
274
232
226
192
118
118
168
116
132
144
118
158
120
150
128
140
166
162
132
144
136
138
162
134
156
108
128
104
142
126
122
138
104
92
106
108
82
136
114
72
136
100
72
174
166
118
112
74
152
144
98
144
106
80
132
126
120
68
146
124
84
134
130
90
184
134
74
126
106
122
124
86
122
116
44
116
84
150
126
78
120
104
88
116
68
168
118
114
106
118
96
88
100
58
104
88
112
80
106
92
86
160
70
76
70
66
68
46
150
64
70
338
272
126
134
134
134
116
208
200
174
182
224
346
394
62
74
14
198
200
338
132
42
4
32
94
158
168
144
334
144
190
320
328
224
356
356
360
362
360
358
360
302
244
224
212
262
262
276
304
292
258
224
240
194
188
130
148
124
134
114
128
194
178
160
118
120
144
170
174
126
134
102
150
166
124
152
126
176
136
114
112
90
118
82
110
138
122
124
108
142
122
100
62
102
100
74
82
120
96
110
92
112
88
106
132
92
174
158
120
120
154
106
108
154
100
124
60
62
120
94
90
168
140
120
130
100
130
104
90
122
130
94
82
140
84
110
114
28
108
212
176
94
116
114
100
142
96
144
122
38
120
80
100
130
92
88
86
64
68
70
222
440
168
154
106
100
186
162
240
222
304
202
172
202
234
182
90
96
114
130
180
230
70
244
148
258
94
176
160
126
138
218
312
306
216
360
358
350
350
354
342
320
292
320
332
326
320
294
268
310
254
234
232
238
186
184
148
154
162
166
158
180
190
242
244
210
220
244
198
194
216
166
212
184
196
184
170
126
120
120
130
142
140
98
128
206
162
188
178
180
112
206
144
122
144
138
164
196
114
122
160
138
122
100
118
118
114
176
162
166
116
140
182
130
150
152
154
126
100
126
142
110
154
128
214
92
148
116
156
144
140
98
130
158
134
128
138
156
188
138
126
106
130
136
110
88
162
138
74
144
92
118
152
160
104
108
62
66
118
88
60
128
58
92
138
144
98
132
254
118
134
144
182
148
212
220
220
54
86
120
152
216
48
180
254
40
0
244
248
170
112
132
208
274
310
146
360
354
350
356
286
266
296
286
292
328
314
270
328
320
278
260
258
256
224
226
206
198
182
180
238
222
222
294
306
312
310
324
292
260
298
304
290
256
214
210
222
198
228
212
214
234
166
174
142
166
192
162
132
182
160
142
174
120
128
190
144
130
118
96
152
158
108
156
144
116
166
116
146
208
204
142
126
206
198
178
172
152
126
138
140
134
152
128
144
188
176
152
168
164
136
154
136
138
138
148
120
120
108
118
162
128
138
134
54
88
116
146
156
110
36
358
50
98
110
142
102
58
34
34
74
32
40
84
132
144
158
100
132
172
148
98
156
176
216
236
236
242
32
154
102
228
274
68
160
166
212
320
226
180
206
172
114
192
196
312
196
344
358
352
356
270
318
312
278
276
320
272
326
268
276
314
246
260
274
260
234
220
194
194
198
200
240
264
322
326
328
326
324
324
330
320
318
300
280
302
330
344
312
300
304
258
226
238
172
214
194
178
210
166
166
192
172
148
134
156
224
146
170
188
126
154
186
114
156
164
194
146
138
128
132
154
152
106
124
152
114
150
166
102
136
152
126
126
138
136
142
140
164
172
178
182
170
184
166
142
164
186
198
176
178
198
208
170
148
174
222
126
164
158
204
116
284
106
154
114
460
144
124
108
48
70
94
36
56
60
114
176
168
216
172
222
130
168
234
312
298
292
140
74
168
66
172
160
192
0
130
222
194
222
164
224
152
166
130
244
300
146
354
356
356
222
260
276
274
320
278
308
326
264
306
304
296
278
232
250
232
218
204
204
194
328
328
324
334
332
328
326
324
322
320
324
328
316
316
320
316
310
286
312
322
324
362
344
364
364
340
326
310
244
278
264
250
216
184
224
168
180
186
204
186
130
164
218
150
136
202
138
154
146
152
142
172
120
148
204
142
164
152
178
140
138
170
146
140
146
184
156
160
208
168
188
204
168
198
166
218
168
172
152
200
188
162
158
302
154
156
118
136
172
128
184
278
56
130
150
160
102
128
102
102
130
130
288
112
142
166
132
160
202
134
152
172
214
166
216
170
222
204
132
98
108
122
86
140
142
146
122
104
224
218
280
298
312
306
192
130
254
170
360
352
242
254
262
276
290
292
300
316
312
292
290
292
258
282
248
246
240
172
194
330
332
326
328
330
330
328
338
330
332
326
326
322
322
308
298
310
296
306
288
306
302
268
282
298
280
330
288
294
328
354
322
284
268
292
300
244
258
262
204
198
238
226
176
176
172
156
142
190
148
176
228
218
144
120
146
126
126
196
210
150
144
172
144
122
146
170
116
144
136
154
146
164
184
188
168
286
220
208
172
160
226
154
206
148
182
182
174
152
204
220
160
92
82
128
196
106
126
154
96
122
112
92
120
100
158
162
126
74
90
192
284
116
188
166
156
134
144
178
182
152
126
104
100
108
148
292
140
128
92
290
320
432
252
418
376
130
136
132
250
358
354
342
276
268
300
312
286
280
296
276
308
298
290
268
280
222
232
220
226
332
340
340
336
332
336
334
332
328
326
332
322
326
332
332
322
310
324
318
288
258
306
238
302
260
306
284
252
240
234
284
304
296
318
296
276
308
300
268
256
258
232
272
188
268
262
162
182
220
170
210
150
212
204
190
126
144
132
166
158
148
174
178
198
112
282
144
174
182
148
164
158
162
172
188
204
150
204
192
276
210
218
230
196
194
94
198
172
156
174
500
172
270
120
154
110
142
142
134
114
112
118
100
100
86
58
34
140
38
28
8
6
38
70
218
248
200
166
178
210
210
190
176
106
128
124
142
144
162
118
130
148
152
122
172
152
108
120
186
290
310
356
364
250
188
254
250
284
276
306
290
296
302
248
254
270
232
188
162
330
338
332
314
340
338
344
330
338
316
328
334
328
330
326
318
322
308
300
276
310
242
282
318
228
310
236
314
288
258
274
270
278
296
318
310
314
292
242
266
320
314
300
288
276
290
276
216
220
234
218
268
206
298
178
192
262
244
194
206
224
150
126
184
126
110
138
172
128
134
156
216
210
166
210
124
168
146
160
194
202
166
158
178
178
140
374
230
452
198
188
216
214
210
178
160
94
166
144
98
102
90
96
82
100
72
94
68
72
100
94
94
116
152
248
174
188
220
242
204
180
194
244
218
206
184
174
144
128
176
220
234
214
184
208
222
212
156
140
218
212
326
336
370
350
288
270
296
288
260
310
286
278
286
310
264
258
210
214
326
340
336
338
346
340
340
342
344
334
332
330
336
334
336
332
332
332
324
312
292
298
264
266
298
284
294
272
278
312
280
268
298
302
314
316
318
310
310
314
310
308
298
286
286
292
288
310
322
326
284
292
314
230
210
206
240
218
208
286
266
240
228
190
242
208
176
146
126
162
182
116
126
214
166
150
132
124
150
142
216
196
168
184
156
158
184
172
174
150
158
182
198
146
158
158
214
86
90
112
122
120
126
102
98
102
102
134
148
116
94
112
116
180
186
202
274
216
222
194
228
242
226
214
242
266
266
276
264
236
214
236
224
196
226
204
164
172
184
200
314
172
214
360
328
352
374
246
276
282
286
284
260
316
300
286
236
218
234
200
342
338
346
340
348
354
338
346
342
342
334
340
340
340
342
336
336
336
332
332
298
290
294
282
272
220
280
328
264
308
270
266
266
318
324
322
316
324
330
316
320
310
288
304
284
278
288
290
286
236
224
230
226
242
236
232
240
248
232
202
208
206
182
148
80
54
68
68
90
82
166
176
236
156
188
238
232
206
240
182
176
178
182
156
156
172
192
170
152
168
112
186
198
200
172
156
146
122
100
76
242
102
110
112
124
138
138
126
154
152
138
160
176
182
188
286
290
290
260
264
266
238
256
286
318
312
320
312
310
338
354
344
334
350
334
304
282
268
258
220
266
298
274
226
340
334
366
358
218
308
286
274
274
280
266
290
256
246
234
318
346
346
324
348
350
344
354
346
348
344
346
346
346
344
342
346
348
346
346
338
338
306
308
298
316
278
236
250
302
238
292
266
268
322
440
328
322
322
324
320
312
302
302
300
294
302
300
304
304
286
284
254
264
240
250
264
260
266
256
266
256
232
222
216
200
178
162
90
124
106
172
240
186
186
188
232
234
254
222
226
220
216
172
176
172
166
162
186
188
172
180
210
206
182
200
228
172
194
164
126
148
102
84
98
104
118
134
164
148
146
222
232
260
256
248
368
298
282
334
308
300
324
330
422
446
452
386
376
368
360
360
358
350
346
346
348
348
340
336
354
362
372
350
370
244
270
320
364
350
186
246
264
268
256
284
226
204
204
336
352
346
344
354
350
362
356
360
352
362
362
358
356
350
350
348
352
346
350
344
354
340
340
312
312
300
306
310
286
288
294
316
276
260
322
334
330
328
322
316
322
304
302
304
294
296
298
294
306
294
298
302
290
288
278
260
240
246
254
270
250
230
236
212
214
192
244
314
264
262
276
282
296
290
302
274
328
258
250
232
340
262
316
208
220
194
184
180
242
222
218
186
218
224
220
184
248
272
168
156
216
192
186
182
180
172
186
240
240
232
294
256
262
304
270
284
288
300
504
318
404
506
508
502
490
474
464
444
402
386
374
348
358
346
356
378
354
356
354
344
342
350
362
336
334
324
242
180
316
364
348
238
266
276
310
192
198
172
336
344
354
352
358
364
368
378
412
404
390
376
376
368
376
364
356
356
360
358
358
350
350
350
346
352
330
318
320
324
286
314
298
306
266
308
334
324
334
328
330
334
310
306
312
304
316
310
304
310
308
294
304
300
302
298
296
284
270
256
254
224
232
226
286
290
290
268
284
296
288
284
290
282
284
278
270
260
270
272
266
310
304
298
296
286
282
258
274
288
338
240
262
336
306
230
292
244
300
276
228
264
232
222
288
288
230
266
296
286
222
260
276
278
344
242
298
292
322
368
508
506
510
508
508
508
508
506
508
506
492
404
384
374
366
346
356
340
350
354
362
352
342
364
348
342
342
348
330
228
200
324
370
368
364
266
142
198
352
356
356
348
366
360
374
400
406
420
420
434
426
420
426
438
424
426
426
418
414
420
368
366
370
358
360
358
350
352
298
338
328
318
326
286
280
340
342
344
318
338
332
322
320
318
320
322
320
316
314
312
316
308
308
312
296
308
304
302
290
294
300
286
292
302
300
294
288
290
298
290
292
296
294
284
288
292
288
286
292
278
288
276
278
294
288
294
292
316
312
288
302
258
276
282
268
276
266
274
270
286
270
264
262
274
270
268
264
274
298
306
266
280
346
302
356
388
498
494
508
502
508
508
504
478
506
510
510
510
484
508
510
510
472
412
404
380
360
362
342
344
344
302
342
348
384
374
370
364
342
362
210
256
332
362
344
356
350
354
356
354
354
354
366
370
414
426
434
436
424
424
434
432
438
436
430
426
432
428
432
432
428
392
370
364
358
350
356
364
356
334
310
324
308
274
286
310
358
356
350
342
334
324
326
318
320
322
318
324
316
322
324
320
316
310
310
310
314
308
306
306
338
306
280
302
304
302
308
302
306
296
294
298
292
288
280
130
306
304
306
280
304
300
298
298
300
302
318
332
364
376
374
382
386
386
394
386
402
394
410
408
422
416
426
428
442
448
442
446
444
464
460
470
476
464
482
480
490
506
510
508
510
506
510
510
470
492
510
510
510
510
510
494
478
460
444
436
440
426
374
378
358
344
352
338
346
352
358
388
374
374
384
232
238
328
348
358
356
344
356
366
346
368
368
394
430
434
432
438
426
432
440
444
438
434
442
422
442
438
434
428
442
432
434
378
350
368
364
362
360
352
356
302
300
286
370
422
414
412
394
372
348
340
340
338
332
330
326
328
324
330
336
334
328
326
322
320
300
318
312
306
310
344
308
308
308
306
306
308
318
310
308
312
302
306
306
308
308
318
316
324
368
374
366
316
378
386
374
384
394
384
382
402
398
400
410
410
402
398
408
410
412
418
422
358
410
422
440
456
446
458
454
452
470
466
478
470
492
500
500
508
510
510
498
510
510
510
510
508
510
508
510
510
508
478
476
404
442
428
408
432
406
402
402
406
356
352
358
396
358
364
356
312
226
198
258
356
356
358
358
364
358
376
372
424
430
436
444
442
440
444
432
446
436
448
444
450
438
438
440
434
432
430
432
444
412
380
368
366
366
362
362
364
354
360
396
416
420
402
422
412
412
406
402
400
364
348
350
348
344
352
344
338
340
336
332
324
114
324
326
324
324
316
322
298
322
322
322
326
326
328
330
350
358
346
358
368
378
362
320
386
384
390
388
402
390
398
392
396
390
400
378
390
390
400
400
404
402
416
408
412
398
406
414
402
446
410
412
430
450
456
438
460
472
466
480
476
486
492
494
504
494
506
508
510
510
506
510
510
496
510
510
504
510
510
496
456
442
432
436
422
408
414
424
386
298
210
206
270
300
260
304
284
286
226
248
304
356
362
354
376
366
380
414
436
442
450
446
432
444
434
450
438
444
450
456
442
442
454
448
438
440
442
446
448
438
428
324
378
362
366
358
358
376
370
414
414
432
434
432
414
424
424
416
408
412
398
408
404
408
418
416
396
352
344
342
338
338
340
336
344
342
336
346
364
374
380
384
382
388
394
398
390
398
386
394
386
392
402
400
394
384
400
404
394
394
356
386
368
398
396
386
384
386
396
390
398
394
406
410
394
396
410
416
422
402
398
354
376
434
456
442
454
454
458
464
472
480
494
486
488
502
500
500
500
498
506
510
508
506
506
500
510
500
484
490
404
274
238
256
278
262
278
294
286
296
292
328
328
334
360
342
372
336
362
260
290
280
