406
394
388
376
396
386
378
394
396
394
388
422
408
434
418
412
402
420
428
408
408
406
410
418
422
414
424
422
416
422
420
412
412
420
420
418
420
434
426
406
408
418
402
438
432
372
416
410
416
426
432
426
438
408
426
424
420
420
430
424
418
412
416
414
406
434
416
436
418
440
412
410
422
426
434
438
426
414
428
434
420
428
432
408
414
394
350
340
340
332
336
342
330
332
324
314
316
306
316
304
294
306
316
308
300
308
322
304
300
306
304
306
312
302
306
310
316
320
312
316
316
318
324
340
332
336
336
332
336
316
380
128
388
420
374
392
406
402
452
446
442
450
434
434
434
434
414
422
424
436
422
422
410
424
430
444
412
422
432
462
456
384
396
404
394
404
380
384
388
382
382
392
400
394
392
402
406
404
410
400
426
424
424
422
428
432
426
412
422
414
416
406
410
412
414
432
420
410
406
404
420
424
408
426
418
432
382
412
412
426
416
426
422
424
440
424
436
424
430
424
440
432
430
432
428
440
434
438
424
428
428
428
434
422
412
428
412
440
428
426
428
432
428
418
426
410
422
426
410
386
404
348
330
320
330
318
336
338
312
308
302
302
298
306
294
294
302
318
298
304
298
306
292
312
300
322
292
300
318
306
312
288
320
306
304
316
314
312
310
312
220
324
338
342
344
314
328
114
370
410
344
410
442
448
430
438
442
440
410
428
438
420
420
414
424
436
448
418
430
434
426
208
366
408
394
408
408
410
400
410
392
398
398
394
400
382
392
394
392
392
384
388
398
396
402
414
404
410
414
420
410
426
428
430
412
420
418
420
414
414
418
404
412
422
428
414
414
426
434
432
420
430
428
430
424
412
432
414
428
424
426
418
436
426
424
430
422
426
428
424
428
428
424
430
428
430
432
432
432
428
434
424
420
422
424
418
430
432
422
418
414
426
414
316
342
266
390
352
348
328
328
324
318
312
296
314
300
314
312
316
298
308
292
300
300
298
316
314
300
290
304
294
304
310
310
308
304
298
304
314
306
38
302
312
320
322
324
330
326
332
354
326
420
434
374
386
372
432
446
436
424
426
424
432
422
428
432
434
424
276
196
202
418
398
396
406
404
398
402
408
412
398
392
398
404
420
402
400
396
390
390
412
400
384
394
402
370
392
398
392
392
392
396
396
406
412
422
416
422
428
410
414
420
418
428
420
414
422
416
430
426
422
422
424
426
404
420
444
428
422
428
424
426
428
420
432
432
440
412
432
436
432
430
424
430
422
418
438
434
438
426
422
430
438
440
426
422
422
424
422
422
424
428
416
322
332
334
270
416
408
406
400
396
358
334
328
322
310
338
310
306
314
316
300
310
314
312
298
312
298
296
294
292
310
294
312
290
286
304
294
300
284
300
294
290
300
302
314
310
312
320
320
324
332
334
338
346
306
440
214
454
364
416
422
424
412
424
398
206
186
386
414
410
402
402
402
390
402
400
406
394
404
402
412
402
412
412
394
392
402
392
402
390
406
402
396
392
392
394
388
390
394
396
386
386
406
398
392
406
396
404
406
418
426
434
428
412
410
414
430
436
412
428
428
424
424
408
428
424
420
426
420
414
426
430
420
436
418
420
430
428
430
418
428
416
430
424
434
432
436
434
430
426
436
434
424
434
434
426
388
440
432
432
424
352
316
392
304
330
292
424
426
408
412
412
406
398
408
344
352
346
314
322
314
322
314
294
306
304
312
304
312
298
294
306
310
320
294
302
308
294
306
288
292
296
298
298
296
294
300
318
302
304
314
310
300
314
330
320
340
342
330
276
426
186
438
328
192
304
398
368
392
420
420
424
406
414
396
394
424
404
414
410
416
430
396
410
402
382
400
380
380
408
398
410
410
406
394
392
404
414
402
414
416
400
400
406
390
384
388
394
382
394
388
406
402
404
408
412
416
418
424
428
404
406
422
412
420
428
422
416
424
418
432
422
416
428
414
426
428
434
434
420
428
428
422
420
418
432
426
422
424
424
422
438
436
428
434
426
432
442
420
436
424
426
364
328
356
320
348
342
350
410
420
418
398
420
430
406
414
424
338
330
382
398
376
342
336
324
276
316
306
312
300
310
306
298
298
288
284
308
296
292
282
292
292
294
294
300
292
310
292
314
304
310
298
278
288
320
334
306
318
324
336
326
332
316
200
386
234
382
380
376
402
424
408
416
388
414
410
416
424
414
400
412
414
402
402
398
404
398
392
390
406
400
410
398
402
390
408
390
396
416
410
400
408
400
390
406
396
398
402
388
398
380
394
392
380
398
396
402
402
398
400
400
414
416
416
416
418
414
416
430
420
406
432
426
436
414
426
430
424
426
414
424
418
408
418
444
406
428
396
428
428
374
372
372
364
414
416
422
422
432
418
440
418
326
378
376
364
366
382
398
322
400
430
406
416
410
410
404
402
394
408
402
406
412
410
416
400
400
364
332
326
322
298
302
312
316
308
316
298
288
294
294
306
294
286
294
300
286
294
306
278
302
300
298
306
310
306
300
316
308
306
316
304
284
34
206
304
314
314
318
374
274
296
380
426
412
408
418
418
412
412
406
426
416
398
414
410
412
408
406
404
416
394
406
402
408
406
406
414
414
400
410
412
398
422
406
402
400
398
404
406
390
406
416
396
400
404
404
394
386
382
392
384
374
390
404
400
410
418
414
420
420
408
426
426
414
414
406
424
418
428
430
420
426
422
424
410
416
426
430
412
394
370
368
352
354
356
358
378
402
404
434
426
358
404
334
334
402
402
392
362
396
292
408
414
416
424
428
412
404
412
416
414
422
408
410
416
400
404
408
386
416
408
394
364
332
326
304
324
326
318
296
306
298
296
306
304
308
306
276
292
288
300
286
296
300
290
292
306
290
296
292
290
186
174
26
262
288
298
290
294
304
316
312
336
410
416
392
404
420
412
406
406
406
398
382
408
378
408
408
406
402
396
402
400
400
388
372
400
422
400
400
406
392
404
424
396
406
392
366
404
404
406
406
400
408
404
398
400
396
400
382
378
382
384
380
388
398
386
396
382
400
394
388
412
406
412
406
414
412
422
422
412
420
416
420
416
420
422
428
426
434
390
378
360
356
354
350
354
362
356
410
428
402
342
350
330
378
348
386
328
400
344
368
304
412
394
414
418
406
420
414
406
414
410
416
414
416
418
410
414
418
412
412
426
406
384
336
398
400
326
330
324
302
308
320
296
300
308
302
286
296
284
278
294
292
302
288
302
300
318
288
228
196
226
272
278
274
292
286
298
266
280
224
302
294
416
420
410
412
410
424
406
304
330
408
404
408
400
394
412
416
428
402
408
406
396
406
400
408
402
400
388
406
402
396
408
398
400
400
404
396
404
394
396
404
398
384
418
394
404
380
394
390
396
400
388
400
382
398
384
386
398
382
380
390
362
376
394
386
408
408
416
402
420
426
432
420
424
424
418
420
396
392
388
366
354
354
352
368
352
354
362
352
328
328
426
356
308
412
362
402
292
388
316
246
232
404
416
432
426
420
404
414
422
422
412
408
422
408
420
432
402
414
408
406
412
422
420
412
422
392
400
408
408
320
322
308
324
310
304
306
296
304
302
296
296
292
298
292
294
264
192
208
260
272
260
276
256
268
282
278
302
284
268
296
288
410
426
414
412
414
388
380
336
354
308
336
286
400
408
410
422
386
394
396
386
400
406
400
400
394
402
424
404
398
412
396
400
400
398
394
394
402
396
406
408
392
382
384
398
394
390
406
394
416
412
396
400
382
396
400
402
388
326
384
370
372
384
374
382
374
384
390
392
408
406
422
420
420
402
424
432
400
370
380
364
372
352
358
358
368
368
356
242
330
334
316
372
356
342
408
296
394
278
366
344
336
236
420
414
418
414
406
416
414
416
416
390
420
394
422
416
400
416
416
422
420
400
436
410
398
414
404
390
414
408
400
404
398
348
328
326
310
306
314
296
306
304
294
280
238
186
242
282
278
266
292
292
282
268
270
286
272
290
270
274
262
442
420
416
430
418
404
398
350
338
360
340
334
334
240
420
416
396
392
396
404
390
390
400
396
412
382
400
400
398
390
396
404
408
418
392
400
396
400
394
388
400
392
404
394
388
392
386
398
384
398
384
400
376
400
396
398
386
390
384
392
388
380
398
392
378
366
380
382
380
388
392
392
408
410
400
380
384
392
384
362
360
352
368
362
352
354
298
290
292
300
354
276
346
394
338
380
294
370
294
334
308
224
358
418
416
408
408
412
402
430
408
424
418
416
418
428
414
416
406
408
418
418
414
418
404
406
420
406
422
414
414
420
352
404
404
390
396
344
332
312
300
302
306
218
204
272
290
286
282
264
274
296
276
280
280
282
300
290
288
268
330
424
428
412
416
424
420
380
346
364
354
340
390
322
314
318
406
390
402
404
402
392
396
394
400
396
394
400
396
392
400
400
408
396
388
394
382
390
400
388
402
394
382
406
394
390
380
380
384
386
378
390
386
390
396
386
392
400
400
396
402
402
384
392
404
384
392
388
384
354
388
386
376
374
382
354
356
366
360
372
376
380
378
362
360
366
354
266
260
328
272
272
318
370
280
384
288
378
282
362
322
244
218
258
402
424
414
404
414
402
412
414
414
410
408
412
422
418
410
416
416
426
402
416
420
410
424
412
426
410
412
414
402
404
404
408
412
398
400
398
338
330
296
252
266
294
288
302
298
284
302
300
302
304
300
308
314
344
354
338
360
372
420
404
414
408
422
406
430
348
352
378
362
358
346
346
338
296
304
400
386
394
408
402
388
394
390
390
398
392
396
396
394
386
398
406
400
398
414
398
394
394
394
396
394
390
396
386
346
346
366
366
384
372
376
382
386
384
380
388
380
392
398
374
384
378
382
396
398
384
392
390
368
378
384
352
326
336
346
350
354
366
354
358
354
380
346
344
330
276
224
244
304
280
252
336
228
328
206
320
290
272
290
248
268
102
406
412
404
422
406
414
414
408
408
410
412
426
404
402
410
412
412
448
412
414
418
438
424
410
414
404
386
420
408
418
420
416
312
390
390
390
358
350
384
380
378
328
318
302
316
312
318
350
374
376
370
376
368
362
372
376
380
410
418
430
424
424
420
404
330
364
362
350
358
342
362
346
312
306
302
312
394
382
394
402
394
394
398
390
402
392
390
392
392
380
386
388
394
392
394
402
388
386
388
390
376
372
388
390
388
376
390
372
374
394
390
372
390
390
398
380
376
378
366
376
374
376
390
388
386
380
390
398
384
360
352
362
334
340
328
306
298
284
306
286
316
260
226
254
218
176
174
180
128
154
72
94
58
32
26
26
6
10
0
24
50
102
62
116
160
308
376
392
408
406
416
402
412
406
404
408
406
424
406
410
426
432
444
420
416
412
416
426
432
422
420
430
422
406
294
296
322
378
398
408
400
392
446
412
438
446
400
384
380
378
370
386
366
380
364
378
386
366
372
422
416
432
420
414
414
340
310
322
318
330
346
354
354
346
352
336
278
276
386
402
404
404
388
408
406
398
398
402
394
390
370
392
380
390
386
398
390
392
368
310
252
222
222
188
250
368
362
370
378
376
368
380
386
368
380
366
370
374
376
374
378
376
372
356
374
370
386
382
388
334
320
306
310
286
258
186
142
102
112
58
84
160
166
194
98
34
20
36
142
40
0
28
10
4
0
0
28
82
6
36
68
38
116
16
26
20
64
22
16
34
80
92
70
102
190
344
408
398
412
422
414
410
416
418
424
424
356
418
428
432
432
430
412
416
418
376
378
424
448
434
426
442
450
442
460
452
446
450
444
456
430
410
378
396
384
392
378
370
380
340
338
406
426
426
420
420
340
348
324
338
340
336
332
374
340
348
312
338
320
240
278
408
394
410
404
398
372
380
394
386
400
382
370
390
370
374
378
378
312
232
196
198
170
140
128
122
122
116
98
208
368
370
372
360
372
368
356
360
366
346
360
264
134
100
100
96
124
74
68
88
14
50
52
8
54
0
46
16
24
76
0
8
62
88
32
60
12
0
42
38
0
48
22
0
22
22
64
18
4
68
286
12
2
66
2
0
30
68
76
26
46
30
74
192
142
90
14
40
116
36
72
128
162
360
404
420
410
424
424
416
438
432
444
430
446
408
424
450
452
460
456
456
454
462
460
450
444
392
460
452
442
452
394
382
398
380
390
386
370
372
342
348
344
364
406
408
422
428
328
298
360
352
350
338
336
342
326
340
332
298
254
234
206
244
394
402
398
402
406
400
394
400
378
346
338
368
370
374
326
212
206
164
132
136
108
92
94
66
52
58
52
32
66
56
80
78
84
30
56
2
56
32
32
2
28
64
22
2
66
60
2
72
6
66
80
6
88
14
86
76
44
96
42
48
52
34
8
48
30
2
14
42
262
2
56
40
34
102
22
74
22
60
76
300
10
2
4
60
10
56
70
4
16
62
38
296
136
76
4
0
86
86
88
208
376
162
172
98
84
210
460
456
460
448
414
428
448
464
450
478
468
460
454
466
450
462
462
464
460
462
450
430
442
388
396
368
374
374
366
372
380
330
338
334
340
346
350
392
410
326
318
330
342
348
362
358
354
328
322
354
308
218
298
218
164
216
222
384
402
394
390
380
332
302
278
288
280
280
284
254
216
176
84
98
84
70
42
16
2
18
62
24
32
124
68
22
18
70
8
4
90
98
2
32
72
66
28
40
60
72
2
44
22
80
78
42
94
102
42
82
42
90
16
58
142
16
14
84
22
2
68
30
4
54
46
2
20
6
28
58
2
64
66
0
2
46
34
6
32
52
32
44
150
54
320
32
42
90
70
258
282
22
60
46
68
132
144
304
222
316
284
74
116
138
206
446
452
472
456
460
458
452
466
462
462
464
466
466
452
456
462
436
440
398
390
388
378
366
354
378
374
336
336
352
330
346
346
342
344
350
322
274
276
316
332
358
352
310
342
304
306
276
280
216
164
158
160
118
156
160
366
340
302
296
284
282
276
256
260
266
268
250
240
80
20
0
38
202
68
52
0
68
86
88
52
60
88
80
12
74
108
48
34
102
94
50
12
92
102
68
20
130
24
114
64
56
70
66
46
46
16
72
154
68
96
28
34
148
78
4
74
48
8
128
36
12
60
6
74
58
14
98
14
4
60
108
40
0
84
64
2
62
212
30
280
46
54
10
62
104
14
56
90
36
16
50
38
46
16
124
40
300
348
362
16
46
112
50
148
448
454
460
456
470
468
462
480
486
462
442
460
456
452
464
392
386
386
382
364
354
338
340
330
336
338
340
346
344
334
346
334
320
280
242
244
244
256
276
294
358
290
250
284
258
228
214
162
112
104
86
96
52
64
68
66
72
114
78
40
46
80
16
10
62
6
18
230
58
22
98
32
88
66
108
14
80
82
60
68
80
54
54
46
44
40
126
62
92
78
60
42
74
202
118
60
50
64
134
188
110
94
36
74
108
80
78
130
102
86
38
82
30
16
54
54
50
62
52
58
22
4
72
8
12
14
48
26
30
114
38
20
36
78
30
212
26
20
40
80
10
12
62
62
24
14
70
32
42
0
66
30
102
80
26
62
190
142
24
82
114
10
218
172
444
460
456
468
474
442
462
470
466
442
438
450
392
374
348
368
350
344
326
332
350
410
378
358
352
344
344
378
342
326
342
292
248
256
232
252
262
310
314
276
244
240
204
188
122
142
176
270
66
96
102
98
26
76
86
32
84
122
64
108
156
16
120
78
54
110
68
36
26
60
142
56
10
64
110
96
0
62
64
36
20
64
134
52
14
46
114
74
42
82
24
68
110
10
166
68
114
50
58
108
34
82
124
38
44
102
68
40
52
80
32
80
100
282
106
196
68
122
24
46
38
318
22
100
48
30
114
82
50
330
40
76
4
6
90
86
22
14
116
118
100
40
64
120
46
198
4
506
52
48
52
66
504
20
122
52
78
182
300
146
148
394
112
178
446
470
460
458
452
448
442
446
410
370
364
366
338
352
334
324
334
336
392
410
400
396
398
396
274
330
264
252
264
232
108
148
244
298
282
296
292
270
240
214
166
162
150
126
108
136
100
98
98
102
176
92
78
202
48
86
268
50
208
84
122
232
132
46
116
192
176
62
44
108
174
78
36
142
108
74
52
154
176
74
34
96
178
30
70
160
26
116
78
28
202
26
142
60
50
198
48
108
88
18
114
172
86
72
146
118
16
96
104
16
182
54
138
34
6
50
32
8
64
128
34
20
60
74
36
24
78
24
4
112
216
54
6
42
122
114
88
18
42
106
44
56
136
62
160
70
106
156
212
12
72
118
154
16
58
48
364
338
96
50
24
54
156
442
442
426
412
452
430
382
364
360
350
336
344
336
352
340
342
400
408
386
398
380
282
296
252
246
260
274
274
270
284
276
248
242
288
274
256
236
188
146
138
146
152
114
108
136
154
98
182
212
72
110
156
80
196
180
112
144
110
122
82
84
126
124
64
40
112
130
84
70
52
108
72
30
98
78
70
36
58
80
56
8
72
148
40
100
104
18
132
42
122
88
82
92
38
120
88
178
92
82
74
56
92
138
38
76
102
28
76
42
82
54
52
120
42
8
64
40
22
50
104
66
24
86
48
26
18
74
4
6
22
50
58
130
26
18
34
4
150
108
84
2
38
76
158
128
262
44
36
188
142
96
62
112
246
66
46
32
54
66
76
82
156
190
450
444
426
400
374
362
336
334
336
326
334
338
342
348
322
326
316
234
212
262
254
274
296
278
272
254
260
266
268
272
234
274
236
218
224
188
176
162
144
170
156
128
104
102
116
94
122
148
100
80
120
80
116
106
124
78
80
116
120
82
86
72
90
56
60
88
60
54
64
86
54
44
60
60
82
40
74
54
48
42
62
82
68
48
46
44
52
44
80
40
64
44
120
46
46
70
38
52
42
72
52
82
40
6
18
64
30
72
38
4
24
14
6
42
26
18
20
42
20
18
38
22
8
24
44
38
0
58
36
30
26
16
34
136
130
118
36
20
108
110
150
108
46
36
48
100
78
100
58
84
324
76
42
14
100
144
74
76
30
152
120
144
210
418
418
366
356
328
340
332
336
342
346
350
340
308
304
200
208
244
248
258
266
266
258
236
274
296
262
250
216
256
216
216
212
176
184
156
144
148
142
158
106
116
154
156
182
228
106
174
180
90
162
178
138
90
104
166
128
58
142
124
100
54
82
88
98
66
68
68
78
76
106
126
92
48
46
98
94
46
70
98
42
92
76
48
286
108
104
112
48
108
66
66
84
36
74
94
24
12
80
102
54
58
68
16
32
14
76
48
6
12
42
18
44
26
42
20
34
82
18
20
84
30
32
84
90
24
0
18
2
12
52
50
28
12
56
90
62
52
68
92
66
74
76
26
130
254
114
154
188
156
70
54
66
262
218
238
170
66
14
98
132
150
180
224
312
342
332
332
332
324
334
336
344
344
114
96
164
190
178
186
204
228
254
254
256
236
264
236
260
238
232
238
222
212
180
168
188
156
168
186
164
216
192
192
250
190
216
242
188
186
204
170
172
166
130
180
166
168
126
124
142
124
102
60
94
158
100
66
86
88
64
56
98
76
52
94
74
118
48
56
66
78
36
78
64
64
66
22
62
36
96
72
68
82
32
78
46
64
52
68
70
60
66
82
30
22
50
32
18
6
18
50
32
180
44
16
10
4
26
14
16
26
24
34
6
46
34
12
36
56
98
44
22
6
130
168
82
88
60
82
168
178
76
46
64
38
46
138
138
142
138
74
148
190
458
196
262
370
146
72
152
78
156
106
122
166
210
330
330
336
338
334
334
340
334
186
170
162
196
202
212
188
194
218
212
194
210
196
236
224
182
202
192
196
176
182
172
146
210
210
232
254
276
292
298
306
304
318
272
322
268
250
212
218
280
250
208
222
290
220
214
164
230
264
182
174
154
170
190
102
106
244
182
116
124
240
194
134
80
168
136
86
164
120
76
156
72
100
94
42
150
40
174
122
70
174
60
166
50
164
126
108
170
188
60
210
84
42
66
34
78
58
20
132
124
40
18
108
104
28
70
104
34
16
92
92
52
38
52
200
90
44
30
60
166
66
4
16
28
62
54
36
46
120
8
38
28
46
84
106
148
96
196
296
298
324
504
184
288
86
56
348
298
102
192
32
96
166
184
326
340
332
358
340
330
342
294
290
246
214
120
174
216
204
232
222
220
190
172
182
144
142
164
182
176
182
180
176
194
208
224
266
290
304
318
346
382
382
394
390
372
298
338
340
344
312
326
318
346
298
218
290
280
236
210
220
218
248
144
138
228
160
162
148
140
134
136
170
222
154
106
122
212
112
108
176
84
192
98
122
130
112
126
68
130
150
66
182
88
90
70
148
140
112
104
128
60
60
142
172
126
72
44
90
58
42
64
142
98
26
124
110
64
124
86
68
68
46
48
10
34
42
56
22
16
4
34
6
4
22
16
36
54
68
8
6
24
62
130
96
188
106
116
254
238
306
322
408
370
154
112
124
262
230
310
158
12
100
76
188
174
292
342
346
336
334
318
202
194
196
190
292
270
264
218
184
222
226
186
208
202
200
244
234
250
302
358
372
362
374
374
394
392
384
386
402
400
386
398
404
398
390
354
348
336
310
320
296
294
314
304
322
310
252
322
286
260
276
226
262
234
220
158
206
184
174
132
150
130
212
128
140
150
154
152
68
106
120
82
142
80
82
90
114
70
122
106
88
72
88
92
110
120
110
100
86
116
86
72
76
70
56
82
78
78
50
108
20
66
68
66
66
80
98
32
40
78
34
12
52
54
44
60
88
74
54
44
18
12
20
76
24
54
80
18
2
34
40
130
82
106
134
108
322
274
288
268
172
262
344
260
94
152
506
492
456
98
140
226
246
324
220
166
316
338
332
336
332
218
206
194
196
198
188
178
252
256
276
268
286
310
220
238
202
214
184
118
142
266
378
372
366
388
390
374
402
380
394
394
406
402
396
394
400
346
326
316
300
314
300
312
326
318
296
292
324
322
314
296
286
302
272
270
274
272
274
192
240
212
196
150
180
150
142
150
124
166
142
156
126
138
110
110
152
118
140
74
124
126
98
106
122
92
110
108
122
114
108
124
90
82
70
58
80
104
82
94
96
66
82
72
88
94
94
80
102
50
42
52
86
108
48
82
182
134
46
42
18
30
34
28
80
74
86
48
2
26
104
88
488
140
160
50
96
386
182
230
260
242
314
194
248
76
86
252
298
364
200
118
0
0
270
242
172
140
332
326
354
340
212
244
268
242
210
220
214
200
204
222
220
214
244
280
316
344
332
284
228
214
204
216
158
142
116
356
378
376
386
386
388
394
392
390
396
404
372
334
322
318
314
300
328
358
346
360
346
324
292
306
318
334
328
330
324
316
284
320
320
262
286
284
250
248
202
202
238
140
192
178
174
166
152
152
158
142
166
108
182
118
140
100
138
86
158
150
114
66
124
146
106
144
100
102
86
100
98
118
92
76
90
90
88
68
106
100
102
48
88
76
60
120
72
114
128
130
146
120
130
132
106
118
106
74
42
92
64
128
38
68
434
74
78
172
60
96
346
264
180
248
478
490
334
212
130
134
182
230
508
16
294
504
126
230
180
158
166
160
338
334
298
272
310
312
306
312
320
322
272
244
270
228
218
220
218
260
248
278
244
284
306
336
358
252
220
228
224
222
158
122
184
402
408
390
392
402
388
394
386
320
332
320
320
362
362
368
378
344
352
328
334
286
308
278
266
300
316
310
326
338
344
320
294
322
284
310
234
300
230
170
230
234
174
222
164
156
152
104
128
120
136
106
106
126
162
106
140
142
126
138
140
192
122
114
148
124
148
124
92
118
114
108
66
106
108
66
94
82
82
66
96
90
88
122
132
108
122
104
92
112
100
72
64
48
70
92
146
92
62
140
88
16
34
96
168
72
16
242
240
260
274
234
190
242
118
152
178
152
230
208
246
52
166
242
266
180
242
174
146
342
328
324
312
328
334
328
332
334
346
312
308
290
294
280
248
258
274
242
216
242
238
256
248
242
300
330
336
364
332
256
244
248
246
210
124
154
312
378
382
386
376
336
316
330
360
336
342
328
364
332
334
334
322
302
306
308
324
334
376
364
336
312
304
314
308
300
300
292
290
264
282
288
284
264
250
234
214
220
224
180
220
152
168
152
146
152
160
140
142
180
112
132
122
118
172
170
110
160
120
150
90
138
146
142
126
112
116
138
92
112
76
110
108
128
136
88
96
94
106
70
56
58
64
70
52
44
60
40
30
28
40
80
90
4
42
164
206
2
216
234
194
240
314
230
194
138
86
100
152
196
172
230
198
304
422
388
326
348
468
166
112
336
344
330
334
340
342
330
330
318
332
318
312
300
322
286
276
268
274
268
272
282
238
240
248
222
254
232
224
242
320
314
358
368
282
242
264
228
220
152
124
168
354
300
312
314
322
326
308
332
322
288
290
322
310
358
392
388
390
382
380
382
356
376
370
372
330
356
342
292
286
304
290
278
262
282
260
262
232
256
244
220
276
212
224
224
168
180
186
124
80
76
104
84
140
124
160
176
146
148
216
200
132
142
106
144
166
154
140
158
154
162
158
158
132
124
166
148
148
126
132
114
132
162
136
116
80
94
104
88
62
68
64
92
110
188
216
250
174
64
316
342
212
224
248
220
176
150
124
144
176
162
196
198
356
274
210
336
318
490
298
174
154
320
318
344
332
346
340
326
326
326
312
308
306
296
278
286
282
286
278
260
244
234
252
290
276
262
246
242
220
240
224
268
260
322
286
370
368
322
246
260
248
206
252
250
276
284
314
308
316
316
340
388
406
412
396
392
396
398
398
394
386
396
382
388
368
384
370
366
360
346
334
348
320
276
256
260
242
236
252
262
278
260
232
220
188
156
136
118
90
74
104
126
154
206
392
234
354
242
200
184
182
236
184
228
232
204
200
186
202
200
204
214
218
204
172
214
200
152
170
224
234
226
252
234
210
168
208
168
198
174
138
138
170
182
244
224
240
268
138
194
248
228
224
246
212
202
188
182
110
136
168
202
288
256
244
252
192
140
176
138
140
210
272
476
450
334
324
342
330
340
322
326
302
312
302
294
274
272
272
272
258
272
252
246
234
208
210
192
200
292
246
260
252
254
240
238
238
274
236
282
306
326
306
250
228
212
176
282
290
116
178
444
438
456
448
438
406
380
396
396
394
396
398
400
386
382
368
376
384
372
366
370
372
358
360
358
348
308
264
238
216
190
206
184
182
166
166
218
282
272
266
264
284
272
282
314
314
270
280
264
282
250
278
278
266
264
210
204
248
272
226
252
218
276
268
274
280
236
226
250
268
268
284
246
328
246
318
314
330
334
496
324
322
342
268
232
252
236
236
200
174
248
240
236
280
280
258
262
264
268
212
210
234
270
218
200
234
290
240
180
182
206
280
294
426
438
474
456
476
460
404
316
318
312
312
308
298
290
284
268
272
274
254
252
240
232
212
194
184
182
172
180
184
180
238
294
282
242
238
250
240
254
248
238
252
332
308
288
356
214
224
238
244
246
152
142
282
460
452
460
452
452
448
454
454
432
390
406
390
398
382
380
378
372
376
360
344
300
224
234
256
228
208
236
268
264
254
256
250
240
230
220
238
234
230
240
248
250
246
244
248
272
278
282
268
280
304
296
278
302
306
298
298
304
294
302
300
306
306
300
306
314
312
336
294
320
316
302
340
348
286
294
284
288
290
254
276
286
266
276
264
236
268
272
264
264
262
276
258
288
256
254
232
224
274
246
238
226
198
242
294
266
198
306
348
376
372
404
406
428
426
454
456
492
502
456
384
292
280
292
262
272
258
254
244
236
204
184
184
172
188
178
170
166
186
178
174
170
172
186
276
268
290
246
232
240
256
240
262
222
232
322
358
398
356
258
246
256
240
206
142
156
386
444
438
442
448
442
444
456
442
392
394
380
374
360
374
330
326
300
302
290
310
356
354
354
366
340
334
316
280
268
272
266
260
248
246
250
256
266
270
268
286
286
298
280
298
298
310
310
304
304
308
316
292
300
304
314
292
316
304
314
288
314
310
274
276
260
242
238
230
250
240
244
286
316
312
326
326
330
340
338
328
348
340
326
336
352
322
340
368
340
338
346
330
326
336
346
326
344
336
334
340
296
340
336
308
322
334
348
342
388
414
402
410
432
444
450
464
488
456
480
406
320
252
252
210
206
208
196
186
192
194
186
182
186
180
150
180
190
170
188
170
166
186
168
264
266
256
270
248
240
242
256
262
252
334
270
352
388
292
254
244
250
248
154
110
184
410
390
382
386
388
382
386
388
390
376
376
378
394
402
404
380
396
394
386
384
384
386
370
370
386
362
358
330
302
286
290
272
294
296
290
298
324
322
298
324
320
320
308
324
322
320
330
326
314
314
308
322
324
314
318
326
318
310
316
312
310
252
282
248
260
266
254
316
322
334
338
340
350
342
354
352
356
340
364
354
344
356
334
348
352
356
342
350
348
356
362
334
346
318
344
352
336
346
330
320
330
316
318
322
308
326
330
332
360
402
418
416
426
444
456
462
472
492
494
484
482
366
232
206
212
182
208
196
202
194
180
186
186
180
170
176
188
180
182
188
188
182
178
230
300
272
274
248
238
248
224
238
230
242
296
356
402
400
250
248
236
234
188
118
130
236
378
382
410
438
444
468
418
452
456
418
454
452
448
436
454
450
460
460
434
452
434
460
450
454
444
440
426
422
396
396
390
402
400
404
414
392
414
404
416
386
404
380
380
388
376
350
350
342
344
342
338
340
354
338
346
356
354
372
336
336
358
360
324
388
388
392
392
378
394
374
410
408
398
384
388
372
374
366
352
350
342
348
358
352
344
350
358
352
350
346
356
344
344
346
358
348
344
342
346
332
340
334
328
320
336
328
328
338
378
416
422
432
438
460
466
460
464
496
500
492
500
506
308
192
210
202
194
186
178
192
180
170
178
176
184
178
188
170
182
176
174
186
200
282
240
228
256
242
204
196
206
230
206
260
266
406
366
266
226
206
210
204
154
124
166
432
428
452
448
450
448
438
456
448
454
448
446
454
442
448
442
458
470
466
446
460
458
454
446
402
448
470
446
422
422
420
426
430
422
420
416
412
410
426
416
414
400
420
396
406
420
418
416
412
406
408
264
408
414
424
404
418
422
422
420
430
432
440
438
434
414
426
430
432
388
408
426
426
416
362
334
350
352
336
354
350
354
344
346
342
354
352
350
358
326
378
372
378
368
380
366
372
366
364
360
340
340
356
356
336
342
354
344
344
366
402
422
434
454
452
462
464
486
494
508
508
510
488
488
402
244
204
204
198
186
188
168
174
188
178
174
184
178
178
176
178
184
184
206
264
228
206
194
206
202
210
200
204
196
328
318
360
354
246
202
266
262
250
152
146
238
428
440
456
464
444
458
436
464
464
466
454
462
466
466
458
466
450
458
454
430
474
470
466
320
426
478
466
440
424
422
424
422
438
424
406
420
440
422
422
424
426
410
434
430
430
424
368
428
446
436
470
416
438
434
424
438
430
436
420
420
422
382
452
430
428
440
432
426
428
358
340
344
348
352
350
342
360
354
352
342
356
354
340
328
280
390
392
400
388
394
392
390
398
404
390
402
396
404
390
402
384
372
364
352
348
354
346
346
342
338
370
410
432
456
456
472
470
484
494
508
510
510
510
510
510
472
502
332
192
178
178
174
170
164
180
194
182
172
188
184
188
186
176
204
262
202
194
218
194
202
214
210
212
274
324
386
404
376
254
270
266
260
236
138
164
350
440
446
452
454
438
464
460
458
456
454
466
468
466
458
446
480
480
448
464
488
470
468
470
474
486
478
476
432
446
448
416
432
420
434
432
434
428
426
440
438
456
466
474
460
458
468
456
440
434
420
434
440
444
446
424
434
392
428
432
438
432
438
408
416
352
354
344
356
342
350
344
350
348
356
336
348
326
346
332
120
408
398
408
410
404
400
408
414
410
410
416
418
414
402
410
420
422
408
410
406
414
412
380
378
358
368
354
356
354
362
360
356
384
446
462
472
472
486
490
508
504
506
510
508
508
510
510
510
510
506
502
406
286
198
170
188
194
190
194
182
176
198
180
252
226
238
248
206
222
210
220
222
252
362
328
382
356
258
272
260
278
270
198
164
192
418
430
446
446
448
464
470
442
460
474
484
472
468
488
482
478
490
498
480
472
488
502
488
504
496
494
492
472
466
448
448
446
462
420
476
460
468
500
466
470
480
480
492
468
464
436
436
452
450
438
450
438
442
436
438
422
418
432
414
376
350
338
346
354
350
346
304
350
352
338
486
356
344
342
322
222
414
402
416
404
424
414
402
424
420
414
422
426
424
432
430
424
428
430
430
432
430
424
440
426
428
420
424
426
416
402
400
376
372
370
370
358
362
368
370
392
454
466
482
472
490
492
482
504
506
508
510
510
510
510
510
510
510
508
510
510
510
498
508
510
498
494
464
358
286
282
252
242
230
268
232
214
234
294
282
314
406
394
262
258
270
280
262
168
198
266
424
438
438
472
452
480
494
498
478
452
484
502
492
480
480
504
498
502
486
508
504
508
510
506
506
488
502
454
428
466
470
480
480
460
486
478
464
472
478
466
470
448
436
442
456
438
440
448
432
430
446
426
420
400
360
350
352
330
346
342
360
344
352
346
342
358
360
348
332
248
222
