416
408
412
414
406
410
408
396
408
406
406
408
398
402
400
396
396
392
390
398
396
402
394
410
396
406
398
380
396
392
384
374
384
382
382
392
380
388
388
394
392
380
402
394
388
390
386
372
396
384
394
406
408
420
414
408
404
404
406
390
402
398
406
412
412
392
406
398
404
408
408
414
412
428
430
428
438
446
438
438
440
430
434
436
428
434
428
432
428
442
432
438
444
450
432
436
424
434
432
440
436
432
422
438
426
432
418
410
430
424
410
430
412
418
402
402
408
406
400
402
396
376
388
386
396
396
402
406
412
412
440
432
444
460
468
452
460
446
456
452
434
456
444
426
434
434
420
422
418
414
424
408
422
422
424
416
426
418
412
400
378
412
404
408
420
414
412
412
406
412
404
410
404
404
398
402
400
396
396
402
400
392
402
394
394
402
404
398
394
388
384
382
386
386
384
392
388
396
394
390
408
402
402
402
406
390
414
422
432
424
414
406
418
436
440
438
428
426
416
418
430
426
432
430
430
430
426
436
422
448
436
428
432
430
324
438
454
444
430
444
422
442
448
448
444
434
438
442
436
432
422
432
436
446
444
446
442
442
430
446
448
444
432
432
440
438
436
450
438
428
438
442
430
428
434
422
420
414
424
438
428
410
420
434
426
428
436
432
446
462
462
460
468
474
476
482
474
480
450
450
444
436
444
432
418
426
422
426
422
422
414
410
426
434
422
424
428
428
420
414
360
388
410
418
418
412
406
412
416
418
408
406
406
412
412
402
404
396
408
406
402
402
400
408
392
408
406
404
400
390
386
396
402
394
392
402
402
404
404
416
436
430
428
428
430
428
432
430
440
422
428
430
446
456
450
444
456
448
442
448
444
446
442
436
444
442
440
444
444
446
442
452
426
428
408
456
450
446
454
454
444
450
440
456
446
382
378
410
344
378
366
438
444
444
442
450
444
446
448
448
456
442
434
446
440
450
442
440
440
450
438
436
444
444
438
438
446
454
428
440
442
420
426
440
454
444
442
458
472
466
472
482
478
478
478
482
484
480
480
452
452
436
448
440
442
428
434
424
416
414
410
416
440
434
402
428
422
436
436
410
372
314
348
412
406
430
416
428
422
416
422
412
410
406
422
420
406
404
406
402
402
412
400
404
398
410
398
406
404
392
402
388
396
396
408
412
428
422
430
438
438
430
434
440
446
442
440
440
442
446
442
434
452
450
466
462
456
456
462
448
450
452
444
456
434
448
452
440
444
444
438
454
456
450
436
452
446
448
458
456
440
438
442
452
448
436
348
370
380
420
378
366
344
438
442
438
436
448
440
444
446
452
442
434
442
450
446
442
442
452
452
442
446
450
454
452
458
450
450
444
454
442
424
448
458
458
460
482
484
480
476
480
486
490
494
480
488
480
490
478
460
448
454
446
450
438
438
418
384
410
408
416
420
420
418
424
426
420
436
414
418
400
320
356
432
426
428
426
416
430
434
424
418
432
428
426
414
412
410
402
412
418
414
426
412
410
418
410
408
414
424
418
422
430
432
432
444
418
434
438
436
440
450
440
436
442
438
434
434
442
444
442
446
446
468
458
464
462
452
472
452
456
456
456
458
454
458
450
450
452
450
452
444
444
440
448
448
450
448
448
448
448
432
448
436
458
448
372
374
362
380
366
400
394
400
344
432
440
434
440
446
454
440
444
432
442
444
444
448
456
452
444
452
452
438
446
452
460
454
448
460
440
440
456
454
460
476
484
484
488
478
480
490
484
498
486
492
492
500
484
482
460
456
460
446
436
434
406
394
408
408
406
416
422
412
424
414
430
430
426
434
422
408
330
370
444
450
450
448
452
446
438
452
446
434
434
440
432
432
434
444
438
452
438
436
438
442
442
440
442
434
442
440
448
442
426
430
434
446
440
446
440
436
442
444
410
440
442
446
440
442
438
446
458
466
472
468
456
452
458
468
464
458
454
456
460
454
452
450
456
446
462
438
452
446
446
444
450
446
446
446
448
446
448
452
444
446
444
340
374
378
378
410
378
394
366
388
368
306
430
444
446
444
446
436
444
442
448
446
450
456
454
456
452
438
452
452
462
460
460
456
456
446
454
460
476
488
480
494
484
492
484
492
490
490
494
496
490
496
492
486
484
464
452
456
448
434
422
418
412
410
408
408
412
414
408
406
408
422
420
432
424
418
382
376
362
470
468
464
462
452
456
466
466
464
460
444
458
448
450
448
454
454
454
458
452
454
452
448
446
432
442
436
446
434
430
440
440
448
438
436
440
442
440
446
446
438
448
438
442
448
450
438
448
462
464
474
458
470
456
464
472
462
460
476
476
458
452
448
452
454
448
442
454
430
444
452
444
438
444
448
442
442
438
452
436
438
446
446
386
352
370
352
354
394
394
380
410
364
364
350
322
444
430
444
436
446
444
446
450
448
454
448
454
450
464
456
460
462
460
462
456
456
454
462
480
484
494
490
486
488
486
490
484
492
492
482
496
496
480
488
490
478
460
456
450
432
436
422
422
410
416
410
412
410
410
410
418
418
408
424
426
422
416
406
344
356
478
470
466
464
462
468
470
460
458
458
466
454
458
460
468
460
466
458
454
450
444
420
442
444
440
434
442
442
438
436
436
434
412
430
440
436
442
442
442
444
440
442
436
428
442
440
450
452
456
474
462
454
460
458
468
432
466
460
476
468
452
454
460
450
442
456
462
462
460
464
454
438
436
442
432
436
448
444
450
448
440
452
440
364
348
316
342
336
366
354
364
346
376
376
350
362
332
308
428
438
446
440
442
452
454
456
452
452
456
454
418
468
456
458
468
452
460
480
486
486
480
490
484
500
496
494
492
496
504
496
498
494
500
500
492
486
482
458
454
446
436
428
416
424
418
422
416
414
410
410
416
416
414
420
422
420
408
414
404
332
364
474
476
478
466
458
470
476
466
472
458
456
458
460
460
472
462
456
466
462
450
450
446
448
444
416
444
436
436
426
440
436
438
438
448
442
434
442
432
444
436
434
432
440
430
428
438
446
456
466
452
466
462
456
462
466
466
462
466
480
460
452
456
452
444
450
458
460
456
454
448
442
454
432
422
412
410
416
440
434
434
438
446
432
368
348
334
322
338
322
350
422
340
354
384
342
354
362
334
320
318
430
438
434
448
456
460
450
464
460
464
466
466
462
470
468
462
482
484
490
494
496
500
502
498
506
502
476
506
498
502
506
504
504
504
490
494
482
470
452
438
434
424
416
416
408
414
410
406
412
416
404
416
414
420
416
422
418
418
404
338
354
478
474
464
462
466
476
478
458
458
468
464
462
472
468
458
466
458
450
448
452
442
414
388
410
412
444
438
442
450
440
432
436
438
430
430
426
442
444
438
426
436
424
432
428
426
440
446
458
468
462
466
460
460
458
462
468
460
478
460
456
456
448
450
456
460
460
460
468
448
440
434
432
436
408
408
400
408
396
404
404
404
430
434
368
348
340
334
314
332
310
398
330
326
362
312
350
320
324
330
328
274
230
360
432
454
450
458
450
460
468
464
464
480
466
472
472
488
494
496
498
504
494
498
496
500
486
490
496
502
490
498
498
506
490
494
490
462
456
438
432
428
420
416
404
406
406
408
406
412
408
406
410
416
416
424
414
414
410
402
314
350
478
478
462
466
484
478
448
458
458
464
464
470
474
460
468
452
452
454
432
266
392
408
430
432
428
440
444
434
440
442
442
440
444
442
428
436
438
440
434
434
428
428
426
426
424
436
444
472
450
454
464
466
472
462
464
466
474
482
450
462
458
456
452
460
450
458
446
442
442
440
432
426
414
400
390
396
394
390
386
386
396
404
404
338
316
298
296
324
260
338
350
322
282
284
278
272
232
222
192
168
128
166
188
194
208
208
248
330
428
456
456
478
478
474
478
486
480
482
494
490
500
500
496
500
498
492
504
498
504
502
506
504
500
502
492
480
478
454
444
430
430
414
414
402
400
400
398
412
420
408
408
422
414
408
408
412
416
406
402
318
350
478
466
472
476
480
466
456
460
468
470
464
474
454
450
458
462
454
448
456
446
428
434
398
422
444
438
438
440
432
446
436
442
442
436
428
434
432
438
422
436
422
418
412
424
440
438
458
456
456
464
458
462
460
462
468
480
482
468
458
450
444
458
456
454
464
452
448
440
438
438
438
430
414
396
392
384
384
388
374
376
370
386
378
304
322
312
274
234
244
258
226
190
158
188
152
234
158
176
172
158
142
152
128
160
168
146
166
172
148
168
172
186
178
220
290
236
330
456
472
486
490
502
502
498
500
504
496
494
506
492
494
484
492
490
498
480
472
454
444
432
424
412
400
412
408
410
408
406
410
406
410
412
412
410
368
412
412
396
460
324
340
480
472
476
476
474
468
458
458
460
452
460
454
462
456
460
446
448
450
444
442
386
406
414
432
448
436
432
428
438
442
432
448
434
446
430
428
438
430
428
420
430
416
420
420
432
442
460
446
448
448
452
456
452
452
464
486
454
456
454
448
452
452
456
448
446
450
436
438
416
420
426
414
396
384
378
366
372
358
352
330
348
326
270
214
200
184
172
174
238
164
156
144
160
184
174
162
182
188
154
120
160
186
156
90
122
160
108
96
140
152
130
120
114
146
138
184
152
168
222
190
214
226
268
312
464
488
500
498
490
494
496
500
496
500
478
490
472
466
428
414
416
410
404
406
400
410
410
414
418
408
408
410
412
406
406
402
376
510
508
346
496
484
480
394
322
462
466
464
462
470
460
466
466
450
458
450
454
450
446
450
448
436
442
414
432
440
430
434
432
438
430
430
442
432
430
410
442
434
420
422
420
422
406
416
416
432
452
446
440
440
446
450
442
452
458
472
404
462
458
446
446
448
446
456
442
422
444
424
418
424
406
404
380
354
282
226
222
224
178
180
164
184
178
144
164
132
134
158
126
152
148
116
166
178
144
172
178
170
132
174
206
160
110
116
122
124
92
126
150
126
70
126
130
140
164
116
92
150
124
132
194
120
156
164
192
198
254
274
246
262
462
506
498
504
508
490
486
478
454
438
426
410
416
406
398
408
410
418
408
404
406
408
406
418
400
380
334
360
414
398
326
324
470
470
444
386
360
332
454
456
468
478
458
458
452
438
456
452
444
448
442
436
432
436
442
436
424
434
432
436
432
442
434
432
434
422
410
414
390
414
412
398
410
416
402
414
432
432
436
436
434
444
428
440
436
448
466
456
448
436
430
436
440
434
434
406
412
336
252
248
236
232
164
162
150
206
130
134
182
136
120
176
116
128
176
160
132
174
156
116
146
172
152
152
158
192
170
114
114
180
158
118
140
160
126
88
114
132
124
86
102
150
112
116
110
128
152
140
82
94
154
112
158
158
138
86
140
126
136
190
248
212
204
272
322
490
484
484
476
448
432
426
410
406
416
418
420
400
404
398
404
412
408
418
410
410
358
362
396
408
370
320
336
486
472
454
404
392
390
334
410
460
468
466
458
454
446
454
446
448
440
380
436
438
434
438
438
428
430
434
440
434
440
436
420
420
428
410
418
374
332
286
226
244
256
320
408
426
432
430
426
438
428
424
438
438
446
452
454
436
426
414
404
304
252
222
170
214
152
166
186
140
146
144
112
164
136
130
186
152
148
170
132
158
176
150
146
196
154
122
198
280
84
176
164
116
102
162
112
146
106
132
164
150
138
148
158
114
100
132
96
126
98
134
118
100
140
130
76
144
88
106
144
116
72
136
158
104
204
156
122
112
140
202
194
196
258
238
302
460
438
434
424
418
414
412
424
412
410
402
402
418
414
394
406
418
404
404
408
416
370
420
308
346
478
474
462
414
396
392
384
358
348
458
464
454
460
452
446
452
444
416
438
430
430
434
438
426
426
428
434
440
436
426
428
424
410
418
414
340
260
222
184
178
174
186
204
222
242
244
388
408
418
404
414
430
418
430
424
260
226
222
234
194
148
154
180
186
130
196
180
132
148
140
136
140
190
140
134
194
184
176
150
166
126
244
138
164
108
104
242
164
114
174
150
94
158
138
90
122
154
138
116
130
160
136
168
160
168
112
68
122
130
112
96
128
142
128
150
170
102
128
136
94
114
136
122
124
142
84
120
100
142
252
90
92
162
110
178
200
224
254
414
416
418
416
434
414
414
408
406
410
416
408
414
420
406
412
412
416
406
378
392
290
344
472
476
470
408
422
416
392
380
374
338
346
454
456
450
444
444
442
436
434
436
432
430
430
432
434
432
436
438
440
422
424
410
414
404
316
262
232
198
188
176
152
148
160
172
176
178
202
210
226
258
222
236
176
186
162
192
200
182
166
114
132
186
168
90
174
180
122
208
170
118
174
154
122
192
184
124
182
120
122
152
146
200
142
134
116
144
124
98
168
108
100
154
172
110
154
174
160
94
172
158
122
172
182
190
140
96
134
166
164
130
166
148
106
164
150
136
162
118
120
84
120
106
112
88
80
74
130
126
80
86
116
138
78
174
126
146
152
180
218
210
332
430
408
404
402
410
416
402
408
416
420
402
418
416
412
426
408
404
372
314
322
464
474
482
468
376
410
404
380
380
354
364
338
420
446
448
444
434
448
434
442
438
434
420
434
432
440
434
418
418
420
420
418
408
358
266
238
210
200
178
160
134
150
160
164
148
166
194
136
188
200
182
174
206
166
188
180
146
156
186
158
164
180
170
174
226
144
166
134
146
242
160
134
204
180
124
224
172
124
200
168
116
180
166
100
102
148
126
106
164
128
152
178
134
144
126
148
136
136
110
108
178
152
134
130
204
162
150
102
118
156
120
120
146
110
120
100
72
128
146
92
108
118
108
92
120
124
126
124
94
162
130
88
84
128
76
114
196
202
198
186
176
244
396
414
412
412
416
412
412
398
412
408
412
416
420
410
378
406
406
310
342
478
476
470
474
402
410
402
390
390
362
354
344
330
310
426
448
444
440
442
440
442
428
434
430
430
442
434
442
418
398
404
388
372
304
240
212
196
178
168
142
148
174
162
174
180
184
168
178
154
170
188
262
154
148
178
168
192
184
192
192
224
178
162
186
172
134
182
164
152
168
156
286
146
166
148
152
154
162
136
156
286
146
104
140
190
152
130
252
174
116
216
148
112
178
158
124
106
152
130
118
152
130
142
114
208
156
140
100
98
130
118
110
106
160
116
112
140
120
124
210
132
116
104
142
128
134
138
98
152
90
102
102
102
140
110
146
168
186
174
190
180
186
216
242
376
404
400
410
414
414
412
414
414
420
414
416
412
416
392
302
332
478
472
476
478
450
412
398
414
382
390
352
336
332
332
330
310
438
444
440
444
434
436
436
436
436
430
434
430
408
384
366
368
350
266
222
178
180
160
144
150
158
160
152
178
172
158
158
308
186
230
170
242
220
176
128
152
164
164
162
156
164
162
162
152
160
252
146
170
218
142
138
196
144
118
164
130
114
210
130
124
148
122
132
128
160
122
138
106
118
124
172
110
162
122
68
150
184
116
138
204
140
110
152
184
206
148
110
136
194
108
90
140
156
106
156
166
114
94
126
90
82
92
106
78
144
80
122
84
100
88
122
98
114
114
92
228
68
108
92
124
220
208
236
238
226
230
386
412
406
392
416
404
412
422
422
412
390
436
404
300
330
472
480
476
474
464
396
404
406
404
404
390
366
336
322
342
326
306
314
314
432
434
432
438
430
428
434
428
404
384
370
356
354
330
264
226
162
128
112
154
168
210
238
184
114
150
190
154
170
176
154
194
222
140
178
210
262
210
152
170
178
140
168
160
138
132
144
162
176
130
150
168
138
116
172
124
154
254
128
140
234
166
114
172
236
112
142
156
110
110
142
108
104
134
126
102
112
132
128
84
110
86
156
108
96
96
98
118
148
76
90
144
76
120
72
96
100
78
90
130
132
76
90
134
140
100
126
50
82
132
304
120
72
100
80
134
114
100
106
98
94
200
238
208
280
210
222
236
244
410
406
422
412
416
400
422
416
414
412
330
284
296
478
480
470
476
478
406
386
394
396
392
392
358
340
346
334
310
290
296
288
282
286
294
408
428
420
420
404
380
372
346
344
322
210
230
148
180
188
112
144
202
210
192
182
208
194
154
216
262
160
150
190
164
148
150
132
144
164
146
138
208
180
196
166
184
186
144
154
166
114
124
152
128
150
154
122
138
128
138
124
154
136
174
144
96
130
148
146
138
184
102
118
210
160
98
144
182
142
174
224
114
168
188
126
122
72
118
166
116
84
150
196
144
90
144
236
100
106
218
128
98
142
128
102
108
92
86
80
120
122
162
96
104
92
128
94
86
68
148
176
142
142
130
108
206
262
256
266
248
264
258
408
416
426
426
428
424
416
414
400
290
324
480
480
472
478
462
456
388
368
386
384
400
400
362
350
292
300
324
284
266
264
228
224
224
214
204
188
186
206
178
196
212
162
194
162
172
206
190
228
192
176
138
154
202
180
178
162
162
164
182
170
154
162
218
262
214
168
142
150
156
122
166
156
176
166
124
186
196
170
178
238
184
152
248
158
164
206
144
172
208
158
134
150
142
102
158
138
128
124
158
120
124
124
126
112
112
110
138
100
116
116
104
104
108
108
108
68
100
116
118
98
114
112
90
148
122
112
84
122
104
68
88
122
112
98
82
84
66
106
114
86
98
114
110
90
128
124
192
214
188
184
176
150
140
122
194
358
270
256
264
264
240
312
418
410
422
420
392
416
402
286
312
472
478
472
472
458
440
400
366
376
382
376
396
360
358
308
292
282
254
264
238
308
274
230
224
188
230
194
214
198
178
176
172
206
172
168
198
216
174
162
204
226
268
184
146
266
184
176
140
158
166
168
164
150
152
134
156
176
150
180
212
238
150
216
192
144
166
154
192
140
148
200
134
132
168
146
162
174
126
142
150
154
106
134
190
138
124
160
104
124
152
140
134
126
96
130
144
96
138
148
102
130
184
172
114
134
102
140
206
160
110
160
164
110
136
138
98
100
134
100
98
70
98
74
78
84
76
88
80
68
76
90
102
178
108
124
146
162
218
186
180
188
148
118
134
138
162
248
248
254
248
248
272
272
418
420
418
416
416
398
276
302
480
472
474
452
466
458
460
400
378
370
374
374
362
350
304
290
274
262
260
238
330
272
358
236
232
226
198
218
208
164
190
258
212
188
224
240
212
208
166
158
174
164
188
216
140
182
192
244
220
176
194
256
260
162
130
150
154
174
164
176
194
208
110
152
206
194
188
164
194
184
140
144
174
168
158
186
186
142
224
202
130
170
254
174
182
262
178
140
228
128
168
198
136
88
136
120
84
138
114
96
94
92
90
96
124
108
102
114
118
112
120
152
130
138
136
122
106
148
168
116
110
110
146
196
118
110
124
106
100
86
84
128
102
126
138
242
222
312
166
166
174
146
112
148
194
178
164
194
186
238
240
270
270
280
416
416
422
412
410
296
296
474
466
440
468
452
456
454
458
394
382
356
362
340
340
334
304
260
242
220
238
266
232
322
234
226
232
240
194
194
198
218
182
166
194
232
240
242
164
272
244
196
200
238
198
150
176
198
176
216
194
140
180
192
166
196
198
172
162
198
208
190
160
216
220
180
242
250
166
188
194
158
144
196
176
156
184
138
142
138
132
156
120
114
160
140
104
140
142
124
166
150
108
138
230
150
100
172
156
128
244
180
102
122
144
128
178
144
122
146
196
170
116
162
200
128
138
166
132
72
86
98
132
94
82
88
84
72
64
68
74
96
114
106
134
222
194
206
216
294
200
124
126
84
192
190
162
228
206
116
136
142
272
292
278
280
406
408
418
418
288
308
444
450
460
446
460
428
450
460
446
362
352
350
346
338
342
304
260
246
260
200
228
266
216
246
242
222
208
212
240
174
208
206
176
194
200
210
192
206
170
202
180
218
184
182
274
188
188
176
164
160
210
226
218
194
186
210
194
204
264
216
212
148
192
190
218
202
204
198
196
174
240
228
138
220
188
142
210
204
146
200
192
142
152
154
158
120
144
140
142
150
126
126
150
106
116
122
126
138
146
122
120
146
154
156
148
126
112
180
146
128
108
156
126
126
122
110
108
144
106
102
120
76
100
68
72
84
80
106
100
94
106
148
146
62
194
190
186
186
188
192
152
120
154
166
166
162
210
176
226
256
346
296
346
292
246
234
402
410
418
288
306
444
444
444
436
432
444
434
446
452
386
368
360
370
378
392
350
304
270
184
192
240
264
212
182
236
212
178
194
190
230
176
146
300
208
198
224
218
186
216
224
222
212
260
254
222
252
248
230
174
230
184
198
228
220
258
236
222
212
212
222
236
266
188
278
222
200
242
202
186
170
170
194
188
142
164
196
152
208
204
136
188
216
178
132
196
200
144
228
204
150
250
192
136
126
164
134
150
136
156
132
112
154
106
120
130
122
132
112
120
124
132
210
172
220
136
160
110
100
116
152
152
120
74
98
92
70
74
64
42
68
114
164
180
174
216
206
176
196
172
220
208
116
160
140
148
218
202
142
236
20
4
14
344
326
254
218
228
414
394
306
312
446
428
428
436
434
424
424
422
430
424
396
362
340
338
360
382
328
264
204
172
174
242
238
300
254
244
206
276
244
184
284
256
216
312
218
230
254
212
228
248
216
224
236
206
240
232
218
232
308
258
208
252
306
268
246
216
212
198
216
220
220
226
246
248
200
274
228
234
290
234
218
222
208
188
192
224
148
186
190
162
174
188
202
156
156
162
168
156
158
178
160
130
188
186
156
146
190
184
154
240
184
146
180
190
150
146
166
170
122
186
178
154
136
174
164
190
114
114
124
98
88
88
82
82
82
84
72
90
122
106
106
188
204
214
230
202
214
196
162
226
244
114
160
132
194
218
230
82
238
152
24
206
336
246
288
254
260
392
408
302
320
446
448
444
424
426
422
432
428
428
436
362
328
352
368
332
358
302
276
240
256
296
280
242
248
244
280
250
258
276
270
238
292
246
228
324
246
270
248
264
316
324
290
258
266
280
290
314
266
268
284
254
248
226
278
282
294
238
276
254
246
210
240
270
248
232
216
238
236
198
232
228
194
272
260
194
242
240
200
248
180
192
228
214
168
176
202
178
150
180
182
170
170
168
152
164
170
170
148
172
168
152
218
164
146
168
166
150
172
182
144
102
116
120
106
100
154
178
200
174
110
80
82
76
84
114
70
104
86
122
110
134
170
214
230
244
238
234
208
216
210
156
188
186
122
150
262
214
162
100
198
382
316
278
284
250
260
232
212
396
330
330
452
452
446
458
458
448
450
444
446
366
370
366
366
370
396
354
286
258
264
220
216
456
282
302
306
278
304
282
298
314
298
308
282
332
322
314
316
296
298
300
288
332
350
340
290
316
362
342
272
314
324
306
270
304
238
248
284
296
256
248
292
296
242
306
232
256
244
228
216
244
244
218
222
250
250
210
214
236
204
214
214
206
214
198
206
202
232
178
188
166
214
240
188
202
188
182
184
192
198
192
172
166
168
170
164
172
168
152
148
152
142
160
136
114
88
96
110
126
154
172
234
142
128
96
64
116
156
102
102
72
136
146
200
242
218
260
248
252
202
242
182
204
234
208
154
174
186
174
170
178
186
324
332
262
324
394
278
234
260
338
338
456
454
456
458
454
454
446
448
354
376
358
364
350
354
338
320
292
286
296
244
230
346
290
344
318
360
380
420
390
410
412
390
390
388
404
370
386
416
368
398
380
398
370
384
386
384
380
346
376
360
338
356
356
338
316
324
326
340
326
290
290
308
302
250
276
286
234
262
278
278
244
232
226
260
214
234
244
234
198
230
226
198
214
202
198
186
192
214
194
202
206
206
206
234
178
210
192
172
176
174
172
168
178
160
156
178
152
156
166
160
170
168
142
150
138
128
122
110
96
108
108
134
198
216
126
110
90
70
68
58
118
172
186
220
254
206
264
296
274
280
246
238
192
268
250
224
210
194
224
228
226
272
430
272
322
358
218
234
236
318
320
468
460
462
466
450
458
392
378
360
378
350
364
348
336
312
286
276
266
262
260
246
284
332
352
420
406
382
446
434
414
420
422
444
446
428
408
404
376
396
404
390
394
396
404
392
376
402
382
380
390
390
388
386
388
398
362
370
350
368
338
326
326
278
316
302
282
282
270
262
296
262
278
266
262
276
272
226
258
236
218
222
192
218
216
202
214
226
212
214
206
206
190
212
216
228
200
170
204
192
208
196
194
168
178
178
182
176
184
170
156
186
192
182
172
156
172
214
198
174
152
128
142
122
126
112
132
192
224
122
32
68
100
196
242
284
312
286
306
346
372
318
290
262
262
280
294
290
324
302
292
238
228
232
228
234
222
192
246
290
390
324
468
466
458
460
450
456
366
356
360
360
364
362
332
350
286
280
280
280
270
246
276
290
308
342
444
436
442
426
444
446
426
426
460
444
424
426
408
400
392
390
362
354
362
386
390
382
384
382
374
384
398
384
386
364
352
384
366
378
350
338
358
328
328
274
290
324
290
336
324
316
316
296
268
272
276
282
294
282
242
228
256
274
232
230
250
250
238
200
222
234
224
226
222
200
256
240
222
194
218
216
216
204
196
218
196
220
172
192
178
186
190
202
210
202
196
176
190
182
198
194
202
162
166
176
164
180
182
166
160
180
250
236
236
282
328
360
380
390
382
390
374
362
370
376
312
268
318
364
422
408
344
250
302
272
246
246
292
306
380
308
332
448
452
450
456
450
352
368
350
354
364
364
340
364
328
322
286
288
276
258
282
326
436
438
424
426
440
440
442
446
446
444
454
446
444
426
410
392
384
376
390
386
384
380
396
382
388
388
380
368
360
348
358
382
394
392
394
386
382
366
370
360
364
340
358
316
332
350
346
360
344
342
338
312
318
284
334
320
310
316
296
286
278
324
278
278
244
206
192
200
280
250
268
254
266
280
272
274
272
256
278
248
264
234
244
260
280
218
226
242
270
260
250
284
236
234
264
276
308
288
252
304
298
342
320
258
250
226
212
232
272
310
300
346
382
348
374
430
482
482
476
494
502
502
504
482
386
318
322
388
388
358
324
296
310
332
360
370
428
414
346
338
450
448
446
450
450
356
368
350
360
358
348
358
346
326
288
306
264
274
296
440
450
440
438
446
440
436
430
442
436
434
446
460
448
436
426
402
384
376
380
372
392
400
392
396
380
390
330
364
368
364
358
358
356
374
398
430
372
406
406
400
382
366
368
388
378
384
390
354
364
376
360
358
344
342
348
328
328
308
322
308
284
258
248
226
202
128
114
118
166
250
278
308
296
330
310
294
322
368
348
308
316
282
302
316
286
302
294
292
292
304
296
270
262
288
278
316
304
310
318
300
384
356
384
380
382
410
322
284
332
336
424
498
508
502
506
444
506
510
510
508
508
510
508
508
508
480
476
488
504
434
396
392
394
392
400
410
418
416
400
322
332
412
428
444
442
418
354
346
348
336
356
364
328
312
306
290
294
276
296
436
438
440
444
454
444
444
442
446
410
412
416
432
434
444
438
414
392
384
374
382
400
400
374
336
374
356
350
340
328
308
328
362
376
370
376
410
406
412
408
398
326
352
398
394
388
364
354
356
362
354
362
352
338
352
316
324
324
316
316
304
292
262
242
206
184
168
184
232
288
290
308
320
342
330
334
340
340
344
352
466
364
346
350
354
346
358
346
350
356
394
334
310
300
278
354
352
308
330
332
340
322
374
456
396
362
442
422
502
470
508
440
510
508
510
508
508
510
494
504
508
508
510
510
508
506
482
460
396
404
392
394
374
368
358
346
348
356
368
348
352
320
328
410
404
408
432
326
346
352
344
350
350
338
334
316
302
280
252
404
440
442
448
436
442
444
444
440
442
442
434
442
442
438
440
440
432
394
390
380
382
392
386
386
360
348
332
340
324
342
336
342
374
354
396
406
408
388
402
404
402
406
386
392
398
394
392
386
358
344
334
330
324
322
312
310
308
294
278
264
258
264
238
230
198
200
274
284
284
294
290
304
306
314
296
314
312
294
280
276
262
264
260
258
252
268
290
300
314
302
290
280
316
314
294
300
320
336
328
348
350
366
390
404
456
440
444
418
448
440
436
430
418
418
412
420
414
414
398
398
394
400
396
408
412
394
386
394
424
430
446
444
448
430
430
394
390
400
394
428
410
402
326
324
386
390
392
384
312
332
346
348
356
334
336
314
298
276
262
414
424
438
446
446
442
438
444
448
446
444
454
434
444
448
440
434
434
426
428
418
410
404
382
348
230
332
322
338
332
334
324
326
334
390
398
400
406
402
396
392
364
388
394
384
350
354
352
346
350
316
318
284
260
256
238
214
222
258
270
258
246
242
246
222
242
282
248
236
248
250
256
250
262
254
258
250
248
268
284
250
248
260
266
264
266
288
278
336
346
328
300
280
292
296
294
302
304
316
320
344
352
390
398
414
436
458
458
462
472
470
488
486
478
476
494
498
492
494
502
508
498
490
492
490
422
478
476
472
466
462
454
456
444
440
414
416
414
408
424
416
430
414
396
354
354
392
380
372
318
310
320
340
328
354
322
316
300
290
294
432
432
442
456
446
450
462
452
452
450
446
446
444
446
426
434
426
414
396
382
366
330
300
324
310
318
282
334
332
312
306
334
250
240
248
240
252
292
288
284
286
300
290
290
290
288
312
294
274
268
292
266
254
250
250
232
248
230
302
294
264
234
274
272
320
224
214
244
266
256
244
262
272
276
298
300
296
312
302
316
320
310
296
302
314
302
306
320
314
316
332
318
326
342
346
350
360
372
366
382
386
398
418
424
432
436
450
462
456
468
468
478
478
462
488
446
430
458
486
384
444
402
436
446
444
484
452
450
410
346
380
322
422
296
320
314
284
282
292
294
276
264
292
282
294
272
326
332
326
302
262
304
326
322
318
324
322
310
296
306
256
260
270
276
290
308
312
318
330
328
326
334
334
332
322
324
332
324
324
322
312
310
304
304
312
286
268
282
276
268
252
260
282
294
294
304
290
300
312
328
356
350
354
378
382
386
380
382
368
372
372
360
358
326
308
310
302
316
316
316
314
308
288
294
282
290
304
308
312
312
304
298
296
284
310
302
312
336
326
338
382
300
332
302
328
360
338
360
230
316
344
292
318
336
378
362
498
342
342
334
272
370
326
330
294
322
322
324
322
316
294
300
290
282
280
290
286
302
298
302
314
312
324
330
320
328
338
324
334
328
314
302
302
316
314
310
316
318
294
306
308
292
300
296
294
296
304
336
270
290
288
284
300
332
324
326
340
338
308
352
338
338
330
340
344
368
380
384
492
426
438
454
446
450
442
436
432
444
432
430
422
416
406
412
410
396
368
366
344
350
350
344
360
396
396
404
400
412
424
418
410
416
420
450
404
420
406
408
444
414
388
400
368
394
384
334
340
360
384
334
354
350
322
270
296
366
270
358
322
288
258
262
286
286
306
272
240
246
246
272
202
214
214
270
278
258
262
240
248
222
258
254
258
292
300
316
312
322
344
340
320
324
330
334
340
344
336
336
330
334
338
330
322
322
304
336
338
314
344
340
332
318
336
350
352
346
348
362
342
360
340
356
360
354
352
350
328
316
314
258
256
210
158
182
66
34
22
36
62
378
432
366
294
272
300
318
330
318
406
418
424
434
430
418
422
436
432
442
442
450
450
466
468
412
410
428
426
438
430
438
462
436
428
402
388
388
390
390
390
406
374
404
370
506
354
356
370
390
432
374
372
392
390
336
414
404
404
394
398
386
384
362
366
336
314
324
282
318
296
308
286
280
270
292
274
248
286
290
312
294
286
312
288
304
292
282
246
282
284
274
286
272
290
270
290
286
296
306
276
256
248
276
264
268
310
336
350
338
358
350
350
362
364
352
352
358
350
336
330
316
296
268
262
244
244
250
254
130
374
334
192
358
434
340
276
210
162
120
224
228
158
72
134
162
178
146
248
198
82
0
10
0
0
0
0
0
0
0
0
2
442
460
396
280
366
366
386
368
368
412
350
370
388
346
376
368
380
346
338
352
352
356
352
372
386
346
364
342
354
358
364
356
358
346
340
338
350
342
326
340
348
352
356
342
298
278
344
340
362
360
358
352
348
350
356
364
366
356
366
368
378
422
350
366
330
342
304
346
326
268
294
322
294
452
326
382
294
326
306
350
322
326
308
300
332
300
224
204
168
112
66
40
26
18
16
10
6
6
4
16
10
6
22
40
290
306
132
34
16
20
10
12
10
8
36
62
136
178
244
252
236
234
224
228
230
242
252
250
140
324
418
30
292
288
244
346
286
136
400
296
122
84
54
364
398
290
220
202
80
28
4
0
0
0
0
0
0
0
0
0
0
316
310
338
328
312
326
332
324
340
334
334
332
340
342
340
338
364
386
348
342
328
374
394
350
310
334
338
342
358
378
380
364
292
312
310
340
346
354
364
362
378
368
364
356
354
350
376
386
380
378
372
368
356
376
372
380
378
426
500
398
374
510
368
404
362
334
322
308
316
320
320
500
510
510
510
510
510
478
376
324
292
284
2
0
2
0
0
4
0
0
8
2
2
0
0
0
0
2
6
2
4
6
6
6
10
6
8
8
6
6
6
8
8
4
26
60
118
156
200
256
242
240
228
234
234
248
266
238
162
240
236
320
314
246
248
174
146
16
12
14
154
28
196
296
438
412
400
366
180
22
6
4
8
2
0
0
0
0
0
0
0
