402
390
398
384
386
398
400
390
404
390
396
394
410
402
410
394
408
408
390
392
406
400
402
398
402
406
410
408
416
414
396
398
400
406
416
414
416
406
428
414
408
402
400
404
406
400
406
408
410
406
392
406
400
392
398
402
402
406
400
406
408
388
390
372
380
400
394
406
396
398
412
406
404
404
408
398
406
416
406
408
416
404
404
404
416
404
412
418
426
410
408
418
408
416
400
396
408
396
398
402
398
416
424
408
398
408
394
406
404
406
404
394
394
398
398
394
396
402
388
394
384
394
390
388
372
342
356
372
378
376
378
356
368
370
390
380
372
368
390
382
376
396
406
426
414
388
430
428
414
394
368
378
388
390
374
372
344
336
344
322
352
398
402
402
392
380
394
404
392
400
410
400
400
390
398
392
412
406
402
402
406
408
408
406
406
402
404
404
404
424
394
416
412
412
414
414
410
410
422
416
406
406
412
408
412
404
402
404
406
406
404
406
402
392
404
400
398
398
408
406
400
396
386
360
386
394
400
400
400
392
396
400
402
400
384
410
406
400
410
412
408
410
410
406
410
390
412
408
432
416
418
378
410
316
406
408
410
396
394
398
408
400
410
402
404
410
406
398
398
398
402
402
388
402
392
394
390
390
388
394
396
390
394
388
384
362
360
378
380
380
386
368
376
374
396
394
386
400
392
408
392
426
430
444
440
432
450
450
424
428
392
388
378
394
372
374
354
330
342
332
336
340
394
406
404
404
396
398
404
404
394
388
402
398
396
398
402
408
410
406
404
406
404
402
406
410
406
406
414
422
414
414
410
414
420
408
408
414
412
410
416
410
408
398
392
398
400
410
406
392
412
406
364
402
400
414
392
404
398
400
398
404
396
382
368
396
398
404
408
400
394
396
396
388
376
400
410
402
408
414
412
400
414
412
406
412
412
402
400
410
426
262
308
270
404
406
414
396
410
394
412
396
400
406
408
404
418
410
406
400
398
402
402
398
398
394
390
394
394
390
400
402
402
408
396
354
346
396
384
374
386
390
380
378
392
388
396
400
422
410
408
430
440
444
444
448
436
436
446
436
422
398
388
392
394
378
366
346
342
340
344
338
326
402
396
406
408
412
402
400
400
394
388
396
398
398
408
402
400
400
388
404
398
406
408
406
410
408
406
400
418
414
416
412
410
414
412
414
406
418
412
402
410
408
404
404
410
400
408
414
408
412
410
410
400
402
400
382
404
390
406
394
372
388
382
364
396
398
394
398
410
412
410
410
396
402
410
410
410
412
416
416
414
410
410
412
410
406
406
414
416
398
280
302
296
340
292
408
410
404
402
404
388
392
398
412
406
402
388
400
400
390
404
402
380
390
394
398
396
394
404
398
406
402
404
364
364
376
388
382
384
396
380
390
390
392
398
402
416
440
434
456
440
436
444
442
444
446
446
440
436
424
396
400
394
374
368
348
328
342
332
338
334
338
400
394
396
402
404
402
392
368
390
400
402
402
404
406
410
400
412
406
410
408
408
408
406
408
408
406
416
410
404
416
410
420
420
410
396
412
416
408
410
400
408
400
398
408
404
406
396
408
410
402
408
400
404
404
372
398
404
406
398
400
400
370
376
392
390
392
400
384
400
408
396
406
402
406
404
414
406
410
416
414
412
406
404
406
408
408
406
412
408
314
310
310
378
316
296
406
398
402
398
398
402
398
388
392
398
402
402
400
402
400
456
396
398
400
402
396
386
398
400
396
402
366
366
380
390
390
406
398
384
392
394
398
410
434
432
434
436
452
436
450
440
442
440
456
446
446
442
444
426
400
392
382
398
364
348
336
332
334
326
338
340
418
412
402
402
414
410
410
404
406
410
404
412
396
408
410
406
414
410
410
408
416
404
422
418
414
414
404
412
416
406
416
426
416
422
402
418
416
420
404
416
410
378
394
410
406
406
408
406
412
400
416
408
404
402
400
396
378
398
394
396
394
376
366
398
396
410
392
406
400
406
410
398
392
402
408
416
410
404
408
406
416
406
412
408
410
392
410
412
394
304
304
308
326
274
302
306
378
400
400
398
418
390
398
398
400
394
400
392
416
396
404
402
394
402
402
386
398
390
390
388
376
364
376
390
396
394
398
396
388
390
416
446
452
448
440
442
448
460
446
440
450
450
462
440
454
456
450
438
454
396
390
386
364
346
338
330
334
330
330
334
352
408
408
404
398
404
394
402
404
400
396
406
408
410
408
408
410
404
416
412
416
410
404
406
408
410
410
410
414
410
414
414
414
408
416
422
416
410
410
410
406
406
394
406
406
412
414
406
410
418
402
414
402
402
400
404
404
406
402
404
390
380
400
390
400
400
390
402
408
412
406
412
402
398
404
404
394
408
414
410
410
412
404
412
398
406
412
414
408
400
298
300
272
334
218
308
316
284
398
402
396
400
394
404
396
396
394
398
398
404
402
398
394
412
406
396
398
396
404
388
372
366
376
390
392
394
402
408
392
422
426
472
458
440
448
452
446
442
452
452
448
456
444
458
446
452
442
448
446
424
404
398
402
356
338
336
322
328
334
328
338
350
402
404
398
400
410
384
374
410
408
398
400
418
412
414
406
408
420
406
410
410
410
410
402
416
414
416
412
414
414
412
404
410
406
392
416
408
418
396
410
412
412
406
380
408
408
406
408
410
396
404
402
402
402
412
400
394
406
406
402
410
376
392
362
394
394
392
398
402
414
412
402
402
410
410
398
408
406
408
408
402
408
404
410
410
406
396
400
402
412
236
278
318
348
314
310
302
262
278
304
396
398
392
394
400
394
404
398
400
394
404
402
416
412
394
396
396
402
388
392
356
376
380
392
412
408
408
410
430
432
436
462
442
444
446
450
446
448
458
446
464
442
444
458
456
454
448
444
440
432
396
386
382
344
336
338
326
334
332
336
338
340
406
402
402
402
410
372
408
378
400
412
410
412
400
416
408
414
410
416
410
414
418
414
418
420
410
418
416
414
418
420
418
404
416
410
410
416
404
402
408
410
404
398
384
416
416
404
400
414
406
410
402
408
406
392
372
394
402
390
398
508
390
380
386
392
404
398
404
406
402
404
394
398
400
402
396
398
404
398
398
396
398
404
400
396
400
396
392
402
400
256
302
314
336
368
306
396
340
284
306
216
402
396
394
398
392
392
394
390
386
400
446
424
412
398
398
400
388
396
374
378
378
388
402
402
430
434
438
440
430
452
446
456
442
446
448
444
448
448
444
444
444
454
454
464
444
450
450
442
414
380
348
354
334
340
336
328
324
328
338
340
336
394
400
408
400
408
394
410
406
398
408
402
410
410
412
402
422
410
408
412
414
408
408
412
414
414
408
416
412
406
412
410
408
414
416
416
406
404
406
408
402
402
390
408
396
404
402
410
396
396
404
404
402
398
390
390
396
398
398
398
392
398
396
396
392
400
404
394
396
394
402
396
392
376
398
402
396
406
378
364
366
364
368
344
394
390
402
404
396
368
274
318
294
368
296
376
296
362
336
274
278
206
390
396
388
390
390
388
388
386
402
476
408
398
396
400
396
396
376
380
396
404
404
432
442
440
442
436
430
440
450
436
452
454
446
456
452
442
450
452
446
456
456
448
454
452
452
444
438
422
382
358
348
340
336
324
322
328
334
344
354
346
402
408
400
418
408
416
404
414
406
408
404
404
394
408
398
420
418
414
416
406
412
412
416
414
410
412
418
404
404
404
408
414
418
416
406
406
402
400
396
406
390
382
394
390
402
400
406
396
386
404
396
390
394
404
368
394
404
380
380
386
384
394
378
402
402
390
400
388
400
390
390
396
386
398
380
396
368
364
360
360
358
356
370
366
360
402
392
380
242
266
260
356
284
360
246
294
300
330
340
320
304
220
374
388
396
388
402
384
362
414
412
398
404
400
396
392
376
374
390
406
416
432
430
444
442
442
432
442
450
434
464
452
468
462
450
456
450
440
456
454
460
456
452
454
444
446
432
426
404
374
362
340
332
328
318
316
334
332
338
340
338
410
420
406
404
412
404
396
402
400
406
404
404
414
406
416
414
414
410
420
410
404
416
410
412
414
410
418
410
408
404
418
404
420
416
412
410
406
406
402
404
408
398
402
404
394
394
392
386
388
388
384
398
398
380
384
390
396
394
380
386
396
390
360
388
386
396
398
394
404
392
400
396
390
386
388
388
362
358
354
352
350
364
356
350
338
346
366
272
234
252
314
252
354
280
294
332
276
304
322
310
302
234
262
254
370
388
372
386
418
400
390
402
398
402
394
390
376
394
414
416
432
430
442
438
450
448
458
446
460
460
456
460
462
454
454
450
452
446
464
452
458
454
458
442
450
442
434
422
412
368
338
330
336
328
332
326
336
334
338
338
334
414
406
408
408
402
406
412
402
408
410
400
414
396
408
404
416
416
412
412
418
414
404
408
406
410
404
408
404
408
414
422
412
416
416
408
412
384
406
406
406
388
394
400
406
392
394
384
390
390
380
392
388
382
390
382
380
378
366
386
378
386
386
390
390
392
384
388
390
370
392
382
388
390
386
376
380
356
344
348
344
336
338
332
346
348
344
338
184
314
244
244
344
236
260
346
284
314
270
302
322
266
156
178
164
60
272
366
390
396
394
398
394
394
394
396
384
400
422
414
426
420
434
446
446
450
458
454
466
460
454
456
450
458
456
456
452
452
452
454
466
454
460
452
454
446
430
430
412
412
374
340
330
320
330
326
312
314
328
324
342
346
414
418
408
404
404
422
402
408
414
412
398
400
396
400
412
410
416
414
414
410
414
408
412
390
414
410
402
412
410
410
414
402
402
414
384
400
392
388
404
400
364
388
386
392
382
384
384
382
390
392
380
382
380
382
368
376
378
376
392
382
384
384
388
390
382
388
390
382
390
390
384
384
360
384
380
364
342
334
340
332
332
326
350
330
328
322
210
294
200
164
206
298
252
250
168
250
180
194
136
84
28
4
28
40
28
12
30
40
14
46
96
102
90
70
78
122
140
274
394
422
416
448
438
432
450
440
456
458
442
444
448
444
452
454
446
450
452
454
450
442
442
442
446
446
446
428
424
406
400
358
342
330
326
338
322
336
330
334
326
344
340
414
418
404
412
412
412
336
386
392
416
402
408
412
402
408
406
408
396
406
406
402
410
412
406
414
414
410
410
414
402
398
404
412
406
398
404
396
402
396
396
388
392
388
382
392
382
386
380
382
388
374
378
372
366
370
372
360
384
380
380
380
382
388
388
386
380
378
382
370
386
378
380
362
376
376
342
324
336
328
322
330
322
214
326
324
324
152
232
230
146
104
86
54
66
16
12
0
96
94
62
6
24
30
34
34
52
8
14
66
42
40
124
4
20
124
110
46
50
44
14
20
90
166
290
442
456
446
438
454
454
460
458
458
468
446
462
462
456
454
464
436
460
450
456
432
428
420
406
390
358
336
330
318
324
320
326
334
334
344
344
344
412
416
410
412
420
416
410
420
406
408
404
400
392
406
406
408
412
406
408
404
406
402
398
410
404
412
404
400
400
398
404
406
402
400
400
404
390
384
390
390
366
372
378
382
380
376
372
372
374
372
370
370
374
378
340
362
360
380
374
380
378
384
376
340
368
372
382
378
362
374
372
368
350
254
372
338
316
324
300
310
306
286
248
196
140
136
138
70
24
12
4
44
68
84
14
2
0
70
66
28
0
0
72
64
60
26
30
24
46
8
24
44
66
34
12
40
72
166
22
174
112
166
104
50
20
28
102
112
228
446
454
448
468
458
466
460
458
470
458
448
456
452
442
446
428
418
420
412
388
350
330
332
326
328
336
334
342
342
332
340
332
418
418
414
414
414
402
400
416
414
414
410
406
412
414
410
412
408
412
408
402
404
412
412
418
406
410
408
406
404
408
402
396
400
402
390
396
396
390
398
388
384
388
384
388
382
376
374
368
364
358
354
358
372
354
358
350
360
368
376
372
378
382
376
364
376
374
372
376
372
368
358
354
350
348
350
220
130
106
94
66
34
12
22
2
32
56
52
0
0
0
58
40
90
30
54
0
34
0
0
98
26
30
16
26
18
30
64
4
6
32
36
10
6
12
46
64
26
6
40
30
34
16
252
110
160
130
156
98
100
66
94
138
214
452
458
458
450
460
452
454
448
444
444
436
436
412
410
412
386
336
328
336
336
324
336
330
332
334
334
334
334
414
420
412
416
424
420
408
422
412
406
406
418
414
404
410
402
412
408
396
404
406
406
408
404
404
400
400
396
362
406
402
396
400
392
400
394
392
388
388
388
394
376
376
372
366
280
218
184
246
346
344
356
350
356
336
358
360
362
362
372
354
360
352
330
362
348
354
352
210
94
88
136
88
40
96
96
76
50
66
26
58
46
16
82
50
16
40
36
38
26
10
32
18
14
0
18
0
6
32
12
2
4
28
32
30
8
6
26
24
42
26
8
22
66
46
2
12
82
48
20
12
34
62
18
24
14
46
40
76
160
110
54
154
82
98
144
360
452
458
446
448
446
446
428
426
424
404
396
384
348
336
318
322
330
328
330
324
324
340
330
340
424
422
410
402
416
418
404
412
414
414
406
416
408
410
408
414
408
406
398
408
396
406
402
392
402
400
400
398
400
402
386
390
404
396
386
390
346
378
384
384
376
368
362
300
174
142
148
132
118
126
136
130
174
312
302
352
342
362
366
350
336
336
276
122
92
58
86
50
24
80
28
38
112
100
88
54
46
38
50
72
54
78
70
74
32
90
88
90
66
40
18
50
10
30
4
22
12
10
120
28
16
12
26
2
16
46
34
46
48
44
44
94
66
30
0
52
82
4
4
32
298
64
36
62
154
176
96
74
94
248
34
62
30
150
12
216
204
208
208
426
446
440
434
432
438
416
404
400
384
342
332
330
330
330
336
338
332
338
354
338
288
422
424
410
412
426
424
386
332
346
338
334
340
340
304
408
402
410
414
410
396
414
404
394
398
390
392
394
388
392
394
390
390
392
390
384
384
390
384
376
376
346
358
286
170
156
118
128
104
114
94
82
78
52
84
46
142
218
160
82
108
114
118
52
0
62
76
46
16
36
34
56
86
104
96
42
94
96
74
40
34
28
48
38
44
48
80
92
76
42
98
108
70
56
78
74
34
46
20
6
18
14
24
4
12
14
50
38
20
14
16
66
36
114
52
50
52
38
176
108
164
52
94
226
118
154
134
120
90
18
62
96
50
80
78
148
170
116
106
136
154
180
374
432
426
426
416
406
396
386
332
342
326
338
328
342
330
336
338
336
338
336
418
428
404
422
416
426
414
362
362
350
348
354
366
320
374
334
268
396
402
398
400
394
404
406
398
392
390
394
386
394
380
380
368
374
384
376
382
364
362
356
320
316
176
122
140
134
124
130
96
36
30
14
118
6
46
36
36
34
34
60
100
74
86
70
52
40
62
44
52
82
76
60
76
100
88
88
70
62
44
106
78
46
66
44
120
38
60
50
52
96
38
130
60
84
4
110
50
62
32
60
26
66
2
62
30
44
42
18
6
10
32
40
62
126
48
84
58
40
54
160
170
30
46
68
96
102
78
122
156
216
72
104
260
34
296
84
466
488
504
96
70
106
150
178
410
406
400
396
368
344
344
328
338
330
336
340
332
334
354
342
340
420
426
426
426
430
424
412
418
330
352
348
324
326
352
368
346
312
320
338
380
400
408
396
398
386
386
388
396
390
390
388
390
368
386
374
374
370
364
348
308
288
244
124
122
134
132
136
70
12
0
0
16
46
64
32
66
96
30
30
44
34
82
68
46
90
98
96
28
74
96
66
50
64
68
78
20
74
78
104
108
52
68
92
88
68
94
74
62
84
84
44
58
64
72
36
54
8
28
32
40
10
46
52
40
6
42
34
56
92
54
68
40
76
68
82
10
36
128
164
66
126
126
204
234
188
124
96
88
148
122
266
478
112
126
158
442
286
74
16
16
144
174
140
148
154
200
392
388
392
350
342
334
328
336
334
322
340
322
352
342
332
418
430
434
432
428
412
428
428
406
348
358
352
344
338
370
352
310
352
330
328
294
280
388
386
380
392
388
382
394
376
390
384
380
384
368
376
368
324
306
280
280
234
160
110
62
40
12
0
0
58
58
42
84
80
82
50
44
76
78
72
72
104
86
80
58
50
106
122
88
76
80
98
70
56
46
8
14
56
70
30
78
60
96
62
58
24
86
130
98
76
108
76
68
32
68
82
2
40
16
38
14
18
22
50
2
10
60
58
54
26
2
42
50
86
112
76
42
90
34
16
42
118
62
166
292
290
172
184
120
272
182
126
74
254
360
330
74
62
54
46
60
80
154
238
494
138
184
206
350
360
352
338
334
336
338
340
324
326
336
342
344
440
428
422
426
430
418
430
428
416
334
342
338
340
338
334
346
328
360
326
340
322
318
262
246
242
284
392
390
392
390
382
376
384
380
368
364
322
304
276
280
258
250
158
44
6
14
72
80
32
32
30
90
82
74
66
98
148
92
98
114
98
82
48
96
34
38
92
90
46
90
100
66
40
66
94
88
54
60
82
18
66
54
72
98
68
24
8
42
40
98
80
52
104
120
100
76
126
70
28
64
84
72
26
42
62
54
76
46
36
50
92
112
88
42
126
106
96
78
28
158
182
218
104
112
134
134
142
156
156
214
222
238
212
198
214
82
130
38
190
202
502
336
54
172
296
234
148
142
176
172
328
328
338
336
336
322
322
342
330
332
330
404
396
422
412
412
418
426
430
416
418
282
274
316
310
318
324
302
368
318
318
322
336
292
298
234
216
218
224
188
198
320
382
378
376
366
332
296
240
142
58
90
64
66
146
76
92
78
74
20
34
90
80
86
60
76
86
58
56
96
60
46
126
94
74
54
86
118
40
36
78
46
62
60
76
38
28
24
52
92
114
68
68
56
86
94
108
102
62
64
96
58
48
78
68
90
48
68
72
58
26
22
20
14
4
10
28
32
10
22
44
32
62
88
88
56
44
114
118
82
122
106
302
154
264
144
100
44
76
68
82
230
278
88
82
226
72
100
110
226
154
312
494
134
108
158
426
206
178
112
136
178
190
322
332
342
338
340
342
340
340
348
380
388
392
378
142
386
384
388
416
424
410
314
358
324
318
328
320
360
320
344
316
296
312
320
262
214
180
122
116
128
114
46
52
26
22
26
108
108
72
96
56
76
72
94
48
56
50
106
102
80
112
86
62
90
68
92
42
52
68
74
92
56
56
126
92
90
56
114
128
66
62
52
84
120
96
86
16
48
64
66
48
64
36
72
48
32
40
50
10
96
84
44
106
104
80
68
114
128
36
96
110
110
66
62
22
60
98
54
58
50
76
114
68
44
52
108
170
30
52
158
256
192
126
152
78
88
100
218
136
188
200
136
126
124
366
88
132
200
280
130
154
178
350
44
98
82
222
506
292
94
112
162
192
294
324
322
338
342
346
334
340
398
398
384
386
174
374
386
392
382
380
402
400
328
336
332
332
338
336
310
298
310
300
290
320
286
326
230
160
122
140
104
88
92
78
54
98
90
68
124
60
88
90
56
64
82
38
46
70
64
42
80
64
126
146
88
80
108
120
110
56
98
88
64
88
82
80
62
48
42
46
68
54
52
50
44
60
18
40
106
96
106
92
88
70
126
118
94
80
54
82
88
22
86
94
66
52
110
58
48
38
58
68
38
40
16
10
46
34
38
30
8
46
64
14
56
40
88
34
48
78
150
114
112
144
104
96
76
154
218
170
90
132
100
100
52
68
228
210
350
506
88
88
56
4
114
156
124
324
44
104
70
156
146
176
262
338
332
336
338
342
348
396
394
388
388
380
378
372
384
382
388
378
390
378
314
336
336
326
332
336
330
316
294
242
232
280
224
258
186
140
110
114
128
114
66
124
58
68
108
86
46
128
72
126
124
78
82
120
94
92
52
62
92
102
100
94
68
70
98
80
114
102
54
84
74
112
114
36
130
132
128
94
78
108
130
86
48
10
18
50
24
36
30
106
50
124
64
50
64
46
50
26
88
108
70
118
140
52
92
116
104
102
76
108
72
36
66
62
38
52
116
54
64
2
72
188
126
22
68
72
22
58
34
116
166
90
146
80
148
130
148
206
110
114
78
112
46
204
224
246
344
428
212
124
62
52
104
112
254
186
286
12
152
292
178
116
266
334
322
348
350
330
392
396
394
388
390
388
382
380
382
376
376
368
376
364
314
314
320
336
338
322
302
296
284
262
240
182
344
158
148
146
144
88
140
82
112
100
70
122
74
84
76
84
88
86
100
60
48
100
72
36
60
148
84
88
80
126
160
130
110
158
116
126
84
116
104
70
102
72
66
92
128
104
98
42
134
118
84
118
90
66
82
118
116
90
70
28
100
118
90
18
46
100
64
40
54
50
68
48
64
24
42
88
102
50
30
26
28
46
50
30
26
32
38
34
94
50
36
36
82
190
108
126
70
92
86
42
74
40
140
96
116
50
118
128
28
190
268
222
180
236
218
176
96
74
196
236
274
304
110
0
0
104
256
148
158
138
334
324
346
340
362
404
394
398
392
388
386
394
374
384
378
380
380
364
376
360
300
320
328
298
304
290
278
294
432
262
216
286
278
136
110
100
100
122
124
82
64
88
102
92
88
110
94
114
156
118
126
176
168
134
132
140
144
112
116
124
92
102
126
164
136
92
146
148
114
108
168
120
144
64
108
116
134
82
82
78
96
68
44
122
76
62
58
76
124
108
104
58
44
90
112
142
86
138
120
132
46
136
118
88
54
68
66
82
44
2
42
70
50
72
58
4
106
86
54
34
84
62
26
8
38
106
58
24
52
78
42
90
52
92
430
122
150
64
120
108
174
256
184
162
234
150
220
84
68
140
184
216
250
298
240
324
444
224
116
142
234
112
326
336
334
344
398
394
394
414
396
394
396
398
390
394
364
384
382
378
378
374
368
282
286
310
328
294
272
304
256
408
330
186
130
172
122
130
124
144
150
146
130
150
134
142
138
154
202
150
146
132
114
148
210
166
168
158
152
210
138
150
134
140
158
136
142
152
176
120
124
114
78
128
136
128
134
144
170
128
124
100
116
120
102
54
90
56
46
88
60
58
6
42
84
66
78
42
76
46
70
108
138
66
76
72
78
48
110
96
66
60
72
74
46
88
64
56
44
196
56
122
64
128
114
82
52
30
10
32
32
20
78
56
146
112
236
132
106
162
108
190
142
160
164
222
232
276
124
114
158
148
132
158
154
48
226
212
214
228
322
408
262
108
320
348
338
432
432
428
406
398
412
412
420
412
420
402
394
410
408
402
414
414
394
256
286
284
294
272
236
244
230
376
270
164
192
170
194
186
204
222
234
182
202
258
216
256
254
212
246
208
176
206
246
206
218
234
242
156
140
196
240
178
198
162
194
212
194
188
190
192
110
110
124
132
140
128
124
158
106
128
142
92
80
82
192
140
110
100
120
58
120
100
104
78
136
128
150
108
92
94
106
106
58
110
70
80
72
40
80
74
42
32
42
24
26
84
50
26
124
94
60
62
66
386
32
64
58
44
42
60
38
24
44
90
142
150
78
90
182
120
150
194
188
160
252
262
182
122
126
90
76
104
154
194
234
314
268
304
280
420
420
146
186
142
326
338
426
430
428
418
430
430
440
432
434
428
410
404
408
400
394
388
374
378
304
316
288
262
270
212
224
266
256
224
324
164
154
200
226
270
282
298
318
284
324
326
312
352
346
294
348
336
308
318
306
326
292
312
278
282
298
306
304
280
272
218
290
290
238
232
252
234
192
164
172
196
202
116
152
194
146
142
86
94
136
122
148
76
96
152
110
114
116
114
104
106
96
108
102
142
108
64
156
132
100
86
102
98
116
98
36
116
94
102
94
106
76
94
98
102
44
94
126
54
70
96
34
6
8
24
30
32
76
118
86
184
26
38
144
116
316
132
424
230
236
208
218
242
162
64
98
74
112
180
274
352
356
284
122
174
152
104
126
182
220
330
338
430
432
420
424
432
432
424
424
422
420
384
398
408
416
416
394
392
256
268
270
262
248
242
246
220
210
294
300
234
246
242
268
376
374
404
344
388
326
328
336
366
404
362
364
368
330
320
308
292
286
334
344
246
306
308
312
334
330
346
286
294
306
270
320
252
226
262
258
262
206
248
230
428
188
180
196
186
200
142
116
150
168
170
164
94
46
148
136
126
92
102
138
130
118
92
52
118
88
126
62
92
64
112
88
78
80
116
72
72
98
86
92
50
128
110
122
52
86
68
60
52
32
32
34
24
26
20
24
46
52
34
2
0
6
56
194
226
238
202
214
260
288
234
178
138
138
138
210
246
302
296
168
204
236
274
308
236
300
322
346
340
384
388
422
412
412
412
426
416
414
386
410
396
400
406
400
394
274
300
260
238
250
222
278
280
240
242
216
300
240
282
292
340
334
360
396
382
388
388
384
374
378
342
358
316
322
318
162
266
280
320
318
324
236
322
312
316
324
336
332
330
334
364
338
322
334
284
320
300
284
258
240
242
214
234
196
158
204
156
148
204
138
104
164
208
136
146
138
118
178
112
234
86
68
112
128
106
84
128
118
118
102
118
112
92
98
84
70
108
116
110
64
92
118
136
126
134
124
74
60
68
54
52
58
74
48
70
60
42
64
66
40
58
108
138
232
296
184
288
280
320
300
288
306
272
232
304
260
212
344
418
422
354
336
286
258
280
358
344
346
334
340
392
374
372
386
380
396
402
412
380
404
400
382
402
400
398
234
180
218
210
206
232
250
222
210
202
182
202
232
236
266
366
382
396
396
394
396
382
366
356
374
378
352
320
320
346
380
298
210
276
360
352
326
110
322
300
304
298
306
330
312
324
348
330
320
302
298
320
320
326
310
306
276
300
278
210
230
232
214
190
174
190
152
172
188
108
116
138
144
118
136
108
104
80
96
106
104
104
96
120
114
104
102
88
96
110
126
94
96
72
116
108
84
104
78
136
106
106
106
162
168
138
142
108
122
140
116
120
134
156
146
132
170
178
274
350
382
294
258
298
374
330
354
336
322
352
350
316
232
278
370
468
462
450
336
346
346
340
338
342
342
342
384
378
368
362
352
370
348
372
402
402
402
390
392
392
326
244
218
200
216
222
230
204
230
200
204
208
278
364
382
390
382
398
394
390
394
400
392
378
350
358
346
326
336
332
378
374
380
378
204
352
332
334
194
304
318
302
306
310
276
316
298
334
284
320
326
288
306
290
288
294
294
290
316
306
306
246
258
286
270
272
258
258
286
282
262
226
208
170
154
168
122
114
132
114
154
160
140
116
112
138
134
156
128
94
106
132
94
122
126
116
130
172
144
130
164
168
236
180
224
182
192
194
240
224
202
242
264
256
228
208
178
260
274
306
334
336
364
352
340
438
480
484
442
478
400
324
324
308
354
376
362
368
354
356
342
350
346
334
344
332
334
384
370
358
358
350
346
332
348
338
354
388
378
386
370
202
198
222
206
228
204
190
206
190
236
372
374
380
378
392
396
392
388
386
378
380
392
392
390
386
384
340
332
366
374
386
388
376
368
306
340
318
296
274
262
288
272
372
300
362
346
364
366
364
360
358
344
326
278
270
264
258
266
260
294
264
228
232
260
268
240
254
266
272
242
242
242
222
188
158
134
90
48
66
134
168
194
196
206
204
158
174
196
142
158
184
164
158
154
164
166
164
182
190
194
224
214
178
260
186
308
286
290
278
292
322
334
254
258
306
264
294
270
308
286
360
482
490
506
508
506
498
510
506
498
482
470
454
424
390
376
368
360
350
342
342
344
338
334
340
344
330
416
382
370
354
338
340
312
324
332
328
330
334
368
200
178
194
202
218
210
186
196
238
360
376
372
374
380
378
386
386
384
370
382
386
390
394
388
370
392
352
390
376
374
370
380
382
366
358
344
290
270
276
296
296
250
326
350
362
366
366
358
366
358
358
348
310
332
310
278
272
254
252
254
254
258
304
326
322
338
320
328
298
236
216
214
220
216
190
164
66
34
64
92
164
246
222
218
244
226
218
244
188
278
270
222
270
210
196
216
212
216
206
196
224
258
246
246
246
232
254
262
260
336
376
358
364
398
314
374
314
282
342
348
504
510
508
510
492
510
508
510
504
500
494
482
484
478
466
412
390
368
356
336
344
350
346
340
346
346
332
334
200
194
192
168
172
152
172
178
192
182
200
224
86
196
214
226
194
190
190
232
340
356
354
356
372
384
400
412
408
408
396
404
392
396
408
412
432
416
394
386
394
410
400
366
384
376
334
302
250
278
288
294
290
342
366
354
362
366
370
356
362
368
358
364
352
312
340
340
296
262
260
248
274
242
234
242
256
260
318
314
304
272
228
200
196
154
140
124
110
104
198
212
216
228
230
210
220
224
248
218
210
228
228
246
262
308
212
242
226
248
200
202
198
272
206
262
308
262
272
300
284
346
366
386
414
410
504
414
452
494
508
510
508
510
510
510
510
510
510
510
508
500
490
498
488
492
480
508
468
426
378
366
354
340
338
340
340
338
344
346
348
310
304
262
260
244
242
244
236
242
232
226
158
260
256
238
244
236
260
226
234
200
204
182
160
164
152
138
138
124
136
130
132
132
160
130
144
144
140
156
144
146
170
208
240
244
270
246
250
252
286
288
336
348
326
332
352
286
336
356
362
358
360
346
342
340
338
338
328
328
258
248
238
280
236
228
224
228
240
252
266
252
216
162
158
144
132
122
168
248
272
270
272
270
246
266
282
276
310
310
314
320
298
256
222
240
252
236
240
258
260
242
254
272
244
290
300
256
282
288
312
360
420
462
458
490
484
504
490
486
498
504
510
508
510
510
510
510
510
510
510
504
506
508
500
504
510
510
510
450
436
416
394
364
340
334
332
330
334
330
342
344
394
374
352
336
330
328
318
224
176
170
246
258
266
258
284
268
224
236
240
242
226
260
240
238
224
242
208
248
268
262
230
266
236
250
260
260
248
248
196
180
212
206
204
188
188
202
248
238
238
144
200
164
160
156
156
154
206
126
124
114
124
116
138
132
112
104
130
122
98
112
80
64
84
78
112
100
108
128
192
218
202
166
174
140
150
190
186
228
230
148
214
224
218
226
230
218
228
234
248
252
248
248
272
290
304
314
334
338
338
360
346
362
374
374
388
380
406
422
426
434
426
446
460
472
470
472
482
494
490
494
504
504
502
508
504
510
510
510
510
510
508
510
510
510
508
510
510
490
442
430
408
408
410
390
346
332
332
322
326
332
314
500
270
240
272
268
276
266
258
304
332
350
360
420
332
264
340
290
308
284
332
338
354
350
352
356
352
374
374
374
362
374
356
366
380
388
402
396
350
390
362
390
390
386
364
360
344
298
308
280
258
234
224
194
192
200
194
224
186
180
206
186
188
224
220
230
182
168
166
158
140
120
120
104
90
118
106
120
136
230
210
182
166
150
236
146
154
152
162
160
136
142
158
158
160
132
134
124
132
148
128
150
152
140
144
140
148
142
160
176
174
178
194
188
210
210
234
248
282
324
358
364
410
434
454
452
454
466
470
474
458
482
490
472
486
494
508
510
510
510
510
510
510
510
508
510
506
504
490
424
412
398
400
390
380
386
366
330
316
302
336
330
228
248
216
222
206
210
208
210
228
200
218
200
210
224
218
224
216
218
248
220
230
244
260
260
262
252
228
234
296
236
236
244
264
232
248
234
250
300
282
282
308
272
304
372
362
324
278
274
318
296
260
370
382
420
356
344
322
370
356
340
330
308
312
330
330
300
318
310
284
248
232
214
220
218
200
200
202
242
246
244
280
238
220
196
186
170
164
154
148
184
138
126
154
142
128
114
100
156
152
144
172
178
190
196
198
208
210
206
214
212
200
230
236
244
242
258
276
268
298
282
294
280
280
288
270
250
262
256
274
252
254
226
210
222
230
196
214
224
236
232
200
214
224
224
226
244
224
244
268
310
352
370
356
362
356
360
358
352
296
310
316
274
252
244
256
252
254
204
198
212
210
206
238
252
260
196
218
160
208
224
222
230
244
262
272
250
264
282
222
188
220
226
242
236
260
262
240
240
240
182
264
260
262
232
250
250
232
222
240
236
234
282
306
292
308
300
268
244
246
216
216
216
190
198
180
196
216
182
178
158
196
168
174
224
204
224
162
294
272
468
246
266
292
308
272
290
290
296
272
282
264
294
254
244
276
282
270
244
270
288
272
260
298
296
282
296
354
314
304
326
342
330
336
348
344
362
360
374
376
376
370
356
350
316
336
298
296
296
322
316
316
316
316
320
302
314
320
324
324
334
324
330
312
308
308
298
296
296
284
242
236
220
226
216
212
212
206
202
184
172
166
174
204
200
194
206
214
224
248
262
294
318
354
326
286
298
342
330
324
304
292
284
268
310
278
244
288
304
280
296
254
276
288
266
290
304
270
268
268
254
264
258
264
274
270
242
238
236
248
242
168
250
190
280
248
210
254
252
230
254
208
250
198
200
236
206
188
178
162
150
160
184
194
208
188
186
194
210
190
218
208
226
230
198
228
228
254
250
238
226
242
228
264
246
240
240
220
244
240
226
260
250
214
208
218
232
236
226
264
250
246
402
240
262
274
264
314
302
302
342
324
382
338
392
346
344
364
410
390
400
380
376
430
460
424
438
452
444
480
474
462
484
476
488
480
484
476
466
476
450
388
376
350
366
340
346
346
328
310
296
230
222
214
