250
254
236
246
248
254
240
250
260
282
270
250
266
266
252
258
250
258
252
262
294
254
258
260
260
248
256
248
252
248
244
258
264
274
254
250
250
242
246
250
270
246
232
250
252
264
262
286
258
238
246
242
260
258
250
252
256
256
250
246
248
248
256
242
256
224
244
242
266
254
280
264
270
292
286
290
248
208
54
136
76
96
290
312
328
338
364
374
390
376
378
346
376
390
384
368
380
378
382
394
386
390
384
384
380
376
378
388
382
388
386
388
386
388
380
386
380
380
400
390
384
392
390
378
368
380
364
368
366
372
372
390
390
396
398
398
372
372
360
378
364
360
392
372
346
360
362
346
344
312
344
380
358
348
336
334
344
344
358
348
360
304
308
310
284
292
278
270
272
282
272
262
262
260
266
264
264
258
266
264
268
268
268
260
260
274
240
254
254
250
242
268
270
268
262
238
248
240
242
248
240
256
248
248
234
260
246
272
256
252
242
240
254
244
250
236
242
240
240
238
234
240
252
236
244
238
50
108
236
244
246
252
260
264
268
252
264
276
276
268
288
252
256
130
36
114
176
234
264
310
344
344
352
416
412
382
356
388
378
374
378
376
380
382
388
382
382
378
376
382
382
382
388
392
382
390
382
378
382
386
378
376
380
384
378
376
372
376
368
370
378
372
364
372
368
382
368
380
400
380
376
360
382
382
374
374
348
348
342
332
324
344
382
338
358
360
348
342
334
354
358
352
332
324
336
320
318
316
322
322
314
300
304
288
280
276
274
276
272
278
278
270
290
282
276
272
274
266
254
256
250
252
258
270
272
254
248
244
246
254
246
248
248
252
232
236
364
262
260
248
236
230
234
242
236
240
238
240
234
232
234
220
234
232
226
226
220
222
218
228
236
232
228
264
246
228
236
252
256
236
252
254
250
246
246
268
280
276
226
108
46
304
76
154
228
352
302
378
408
398
382
378
374
374
378
394
390
380
378
390
384
392
390
390
380
386
390
380
382
378
386
382
374
390
378
382
380
376
374
368
376
372
376
370
358
372
382
364
362
354
370
356
366
392
366
358
352
338
350
334
316
316
352
354
346
342
354
356
340
346
342
348
354
330
340
326
334
308
328
326
318
328
328
316
322
312
312
314
296
310
310
308
294
292
300
300
292
274
276
272
268
268
270
278
270
270
262
258
254
254
260
256
258
242
254
242
248
256
248
246
234
234
240
240
236
226
218
234
234
224
224
238
218
216
214
224
218
222
212
234
222
236
224
224
240
232
234
282
234
234
236
238
242
242
242
244
250
262
254
190
178
156
174
174
150
114
50
80
190
248
342
364
378
400
404
392
374
388
372
370
376
386
388
392
392
384
388
382
384
384
382
376
374
372
378
370
380
386
374
374
372
376
376
370
370
360
374
390
376
368
358
348
364
370
378
360
346
352
344
336
328
318
344
364
348
332
338
342
356
382
348
344
348
358
328
332
344
340
332
332
310
320
328
334
334
312
336
328
320
338
336
318
308
314
322
312
318
300
316
310
300
292
292
296
298
298
274
280
266
268
276
278
256
254
250
236
242
260
256
236
232
238
252
244
242
226
248
236
238
224
222
214
232
212
218
228
212
224
228
220
204
228
226
222
238
244
252
238
228
238
232
210
222
230
230
220
236
224
224
234
146
162
108
176
158
142
176
134
252
158
16
2
90
154
212
264
310
342
352
402
378
384
400
388
390
384
384
384
380
380
384
392
380
392
384
394
380
382
368
378
386
372
372
376
382
370
368
376
378
384
370
370
358
360
374
376
368
358
354
358
338
340
318
342
368
340
338
346
340
342
340
354
338
362
356
326
338
338
148
144
132
266
310
332
324
330
330
334
334
318
344
328
320
330
330
342
334
324
330
322
318
310
320
318
336
324
320
314
300
306
302
286
290
278
268
270
258
272
256
246
242
242
246
248
246
240
222
234
242
232
222
228
226
226
218
214
218
216
214
222
228
224
220
222
222
234
222
226
232
220
216
220
220
220
232
232
206
230
220
222
228
136
138
118
152
166
172
192
110
148
122
254
264
262
242
144
134
18
72
122
156
236
274
286
262
336
346
352
370
380
398
398
388
400
390
390
380
378
382
378
382
380
374
372
370
368
352
374
384
382
366
372
376
360
364
382
374
374
356
358
346
336
324
302
334
362
340
348
328
344
346
352
354
358
382
366
346
346
334
142
182
156
142
156
190
310
316
326
324
334
328
332
328
314
338
342
340
328
330
332
322
330
306
328
324
312
326
326
318
314
322
320
310
322
318
300
290
298
292
248
250
258
258
266
270
260
248
254
240
248
240
240
242
234
230
218
244
212
218
224
222
230
228
234
220
228
222
214
224
232
224
224
218
222
212
218
216
200
220
232
216
136
130
126
132
130
108
162
156
180
184
180
98
232
240
244
256
260
264
282
260
180
74
12
22
36
90
96
150
188
250
280
284
300
322
328
344
348
364
382
380
392
392
392
384
384
380
354
368
382
356
372
380
374
344
378
390
360
362
368
370
360
350
338
336
354
358
344
338
346
342
352
342
342
356
364
214
360
354
330
280
174
122
144
168
200
188
294
296
320
324
328
328
342
336
326
338
336
338
336
328
334
328
336
322
314
332
342
322
326
332
324
332
324
324
328
320
332
324
292
258
300
296
292
312
300
280
284
292
282
280
290
296
282
252
254
244
310
238
232
224
228
234
234
236
236
228
220
232
224
228
226
232
218
208
200
222
198
208
224
226
222
104
126
136
70
134
100
168
144
140
198
166
174
150
98
238
232
244
240
238
248
254
260
262
260
248
34
260
242
174
82
24
30
72
38
80
94
116
204
242
250
236
236
266
240
346
346
348
364
382
388
382
376
376
336
362
388
370
380
362
344
346
354
340
348
356
360
356
354
342
346
348
350
342
302
130
262
350
348
336
292
202
146
114
158
186
210
248
244
282
292
316
324
344
340
342
346
338
342
326
336
334
332
332
342
328
334
328
328
328
334
330
328
316
324
316
326
324
300
280
294
300
308
318
302
302
302
308
308
298
296
302
308
300
286
310
306
292
284
252
256
250
262
256
248
256
244
432
236
242
230
226
230
220
216
212
214
204
218
224
224
162
142
122
130
120
124
130
162
136
170
166
172
176
184
158
154
148
200
214
224
226
242
238
234
240
236
176
250
248
256
248
264
260
260
272
258
278
258
214
142
52
8
156
136
34
106
110
158
226
262
274
296
316
330
342
358
382
382
370
370
370
364
360
336
334
362
358
356
350
348
354
362
380
136
174
340
334
358
344
336
302
156
128
124
120
154
190
214
218
198
158
318
316
336
348
340
342
334
338
330
344
334
342
336
324
340
336
334
332
338
336
342
316
302
312
324
310
282
212
230
196
284
314
310
302
308
304
298
294
296
290
288
306
310
306
320
314
304
284
252
268
316
300
308
294
270
268
258
256
256
244
236
226
230
214
212
206
212
202
220
206
142
144
148
136
120
156
148
126
104
134
138
142
180
182
178
162
176
154
124
226
220
216
214
214
226
220
226
218
226
226
238
228
234
244
240
248
254
240
254
252
250
238
170
258
262
260
248
164
72
18
12
38
102
118
140
242
290
272
296
320
338
360
378
380
358
362
356
348
344
346
338
204
134
328
338
336
348
356
360
328
324
200
136
132
130
142
238
198
234
240
234
264
328
322
328
320
320
340
330
338
344
350
352
332
330
320
334
336
330
336
340
324
306
306
302
240
190
164
156
134
142
152
166
216
280
304
306
294
298
308
314
302
306
316
316
314
318
296
272
260
278
304
318
328
330
322
316
310
326
310
264
266
252
230
232
220
226
230
226
222
182
150
166
146
106
134
148
156
116
132
126
112
134
154
128
150
152
164
164
150
86
188
196
208
216
208
204
206
208
210
214
222
228
224
218
222
234
258
230
224
226
236
224
226
242
244
242
228
240
10
238
250
260
258
272
246
174
70
48
108
124
148
230
284
268
280
316
340
364
364
374
162
192
346
336
336
332
338
360
348
338
288
186
138
120
132
166
168
214
232
240
218
280
248
206
318
328
320
322
348
356
342
352
332
346
336
342
348
330
346
346
324
300
284
260
200
164
142
130
108
104
106
122
114
122
144
180
282
272
262
306
282
302
262
280
306
314
294
274
262
264
300
332
324
322
326
322
322
330
332
310
302
306
292
296
282
240
240
238
230
200
148
140
142
140
142
154
122
136
146
116
140
120
120
104
96
116
124
96
122
84
66
38
76
150
182
182
200
192
196
202
200
202
212
208
216
212
208
218
208
220
204
210
226
224
220
228
234
226
214
12
218
230
238
244
248
212
248
244
262
264
256
264
220
168
80
100
126
216
342
280
88
228
302
318
340
352
364
378
346
356
342
294
194
144
112
118
166
176
208
210
216
246
254
250
230
210
318
322
328
338
346
350
346
332
312
332
336
338
336
348
322
308
274
260
176
142
108
88
88
88
84
84
84
90
84
88
108
156
244
270
292
296
256
246
266
308
298
112
274
264
296
332
328
320
326
314
304
270
306
310
302
294
296
290
282
278
250
212
174
150
132
114
114
94
104
106
80
68
42
20
38
34
56
32
42
94
0
36
90
56
124
76
62
78
84
62
34
76
92
150
172
186
188
190
202
198
202
202
198
192
192
198
210
202
206
218
210
222
234
212
216
214
204
224
232
234
228
232
240
238
236
240
250
250
252
252
256
260
212
262
156
106
200
336
302
266
282
298
332
344
354
340
308
146
148
122
154
170
172
204
210
244
250
214
244
248
226
220
222
324
336
338
336
326
330
322
336
324
342
348
328
306
272
248
230
112
86
82
180
58
50
58
50
52
54
58
72
52
72
72
156
264
246
224
232
262
266
230
126
106
116
64
80
52
68
38
94
62
92
50
84
110
58
78
16
46
80
38
74
94
60
206
54
52
62
12
66
132
86
66
42
72
30
66
18
4
14
24
80
20
90
224
24
74
90
126
62
84
310
34
42
20
60
30
72
96
48
60
106
158
182
186
186
182
198
202
206
204
208
190
194
204
196
216
206
204
218
214
216
216
216
214
230
234
210
228
222
238
234
232
230
108
8
222
232
306
164
252
310
320
366
350
344
318
188
144
126
146
228
168
194
210
216
228
216
234
220
222
202
206
206
286
312
300
320
322
318
316
326
348
316
304
262
250
248
194
100
62
50
60
42
46
54
44
40
38
28
20
4
48
48
44
56
66
72
86
86
58
80
102
60
36
78
72
60
16
66
50
202
80
74
60
44
66
156
46
74
84
84
92
38
64
44
46
84
24
32
36
80
64
48
38
26
76
2
8
32
0
4
22
118
66
78
182
170
40
72
102
116
64
48
26
16
104
296
62
50
236
246
220
22
26
26
24
54
78
80
100
176
190
190
190
190
180
198
206
206
208
198
204
214
202
216
212
214
208
224
212
222
214
194
108
162
6
196
226
232
232
236
254
284
338
346
344
320
232
164
144
134
148
168
182
214
208
210
186
196
190
186
212
196
212
212
170
282
318
316
306
320
328
312
306
288
258
254
208
200
116
68
42
22
16
102
56
18
14
52
20
20
16
48
50
86
74
64
96
316
64
96
52
72
44
38
88
84
54
86
64
70
56
94
72
56
62
26
58
68
46
94
78
60
124
34
36
82
8
38
66
154
30
162
64
244
88
4
0
24
34
0
0
0
12
54
148
58
66
436
68
52
102
90
8
6
182
100
66
86
498
120
58
68
316
16
54
78
248
80
90
104
136
134
68
28
70
174
192
204
190
194
206
198
182
204
188
210
194
196
196
204
214
210
106
160
196
194
200
214
226
238
230
172
236
344
348
330
322
290
204
152
156
158
164
178
192
184
190
184
176
176
182
174
188
158
98
162
180
178
198
288
306
304
288
284
252
242
198
172
128
98
46
16
0
2
2
44
36
38
66
66
38
78
52
58
88
84
92
110
54
52
88
162
52
28
76
120
118
60
110
48
40
138
94
40
180
88
86
128
38
58
98
84
64
72
48
90
182
40
66
70
52
142
56
76
76
16
0
4
2
0
4
6
4
8
152
114
88
118
126
40
96
86
202
152
42
50
70
364
26
74
64
62
48
58
70
214
54
66
200
56
90
74
48
428
62
506
368
108
58
156
196
186
186
208
202
200
202
206
204
216
208
200
104
172
192
194
184
216
210
212
218
220
224
222
338
344
340
326
308
266
154
136
136
138
160
176
170
160
162
156
156
154
146
126
106
110
106
136
112
140
292
108
126
112
94
108
66
82
64
66
54
46
58
26
60
54
36
78
94
74
94
128
92
60
84
86
72
48
58
68
122
74
64
78
72
84
78
98
116
100
78
78
68
54
108
54
54
66
96
36
138
84
80
70
98
60
68
68
20
84
64
104
64
164
64
106
32
16
26
4
0
4
0
2
12
42
88
44
36
76
38
128
150
94
66
74
68
34
88
76
68
224
172
124
48
34
56
100
124
58
64
92
62
102
90
80
126
222
436
162
24
50
56
160
196
190
194
202
192
192
198
194
122
162
202
196
194
208
214
212
216
232
208
216
218
350
342
344
330
300
302
184
122
98
94
124
136
140
148
132
142
136
136
126
98
106
90
74
82
64
76
70
88
66
50
74
50
72
58
44
64
44
74
64
48
62
54
62
80
120
96
84
86
70
78
68
58
52
58
54
70
48
142
52
4
30
58
46
52
36
90
68
56
48
52
54
114
58
96
72
58
134
88
88
100
36
158
38
60
134
116
140
42
110
130
102
90
120
60
12
22
2
0
0
14
16
100
174
100
126
90
110
130
68
122
102
88
66
158
110
100
454
122
84
204
318
112
102
314
80
132
348
316
58
430
86
184
392
190
90
498
100
74
110
380
118
108
184
186
196
202
184
112
158
194
180
204
202
212
206
208
220
212
212
224
226
346
338
344
340
308
314
282
188
116
98
98
116
160
134
130
128
118
114
92
92
50
62
76
78
70
74
92
74
28
60
56
56
60
54
36
82
42
64
58
64
74
58
78
114
56
74
82
88
86
64
84
50
68
134
82
96
128
92
76
54
104
150
44
72
116
80
56
144
56
56
110
54
62
88
46
58
66
60
52
28
58
54
40
44
104
62
66
66
52
60
64
52
58
68
2
10
4
14
34
28
6
148
92
68
166
106
134
80
150
94
336
104
114
108
220
200
108
110
468
278
88
188
480
120
274
290
136
306
72
70
154
464
112
214
494
302
168
502
494
266
84
60
48
98
184
186
118
150
194
200
192
200
194
206
222
214
232
202
224
230
280
342
350
348
336
332
324
294
262
122
82
82
104
124
120
130
118
114
104
92
66
64
58
76
44
62
86
88
38
48
98
54
58
116
68
118
64
66
76
64
116
48
88
102
84
68
82
46
60
72
64
52
56
68
50
84
62
56
56
28
44
46
16
32
52
50
80
36
26
42
40
42
40
64
106
44
44
72
46
68
70
46
108
34
144
36
114
56
76
78
52
142
30
64
66
50
66
38
70
12
14
18
68
22
78
72
112
148
112
86
86
120
74
100
98
112
100
204
104
120
92
178
122
180
170
58
170
122
42
216
274
318
54
338
142
186
160
506
266
218
46
62
148
120
82
82
70
148
196
200
198
204
196
208
228
226
228
236
254
286
292
300
352
342
338
344
332
326
160
288
214
132
114
104
104
128
126
114
114
82
72
54
44
60
68
70
76
68
62
78
42
50
54
52
42
68
48
40
64
64
72
62
56
52
32
64
34
72
50
70
52
80
54
44
60
62
78
40
100
60
64
72
68
28
26
80
84
48
62
50
56
122
88
68
158
80
60
162
100
86
104
70
76
38
30
32
52
52
46
60
70
50
68
44
46
34
20
44
22
48
36
40
40
170
54
78
64
60
50
176
62
50
114
60
54
70
148
134
68
434
100
86
202
124
124
412
92
218
116
134
176
190
186
256
508
350
72
372
334
504
176
164
68
82
182
220
254
108
46
104
212
224
198
226
240
244
256
292
290
294
288
306
294
344
338
340
326
328
316
308
284
204
104
82
98
110
116
120
106
96
84
80
76
58
74
80
84
76
126
70
58
64
58
64
64
62
70
64
68
48
60
80
50
52
52
40
66
72
50
54
68
58
34
52
48
72
60
60
44
84
68
88
54
52
34
50
30
76
40
34
74
42
36
74
70
52
70
56
60
70
50
76
60
102
66
68
48
22
70
26
166
50
116
50
24
94
42
76
76
62
56
34
46
94
46
84
26
20
60
34
186
38
60
122
32
86
14
100
204
178
100
68
124
88
152
162
50
88
44
30
76
146
104
106
296
248
326
506
312
508
106
102
160
110
240
280
92
170
238
98
100
124
200
252
262
294
294
308
300
298
298
300
304
286
344
336
334
332
330
332
302
270
148
84
124
82
96
112
106
100
96
74
68
44
48
38
84
90
86
58
88
80
78
90
94
88
92
90
102
108
64
100
58
84
82
74
94
82
70
86
126
106
74
102
84
78
90
80
82
122
150
106
84
68
92
86
68
60
124
64
50
102
58
64
74
68
84
72
82
72
84
70
58
68
54
82
46
74
62
124
32
42
24
42
66
40
50
52
54
54
62
36
34
90
134
44
62
46
8
66
104
28
44
144
62
32
96
132
16
92
42
124
58
68
92
46
42
168
104
58
132
96
46
182
220
176
112
310
474
356
484
108
228
84
282
290
452
430
184
102
180
96
116
138
178
330
320
304
334
310
308
302
294
298
314
338
332
324
332
330
320
288
200
120
80
80
78
100
102
100
90
88
76
66
50
38
80
88
104
108
82
112
108
110
100
130
118
120
150
112
120
102
100
110
90
70
84
76
88
82
70
72
84
86
74
78
54
88
46
68
78
86
78
70
42
48
26
64
38
70
82
40
76
46
92
114
76
100
124
52
134
80
70
162
84
88
112
88
128
50
46
48
70
60
86
60
74
74
54
44
36
78
16
60
22
74
48
54
80
48
54
74
34
26
64
30
40
92
116
70
32
66
144
112
12
96
102
90
240
156
140
196
218
290
216
500
278
358
290
164
352
150
254
80
304
348
408
376
506
226
134
136
284
168
166
168
196
284
366
356
336
306
310
304
314
326
332
332
328
312
312
288
192
114
92
90
84
90
88
104
86
60
68
72
72
62
40
44
82
100
128
158
178
158
148
154
156
152
172
158
148
144
144
130
138
104
106
144
140
130
144
128
86
130
130
100
86
120
116
112
148
108
84
102
146
120
30
26
130
110
50
124
102
72
94
82
46
66
118
72
68
98
82
76
60
72
70
84
74
88
46
66
28
94
80
50
100
54
128
60
68
114
62
76
84
52
128
52
48
122
40
14
54
36
52
40
12
34
28
32
4
22
60
44
86
70
168
218
80
146
136
140
124
182
262
174
160
230
506
216
360
264
176
156
42
430
508
176
420
248
296
96
220
326
294
300
154
170
204
236
368
326
308
304
290
306
310
336
338
318
318
280
182
98
98
92
134
104
104
106
106
98
90
78
88
72
66
70
68
80
100
138
182
182
194
186
202
194
202
190
204
196
176
194
168
164
162
166
144
160
132
136
152
146
116
146
120
128
140
94
102
130
124
120
130
84
78
86
82
98
88
98
84
88
64
98
92
48
78
96
78
110
94
76
154
90
94
114
76
146
108
128
74
78
102
84
82
64
64
38
48
16
96
44
20
72
46
96
18
32
80
36
24
112
60
8
90
124
18
52
120
114
60
138
146
122
40
122
98
96
220
170
64
238
168
100
148
246
214
104
112
188
144
184
98
380
500
508
504
296
74
120
28
316
498
420
268
134
478
248
218
222
314
302
294
330
314
304
332
330
318
264
140
180
110
98
114
112
108
122
104
92
94
92
86
98
84
72
78
76
114
144
100
184
190
170
180
162
178
168
186
184
200
216
214
198
196
202
204
194
182
198
164
172
160
154
146
152
154
146
154
132
146
154
132
148
118
116
122
128
86
92
104
104
104
124
106
86
152
96
118
160
104
152
86
102
88
110
130
110
120
78
148
68
96
76
62
88
64
86
72
18
64
70
86
128
12
130
68
58
142
68
48
72
30
46
74
32
80
30
60
32
30
40
52
68
88
60
68
124
148
134
124
114
248
158
216
296
348
498
182
506
162
244
114
76
354
366
468
410
358
96
134
80
292
384
482
56
510
500
264
500
222
188
294
332
314
290
292
326
324
296
166
92
118
104
108
128
104
102
100
106
88
92
102
88
100
104
80
98
116
126
128
186
192
178
182
182
180
194
186
166
180
184
182
178
180
192
192
200
198
194
188
186
190
176
178
168
158
172
188
168
174
158
154
148
158
168
122
126
128
114
104
106
122
138
118
132
112
82
136
98
116
90
114
98
102
136
86
112
126
118
136
100
148
102
92
116
80
146
90
126
68
116
108
80
76
50
130
78
90
76
86
52
108
56
52
78
78
44
42
142
160
50
58
126
74
50
110
124
116
98
190
70
110
106
124
210
132
144
102
148
156
170
160
122
310
446
504
476
318
286
208
158
92
494
318
494
86
506
4
0
504
258
188
264
322
314
300
298
310
308
260
104
110
98
88
100
126
94
118
100
100
106
106
104
92
100
98
104
110
144
184
212
240
228
210
202
202
202
200
204
192
202
198
184
186
184
182
208
198
184
192
162
158
182
186
166
178
184
176
196
188
174
184
182
178
182
182
142
160
140
130
134
148
138
148
134
162
134
100
170
142
158
158
124
100
104
126
108
114
118
122
100
96
130
112
128
134
114
126
82
110
138
158
110
104
88
124
156
132
128
82
88
174
56
96
92
98
154
80
86
68
130
102
100
144
102
74
76
126
136
132
148
158
132
172
176
136
388
180
192
250
208
244
186
84
418
380
398
502
396
276
232
94
84
314
422
504
98
474
204
116
296
174
254
266
308
284
310
292
310
298
164
112
114
98
96
84
102
106
108
114
102
104
118
108
106
120
128
128
218
254
242
276
290
280
260
264
244
232
218
224
218
208
210
216
194
192
208
204
190
192
196
192
186
164
154
254
162
182
182
190
180
190
192
186
178
184
148
156
166
170
156
170
186
132
160
180
156
134
180
154
158
178
144
160
140
148
144
166
122
146
148
156
168
164
158
130
134
136
88
98
142
148
64
148
120
138
100
124
136
144
154
76
158
110
118
132
96
138
120
100
78
48
120
214
90
68
108
100
76
118
204
212
180
140
168
132
318
354
248
326
362
188
290
144
174
350
474
308
434
490
330
264
174
126
332
508
336
508
72
458
304
330
378
320
276
214
298
284
282
328
284
138
80
122
88
104
102
108
120
100
124
104
108
94
96
102
134
160
256
266
288
286
240
288
302
286
294
290
280
266
246
252
238
222
222
208
204
196
190
202
198
184
182
170
172
178
170
172
146
118
154
164
194
202
192
196
186
182
168
178
180
160
162
154
166
168
174
146
176
162
180
180
164
166
162
150
144
148
140
202
188
150
160
170
120
170
144
166
136
122
128
130
136
116
164
134
164
118
178
170
140
174
160
126
138
144
146
176
130
122
146
182
98
172
146
86
112
86
108
106
112
126
134
102
86
146
500
146
186
194
128
124
196
300
204
6
482
508
442
332
486
326
286
216
142
182
332
390
498
416
358
264
492
354
510
510
264
156
274
268
306
274
120
118
104
110
108
96
122
108
128
114
122
130
110
98
134
266
280
298
304
302
298
298
294
306
304
302
294
292
268
268
260
246
240
228
226
214
200
196
158
174
192
154
172
144
164
166
184
154
180
174
166
134
158
186
180
188
194
188
198
194
190
196
196
190
174
194
174
176
172
166
154
164
178
188
182
186
172
140
150
142
148
136
138
174
118
152
142
168
150
130
188
134
204
170
220
150
180
178
188
196
196
200
148
156
160
162
200
154
120
158
162
142
142
116
112
134
152
128
126
148
128
144
122
104
130
142
114
436
504
492
122
254
504
278
26
300
510
500
406
242
180
212
238
116
136
310
270
464
498
484
508
494
508
508
500
388
234
136
280
302
238
122
108
112
100
94
110
94
116
122
96
130
116
74
118
290
308
292
300
306
312
308
308
312
310
314
304
294
304
296
294
280
256
252
242
238
200
192
190
182
160
152
172
188
182
162
162
174
182
168
178
196
192
214
182
148
128
174
182
218
236
230
210
200
216
206
216
194
198
174
188
162
162
176
170
160
168
172
156
134
174
168
156
190
150
170
162
174
166
150
134
154
168
174
184
196
170
208
182
228
202
236
270
140
168
198
168
172
186
160
154
192
180
174
124
152
138
174
130
192
484
174
126
86
196
212
228
202
248
116
204
86
78
360
228
28
184
506
456
500
304
258
228
158
176
218
168
270
400
448
424
426
288
224
256
322
272
248
272
272
318
234
106
318
108
114
112
98
100
112
124
98
96
108
148
288
308
310
310
310
322
296
308
318
312
318
320
312
310
314
308
294
284
266
262
248
228
190
204
208
172
156
190
146
160
176
186
174
156
158
192
166
210
182
186
196
180
180
174
188
200
234
240
246
254
248
240
218
218
214
204
188
188
184
182
196
148
192
176
186
128
144
168
152
94
476
136
156
162
186
152
158
170
198
190
174
172
184
156
190
170
196
212
170
214
166
168
182
150
154
166
172
142
162
154
164
156
132
132
180
170
96
130
148
132
96
174
244
220
204
136
34
68
36
224
240
112
106
332
280
294
324
224
216
216
154
214
162
196
264
390
312
266
300
404
324
300
272
324
312
284
312
244
126
100
90
94
112
94
96
124
124
92
142
142
302
310
324
316
316
324
312
316
322
322
322
336
312
322
310
312
306
276
282
268
254
262
218
232
216
196
198
186
168
190
180
178
166
178
174
170
218
188
198
196
192
190
184
190
172
184
182
176
196
176
182
196
238
244
238
212
224
212
188
184
152
150
152
138
144
148
120
122
122
120
110
124
174
148
114
126
116
130
208
204
204
170
172
194
188
166
178
170
292
190
188
200
156
178
160
160
192
204
124
146
156
142
130
206
114
152
142
120
128
98
96
76
88
66
56
82
44
64
48
8
4
66
132
126
196
302
258
250
258
248
238
238
200
226
262
248
290
332
384
268
302
298
296
308
338
294
280
310
250
126
68
82
100
106
118
110
94
132
162
244
312
316
316
318
328
326
320
318
304
324
326
324
328
330
318
324
296
304
290
272
268
264
256
196
192
214
206
194
194
168
172
186
200
186
202
226
224
204
206
210
206
196
200
196
190
186
186
200
194
186
178
192
182
196
166
188
174
158
204
218
220
192
172
136
106
108
108
82
76
62
60
36
54
64
58
22
262
110
272
154
170
182
170
166
182
184
184
162
186
164
166
198
196
150
180
150
160
164
148
178
174
280
158
340
178
66
58
36
22
28
36
38
26
24
18
20
38
18
30
36
92
102
196
176
158
132
350
198
202
208
240
258
298
286
266
238
268
384
304
318
276
234
264
284
328
286
294
282
318
260
108
88
92
124
126
98
120
136
146
302
320
328
322
340
334
322
336
322
326
328
328
330
316
342
324
320
322
306
298
286
278
276
270
260
244
222
220
216
206
208
202
192
216
240
232
278
256
236
238
226
214
220
214
220
192
200
198
196
194
196
192
184
186
186
170
196
190
180
174
152
74
120
122
120
116
74
76
92
82
132
200
186
170
170
142
138
70
36
38
122
164
202
196
190
178
190
172
182
194
190
162
164
170
194
182
166
188
170
150
162
164
216
218
158
134
106
108
58
74
44
64
62
60
54
58
70
80
66
58
68
126
168
218
264
200
244
108
188
186
218
182
210
260
270
338
348
326
264
236
270
238
256
254
258
272
300
282
282
280
334
314
338
106
112
298
88
168
134
294
304
306
310
330
328
326
338
334
338
330
326
332
338
328
326
324
324
328
320
324
252
284
276
270
278
262
254
218
216
220
204
204
232
262
278
294
300
304
300
296
264
248
254
224
222
208
206
210
202
214
198
206
206
202
196
180
194
192
192
188
176
164
160
144
162
108
86
114
172
156
146
146
134
130
98
84
56
70
94
132
170
128
388
230
232
202
176
202
186
216
170
162
186
184
166
254
186
192
224
240
170
134
194
184
170
110
118
140
120
74
74
64
68
72
80
82
96
112
112
114
114
120
178
302
320
226
238
262
178
184
196
210
204
230
256
218
244
396
334
280
258
286
348
302
294
292
296
292
272
278
274
322
318
266
236
232
216
228
282
314
310
310
320
322
342
338
320
336
342
326
334
330
336
332
338
340
330
330
322
326
316
304
294
286
278
272
260
264
252
220
250
224
280
298
312
304
318
306
312
308
302
310
302
298
282
244
242
234
228
220
216
220
216
208
210
204
156
202
196
192
194
198
188
182
180
168
166
174
156
156
166
170
176
160
162
200
196
172
196
182
210
204
234
210
218
212
254
190
178
196
238
186
170
196
196
190
200
234
226
194
206
212
148
194
178
174
166
146
114
138
96
86
86
68
88
110
126
138
162
174
192
198
242
228
232
206
206
258
216
312
204
212
240
232
236
274
288
332
312
324
304
300
354
334
292
302
280
286
278
288
276
290
330
332
324
292
324
268
302
314
332
316
330
320
324
328
330
352
338
340
332
340
318
318
330
338
338
338
334
332
324
324
304
292
272
274
268
276
266
292
262
270
294
318
320
320
318
318
324
316
324
314
314
322
314
308
302
300
292
262
254
238
232
210
216
212
202
214
194
202
206
194
198
186
190
192
176
170
186
172
166
168
176
168
166
168
150
160
162
166
168
176
206
242
242
240
240
228
220
214
202
194
192
216
204
200
196
196
198
200
204
184
194
218
200
230
206
188
202
110
146
122
118
112
116
112
112
170
216
230
226
208
212
246
228
230
240
254
266
264
236
258
254
244
252
294
302
306
320
334
324
340
352
364
318
298
286
282
286
278
286
282
268
340
288
336
326
288
316
298
332
330
274
328
336
332
328
338
340
332
342
336
340
326
54
330
326
344
316
338
342
336
336
312
290
310
274
272
272
274
288
294
310
318
320
328
320
328
320
330
326
330
322
326
328
314
320
306
324
318
310
300
296
272
234
232
214
210
214
204
214
210
202
196
206
194
188
190
188
182
176
178
184
184
168
160
168
166
160
164
170
172
180
170
198
196
200
214
244
268
260
254
234
226
232
220
190
214
208
210
204
216
198
220
274
198
214
174
200
232
224
210
214
216
192
216
244
236
216
234
250
260
268
242
250
236
188
180
198
188
246
250
270
268
278
286
304
326
366
376
380
378
362
368
356
310
288
280
280
278
276
278
280
282
322
334
336
340
330
322
332
330
348
334
354
336
330
338
326
344
328
336
340
332
332
316
338
336
344
352
342
326
322
338
328
300
282
284
294
296
314
324
324
330
330
324
324
316
324
332
316
332
326
328
324
326
330
320
320
312
316
308
312
310
294
248
238
220
228
224
220
208
210
204
208
192
198
206
192
190
192
180
190
200
182
174
174
174
178
176
172
178
182
166
184
194
196
200
216
216
230
218
230
244
240
234
258
268
276
276
260
280
272
278
270
274
248
272
266
256
278
262
264
268
276
252
260
264
254
228
192
172
174
178
180
178
184
190
196
214
258
274
276
290
298
318
342
360
368
374
382
376
370
366
368
362
314
282
276
280
282
278
276
276
276
376
358
350
358
306
336
352
362
348
342
352
358
338
344
340
344
340
332
342
336
314
340
336
332
350
334
326
330
320
344
332
322
298
308
324
330
340
320
332
334
336
326
334
320
336
334
336
322
322
338
334
332
332
320
314
324
330
308
268
256
242
244
230
226
224
224
224
230
222
224
222
208
218
220
212
258
204
194
198
200
188
174
186
190
184
176
178
182
184
176
182
192
200
208
216
234
214
236
232
236
244
244
252
248
248
246
252
246
252
244
236
252
248
242
246
232
212
204
186
170
190
178
158
182
182
186
162
188
184
184
186
190
216
220
276
298
324
342
348
340
360
364
378
370
366
376
390
376
372
366
366
352
294
282
268
274
290
274
280
274
288
368
394
364
398
382
392
398
388
370
362
372
358
378
344
358
338
354
346
360
346
338
354
344
350
350
334
336
334
332
344
338
338
332
334
328
324
334
336
334
336
334
336
324
172
322
330
336
328
338
340
336
332
338
342
326
330
316
324
278
270
264
248
244
236
246
242
240
242
236
232
238
224
232
212
228
202
220
220
214
210
182
186
186
184
192
196
190
186
158
192
192
200
196
224
216
222
230
224
250
238
244
248
248
254
258
246
250
260
248
250
254
252
246
262
248
250
240
230
200
208
188
192
190
200
188
198
206
212
218
216
250
286
296
334
320
354
354
354
368
370
370
378
382
388
400
362
376
372
374
360
366
334
290
276
272
262
276
278
278
276
284
392
392
402
414
382
408
394
410
404
406
396
406
392
398
394
366
370
360
352
358
346
348
348
342
338
334
342
336
342
350
354
340
330
336
340
348
340
378
336
332
342
350
324
212
336
336
328
338
332
342
338
348
334
338
342
322
332
332
316
288
272
270
274
276
280
304
304
304
308
306
296
282
250
242
234
222
228
230
232
208
206
214
204
196
196
192
196
198
196
196
206
194
212
222
218
216
226
232
240
230
248
250
244
248
252
248
254
258
268
256
258
266
260
260
272
258
256
262
250
224
220
216
210
220
232
282
306
304
312
302
320
336
338
344
356
366
356
356
364
344
368
378
378
386
396
380
372
378
370
372
366
330
288
274
278
276
272
286
280
280
272
