504
486
486
470
390
386
348
316
334
318
326
314
264
250
226
226
250
268
304
326
356
360
350
350
348
342
330
334
338
358
270
270
244
252
264
228
232
254
244
274
306
298
292
278
286
250
248
254
228
226
200
200
188
180
190
202
178
186
194
198
214
184
200
204
234
240
248
244
248
234
224
236
234
246
254
254
250
234
262
284
288
298
308
300
308
310
332
336
354
370
378
410
408
396
418
468
488
466
508
496
488
478
488
478
502
498
478
472
478
466
440
462
458
454
470
454
468
480
472
472
474
482
480
488
468
430
384
282
344
370
356
382
368
392
388
316
304
306
310
302
296
282
264
278
278
278
278
278
278
278
278
278
278
278
278
278
278
278
278
278
278
486
486
436
412
380
336
324
324
316
324
296
250
252
212
232
246
284
292
304
336
366
344
350
362
344
350
336
332
326
238
256
230
264
244
222
220
240
250
270
306
302
294
278
270
240
234
222
224
210
220
194
194
200
176
168
188
176
190
188
206
204
198
196
228
236
228
246
236
242
242
256
248
236
250
254
266
250
254
278
294
282
298
304
312
316
332
338
338
336
318
324
380
404
430
440
466
496
498
496
508
500
482
484
508
508
502
482
482
480
458
460
474
470
472
462
478
466
466
472
468
478
492
476
486
454
460
406
356
336
348
368
372
360
358
378
410
316
280
298
304
296
294
294
260
278
278
278
278
278
278
278
278
278
278
278
278
278
278
278
278
278
448
422
382
374
354
326
316
324
310
306
260
226
208
174
242
274
276
324
316
350
356
348
356
356
352
352
352
324
224
240
220
264
256
222
224
236
242
288
314
304
284
278
286
246
224
210
206
220
192
208
208
202
198
186
186
190
188
182
188
194
200
214
238
238
230
230
244
238
244
246
250
258
248
242
234
254
266
284
286
282
282
278
300
320
324
332
342
344
286
276
266
266
230
288
416
452
492
506
492
496
504
494
508
508
510
510
504
484
468
482
480
470
476
480
482
472
474
464
480
480
486
468
484
466
482
452
456
388
350
326
354
366
360
360
352
352
332
296
298
330
318
294
286
210
278
278
278
278
278
278
278
278
278
278
278
278
278
278
278
278
278
390
360
362
336
316
312
310
308
308
236
210
234
244
246
276
294
326
364
306
330
350
358
362
352
342
346
322
222
244
202
248
230
218
222
234
242
274
306
310
296
272
268
248
228
222
206
200
206
200
194
202
188
186
188
190
182
178
186
178
192
214
234
246
232
234
230
230
242
252
256
252
250
258
260
248
262
276
300
294
280
280
312
308
324
330
342
352
368
294
286
274
292
306
294
288
286
376
444
488
464
486
510
492
508
510
506
506
494
488
472
488
490
488
488
464
468
482
488
484
472
468
472
478
462
464
466
468
444
382
286
334
356
362
346
354
350
356
312
302
342
326
312
288
284
262
278
278
278
278
278
278
278
278
278
278
278
278
278
278
278
278
364
356
328
338
326
302
304
288
244
224
206
216
238
276
300
322
350
360
342
338
346
360
354
340
342
328
224
244
200
238
236
226
232
234
230
268
296
294
290
310
292
248
230
228
218
198
188
190
204
194
192
192
194
188
192
180
182
184
182
216
228
244
234
228
230
228
232
252
252
258
242
258
264
262
270
278
286
294
274
286
288
324
308
324
334
352
366
386
330
280
304
312
284
274
324
324
328
312
470
458
490
506
500
498
506
508
492
492
496
498
492
498
496
456
472
458
482
486
476
480
470
490
478
478
490
472
464
468
390
370
356
334
344
372
348
350
350
318
302
316
292
324
304
290
308
278
278
278
278
278
278
278
278
278
278
278
278
278
278
278
278
366
312
344
348
316
318
320
326
354
244
210
232
260
162
338
338
338
346
326
310
312
336
346
344
314
228
236
204
242
204
194
230
240
240
266
288
288
288
282
278
256
244
226
210
206
182
192
192
184
190
206
202
198
186
204
186
190
180
198
200
220
244
236
234
230
240
236
250
242
250
244
256
266
280
292
278
280
288
298
298
324
322
324
342
346
368
374
394
358
326
308
334
284
288
322
344
382
374
334
314
426
508
496
508
510
510
508
510
504
496
504
500
482
488
484
492
490
496
492
484
484
460
470
478
472
466
462
464
422
360
368
342
334
340
332
348
358
296
320
304
318
290
324
306
284
300
212
278
278
278
278
278
278
278
278
278
278
278
278
278
278
352
334
340
324
298
300
364
324
320
296
284
264
308
352
322
340
336
306
318
308
312
310
324
286
230
244
186
238
204
184
214
238
252
290
290
284
286
282
270
236
240
232
220
214
198
178
190
190
190
196
194
198
188
202
182
198
184
198
192
190
206
210
236
244
246
228
242
242
252
252
254
252
280
278
294
276
290
278
302
318
326
324
330
336
358
372
382
390
342
310
324
326
304
332
344
362
370
362
404
384
344
342
454
494
508
510
510
498
500
484
494
482
490
504
498
502
500
468
482
496
494
466
504
472
474
466
460
446
442
416
376
312
342
326
332
342
340
372
358
338
306
320
322
298
278
276
312
278
278
278
278
278
278
278
278
278
278
278
278
278
278
328
326
318
296
302
240
222
310
384
398
340
352
374
374
372
340
314
312
316
314
298
312
276
242
236
204
240
206
192
206
218
254
278
294
290
288
272
268
250
240
226
212
220
210
204
194
188
194
168
184
192
202
194
188
194
190
188
182
202
196
200
214
236
236
230
256
248
248
236
266
272
290
290
288
282
290
314
288
286
318
334
340
344
354
356
380
396
362
344
322
314
322
324
360
356
358
388
400
386
386
400
378
352
366
488
508
508
506
504
504
494
492
486
506
482
496
496
482
488
480
464
458
480
470
476
476
436
472
436
442
424
368
292
330
316
334
350
356
364
372
310
304
304
288
290
286
276
310
278
278
278
278
278
278
278
278
278
278
278
278
278
320
320
298
294
240
230
258
244
290
314
350
358
366
360
362
350
344
396
318
306
310
244
222
232
198
242
202
192
186
212
228
280
306
282
286
270
264
260
252
224
210
192
208
208
200
214
190
190
182
180
182
178
196
208
196
200
186
190
208
216
204
208
228
224
252
254
256
254
258
278
280
278
294
288
288
304
296
302
314
338
348
348
348
356
368
378
378
328
320
314
334
310
336
380
366
372
374
394
366
380
366
388
398
380
352
426
504
510
508
508
508
494
492
506
504
492
494
492
472
494
454
476
478
478
454
466
458
442
442
416
420
342
308
324
328
340
342
344
350
336
360
298
284
300
298
292
284
266
506
278
278
278
278
278
278
278
278
278
278
278
278
300
288
266
248
234
270
246
284
312
344
366
362
362
354
364
352
356
346
340
330
246
224
206
210
238
200
186
198
216
236
248
270
266
290
276
268
252
246
224
218
200
202
190
188
190
200
188
202
180
192
194
186
198
202
210
212
210
208
218
216
218
216
224
222
248
252
258
260
264
284
288
294
276
282
302
304
300
316
336
370
360
370
376
356
382
388
376
376
348
344
324
328
342
366
358
346
366
390
378
394
392
402
386
386
382
370
340
426
510
508
508
504
492
500
480
492
504
490
484
476
468
464
462
448
444
440
448
420
432
410
418
404
356
322
346
332
342
344
354
354
328
320
282
296
304
318
296
276
280
234
278
278
278
278
278
278
278
278
278
278
278
270
274
244
240
254
238
296
320
328
364
364
362
362
354
354
350
342
324
342
244
236
230
188
224
196
194
208
216
238
256
266
242
262
264
258
248
240
240
222
184
174
180
194
176
184
174
166
168
184
196
200
192
196
226
218
220
212
220
226
218
208
208
240
230
242
246
266
272
284
282
288
280
282
298
316
312
320
310
330
354
358
378
382
384
392
392
372
356
356
340
346
362
354
364
350
354
350
332
336
332
310
300
324
260
236
194
130
134
138
288
444
502
502
496
480
488
486
484
482
474
464
450
452
446
440
454
436
418
410
428
418
416
400
316
322
334
334
348
348
354
368
360
376
292
318
314
318
276
284
288
284
278
278
278
278
278
278
278
278
278
278
270
252
242
248
250
294
312
338
362
362
360
360
352
358
352
342
346
336
220
236
222
200
220
178
184
204
214
234
256
260
258
254
238
260
254
226
230
230
226
188
174
178
182
168
176
180
174
158
152
154
166
202
246
232
230
208
222
224
228
220
222
238
240
240
234
252
270
292
310
284
280
316
342
308
314
320
330
346
350
356
370
410
392
388
380
366
362
344
306
268
268
228
234
230
218
156
148
110
94
108
50
88
126
98
114
130
76
96
130
148
106
106
176
222
274
314
352
368
390
426
414
434
394
422
416
434
414
424
404
408
420
424
414
372
296
330
316
316
332
356
350
348
362
340
312
338
314
294
304
274
284
264
278
278
278
278
278
278
278
278
278
244
236
260
254
282
310
346
354
370
364
366
358
354
346
334
338
290
204
238
208
204
230
188
174
188
212
250
266
248
256
248
242
236
250
242
232
232
222
208
200
186
180
182
156
180
184
134
106
76
94
98
130
160
204
236
228
232
222
240
230
224
230
244
238
258
258
256
304
286
288
290
322
326
292
294
286
284
282
272
258
254
274
242
210
196
156
134
118
94
162
80
30
196
120
222
130
206
244
118
98
110
216
132
110
94
76
88
152
90
132
308
216
140
52
64
72
90
56
76
58
26
46
62
90
152
208
222
324
376
370
386
398
400
408
294
310
314
306
310
336
340
348
354
384
348
326
288
328
308
280
270
318
278
278
278
278
278
278
278
278
278
248
248
240
296
320
328
358
360
356
358
350
356
344
312
272
250
224
232
206
204
232
198
198
166
188
216
284
246
252
238
240
228
232
218
228
218
208
188
210
184
188
176
164
188
172
132
110
96
90
102
104
98
126
120
130
174
206
226
242
242
242
234
240
250
242
224
220
164
172
100
62
232
236
104
18
2
110
70
84
178
196
102
304
132
36
354
6
0
118
104
228
214
124
224
324
260
90
144
298
188
108
110
270
146
164
234
98
120
182
64
140
164
140
70
90
148
120
148
92
194
150
180
14
28
0
2
40
32
64
124
146
170
238
332
354
284
290
300
306
310
318
334
342
344
376
324
300
322
310
288
278
282
324
278
278
278
278
278
278
278
278
238
238
280
254
184
208
212
222
216
206
190
154
154
166
182
186
208
194
228
222
190
198
214
222
226
230
212
234
228
208
230
248
222
198
194
190
180
208
184
172
182
206
186
198
128
110
102
116
104
110
132
88
90
74
112
76
48
34
116
78
78
106
110
86
82
222
6
10
118
216
10
132
198
60
116
276
170
188
364
110
284
194
88
354
312
244
358
118
312
344
222
148
318
34
220
340
466
430
272
288
382
486
300
180
174
294
300
166
176
158
184
132
124
118
120
70
100
140
134
40
84
66
60
60
8
0
0
16
54
58
62
50
56
68
92
74
128
192
252
286
312
324
336
344
320
366
312
318
322
302
292
268
280
344
278
278
278
278
278
278
278
232
260
248
252
270
288
288
276
264
250
230
206
226
208
202
216
226
224
224
194
202
218
234
236
256
252
240
240
238
246
248
266
252
216
196
184
210
176
178
174
186
186
218
146
80
100
112
126
112
98
52
46
6
50
176
206
172
100
152
136
184
198
208
300
276
256
292
320
352
304
312
362
258
354
348
152
308
452
244
354
328
204
384
264
352
334
242
412
198
190
384
448
290
214
310
416
476
254
368
476
368
306
290
286
236
260
124
212
150
136
200
168
170
122
104
120
140
84
56
56
54
68
82
116
136
62
56
62
50
46
62
50
68
66
102
90
36
48
72
54
132
288
312
334
328
316
370
308
354
310
294
270
282
278
270
278
278
278
278
278
278
240
272
264
278
300
286
296
278
280
262
232
222
222
208
196
170
170
176
172
194
208
220
242
250
250
228
218
194
242
278
268
252
232
196
184
212
196
190
174
188
194
220
184
150
106
106
112
94
34
24
72
8
166
248
266
352
250
36
234
374
380
334
348
368
314
422
424
384
388
394
230
282
456
290
318
280
340
274
412
278
322
378
312
326
288
348
352
326
128
240
284
318
254
276
292
262
264
220
302
284
234
288
276
216
178
154
226
136
190
116
146
126
178
166
166
66
126
112
54
102
84
144
104
130
106
116
136
78
54
106
92
70
62
64
50
94
10
38
40
32
24
16
100
240
312
344
374
386
316
324
308
300
322
276
316
220
278
278
278
278
278
278
300
336
282
298
302
290
286
284
268
250
234
212
222
198
184
190
160
126
140
146
152
168
188
216
198
184
204
242
292
256
338
222
224
202
190
188
180
194
194
220
178
142
116
74
2
2
0
184
232
242
294
278
276
382
228
430
288
404
372
392
410
418
414
376
390
436
490
406
418
332
416
404
500
432
418
506
440
502
500
328
478
498
428
484
370
406
414
378
392
434
480
350
344
356
386
316
294
382
390
302
220
202
296
360
238
302
188
190
192
240
172
130
132
162
114
78
134
214
180
140
144
166
136
146
132
122
84
50
70
94
108
76
108
74
76
0
2
24
34
54
62
8
2
2
180
308
380
358
310
324
314
286
260
272
320
230
278
278
278
278
308
308
346
336
296
314
284
300
278
232
236
208
224
202
196
198
186
174
168
178
130
112
118
108
88
104
126
176
198
202
312
194
182
180
172
148
120
104
122
130
120
32
24
72
24
134
92
2
236
298
378
354
374
414
430
296
230
234
322
350
408
406
362
232
362
386
426
386
418
414
308
370
454
352
440
412
308
472
476
326
364
370
390
346
288
408
328
272
384
298
276
270
360
290
254
238
282
356
338
252
192
198
288
226
166
228
342
222
216
214
152
208
174
220
130
246
132
132
172
224
184
170
186
196
190
128
198
92
74
44
140
106
86
90
118
142
50
62
78
96
84
38
4
0
2
0
32
114
262
358
338
322
302
282
264
262
314
278
278
278
278
324
328
346
348
294
296
294
272
248
224
194
220
208
198
190
162
178
174
188
190
164
136
98
98
64
14
120
166
146
108
100
36
58
142
18
12
22
54
204
228
42
20
238
90
60
62
104
222
146
480
304
470
284
436
292
278
314
272
292
376
318
382
360
294
282
338
388
360
384
354
374
286
374
428
392
344
424
358
418
380
338
464
348
302
370
410
478
358
362
398
382
388
352
372
436
328
276
330
352
328
242
228
260
238
224
198
334
176
228
162
170
166
176
148
152
190
130
164
172
248
196
216
206
206
158
174
172
172
128
124
172
118
118
102
56
118
78
108
80
80
80
4
0
22
46
100
8
0
8
140
240
306
302
302
272
270
280
240
290
278
278
350
330
348
354
326
320
286
268
232
192
204
216
212
196
180
184
184
174
184
184
168
152
112
138
94
132
142
88
96
50
62
66
156
200
124
152
192
238
142
120
204
116
132
220
200
200
144
208
186
204
228
258
244
258
270
290
288
206
268
264
332
390
332
348
372
350
372
312
404
402
412
410
430
396
460
364
320
440
396
414
352
396
376
436
386
384
350
344
330
348
314
348
334
290
332
298
270
328
302
266
294
348
256
216
282
316
314
226
246
180
224
192
224
136
190
210
206
176
230
210
196
186
196
202
162
174
156
164
144
128
130
104
128
110
84
104
82
86
104
56
0
20
24
42
182
16
22
22
0
2
46
150
278
306
292
274
268
286
332
278
278
300
328
320
352
352
322
244
222
184
220
208
202
170
162
164
166
180
184
192
184
176
168
152
168
162
158
118
110
80
140
158
140
216
270
180
238
248
160
174
132
148
148
148
108
160
128
92
124
170
136
216
224
292
258
396
272
248
226
240
368
334
300
252
320
272
286
328
316
326
342
334
354
350
326
326
346
256
370
352
348
360
316
400
332
284
320
308
244
262
296
256
224
250
280
248
224
262
372
240
266
198
194
246
224
194
308
284
230
204
188
168
170
142
132
164
200
224
172
194
166
158
138
148
178
182
168
154
162
96
100
108
88
92
84
92
102
82
78
94
70
36
30
122
264
110
68
2
30
12
0
0
46
114
226
296
282
244
256
282
250
278
304
318
320
330
322
282
240
196
210
220
192
168
152
164
166
168
178
180
190
192
184
192
194
178
158
124
152
116
108
118
76
136
90
84
200
124
134
82
92
122
132
78
108
64
68
92
86
98
84
76
144
138
212
212
130
130
200
176
168
232
268
240
142
190
222
202
236
266
250
322
320
288
290
270
318
300
264
230
276
308
234
182
378
268
258
274
282
250
184
202
172
170
242
258
188
184
302
240
154
166
206
152
142
176
238
216
210
188
136
166
140
166
144
160
158
162
170
156
160
124
138
142
130
146
134
144
128
112
86
120
126
148
114
90
82
94
102
92
114
16
58
122
220
150
136
116
106
126
92
30
10
40
2
20
202
268
276
258
252
284
286
300
304
314
308
292
266
284
278
220
184
170
156
168
180
184
188
166
180
170
166
170
202
234
172
130
112
70
98
98
72
58
58
54
74
142
50
36
68
100
118
116
26
72
92
50
106
76
92
58
94
126
146
186
250
100
144
478
156
138
164
210
242
216
202
228
206
236
262
222
280
258
226
288
246
262
324
256
274
332
248
258
276
322
418
420
422
264
190
194
326
172
146
230
212
176
194
208
188
172
172
152
166
144
168
238
190
186
138
138
160
148
152
128
148
170
158
124
116
116
110
126
132
160
94
126
130
108
96
120
168
148
100
122
130
94
94
82
86
82
104
168
184
142
136
150
132
94
126
128
34
48
0
0
0
0
152
256
256
240
218
266
312
312
304
286
282
292
308
280
212
166
144
178
144
142
164
160
162
170
154
150
184
222
230
178
122
106
58
42
28
12
28
52
86
64
34
10
6
44
54
30
80
38
36
74
62
52
52
96
70
90
122
160
92
76
108
134
168
126
142
166
166
170
186
178
208
214
210
244
206
194
288
218
214
292
266
224
288
200
262
208
188
262
166
220
240
178
224
212
168
210
192
176
172
218
204
244
168
160
172
162
130
146
172
192
168
130
140
144
150
130
170
116
110
138
164
174
154
162
152
182
180
178
188
158
122
82
80
152
172
168
160
78
134
126
86
152
126
134
98
112
60
244
200
160
146
134
34
130
144
46
102
8
0
0
0
18
190
242
240
232
252
322
292
246
248
244
296
266
206
186
184
182
222
228
200
96
120
132
142
140
152
208
232
210
162
50
96
132
48
12
80
82
110
144
112
64
82
92
118
82
74
68
94
112
104
74
118
136
106
86
100
156
96
88
90
118
152
158
180
208
176
226
162
182
190
200
238
174
220
222
226
202
276
404
208
342
208
256
276
272
176
192
248
408
192
448
280
208
228
204
252
196
196
294
294
202
278
218
212
180
186
160
168
170
106
156
162
154
152
88
78
96
120
132
144
136
110
110
116
144
172
194
142
102
96
130
98
120
128
166
224
208
182
178
142
64
100
110
138
126
4
314
266
242
224
142
26
152
156
168
144
92
98
72
4
2
74
82
144
248
236
240
342
292
278
230
278
256
200
186
186
188
230
208
166
116
98
124
124
138
138
150
206
206
188
136
104
94
102
74
82
152
146
176
186
212
180
206
222
184
164
178
212
174
172
156
202
188
182
154
156
176
190
162
172
208
148
186
174
172
150
152
128
156
164
176
186
198
222
152
170
194
152
174
228
210
180
190
164
160
192
144
194
146
184
272
316
240
274
266
170
180
166
212
264
274
208
204
194
220
142
154
150
130
184
138
150
116
140
122
98
100
144
112
136
134
126
88
116
116
138
148
144
128
122
112
110
146
124
110
134
154
144
146
114
126
72
96
76
130
12
22
282
260
262
256
228
188
164
156
200
192
84
162
8
0
0
108
40
50
240
254
252
282
294
234
276
252
174
180
184
186
218
200
166
146
140
138
132
148
156
152
156
202
188
134
162
132
112
150
138
190
218
244
218
236
224
254
254
260
252
246
226
256
236
234
236
256
240
258
212
194
216
230
228
216
214
208
216
192
200
220
198
216
184
206
210
264
234
232
210
216
232
206
194
210
214
172
138
160
166
200
168
204
234
196
256
170
210
224
212
196
292
264
312
178
152
174
228
192
160
136
158
162
154
164
136
124
92
136
82
124
70
66
104
94
142
74
52
82
92
70
84
116
78
66
88
128
124
106
158
140
116
130
144
116
156
78
116
124
98
20
130
228
238
288
274
274
220
124
134
170
160
162
184
60
0
2
188
30
34
176
272
262
312
250
300
250
162
150
166
190
224
238
182
160
160
136
128
138
150
142
156
156
162
166
168
168
174
144
208
216
244
222
254
230
228
264
234
286
374
372
272
402
280
268
276
280
274
278
282
250
264
258
252
246
248
256
262
244
252
262
242
240
214
214
216
254
246
256
224
264
252
242
228
222
254
212
238
200
222
208
178
202
210
232
228
210
208
226
188
210
182
280
198
204
146
220
178
200
168
168
170
160
168
150
144
136
120
106
124
114
114
86
110
110
112
128
78
100
108
86
74
128
108
84
78
104
78
158
128
164
126
126
132
130
126
126
142
108
212
100
68
184
228
230
238
258
244
210
150
136
176
176
182
164
180
114
198
86
46
72
66
240
264
250
314
256
174
152
158
150
190
216
200
162
172
166
138
132
128
136
136
154
150
138
154
150
150
144
176
210
266
264
248
264
234
216
222
492
200
198
204
244
236
274
384
434
364
402
376
390
318
272
282
282
282
276
280
286
268
274
266
286
264
314
302
302
252
298
254
276
272
280
264
250
268
254
274
244
260
206
232
192
278
238
256
228
202
232
238
200
224
206
196
258
192
216
222
184
154
212
178
178
154
134
140
174
150
122
194
176
108
96
110
128
138
118
120
104
128
136
130
124
154
124
166
172
188
146
144
188
160
138
154
154
160
158
162
148
160
256
90
152
154
212
210
240
230
238
218
188
210
208
198
172
176
210
132
38
66
108
118
86
166
270
320
240
184
178
176
154
182
142
126
142
152
144
134
150
140
118
146
140
150
156
142
130
134
114
160
220
280
256
244
230
172
176
164
202
200
190
200
160
152
174
230
204
198
220
250
272
336
310
356
340
398
434
382
434
366
364
314
284
306
312
366
326
308
328
248
288
268
326
240
280
302
250
270
276
276
254
288
230
254
278
310
278
232
284
230
240
218
224
254
266
264
232
246
232
244
196
238
216
232
156
192
166
194
172
190
164
190
136
158
164
170
150
148
152
162
150
160
138
180
184
208
222
216
192
212
236
180
164
162
182
208
184
174
170
154
156
210
106
136
260
204
190
220
204
252
238
226
200
202
202
152
132
94
76
114
132
110
146
132
168
280
250
172
172
180
170
200
152
112
110
138
136
134
126
122
138
158
150
140
128
148
114
112
124
180
232
252
226
192
212
184
192
194
214
218
206
190
180
184
148
152
170
196
206
222
236
258
260
262
280
306
308
354
444
452
480
412
394
360
390
318
378
304
308
316
298
310
282
306
284
384
312
310
266
316
288
302
326
274
328
262
380
252
314
300
270
240
272
266
296
324
254
284
252
236
204
240
240
230
198
178
174
210
182
192
198
194
180
196
182
176
176
170
168
146
156
154
154
156
148
218
216
244
260
234
214
222
246
246
206
198
206
208
200
186
184
198
160
126
136
194
224
208
214
248
266
220
202
200
184
218
212
182
166
174
178
172
166
194
196
244
294
174
158
174
162
206
186
124
132
130
132
116
118
138
136
140
144
138
130
128
136
132
158
184
212
216
204
166
174
190
198
222
210
198
234
212
186
188
174
164
170
178
210
224
228
250
260
270
276
258
292
300
296
330
314
346
448
402
384
372
364
332
326
382
424
364
318
302
308
300
290
314
342
304
306
304
300
294
332
264
310
272
296
350
276
304
268
268
250
322
248
302
258
288
298
262
280
240
298
268
276
236
242
250
252
212
230
218
208
220
232
200
212
182
238
208
218
184
196
198
224
242
258
264
250
250
256
228
222
228
254
242
222
216
226
214
266
162
180
90
194
212
248
236
228
252
202
188
168
232
240
214
190
168
174
202
196
198
222
246
502
366
174
170
166
216
228
118
116
126
124
136
136
124
120
136
108
132
126
136
134
134
164
196
190
194
196
180
182
206
220
226
220
214
214
230
232
194
188
190
208
194
192
196
210
228
254
272
276
272
280
292
298
306
310
310
320
330
364
318
308
326
402
330
356
376
396
482
430
366
338
292
286
314
376
298
310
298
354
272
308
282
270
290
286
334
284
324
252
330
278
320
282
274
292
246
302
260
274
252
334
256
256
200
224
220
238
208
214
198
210
200
216
206
196
188
196
204
228
218
228
214
222
240
256
262
262
262
236
228
220
212
208
204
222
218
248
214
76
166
122
168
234
252
280
250
222
232
200
206
188
178
180
178
176
196
188
184
202
248
338
334
392
170
172
220
248
184
140
148
118
132
110
124
162
132
144
144
122
126
134
144
182
180
156
176
168
168
164
200
226
228
224
220
216
218
228
240
198
186
198
212
202
196
216
218
244
314
280
282
298
296
304
318
316
320
328
338
342
348
346
346
342
342
354
352
354
362
366
384
362
382
382
424
292
344
392
378
366
332
334
334
308
312
300
322
278
316
282
318
306
278
288
264
280
258
258
264
296
230
268
218
236
210
276
250
228
194
234
192
192
224
226
208
210
228
204
220
232
250
220
240
212
238
252
242
238
268
262
250
240
244
226
228
222
240
200
164
140
180
270
280
266
258
252
250
234
250
226
250
216
198
198
218
228
222
208
198
226
320
322
354
336
326
186
224
248
238
190
152
162
178
178
168
196
168
144
118
122
122
140
164
174
164
166
160
166
162
160
204
234
248
212
234
222
238
212
208
208
208
196
210
208
226
226
230
208
302
358
294
302
306
318
322
326
322
338
338
344
346
362
366
374
390
406
402
414
432
418
416
404
386
374
378
370
372
406
384
456
470
446
446
358
440
420
384
402
350
352
332
328
352
356
322
294
308
272
270
300
254
232
234
254
212
242
228
280
236
234
240
218
256
214
258
208
250
202
226
206
232
218
222
210
234
250
258
236
246
256
246
256
276
250
248
274
260
252
214
252
272
250
292
316
230
188
296
250
236
238
252
262
256
228
224
224
222
228
230
292
310
314
328
350
328
336
244
250
250
248
198
192
214
216
186
176
174
128
108
128
114
154
170
174
166
164
150
162
158
164
208
212
220
230
232
230
224
272
220
224
220
210
216
234
238
244
258
248
238
256
288
308
320
322
330
332
340
352
336
348
366
370
372
384
396
388
400
414
400
428
410
406
418
414
422
430
458
440
434
416
426
408
432
398
342
462
426
432
446
436
406
426
392
388
392
356
350
334
286
272
284
276
226
208
254
220
242
228
282
220
262
258
226
264
260
236
236
206
242
220
234
220
214
212
220
232
228
270
230
256
230
264
254
274
254
268
288
288
278
306
276
294
294
314
282
288
256
264
244
248
244
264
272
266
252
252
268
310
306
268
282
292
302
292
308
340
350
262
236
228
224
230
226
218
178
156
138
128
102
116
140
152
164
164
166
148
148
154
166
154
172
204
230
220
218
230
236
258
240
244
220
228
230
224
244
268
256
248
256
256
246
284
330
354
342
332
342
350
348
354
364
372
392
386
384
408
392
406
402
394
394
390
408
416
406
416
422
444
434
436
444
428
450
440
412
428
422
408
410
404
398
398
386
378
376
364
348
310
294
252
264
282
284
290
248
238
232
232
260
254
240
264
276
270
276
260
280
244
220
272
204
232
200
210
192
218
220
254
216
240
268
242
282
256
262
262
264
278
322
354
350
304
284
304
290
290
290
272
256
268
262
272
270
298
336
350
390
380
376
332
286
270
282
282
298
316
336
350
254
238
230
210
214
212
164
126
84
74
96
134
132
132
114
152
178
164
162
166
178
162
170
184
186
180
200
204
230
226
248
258
250
238
228
230
240
252
260
264
276
274
290
280
304
328
338
342
344
350
356
358
362
370
398
394
400
426
420
402
402
382
404
382
386
402
400
410
410
414
414
420
424
430
424
426
432
424
418
416
414
402
404
404
396
384
382
372
358
334
306
286
260
296
284
304
406
270
306
382
460
300
338
374
400
382
482
434
422
414
484
324
364
400
352
230
288
256
248
254
298
258
252
274
264
286
260
276
260
284
306
338
310
322
286
290
280
278
272
304
336
344
380
420
422
426
412
386
390
402
412
434
338
310
262
260
288
314
328
358
348
236
224
224
206
206
198
164
154
134
122
144
162
134
120
112
132
162
172
180
174
156
178
188
186
178
200
230
224
226
244
246
256
240
242
254
250
264
270
272
286
270
282
306
322
312
322
340
340
346
352
372
360
376
394
402
404
398
398
418
402
396
404
386
382
390
384
396
406
390
408
402
410
410
406
416
418
416
416
400
400
406
402
402
408
392
386
382
370
364
342
320
338
356
372
352
346
358
352
316
456
392
418
416
418
438
468
436
444
494
394
394
402
304
370
278
300
318
258
242
266
290
278
286
302
282
290
276
290
280
294
310
330
344
360
380
406
414
432
418
426
426
428
434
436
444
446
420
438
416
438
448
418
442
324
296
234
274
338
338
350
346
210
198
200
210
192
172
164
158
144
142
140
148
146
106
112
120
140
172
174
170
174
180
190
192
208
224
212
240
242
244
250
250
238
244
266
292
292
276
290
282
292
318
312
338
334
328
348
348
346
366
360
376
386
382
366
400
406
406
392
408
392
400
386
378
386
376
382
370
380
378
378
388
390
388
398
388
400
394
382
394
396
400
386
408
406
386
390
380
364
364
372
380
382
370
368
384
394
380
374
384
386
372
366
380
368
344
342
344
334
346
336
338
334
350
336
358
362
390
396
404
420
440
430
424
414
406
418
378
390
412
408
420
408
408
420
410
418
400
412
428
428
422
422
428
426
424
436
402
430
412
428
400
416
424
318
316
292
326
328
326
320
210
198
186
158
172
152
142
152
148
142
128
150
156
144
106
114
144
172
174
172
166
180
220
218
226
234
240
256
248
256
240
240
270
290
292
280
282
280
298
294
308
326
338
362
326
342
340
348
338
348
384
378
390
394
386
360
394
400
406
400
404
404
378
360
382
374
372
370
364
362
372
376
378
366
378
376
378
386
374
372
396
408
396
396
396
386
374
384
394
404
366
366
390
362
370
372
352
360
364
352
370
360
374
366
344
354
362
344
358
344
336
344
360
352
364
374
400
392
432
430
420
446
450
392
374
360
398
392
380
394
392
394
396
412
398
404
390
420
420
416
414
414
428
420
442
422
434
444
418
412
396
372
392
406
356
340
312
298
308
316
314
186
188
180
152
154
152
154
142
140
146
142
142
146
158
142
152
142
148
184
178
186
222
226
240
224
238
242
242
258
258
248
272
286
284
278
276
290
298
302
300
294
326
316
332
336
350
336
330
316
342
350
360
374
396
398
356
390
396
400
406
408
388
384
368
376
366
358
374
350
362
360
350
354
362
378
366
358
372
376
404
364
384
390
388
392
402
406
408
378
370
362
368
348
342
352
366
358
342
364
370
358
362
348
356
348
358
348
348
346
344
336
338
332
334
348
366
360
372
404
402
414
412
424
414
338
354
384
382
374
398
384
398
402
406
388
396
380
402
410
414
408
410
402
422
434
424
420
416
414
406
406
390
404
408
378
310
294
266
294
294
290
188
180
168
162
150
150
158
146
134
156
150
160
154
166
170
174
258
150
152
176
216
228
240
242
238
240
238
236
246
252
262
280
292
284
280
282
286
318
320
334
316
316
326
320
318
338
328
340
316
328
336
370
376
350
396
392
388
388
388
394
394
380
372
382
382
352
374
344
354
344
350
362
372
378
360
358
372
368
382
396
368
366
356
388
396
406
366
364
364
352
358
360
346
344
348
342
340
344
354
346
350
348
350
342
342
326
342
348
320
338
332
332
332
340
350
354
362
384
376
364
392
396
392
382
370
338
348
346
374
372
404
404
390
396
378
392
378
390
398
402
400
406
410
416
416
422
410
384
402
406
410
382
416
392
390
392
330
296
272
276
292
166
162
162
152
146
144
144
152
144
144
150
156
166
168
172
162
172
154
144
160
216
228
216
218
240
242
242
268
274
268
288
282
280
290
286
296
318
328
342
346
334
338
332
330
336
322
318
310
322
324
312
334
378
380
374
368
378
380
368
348
344
364
370
394
372
366
356
346
340
338
342
356
346
346
344
358
362
360
354
392
406
396
388
376
346
348
354
350
360
340
354
340
344
342
326
334
336
342
340
326
342
336
334
330
328
342
328
340
328
344
328
318
322
332
338
320
350
370
368
370
370
366
376
362
370
366
330
312
356
380
384
380
390
388
384
372
372
378
392
376
384
394
402
400
380
382
382
386
388
384
394
376
388
396
386
386
354
292
300
260
264
158
156
148
154
144
140
154
146
148
146
144
154
166
170
174
180
174
160
162
192
218
218
216
244
226
246
244
234
262
288
284
286
278
312
292
316
332
342
334
346
352
346
340
334
326
332
316
322
346
332
336
348
334
362
354
368
364
364
388
370
374
350
374
364
372
358
348
346
354
338
334
338
338
350
344
342
348
358
366
368
376
394
400
372
346
352
350
348
356
354
348
342
344
330
326
338
338
340
330
320
330
328
336
334
326
332
332
314
320
318
310
326
334
342
326
352
356
346
344
362
372
364
346
336
346
348
304
330
334
356
352
364
360
380
362
354
366
374
382
376
366
384
376
408
364
366
378
372
374
382
378
372
358
384
374
368
328
308
290
256
254
