238
230
236
246
228
252
252
266
258
256
262
268
268
260
260
254
238
242
242
234
238
240
238
228
238
230
234
240
254
250
242
260
262
278
262
256
268
264
260
264
260
256
268
274
274
266
286
294
290
286
296
308
302
316
282
262
284
302
308
304
304
324
322
330
332
334
342
334
314
296
302
298
276
282
270
266
260
274
266
254
250
248
288
274
290
282
200
80
36
50
110
180
234
296
312
306
316
358
394
450
482
444
470
462
484
474
488
498
496
492
486
458
440
436
436
438
430
440
436
452
434
416
406
390
394
406
420
398
380
376
366
338
330
320
316
340
330
338
352
330
348
350
336
344
362
376
370
376
390
398
388
408
416
422
462
468
466
484
494
494
502
260
244
234
238
226
246
248
250
248
256
272
262
264
258
262
252
252
238
226
242
236
236
234
234
250
242
234
232
242
236
236
246
264
260
262
246
252
258
258
260
258
262
256
264
254
268
256
276
272
284
294
296
284
282
258
246
268
298
294
308
302
314
308
322
326
332
324
342
338
336
348
340
304
294
282
284
286
286
280
262
242
252
248
256
248
246
256
270
276
246
118
24
12
30
62
140
228
312
342
348
370
398
416
470
450
452
480
486
482
490
488
468
478
452
434
440
436
438
436
432
436
422
422
410
432
438
430
422
424
414
396
392
380
354
346
384
380
340
334
320
286
296
300
344
354
342
354
376
358
378
376
380
366
390
394
430
444
420
452
462
482
290
274
266
274
262
252
264
262
252
260
264
262
264
266
266
254
250
248
244
242
240
236
234
230
238
240
238
234
236
236
236
234
238
240
232
246
244
254
266
264
262
254
260
258
256
256
260
250
252
258
262
270
290
284
250
252
258
290
294
292
308
310
300
296
312
310
324
322
330
346
324
330
346
330
332
326
322
306
294
254
252
280
256
262
254
254
248
246
240
242
240
200
106
74
62
30
54
98
128
186
272
298
322
350
356
400
470
476
478
482
480
478
482
484
470
454
426
432
426
438
430
430
426
430
444
442
448
434
436
432
434
432
412
384
364
400
412
386
328
312
288
290
300
284
282
292
318
356
340
354
336
364
352
362
364
372
368
378
404
416
424
284
278
278
268
278
264
266
272
270
282
274
270
270
270
270
258
254
230
236
242
236
242
232
236
248
246
242
240
242
234
234
240
242
248
238
246
252
266
238
250
252
226
236
252
260
242
256
250
240
238
258
274
264
240
252
238
274
286
278
278
286
284
294
290
286
304
296
316
306
322
304
318
324
320
318
328
326
314
330
322
332
292
278
270
264
272
270
260
262
248
204
172
140
130
84
112
134
144
130
118
118
102
118
154
214
266
316
348
412
454
456
456
472
484
480
484
458
442
444
426
426
438
430
434
434
434
454
446
434
442
444
452
430
446
394
394
410
354
376
354
324
300
290
274
278
298
316
294
302
302
320
328
342
356
330
330
348
354
360
364
366
288
284
278
270
274
262
278
276
266
262
272
266
268
274
278
268
268
260
238
248
240
240
246
250
238
244
250
252
242
234
234
242
248
244
248
234
250
250
238
244
240
244
240
246
250
246
256
252
254
240
252
256
266
246
228
230
264
272
270
282
280
282
294
276
288
288
290
286
298
314
312
312
306
296
310
316
320
308
308
304
304
504
312
332
332
310
278
280
274
256
184
190
162
180
178
190
162
172
202
188
194
150
114
122
110
108
144
166
212
242
270
330
412
484
486
492
480
478
446
434
432
432
428
446
428
444
436
440
440
410
434
432
416
380
358
360
330
396
398
366
354
344
334
314
304
310
310
312
290
306
324
306
296
302
304
322
326
322
336
328
332
294
278
286
274
274
274
278
268
280
272
262
272
260
264
268
270
270
262
246
256
258
250
236
258
238
248
252
248
246
252
256
244
240
250
244
256
248
242
232
234
238
244
240
240
244
242
246
240
240
238
246
244
258
238
232
244
260
262
268
256
266
270
280
284
278
284
282
308
328
330
320
312
328
346
334
314
304
296
262
274
288
308
318
318
322
322
338
330
342
316
252
196
188
186
186
196
220
222
218
192
254
260
246
248
234
206
174
110
110
130
136
170
210
258
268
304
384
448
480
456
432
424
426
420
442
434
430
442
448
438
430
434
434
426
420
424
426
414
406
394
370
364
372
354
356
376
364
360
342
328
314
306
306
290
302
304
282
248
162
238
276
292
286
284
278
282
272
270
278
280
268
282
274
268
268
276
274
258
262
248
252
244
250
252
250
256
244
250
244
256
266
230
244
250
250
248
252
260
244
230
234
248
248
234
250
244
246
242
248
250
246
248
244
244
224
234
244
266
252
248
260
264
266
274
266
272
270
278
310
332
324
332
328
348
334
334
342
346
368
300
266
262
308
308
282
314
314
314
314
312
322
322
228
204
214
214
218
236
244
274
248
216
188
232
284
280
274
276
268
268
250
166
130
152
160
150
178
214
244
268
302
364
408
420
418
424
428
434
434
448
438
446
432
436
430
394
392
404
404
400
378
380
362
364
374
374
410
396
392
384
372
368
356
356
342
326
314
290
272
270
302
200
298
290
282
290
280
276
276
290
280
280
280
286
272
274
278
272
266
262
264
254
256
266
258
258
260
260
262
260
272
274
254
258
254
262
268
248
254
258
246
246
246
254
238
252
254
254
236
248
258
252
250
254
228
214
218
236
260
256
256
256
260
246
258
258
270
268
274
292
292
298
308
308
322
330
346
358
358
350
312
300
330
324
298
296
302
288
280
294
286
310
322
260
214
226
242
234
258
258
276
264
256
246
214
196
252
288
298
288
290
298
288
288
278
234
118
88
110
148
182
212
240
250
246
238
274
370
422
434
432
408
440
434
422
416
400
404
386
390
370
360
374
382
366
370
402
402
420
402
402
392
398
394
376
374
378
360
358
336
328
288
268
296
294
290
284
276
282
284
290
282
286
282
274
276
278
274
274
284
276
284
268
264
270
272
262
260
268
262
250
262
262
256
252
258
268
276
262
264
262
258
252
258
256
256
252
250
258
262
256
262
266
258
264
214
226
218
258
260
256
268
248
254
260
252
258
256
260
284
284
272
276
278
280
284
306
308
328
334
320
308
324
340
326
312
318
290
322
330
318
296
290
294
266
232
222
240
250
264
266
284
274
262
248
232
232
220
210
280
292
294
312
306
298
306
290
280
264
238
152
120
140
162
182
194
194
216
224
212
240
316
352
410
430
436
410
394
396
380
380
366
354
358
362
368
414
414
408
396
398
412
402
402
412
400
386
382
386
392
380
378
356
328
310
306
298
292
290
292
290
292
286
288
282
282
274
274
282
280
288
292
286
274
262
272
272
260
258
264
270
266
270
254
266
262
270
268
274
274
264
272
268
254
268
260
260
254
254
252
260
268
260
262
266
260
226
220
242
258
270
268
262
250
258
246
246
246
250
258
126
270
272
276
280
280
290
284
292
278
290
266
304
376
392
332
322
320
264
268
266
278
272
268
284
266
234
234
230
256
272
276
266
270
268
252
246
242
244
234
234
226
294
320
326
306
308
288
288
288
292
290
282
260
162
112
128
144
144
120
126
170
226
222
190
206
262
348
380
394
370
374
368
356
346
354
376
396
412
400
410
400
388
390
394
384
394
384
388
384
384
396
382
366
348
320
340
346
332
312
308
286
294
298
286
278
272
276
278
280
290
282
302
280
290
278
268
270
264
274
264
280
270
268
264
266
280
270
280
274
280
270
266
270
266
270
270
272
282
272
260
266
268
270
276
268
254
240
240
262
276
266
268
256
260
254
254
246
260
260
250
256
260
268
260
268
276
278
276
286
306
292
276
276
288
322
328
294
290
268
260
256
262
262
272
278
262
212
212
212
228
248
252
236
248
258
250
228
226
218
228
232
206
176
178
254
322
306
314
318
298
310
304
300
296
294
284
256
154
108
98
60
66
92
118
144
190
254
268
206
158
198
302
340
348
346
350
386
396
400
396
400
394
388
388
386
392
374
386
386
380
386
378
382
376
336
332
372
362
348
348
348
318
302
302
290
296
292
288
290
296
286
294
290
296
294
292
276
274
282
284
276
278
280
286
276
284
278
284
274
286
276
272
282
278
266
276
264
262
276
276
276
264
272
282
270
266
292
390
246
274
274
274
278
256
254
256
250
262
256
260
276
262
268
256
254
252
268
266
268
274
286
276
262
262
244
286
268
290
276
246
246
232
242
240
250
264
212
190
176
174
176
170
172
132
140
124
112
104
74
92
92
96
88
98
128
154
142
158
170
272
308
338
318
314
312
294
294
300
298
298
236
108
56
34
32
48
54
80
108
142
234
288
256
168
144
196
320
368
388
392
386
380
384
390
376
378
368
372
362
388
376
364
370
358
348
350
312
386
378
368
350
354
324
314
318
324
298
298
296
300
302
310
314
302
302
298
290
292
286
280
274
270
278
282
292
286
284
286
290
286
280
282
272
278
278
282
280
278
284
278
268
246
218
202
210
214
220
222
248
244
272
266
270
260
260
262
268
256
270
262
298
302
302
284
262
248
248
244
230
222
194
178
180
150
180
164
158
154
152
168
162
164
114
114
108
120
148
42
44
126
102
140
116
162
144
154
164
172
162
144
160
158
158
138
144
134
144
172
130
148
150
150
148
152
168
142
144
158
170
176
220
256
294
278
144
24
2
24
26
38
30
56
84
92
158
236
282
254
226
170
234
356
370
394
382
380
370
368
366
386
372
370
366
364
358
350
314
330
350
354
346
358
370
338
336
334
336
322
316
310
314
316
306
304
306
310
316
308
308
298
288
290
282
290
288
288
292
284
292
272
282
278
286
278
296
284
284
282
280
280
248
210
212
202
206
208
220
188
196
176
172
190
208
212
230
224
226
228
216
192
182
166
152
148
140
130
146
156
180
152
106
124
118
76
96
140
226
110
80
114
84
106
122
110
92
110
170
66
6
10
104
98
140
156
114
118
144
158
144
158
122
118
134
154
132
122
150
150
176
170
158
168
164
190
170
152
158
136
144
148
134
148
152
164
170
142
68
30
16
14
10
4
28
4
0
12
36
80
126
222
256
256
252
230
216
236
314
362
360
360
358
366
362
368
358
348
348
328
324
330
346
354
352
322
328
328
332
348
338
344
332
342
336
334
340
322
324
318
324
330
300
298
298
304
304
296
306
296
296
294
304
300
300
298
286
292
284
298
298
298
276
228
220
218
214
220
216
206
190
150
110
106
116
92
94
114
86
80
86
94
64
86
104
82
66
102
84
46
108
130
116
144
178
176
192
136
188
180
118
128
126
138
134
128
136
78
136
146
98
126
70
132
134
154
174
174
172
180
168
166
176
164
162
172
172
162
172
170
196
168
188
210
184
170
196
200
176
192
192
168
178
182
184
182
190
210
212
182
96
78
100
48
30
0
2
0
8
0
0
10
44
84
82
124
270
246
300
308
298
270
250
284
336
378
366
356
338
354
354
332
314
304
312
328
320
326
326
314
310
318
338
334
352
352
354
354
350
346
332
346
346
326
324
316
306
302
314
318
296
298
302
310
302
308
300
300
310
302
286
296
290
262
224
222
224
220
200
164
134
114
80
102
118
98
80
90
92
106
114
106
132
144
138
134
144
154
154
140
142
156
140
154
154
116
166
158
166
212
214
242
216
212
184
194
188
164
176
178
138
148
150
130
172
168
204
210
216
212
218
236
212
218
174
186
202
218
196
172
192
176
222
200
196
210
212
190
192
192
184
224
236
206
216
248
232
214
210
230
190
154
128
124
110
104
72
40
24
18
0
0
0
0
2
34
68
4
96
256
320
352
282
306
300
332
304
262
306
344
346
348
346
316
314
322
324
334
330
330
328
302
314
328
330
324
324
338
346
350
364
360
358
350
344
332
336
330
326
330
322
326
308
310
308
326
298
316
302
310
296
298
302
296
282
238
172
168
146
110
106
110
84
102
140
114
132
164
150
188
212
178
202
208
200
178
204
222
190
200
204
196
186
224
184
186
184
182
186
184
184
206
194
200
226
238
250
252
236
214
198
202
188
174
190
204
184
216
212
232
244
242
248
222
218
198
198
236
202
212
208
190
210
236
212
226
238
228
210
236
226
232
216
234
254
266
246
260
254
254
214
222
198
172
146
140
124
108
88
60
56
60
26
2
2
0
2
0
0
0
26
74
122
160
328
430
314
286
308
316
344
348
328
364
356
346
338
342
338
354
354
358
352
352
360
348
340
350
338
336
332
326
340
348
346
356
344
342
336
344
340
352
348
360
346
346
352
328
322
318
294
254
246
222
184
154
112
42
64
76
140
160
166
166
202
186
210
210
210
230
216
216
244
214
230
230
218
200
224
222
218
206
240
224
240
242
198
210
212
228
246
204
196
234
226
252
218
250
246
230
238
236
296
240
240
222
224
212
194
234
240
254
262
252
262
236
248
232
262
246
248
236
220
266
232
274
278
290
274
270
210
236
220
240
208
238
228
274
258
266
258
260
228
222
192
196
218
166
156
114
94
78
96
116
86
62
92
42
6
0
0
0
0
0
0
2
54
148
236
380
432
388
324
296
382
378
370
342
350
358
358
366
354
350
364
366
356
356
358
366
358
350
348
312
286
282
280
276
262
292
292
274
274
282
264
280
276
274
246
190
162
150
134
146
128
140
120
118
144
170
186
176
218
212
238
224
260
232
216
232
222
232
232
232
246
256
234
240
248
232
234
216
246
238
242
244
256
422
316
240
248
244
218
200
216
246
222
272
226
234
236
210
226
218
234
240
246
234
224
184
200
246
254
258
248
246
238
246
268
262
260
242
234
248
248
274
268
306
278
294
260
272
240
252
238
234
210
276
286
274
296
282
262
296
272
246
186
184
204
180
164
134
114
122
38
108
142
142
128
20
2
0
0
46
14
2
4
6
0
10
56
2
152
344
390
384
400
400
386
376
362
374
372
372
358
370
360
376
370
374
366
372
366
370
352
320
286
266
284
200
210
222
240
202
170
114
166
168
138
176
148
190
166
210
182
180
214
200
178
228
212
224
236
234
238
240
260
228
250
212
214
208
218
228
230
242
260
272
242
202
220
482
218
220
222
232
248
246
240
246
248
268
242
218
212
204
216
220
278
224
228
234
218
210
230
216
236
198
234
192
204
226
240
246
238
268
244
284
226
248
250
256
258
280
272
262
262
256
286
290
270
284
272
256
284
274
252
238
298
312
318
292
280
288
302
304
248
130
194
218
212
204
172
176
158
130
140
130
152
110
0
0
8
2
0
0
154
200
158
164
180
166
156
140
124
124
398
406
404
410
392
380
388
382
386
378
382
396
386
388
372
364
368
362
380
350
352
320
306
280
262
212
184
230
212
194
184
216
244
222
244
248
220
230
218
214
236
228
212
210
206
216
206
232
210
260
242
212
296
188
192
180
204
234
210
230
220
240
266
208
192
208
198
202
212
222
234
236
238
222
248
220
218
220
218
198
180
192
218
238
208
194
198
210
208
186
194
192
200
194
198
192
208
212
260
254
242
260
372
240
248
270
284
262
274
290
274
296
288
300
304
306
294
290
316
294
290
276
264
350
316
326
320
282
290
300
312
290
246
222
234
232
238
214
176
216
222
138
202
158
52
32
32
96
120
46
0
4
20
206
274
276
274
274
270
262
264
420
412
424
426
432
424
384
384
408
386
384
404
408
408
396
384
382
380
388
384
366
344
316
310
250
254
228
232
208
202
202
202
172
226
212
226
194
216
192
204
174
182
176
210
160
180
172
200
206
202
224
206
226
184
156
182
170
202
208
200
210
210
224
202
202
164
206
204
226
218
196
206
224
218
232
232
208
196
204
250
158
190
188
188
200
194
162
200
242
172
176
162
178
178
184
172
188
208
216
228
232
204
202
218
222
256
242
250
264
252
294
286
302
290
288
278
268
274
290
282
284
262
282
268
326
316
324
298
288
318
302
288
292
282
296
300
272
250
274
286
284
214
262
124
80
56
42
78
98
102
32
0
2
50
160
300
308
288
276
266
258
438
454
440
434
442
444
454
404
400
408
400
414
412
404
386
390
370
378
382
370
380
372
360
300
254
230
174
186
206
146
144
158
148
152
164
150
134
180
160
126
150
136
152
164
154
146
170
128
168
184
198
200
156
188
218
160
166
162
190
162
182
202
200
196
190
176
198
188
186
182
202
206
200
200
212
214
208
200
194
212
166
182
190
204
216
194
178
174
200
166
146
164
174
148
172
188
174
184
220
218
208
204
200
186
210
262
216
242
234
244
280
276
276
284
286
280
288
280
272
254
284
286
290
280
266
296
270
258
256
276
288
296
294
346
342
338
332
334
314
292
336
320
298
274
184
136
286
282
294
112
74
18
46
60
64
128
282
300
302
306
290
452
466
442
460
454
460
466
480
456
430
414
430
424
414
408
396
382
386
376
366
366
380
380
350
258
162
146
136
176
130
146
144
132
130
150
150
156
170
180
156
168
178
182
172
188
202
186
182
188
210
208
206
176
188
178
164
190
206
204
222
196
210
226
208
216
212
208
210
188
196
196
228
234
236
230
210
188
230
196
184
200
154
152
166
186
156
180
162
172
192
158
164
162
176
168
168
192
226
236
240
248
256
224
244
238
246
260
260
260
290
288
272
284
276
272
268
266
256
238
254
266
266
280
260
288
284
280
262
276
252
274
322
302
344
324
346
342
322
280
282
316
324
260
294
256
282
274
282
270
256
172
204
86
68
0
4
82
280
298
300
286
458
458
480
480
478
472
474
478
460
462
472
482
476
476
458
426
360
374
382
376
368
392
402
368
260
140
148
108
182
166
176
196
196
200
238
244
250
248
250
230
228
240
222
250
250
260
252
230
226
274
258
210
222
228
214
210
242
222
244
226
234
248
236
236
208
220
196
204
210
172
214
254
240
250
232
210
218
228
204
186
196
170
140
146
146
156
160
138
162
136
142
194
162
172
166
176
170
210
234
212
218
218
220
198
214
222
254
248
262
258
238
230
268
272
226
238
278
282
282
256
270
266
272
284
280
296
294
284
258
282
294
294
282
300
296
252
296
280
260
302
320
344
284
272
200
346
302
258
236
98
278
256
76
44
142
110
0
130
278
296
298
448
470
486
486
490
476
460
478
484
478
486
490
480
470
476
454
392
382
404
408
406
408
392
358
264
214
224
174
252
252
268
280
284
290
292
308
308
310
314
306
310
300
300
320
314
308
290
292
292
296
312
304
312
294
298
284
284
284
270
274
288
296
266
270
250
254
250
242
262
230
236
242
260
234
228
208
226
200
218
222
198
186
170
174
168
168
180
162
172
168
168
144
148
158
148
162
160
206
220
220
220
208
226
192
206
230
258
246
236
246
262
240
260
252
268
276
262
252
272
294
286
292
268
276
272
280
280
306
278
268
276
274
280
278
280
288
298
262
258
310
308
308
202
74
360
312
296
192
132
188
232
258
176
200
296
192
4
44
180
298
280
422
444
470
486
486
482
472
498
506
490
502
494
490
476
466
452
420
416
410
414
404
418
392
352
302
272
302
266
286
306
302
304
304
306
300
322
320
322
324
326
328
322
324
324
314
316
322
324
320
336
326
324
332
322
328
318
328
316
326
306
308
314
310
306
294
282
294
304
292
284
262
260
274
268
266
250
256
256
264
242
248
262
236
206
204
202
208
216
186
236
222
228
152
216
182
180
176
220
228
224
230
238
212
202
224
260
256
244
248
238
240
264
258
254
260
266
266
254
274
274
266
268
274
254
258
274
266
250
252
256
250
254
282
280
286
290
260
218
254
276
274
220
54
234
348
322
298
296
228
208
246
242
210
288
324
0
0
178
140
250
276
458
444
458
478
478
476
482
482
498
506
504
504
488
488
482
462
412
418
418
424
422
400
398
362
328
306
342
338
352
364
370
360
386
404
414
418
408
396
392
378
378
348
360
344
334
330
334
322
324
328
322
334
334
332
326
330
328
338
332
328
332
336
314
326
324
322
320
320
310
304
294
274
302
284
288
298
290
290
278
284
288
266
266
256
240
232
222
244
218
222
242
204
212
232
234
220
218
266
258
264
260
244
262
240
242
258
264
260
272
240
256
278
280
282
284
290
278
280
304
340
302
290
318
350
328
320
318
292
270
288
320
294
296
276
282
276
270
248
268
274
238
158
70
312
340
332
308
310
298
162
226
206
188
262
340
34
2
230
132
224
274
452
464
486
486
478
486
478
490
502
490
500
500
490
486
480
458
454
430
454
428
416
382
312
298
280
340
402
434
442
440
428
448
452
464
474
452
466
456
476
452
440
448
450
454
436
412
396
366
346
332
342
332
338
342
344
336
348
342
334
334
344
332
334
330
344
330
342
324
346
332
312
340
328
314
314
294
314
288
304
300
312
288
264
298
282
260
260
264
284
280
306
246
266
250
228
236
274
282
280
298
292
280
260
278
266
288
286
300
302
284
290
304
320
302
326
314
328
346
316
306
306
320
338
354
348
362
312
296
346
310
330
328
356
316
310
314
314
282
304
288
204
150
220
324
318
320
332
318
298
234
276
236
234
160
330
274
278
182
196
154
264
456
470
494
500
486
498
490
498
490
492
492
500
488
496
482
472
440
428
432
424
392
348
282
294
386
438
474
480
484
468
470
464
458
464
470
456
478
484
464
460
460
452
472
468
474
454
436
434
406
388
378
348
334
336
336
328
326
330
334
344
348
340
344
340
344
334
340
332
332
328
328
326
326
322
326
328
320
334
310
312
320
302
310
310
304
274
302
292
296
310
314
294
286
260
258
290
304
316
324
300
308
306
296
294
308
322
314
320
316
344
328
324
326
332
342
328
328
342
328
332
328
308
350
332
346
320
348
336
370
346
362
356
362
334
342
332
348
336
302
278
206
178
300
338
314
330
346
358
338
328
302
304
250
200
156
200
230
200
240
206
270
468
476
494
486
488
488
500
500
508
506
502
502
498
450
426
424
432
454
422
392
372
314
376
424
478
492
492
490
482
472
474
472
460
468
466
476
474
478
474
462
456
456
474
466
466
452
438
442
450
438
430
412
410
390
376
350
334
328
328
336
336
324
336
336
348
338
336
332
330
328
334
334
318
330
332
322
308
324
318
306
324
328
318
304
316
308
302
320
298
310
306
306
302
288
302
312
310
310
316
340
312
330
310
332
338
340
352
352
372
366
368
346
350
370
376
348
336
368
362
382
372
348
334
376
384
386
360
384
378
376
384
378
374
348
368
350
332
338
294
298
230
210
338
336
324
328
340
370
340
316
308
332
302
316
332
336
310
284
298
288
316
478
478
488
486
472
494
492
496
504
508
508
506
472
374
380
400
446
404
384
370
346
412
478
498
506
492
502
492
482
484
478
472
494
466
480
460
472
476
472
468
456
448
468
478
478
458
444
436
442
444
434
432
430
418
410
400
394
392
374
356
344
348
346
346
356
340
346
348
338
334
340
322
332
334
328
334
318
322
320
328
318
328
306
320
324
320
312
320
300
316
320
300
316
314
316
304
312
314
328
354
346
338
340
352
332
362
370
366
352
374
364
364
384
366
368
366
366
350
350
372
362
350
378
388
382
388
390
364
384
382
388
392
388
370
348
360
330
322
338
332
262
150
332
328
362
334
342
374
326
278
284
344
320
318
358
348
342
338
332
334
340
482
488
482
484
482
492
486
488
504
494
500
488
376
402
410
432
406
382
348
372
460
504
498
506
506
498
492
486
502
484
468
460
470
470
466
454
464
458
456
458
448
452
460
468
466
458
436
438
438
432
434
428
430
426
424
408
416
408
418
406
414
416
404
394
392
370
362
362
358
354
350
334
340
344
346
334
344
342
328
332
326
324
330
336
338
310
328
324
322
320
332
316
316
290
312
318
308
324
324
338
328
352
344
330
370
358
366
372
364
372
372
388
376
384
356
380
360
378
376
374
368
392
406
416
396
388
384
370
378
388
388
392
400
378
362
342
318
328
318
278
296
134
308
320
340
338
334
336
318
288
312
296
304
304
312
298
324
320
320
358
336
492
490
488
478
490
484
492
510
502
500
494
382
412
404
422
406
396
368
434
486
508
506
504
498
504
502
502
490
494
480
474
472
458
472
462
464
470
460
444
468
452
456
450
460
466
458
438
434
434
438
428
434
430
430
424
422
424
424
426
420
424
416
408
406
408
408
410
412
394
376
388
368
358
348
360
354
350
336
304
356
330
324
306
320
338
328
332
328
334
336
344
338
314
304
312
316
320
306
314
322
340
348
376
352
360
358
356
376
342
384
382
366
380
366
386
366
386
368
386
376
374
386
396
370
370
366
366
366
376
380
382
376
378
370
392
360
336
294
238
250
322
308
238
348
334
336
348
336
326
292
290
310
316
320
294
292
280
300
292
312
308
480
478
478
482
482
492
496
504
502
506
436
400
470
496
402
382
382
470
506
508
502
496
508
508
502
496
500
492
488
498
466
476
472
466
488
466
472
466
456
456
458
434
448
450
464
454
418
430
436
438
438
426
432
426
428
416
416
416
418
424
422
426
414
412
400
402
408
402
398
386
382
352
356
334
380
362
354
350
348
332
320
324
326
334
332
330
340
338
330
324
338
310
308
294
318
284
320
330
314
318
302
352
342
346
334
324
366
334
376
356
388
370
354
370
384
372
380
368
380
380
394
402
380
364
364
374
364
378
362
364
348
350
358
356
350
330
384
392
368
374
392
372
238
360
352
342
342
338
322
316
312
294
292
274
264
284
360
310
286
294
272
476
472
478
480
488
494
498
480
498
470
482
500
452
376
372
430
508
502
498
486
506
504
508
506
508
504
502
504
496
492
484
492
478
472
478
464
474
458
456
452
444
442
436
440
442
416
420
436
428
434
434
432
428
412
432
426
420
418
428
426
428
418
394
392
390
390
394
376
376
364
358
356
322
312
354
350
346
334
328
320
314
314
316
316
320
320
318
316
340
342
318
302
268
258
290
314
328
316
342
318
324
358
324
318
336
352
376
348
378
338
364
342
376
360
366
350
360
384
358
398
402
382
384
386
404
382
364
374
360
374
354
362
360
354
358
350
348
370
378
374
382
368
328
348
352
344
342
344
304
306
282
286
290
266
272
294
462
326
280
292
278
464
460
488
482
502
492
500
504
504
492
450
368
342
410
496
510
506
492
508
510
508
504
506
486
504
506
502
482
496
478
482
472
462
462
474
468
468
462
454
454
446
444
428
430
430
422
436
414
408
416
428
418
428
430
418
400
402
400
406
418
404
412
402
398
386
386
374
374
358
346
348
318
338
338
330
332
324
324
322
310
316
316
314
304
316
320
324
330
332
322
322
324
314
334
314
322
330
318
328
324
332
348
322
344
320
324
344
320
330
348
334
354
360
368
330
376
340
366
372
382
392
400
380
382
386
374
380
384
374
380
386
384
372
366
366
374
390
386
376
386
384
372
362
342
330
316
286
286
278
294
306
310
300
294
308
306
362
328
288
288
314
480
482
488
488
494
500
492
498
500
456
416
448
508
508
506
510
510
508
508
506
506
506
500
496
506
490
484
488
478
484
474
482
472
470
478
458
452
450
442
426
422
416
414
436
424
396
400
416
420
416
420
418
414
408
408
400
408
400
384
390
404
390
388
384
390
364
364
362
350
352
330
312
304
316
314
306
292
302
294
306
308
312
306
308
314
312
316
318
320
312
314
354
304
282
274
294
284
270
268
280
302
294
304
304
304
302
312
306
308
318
330
308
314
318
300
334
332
348
364
380
384
368
360
370
356
370
360
380
366
352
350
330
322
280
264
288
322
326
322
330
328
334
318
314
296
294
296
278
300
314
318
314
302
326
308
296
366
298
290
284
262
506
482
488
500
500
506
492
500
502
496
506
506
502
496
506
502
506
508
508
498
504
502
494
486
496
492
502
482
482
474
474
470
476
464
468
462
452
458
442
428
444
446
430
394
386
344
398
406
414
420
416
400
396
402
404
406
384
386
398
396
402
392
372
382
362
354
354
340
326
324
300
294
284
296
302
294
296
292
290
302
294
306
304
310
310
314
324
338
352
344
324
292
280
268
278
274
284
288
290
288
292
286
302
284
278
278
298
274
272
290
296
268
254
256
252
240
242
258
260
258
268
252
254
260
260
276
272
272
274
280
276
282
276
256
250
286
314
336
338
352
354
346
354
340
322
332
320
316
310
312
318
318
306
330
322
336
370
312
310
294
272
492
484
498
506
484
496
498
490
504
490
506
506
498
504
506
508
506
500
500
488
502
506
498
486
496
480
476
486
486
478
480
472
468
464
468
454
440
450
424
424
408
386
376
380
358
394
366
402
414
402
400
406
400
404
396
394
390
372
386
374
392
386
390
368
364
356
346
322
320
316
290
272
294
292
294
290
288
286
278
298
304
302
302
310
316
326
348
344
372
368
286
288
280
278
296
292
300
284
292
294
294
274
288
274
302
276
278
276
262
272
264
274
276
266
260
258
264
262
264
264
258
262
262
260
258
282
278
276
278
290
284
286
276
268
264
294
322
330
340
346
350
354
364
372
364
360
334
320
314
316
318
324
316
332
322
342
352
340
324
304
268
468
496
490
490
492
500
490
508
504
500
498
498
494
490
496
498
506
502
504
504
498
504
490
490
500
486
488
468
464
464
468
460
452
454
438
446
440
424
420
414
408
396
380
378
378
350
386
402
402
398
406
392
394
390
392
380
376
370
362
380
376
366
356
346
362
344
334
326
314
316
284
286
284
290
290
286
300
282
286
306
306
300
322
334
344
344
352
346
346
296
286
282
286
286
296
294
298
290
294
290
284
296
300
292
274
276
276
286
282
270
278
264
272
264
258
272
270
270
264
262
266
260
268
264
262
268
270
280
292
292
300
292
272
278
290
294
354
314
338
348
352
366
372
380
366
330
338
332
326
314
314
326
328
322
320
360
354
326
314
300
290
472
492
486
470
478
492
480
494
492
492
490
502
492
478
490
498
500
498
486
498
486
494
496
490
494
486
494
470
454
454
452
456
434
436
422
424
416
404
396
390
390
398
386
396
370
368
378
408
406
400
400
386
378
370
378
366
362
360
358
362
356
354
354
340
334
336
324
312
312
284
280
280
284
302
294
298
314
296
286
308
312
336
330
338
344
366
360
318
308
288
284
290
282
288
292
284
292
278
278
278
288
274
286
288
272
278
274
284
274
286
276
268
274
260
272
274
272
264
274
274
274
272
274
260
272
276
268
286
294
306
298
294
282
286
300
312
320
328
326
330
348
354
348
368
362
336
342
320
334
326
322
322
326
326
326
362
358
320
330
296
280
484
502
492
484
478
472
482
480
496
486
482
482
474
472
490
498
480
472
498
486
488
482
490
472
470
470
482
456
446
446
428
432
422
424
418
414
392
384
394
370
390
410
396
394
360
382
386
396
402
388
390
390
380
372
372
360
370
348
348
352
334
336
340
328
332
320
318
308
308
276
276
292
296
304
314
310
308
300
302
308
318
328
348
350
376
354
288
286
294
278
276
282
278
278
274
278
290
272
276
272
264
284
284
272
264
280
274
288
282
272
278
264
268
280
282
276
276
280
280
280
274
278
268
266
274
278
286
292
302
306
304
302
298
304
298
330
322
322
322
336
336
344
326
350
354
352
346
328
326
326
318
344
324
326
312
366
352
342
330
296
280
502
492
494
478
484
470
466
468
482
470
454
476
466
456
478
476
470
484
470
480
484
482
470
460
464
464
480
462
452
426
426
416
396
410
404
410
394
390
386
384
384
376
380
362
358
382
392
394
394
392
386
374
372
350
348
354
332
344
346
340
326
318
320
316
318
306
294
298
292
264
278
280
284
306
312
324
294
294
304
318
332
352
368
368
326
308
308
310
300
280
274
274
276
282
280
278
280
278
270
278
272
278
286
282
272
286
272
274
272
272
280
272
262
280
280
272
278
284
282
280
274
298
286
262
272
284
292
294
296
294
306
300
296
294
324
332
314
320
306
330
334
340
350
354
350
352
340
326
336
340
344
352
342
334
328
394
342
312
336
294
314
506
504
482
490
482
476
466
474
466
472
466
472
460
478
466
462
458
458
448
456
452
456
460
462
454
466
462
452
426
432
412
404
390
402
392
390
384
382
374
376
378
366
366
356
508
368
368
374
374
370
362
354
372
362
352
338
346
340
330
314
320
312
310
306
300
296
296
286
284
278
266
280
284
288
290
300
304
302
296
318
328
320
310
314
306
304
308
294
284
274
274
268
274
274
274
278
272
268
270
262
274
306
318
302
300
306
306
320
306
274
258
254
268
282
264
264
274
282
266
262
264
266
272
274
280
284
280
296
312
312
314
308
308
308
330
340
322
318
318
330
342
344
340
352
354
354
342
346
368
356
362
378
344
344
332
380
340
330
316
292
326
508
506
498
490
488
492
480
482
478
476
474
484
464
466
456
450
456
454
454
446
440
418
436
448
438
448
448
448
438
442
434
408
382
394
386
386
378
372
380
378
376
366
348
346
332
368
356
374
354
352
340
342
344
344
338
340
350
328
340
320
308
312
312
304
296
290
284
296
276
306
272
304
298
292
294
316
330
308
312
314
316
310
310
312
306
306
308
300
292
284
278
286
292
282
274
288
270
272
256
272
286
290
318
310
298
312
324
332
302
296
264
266
270
278
280
280
286
276
268
268
278
274
288
288
300
286
298
300
324
318
328
292
314
302
352
356
346
340
336
350
356
358
362
358
354
358
356
368
368
370
372
372
350
342
362
378
324
320
312
274
372
