192
192
190
198
184
184
190
200
194
186
190
202
200
198
192
208
194
204
200
206
222
212
218
214
210
212
204
218
224
228
224
228
226
226
220
236
242
244
224
208
210
234
252
254
252
250
264
274
258
260
262
274
276
290
286
290
290
268
270
262
258
268
274
272
254
240
276
270
286
300
282
280
290
268
286
292
306
330
336
344
352
346
338
318
314
296
276
278
282
278
270
270
256
284
290
298
306
294
288
280
272
298
318
298
298
284
282
314
310
302
286
250
224
168
162
130
100
98
70
44
34
56
88
94
114
142
150
174
184
218
264
294
358
360
362
366
366
366
358
350
346
342
342
352
350
346
342
344
334
320
308
296
296
296
298
252
228
280
308
282
284
192
192
192
190
198
196
180
196
190
190
182
188
192
188
204
198
194
196
190
196
206
204
200
204
214
222
218
200
208
218
224
232
222
226
220
218
232
228
206
186
188
218
240
246
248
244
242
254
262
254
256
258
264
270
290
294
304
302
306
304
296
304
298
286
278
246
240
274
272
276
268
268
288
288
294
284
314
312
316
316
330
338
358
352
348
352
342
342
358
354
332
300
288
314
322
314
308
300
296
288
286
298
298
304
298
292
296
306
300
296
292
292
274
258
238
222
228
214
208
164
152
128
92
68
26
10
16
18
32
54
86
90
108
160
180
220
264
308
350
350
320
334
338
340
348
326
330
342
320
324
314
300
304
292
298
266
242
292
272
294
300
198
172
194
202
200
188
192
188
194
180
194
172
176
194
194
190
184
194
186
200
194
204
200
202
216
200
212
214
214
216
218
220
218
216
218
232
224
230
208
184
196
226
228
232
234
228
242
250
250
262
262
250
256
292
298
316
310
308
316
324
324
342
346
342
312
280
290
312
304
282
276
262
270
282
286
292
298
300
312
312
326
336
336
322
326
326
318
296
230
192
192
250
340
368
372
376
360
338
332
332
320
324
318
308
306
310
302
308
296
294
292
312
310
294
278
256
244
240
238
226
230
236
208
202
194
168
146
86
46
8
2
0
2
2
8
50
84
112
168
174
188
190
224
294
262
262
300
348
310
316
316
314
308
314
300
284
266
304
280
296
302
194
200
202
192
188
196
186
194
190
190
192
196
184
190
202
196
196
206
192
206
210
200
198
210
208
188
216
206
224
222
228
210
210
216
214
206
210
232
194
194
198
220
224
222
218
226
234
244
246
240
246
252
250
262
274
268
280
280
286
296
298
320
318
316
292
284
304
314
318
302
312
286
250
264
252
282
290
276
292
312
324
320
320
324
334
330
322
286
190
182
192
190
150
162
246
332
346
348
352
378
354
366
368
366
348
368
346
344
326
310
316
324
310
302
316
280
270
264
264
258
240
248
254
234
216
214
194
192
176
132
140
158
168
146
106
84
58
0
0
2
0
0
4
76
164
232
258
262
244
292
282
280
304
306
302
268
282
300
322
298
290
202
198
190
194
184
172
192
194
196
196
200
202
204
184
192
190
206
210
200
206
196
212
202
192
198
208
206
220
220
204
212
210
212
218
216
220
214
212
172
182
166
214
230
228
232
232
224
224
236
222
226
238
242
266
244
256
250
248
250
260
266
278
280
294
260
294
302
320
318
298
276
284
246
256
262
278
274
276
284
290
284
294
304
310
316
334
338
302
232
184
190
196
180
172
174
152
216
322
334
330
346
344
350
340
344
372
364
372
348
366
384
382
370
360
356
324
300
270
260
258
260
254
258
258
252
230
212
206
202
166
156
166
196
208
202
202
200
196
188
196
188
166
156
132
90
16
2
4
2
2
36
100
182
214
264
298
308
284
288
288
294
212
212
202
206
176
152
164
184
212
206
204
206
202
200
192
194
184
208
208
212
204
204
192
202
204
218
218
210
216
218
218
214
212
216
216
220
220
218
192
180
176
222
230
236
230
216
224
224
216
216
228
226
226
76
250
256
254
266
248
258
276
280
284
274
240
244
252
268
290
266
258
250
254
236
268
256
246
260
272
264
266
268
270
270
282
284
274
280
258
192
182
190
174
170
180
230
230
208
228
318
342
338
326
332
326
336
334
340
334
350
360
346
354
356
366
350
346
342
316
312
308
302
288
300
312
234
232
202
208
160
156
170
212
212
216
204
208
204
212
212
216
218
218
222
224
222
218
212
202
198
204
198
196
176
172
190
172
194
214
218
230
236
214
206
206
206
172
150
146
198
206
214
200
204
212
204
212
196
218
208
218
206
214
210
216
218
216
224
222
214
222
232
226
230
224
234
230
232
188
170
180
200
234
234
226
236
238
232
224
226
242
226
226
236
234
248
242
246
246
240
242
244
266
274
268
238
238
232
270
256
262
256
248
236
232
238
246
236
260
250
222
212
248
250
264
262
264
260
254
242
216
216
200
182
188
192
220
238
264
224
206
226
288
304
322
328
332
332
330
342
326
336
322
330
352
336
356
338
308
304
300
310
294
286
274
276
304
282
272
258
226
218
200
224
230
220
218
218
206
218
216
222
210
216
222
216
226
218
220
214
230
220
220
224
230
210
200
208
182
198
234
264
232
224
200
200
204
218
194
170
156
196
218
208
214
212
210
214
204
216
210
214
220
218
236
228
214
222
228
218
218
228
230
230
232
226
240
234
234
196
198
200
226
234
248
244
222
216
242
222
224
234
236
238
238
238
228
226
240
222
232
240
242
238
250
260
236
228
250
256
260
250
248
242
250
250
252
250
266
250
230
218
218
238
262
262
260
248
270
240
228
200
196
202
182
202
198
228
234
250
256
264
234
204
190
268
282
298
310
300
316
316
326
318
308
342
334
328
312
308
316
286
288
286
284
292
270
272
266
252
242
228
216
234
260
266
274
272
272
266
274
264
246
238
244
236
234
228
224
222
232
214
220
220
218
218
224
230
228
214
204
266
252
236
220
226
210
218
216
214
222
200
184
200
214
212
206
212
222
214
224
230
242
226
224
230
224
226
228
246
232
234
236
240
244
236
240
250
236
248
234
236
212
252
256
244
230
236
218
228
222
222
256
236
256
254
264
256
248
266
252
258
252
260
258
250
230
214
194
316
310
228
228
228
230
232
232
232
228
212
210
222
224
220
238
240
254
242
248
248
218
216
202
202
194
188
214
218
224
228
230
238
240
222
220
190
180
194
262
276
280
286
274
246
222
236
290
296
284
288
284
284
276
278
270
254
256
252
244
250
234
226
204
204
220
264
244
256
254
256
256
264
274
284
282
274
286
296
294
280
278
258
246
236
226
226
214
210
222
222
228
204
334
250
226
240
238
224
222
226
230
226
214
200
174
206
220
220
218
232
220
224
232
234
244
230
218
232
234
232
242
246
246
254
240
246
248
254
250
256
252
394
286
216
252
242
244
248
238
238
218
228
222
236
236
244
258
266
260
260
262
278
294
282
292
284
274
264
232
228
236
256
240
242
244
250
230
234
228
218
214
220
208
216
222
202
230
236
236
240
246
220
208
204
196
208
182
208
212
220
236
216
246
226
230
210
218
210
206
210
200
224
262
254
214
200
212
276
270
258
270
278
278
274
248
240
248
230
218
236
224
222
214
212
224
236
246
246
242
254
248
266
264
266
280
274
274
268
268
288
262
272
276
272
268
270
264
264
258
258
246
254
274
272
246
246
244
248
242
234
230
212
232
234
216
204
210
194
216
232
232
230
244
242
242
238
240
248
240
238
234
248
250
258
250
250
240
252
238
254
244
246
212
210
232
244
248
238
230
250
240
240
232
246
232
234
240
234
220
240
238
232
230
238
234
258
246
238
244
228
260
270
282
286
276
292
284
270
258
246
242
228
240
242
208
214
186
200
212
232
240
236
224
196
186
202
216
174
206
198
196
234
182
230
186
196
154
166
162
150
128
92
106
100
146
158
58
38
250
244
250
268
260
274
272
242
236
228
236
234
226
222
214
210
210
210
230
252
254
264
270
264
244
244
238
252
248
260
256
256
260
254
268
258
256
266
258
254
244
244
244
234
270
248
226
250
256
260
242
240
226
242
234
216
230
230
228
224
192
188
222
238
250
244
234
238
244
246
246
238
240
232
260
248
238
238
242
252
244
242
254
258
238
218
192
220
232
220
196
206
208
218
238
246
242
242
236
232
224
234
240
254
232
226
224
216
216
218
214
212
220
490
252
262
226
228
230
240
236
244
262
258
250
256
252
238
250
234
236
216
206
204
218
210
168
170
162
158
138
156
118
116
116
120
94
64
52
52
62
40
86
74
92
102
130
162
154
22
20
52
116
136
134
144
172
152
172
204
212
226
232
240
276
274
258
262
286
288
294
296
308
306
302
300
248
240
242
236
246
242
234
252
242
250
238
248
246
264
246
240
242
226
224
246
246
244
264
260
264
260
254
256
242
222
240
248
248
246
242
226
206
202
204
250
234
236
240
254
242
244
250
250
236
254
244
258
246
254
268
256
250
254
262
244
216
230
208
184
190
162
136
158
168
164
156
190
236
236
230
240
244
240
232
238
236
224
236
234
244
242
192
182
190
204
210
210
212
218
216
212
208
212
190
200
212
188
170
174
160
180
162
140
132
142
134
96
92
46
82
124
92
118
126
150
122
120
90
98
108
104
116
98
104
114
100
128
140
126
52
156
112
102
144
132
138
120
120
120
166
178
180
192
176
156
138
130
146
162
176
212
236
270
308
310
306
266
234
238
240
240
238
238
242
246
248
242
230
230
246
248
246
252
240
222
248
290
300
254
276
272
276
278
260
252
262
242
244
256
260
256
242
226
220
206
172
226
260
250
252
254
256
258
262
266
262
260
268
262
274
254
256
252
258
248
240
242
224
202
172
184
176
172
174
178
178
160
134
136
124
166
228
240
248
234
240
230
220
230
226
254
216
180
160
146
130
110
104
88
70
56
26
30
20
2
20
6
14
0
38
0
20
10
26
0
0
32
82
84
28
92
148
76
116
118
98
74
82
66
62
92
88
86
94
104
100
102
106
142
134
154
142
130
150
146
164
138
166
160
154
172
210
210
204
202
172
172
180
162
180
178
164
132
130
142
138
122
112
154
230
222
226
230
226
230
242
234
232
246
234
236
226
228
250
232
218
208
372
382
272
270
278
286
296
284
262
266
274
272
260
262
272
276
256
246
226
212
140
162
226
256
268
266
266
264
248
268
260
270
272
282
258
264
266
258
248
228
212
192
182
184
190
194
188
184
158
154
106
58
66
38
44
12
2
30
20
36
24
40
14
18
36
30
30
48
0
0
0
0
22
2
0
0
2
12
6
6
16
10
4
2
12
12
34
24
50
2
58
86
64
94
68
76
82
98
104
122
108
94
92
92
84
92
132
106
118
132
138
168
170
194
198
178
166
172
154
156
166
190
190
178
170
192
194
202
246
174
162
188
186
184
186
186
158
160
156
150
104
62
10
0
18
88
198
224
220
232
236
236
240
228
228
212
220
218
216
220
206
340
352
274
304
304
284
288
286
302
292
276
284
278
286
290
290
278
274
274
248
214
174
142
158
206
212
254
284
278
282
274
270
280
260
276
266
264
272
264
234
246
216
190
196
186
156
126
84
42
36
30
26
64
46
10
6
6
266
54
32
48
34
24
44
26
58
34
4
40
58
4
36
26
52
28
20
36
26
66
66
170
130
42
62
68
70
58
80
94
110
146
118
140
122
162
128
108
116
170
170
154
150
162
156
142
140
158
172
156
168
188
188
224
228
254
240
242
248
216
154
204
220
200
212
194
196
196
194
202
204
188
186
174
174
208
194
188
168
152
136
144
90
82
78
68
52
2
0
12
160
238
242
224
224
222
214
230
240
256
266
224
266
376
288
328
334
326
314
316
308
300
310
302
302
304
304
292
290
270
284
308
276
246
186
114
136
154
146
164
152
168
212
244
264
272
252
252
222
184
166
156
172
96
68
0
8
14
86
42
48
34
44
148
40
124
106
52
112
174
104
160
132
206
150
88
134
130
162
128
122
128
142
168
128
116
122
128
88
98
122
134
114
100
124
94
140
108
130
114
120
142
164
182
146
140
184
170
194
222
198
176
186
192
196
190
200
188
170
228
242
206
236
238
236
274
240
254
262
260
258
220
204
242
246
210
228
182
220
188
182
202
228
186
172
158
164
204
174
182
184
162
162
90
88
132
126
136
4
2
0
2
0
58
202
232
246
236
234
238
298
264
236
282
292
250
338
336
342
338
320
326
324
330
316
324
330
328
316
316
304
298
308
300
278
228
152
120
132
136
92
54
92
90
74
62
34
84
86
84
68
60
58
66
16
36
94
76
124
160
172
216
176
242
156
246
180
168
172
226
206
206
216
194
236
236
170
192
166
190
166
200
178
198
222
172
166
156
144
136
136
150
150
156
132
162
136
150
188
174
208
170
176
232
222
210
212
206
206
208
244
250
220
234
252
268
242
234
252
252
258
274
256
236
246
274
262
274
304
260
252
240
288
212
230
232
288
262
258
206
250
228
220
210
234
172
122
116
204
208
180
204
178
194
194
198
190
204
92
56
38
116
138
128
46
42
76
138
260
278
290
308
290
260
314
296
274
344
314
346
350
332
330
332
330
318
316
340
320
310
312
296
296
300
338
312
240
190
184
180
184
206
214
240
210
218
208
190
200
174
188
132
124
166
120
118
162
168
210
184
244
216
286
242
264
264
210
162
218
208
230
266
212
200
210
216
182
220
188
178
192
172
178
160
162
174
200
156
160
174
142
162
160
182
154
194
176
198
178
190
198
192
208
200
262
264
276
286
274
274
270
270
260
270
276
296
268
258
250
260
270
296
270
306
286
314
298
268
278
286
286
276
302
260
262
250
254
258
290
262
248
246
226
224
232
236
216
188
200
194
200
202
184
190
202
236
232
252
190
36
110
132
148
242
172
132
68
56
82
126
204
328
348
318
304
334
328
294
344
342
344
332
346
334
320
326
336
336
326
342
340
326
316
302
322
334
312
264
174
146
136
152
212
242
260
316
324
268
266
276
230
240
202
218
224
242
240
228
250
234
224
226
248
282
222
262
230
246
230
218
228
194
218
182
198
222
204
190
182
170
158
134
164
150
144
162
156
164
172
170
148
148
152
148
178
178
186
164
120
168
188
210
190
172
194
244
254
250
274
262
256
282
270
296
274
276
316
286
270
304
310
268
286
304
288
310
324
254
250
276
256
272
258
262
256
248
242
240
236
264
254
252
234
252
218
238
224
242
244
206
212
222
228
218
206
218
240
240
256
160
18
136
212
342
288
170
84
76
88
78
98
98
136
294
288
286
322
322
278
362
366
344
364
360
352
358
344
348
348
340
352
340
344
320
324
348
336
318
240
148
128
180
202
224
250
258
280
236
284
234
260
248
268
208
200
184
204
218
236
210
212
232
228
248
312
300
304
384
258
170
200
188
260
244
186
206
224
232
270
182
216
206
196
148
186
182
152
160
182
208
158
186
218
192
156
180
206
186
178
160
146
272
284
216
212
214
254
260
270
274
284
272
298
292
298
292
296
306
290
258
292
294
296
284
296
286
334
314
292
250
268
266
260
280
248
260
284
266
260
254
246
260
248
218
212
208
210
206
224
260
256
224
212
222
208
214
192
200
216
224
152
186
124
310
290
300
240
200
196
194
116
64
4
0
2
116
260
298
318
272
378
402
396
380
366
380
384
374
386
382
378
372
366
356
350
332
316
338
342
228
140
110
108
142
150
144
156
174
174
192
194
232
230
218
190
208
224
214
210
178
236
202
174
222
210
246
224
216
242
200
194
220
188
182
192
172
188
142
156
170
126
118
138
142
152
146
166
162
138
160
152
176
158
172
166
168
142
164
156
164
168
134
140
188
208
218
218
242
256
248
246
246
254
252
266
280
254
270
282
272
248
260
244
226
234
258
292
288
282
228
244
250
236
232
232
242
236
212
228
238
236
262
258
248
212
202
214
226
194
222
272
260
234
218
220
214
208
156
162
212
192
162
170
352
272
252
252
206
180
202
228
94
70
86
118
0
0
90
292
324
256
416
424
408
392
396
396
400
406
410
412
392
396
390
370
346
324
362
428
368
270
204
178
172
200
234
256
252
228
242
238
244
208
210
216
196
178
206
188
178
172
166
162
206
212
208
222
204
212
156
190
370
214
144
154
150
168
198
140
140
124
122
90
112
124
138
132
138
138
134
124
152
146
170
138
176
188
138
146
154
186
178
162
166
170
216
220
256
234
228
222
236
216
218
230
240
232
230
234
244
208
246
218
214
210
222
234
278
254
230
212
236
218
224
224
222
224
226
226
224
246
244
256
256
246
242
236
228
222
230
258
306
262
234
256
248
236
198
202
224
256
202
128
136
290
280
284
204
166
124
210
236
190
192
286
132
0
36
38
150
312
256
438
422
424
406
426
428
418
426
426
446
436
434
424
386
340
372
386
376
364
316
198
208
244
252
284
294
294
294
304
320
316
302
286
270
270
268
262
234
246
240
212
204
192
206
212
222
184
156
158
172
146
154
180
156
150
156
152
154
200
178
146
162
108
146
176
204
184
154
196
194
170
180
180
196
212
214
180
208
204
198
172
172
158
164
226
204
246
242
240
262
252
258
256
258
254
236
258
228
240
252
240
228
228
244
248
240
258
234
222
210
218
242
232
226
216
236
238
260
244
252
246
250
256
230
224
240
256
232
228
246
254
262
246
266
272
244
164
202
246
240
168
10
170
402
344
318
370
238
132
224
264
268
254
316
222
0
0
178
132
248
290
464
440
456
452
464
434
454
440
448
454
454
462
420
368
336
340
404
434
364
296
284
270
240
272
286
286
290
292
290
304
298
302
316
322
320
312
296
328
312
290
276
260
264
256
252
252
222
234
204
238
190
182
216
222
172
160
140
172
192
156
160
156
130
128
160
200
184
168
158
206
196
212
158
168
174
162
186
170
184
172
164
144
160
156
172
188
212
216
208
212
224
230
240
230
254
242
226
250
238
240
242
234
214
186
214
252
266
230
216
224
218
224
270
224
220
210
226
232
252
242
244
240
228
230
222
236
256
276
240
256
252
246
254
270
258
266
210
224
230
198
78
6
234
374
384
356
360
320
212
184
224
194
156
308
230
0
28
172
96
180
274
478
462
476
474
484
466
458
462
456
446
462
446
368
342
330
310
270
222
216
260
316
340
328
326
310
324
326
320
316
300
302
298
304
304
316
324
318
324
330
330
322
304
316
308
320
326
300
296
292
274
250
256
242
236
210
200
194
166
188
168
180
160
160
134
168
162
170
148
150
238
206
222
172
152
176
184
202
182
198
176
150
172
160
158
182
184
200
198
208
202
206
224
226
250
258
230
240
252
212
220
238
238
212
200
226
250
240
220
234
202
214
226
250
226
228
238
240
246
246
260
248
284
276
268
268
286
280
248
256
272
250
244
258
280
290
280
264
248
252
178
42
28
286
358
368
356
334
324
232
232
226
230
182
198
308
270
206
174
214
166
258
484
472
468
470
484
476
474
448
458
432
358
366
360
348
296
250
220
264
326
376
414
418
412
426
422
426
444
442
410
390
396
392
386
350
330
332
328
306
292
300
312
322
332
328
334
334
336
332
322
300
286
288
302
274
264
256
230
228
228
242
252
208
208
206
192
192
198
184
154
182
240
196
164
162
176
184
176
188
196
200
188
188
168
188
186
198
196
214
212
238
222
278
220
234
234
232
238
234
226
222
228
214
232
236
240
214
280
240
258
250
220
264
274
272
270
282
284
268
298
308
284
278
318
300
340
352
326
336
294
314
312
310
302
314
320
308
286
258
236
168
112
128
306
316
320
322
308
318
272
254
288
252
206
142
84
178
222
210
300
236
240
480
484
492
502
492
484
496
480
428
336
342
362
332
310
282
308
356
426
450
466
488
476
468
468
464
458
454
448
444
414
402
406
432
466
458
414
410
378
350
338
326
326
310
308
316
330
332
338
326
334
322
312
312
300
286
270
262
246
266
262
230
212
218
240
248
220
216
212
212
250
216
200
228
208
214
204
208
204
228
234
222
210
206
234
206
226
212
212
230
228
272
258
236
246
288
254
258
268
264
262
262
270
260
260
284
272
274
248
282
306
278
292
314
292
310
302
318
314
312
322
290
298
318
332
328
368
356
360
380
342
378
374
364
362
368
368
366
330
278
212
160
228
288
294
286
308
316
326
298
300
306
304
292
342
356
346
346
256
294
296
292
460
468
490
484
488
492
488
362
358
370
354
318
298
328
420
480
476
468
480
478
484
498
488
472
468
464
456
458
454
456
430
420
414
418
428
406
424
458
456
428
416
360
328
320
306
344
320
356
338
346
330
328
306
316
330
290
296
286
266
272
250
260
246
252
278
246
230
244
274
264
246
230
236
242
260
250
234
226
242
208
248
226
228
246
264
242
246
228
248
254
256
258
278
302
286
290
286
304
288
292
292
306
294
296
312
296
318
306
292
312
306
304
324
340
336
324
340
328
320
306
324
316
356
320
342
356
344
328
348
368
396
390
404
406
380
374
366
354
328
270
166
222
326
346
334
328
356
382
288
292
326
352
344
360
396
420
388
374
338
312
300
476
488
480
486
494
442
360
384
422
364
324
336
414
482
496
502
484
484
486
488
500
496
494
478
480
478
464
470
456
464
460
436
422
414
394
392
426
456
452
458
442
434
432
390
336
298
314
332
352
346
388
376
340
332
330
328
332
288
286
278
256
276
260
256
250
252
246
258
270
266
240
240
258
260
260
258
282
288
256
248
254
268
254
262
270
270
280
288
294
286
286
294
320
326
304
328
340
318
342
328
322
330
312
334
334
340
350
320
324
336
340
336
334
346
354
306
332
358
344
368
340
334
342
360
368
342
354
368
350
376
380
388
406
408
406
362
352
336
320
298
174
182
320
336
348
338
342
370
318
280
332
318
312
314
334
350
366
368
364
300
340
492
490
490
490
428
484
482
392
344
348
416
460
470
488
492
494
486
488
490
490
498
494
482
476
474
476
462
472
474
478
470
468
428
416
394
362
428
438
456
448
440
438
442
454
450
440
390
336
316
322
376
326
328
332
322
344
338
330
344
308
294
304
272
284
270
280
270
290
280
292
272
258
266
262
282
270
264
318
302
252
264
280
292
290
308
324
298
298
302
318
314
308
320
332
338
338
344
336
338
354
362
346
352
364
364
366
362
342
362
350
348
346
364
370
364
356
370
356
364
374
376
388
380
410
378
368
364
352
370
380
376
374
390
394
404
368
322
300
290
282
244
156
288
348
356
368
364
360
362
298
282
304
320
344
314
310
334
330
356
286
332
484
500
506
500
476
396
336
322
426
470
470
458
472
486
486
506
498
504
494
488
504
482
480
480
496
480
470
474
466
474
462
466
446
424
400
374
396
438
448
466
452
442
444
448
444
426
436
440
446
414
382
350
306
294
288
360
310
326
322
330
316
346
322
292
290
286
284
298
284
274
268
282
254
270
276
274
256
278
310
300
256
282
294
290
280
306
314
322
312
326
342
336
324
336
350
350
352
378
358
382
352
358
344
358
360
364
360
368
372
346
362
378
370
380
372
400
388
368
380
382
382
384
388
368
378
356
356
358
360
366
360
358
368
356
344
338
330
306
268
280
280
240
262
358
362
364
360
366
346
332
312
308
298
298
284
300
342
330
328
268
322
508
502
494
454
368
378
474
496
482
472
474
466
458
476
486
498
496
506
508
492
508
500
482
484
496
480
474
474
456
472
476
476
470
450
374
352
416
418
438
444
458
450
450
442
440
430
446
454
450
446
444
440
420
410
370
324
326
322
320
300
316
342
336
324
324
322
314
292
314
288
274
282
274
272
284
262
278
262
298
282
298
276
314
316
312
312
304
314
322
304
334
312
332
342
352
344
350
362
358
368
364
362
344
344
364
364
370
358
340
364
348
364
348
354
368
374
378
368
376
386
374
372
370
370
372
336
340
338
334
332
330
320
314
336
296
296
324
350
324
312
292
270
272
328
370
368
358
348
356
328
330
302
276
258
238
326
362
320
314
274
338
508
508
506
496
496
498
494
498
498
482
474
482
478
484
494
492
498
494
498
492
486
476
492
486
494
498
488
474
456
470
476
478
468
458
408
404
408
430
414
424
440
446
444
440
442
442
444
452
454
444
442
440
438
442
448
436
462
448
444
436
392
388
346
352
332
304
346
334
330
336
312
318
296
294
278
274
290
290
272
288
292
286
286
292
296
300
322
300
308
330
332
316
336
348
354
354
340
342
362
366
378
350
360
354
360
354
332
342
334
344
362
356
362
358
372
370
370
374
380
380
378
374
356
384
364
348
348
334
322
324
326
326
314
324
304
280
294
306
310
322
302
282
272
346
378
378
366
372
356
368
326
284
278
260
246
350
340
320
348
306
334
506
506
486
494
500
506
498
500
498
488
506
480
474
468
496
480
496
506
486
496
500
480
478
486
490
494
474
470
466
474
474
460
468
470
504
402
426
424
430
418
418
448
432
438
430
440
452
442
448
452
440
444
444
450
468
446
452
444
430
436
402
390
350
422
428
426
430
430
390
364
368
338
344
322
308
318
326
290
286
308
336
330
314
308
296
298
304
306
316
320
304
320
316
336
338
360
334
350
356
354
344
356
386
348
356
342
338
336
328
342
368
352
366
352
344
360
376
370
352
368
374
372
368
380
382
346
338
340
334
330
320
322
318
332
322
308
302
306
300
306
304
288
284
282
314
326
354
356
368
358
352
364
340
270
272
352
366
306
328
296
342
496
504
482
494
492
498
508
506
502
496
468
478
500
496
498
478
488
490
494
492
484
486
470
492
494
480
466
482
460
474
464
452
464
466
420
400
420
436
418
426
410
434
430
436
432
430
448
428
436
440
436
464
452
468
458
456
460
452
442
448
416
396
374
432
444
434
428
404
422
416
414
412
402
398
400
390
390
358
346
328
330
332
348
350
348
352
358
354
346
330
308
296
254
280
318
330
338
352
352
346
352
346
346
340
348
344
362
340
344
338
352
386
376
378
366
352
356
364
358
390
386
400
396
394
388
350
336
334
326
314
322
326
314
316
310
290
298
306
298
304
298
300
300
294
288
298
300
296
318
362
342
338
352
328
314
362
368
332
316
304
310
504
492
488
492
500
490
490
506
486
502
498
478
496
490
474
456
478
490
492
492
490
492
480
480
468
466
464
466
466
472
472
466
446
410
386
384
430
434
436
420
450
446
442
428
430
432
438
442
434
446
464
442
452
456
460
454
444
448
450
436
400
406
400
440
438
424
436
420
430
428
404
414
416
412
416
398
394
390
386
370
358
350
350
344
342
352
346
342
334
322
310
288
270
312
296
376
392
340
334
336
304
320
336
322
322
322
306
304
330
338
324
348
372
382
368
364
368
374
388
384
400
392
372
370
358
324
308
306
284
278
280
260
266
250
258
262
290
298
314
316
322
316
316
324
322
322
312
298
308
330
298
270
290
284
308
356
356
336
312
344
326
504
504
488
508
472
502
500
504
490
488
484
480
486
470
468
464
450
464
474
478
480
488
478
462
484
476
470
454
472
460
450
442
424
398
412
384
406
394
414
428
444
430
424
414
418
422
442
446
430
446
440
454
442
452
436
436
436
422
436
438
384
382
398
426
432
436
434
422
438
430
416
428
430
408
404
402
388
392
378
368
366
360
360
352
336
334
318
322
328
312
308
330
326
314
316
314
302
310
294
292
298
290
292
284
272
274
274
270
286
298
296
274
286
288
296
282
294
290
286
280
274
284
278
276
266
232
198
248
238
254
252
248
228
256
266
300
300
330
320
340
324
324
336
346
330
334
332
324
296
362
290
272
270
252
338
370
374
342
304
328
306
498
494
504
506
506
508
498
492
492
488
486
476
486
474
466
432
442
470
476
478
480
480
490
494
468
472
460
470
464
454
442
430
430
396
402
424
436
434
426
436
428
432
416
432
430
432
438
426
434
432
454
454
454
452
428
440
436
436
432
408
394
390
410
420
424
426
432
432
424
424
424
414
414
414
400
394
396
390
384
378
366
358
350
338
338
338
324
340
338
340
338
334
298
300
300
292
298
298
294
292
274
272
262
266
266
274
250
262
276
280
278
270
260
272
278
282
270
270
258
256
272
262
270
270
258
220
196
224
248
262
248
258
264
280
310
330
332
338
348
332
336
330
338
348
334
344
334
318
324
352
302
276
268
268
362
396
376
340
370
374
324
506
504
502
510
508
500
506
498
502
500
484
480
490
474
440
444
454
440
460
466
480
466
480
480
472
476
466
466
464
458
462
460
454
412
412
426
466
466
458
440
436
440
434
448
434
416
424
428
420
438
440
430
434
448
436
438
426
434
430
406
390
398
412
414
436
418
420
416
414
414
412
396
386
400
388
384
386
384
384
380
358
352
346
356
342
358
342
346
344
366
312
302
296
288
288
302
296
282
280
288
280
280
256
252
254
252
264
266
274
270
254
256
254
262
266
270
272
268
258
252
236
262
270
260
246
236
212
238
240
252
262
280
312
342
342
360
350
354
338
342
326
334
358
350
378
344
354
328
318
386
328
286
298
290
360
460
366
336
308
356
292
500
506
504
510
506
508
510
498
506
506
490
496
484
466
440
408
424
446
440
448
466
454
464
452
466
466
464
462
462
478
490
468
454
436
412
444
458
450
456
442
446
444
434
436
422
430
416
428
430
434
426
424
422
426
420
412
414
414
410
384
370
346
396
408
412
416
410
388
394
418
406
394
370
386
378
378
366
360
366
342
360
366
342
350
352
386
368
362
348
308
286
292
274
276
272
280
284
276
280
276
270
256
258
260
250
244
266
268
272
262
256
260
254
250
246
256
260
254
254
264
256
260
262
280
260
248
220
258
268
300
304
326
346
364
362
370
360
376
356
334
354
348
366
354
366
348
360
356
344
386
348
332
302
314
392
404
360
358
328
362
302
508
510
508
510
510
510
510
510
510
508
498
504
488
454
446
426
434
432
434
448
436
436
452
454
456
434
446
452
452
462
466
484
462
442
424
442
462
458
454
456
432
438
418
430
430
426
418
426
412
414
414
410
406
416
402
398
400
382
388
348
344
396
376
390
380
400
384
378
384
400
376
374
376
374
372
374
372
356
360
344
346
348
354
340
368
342
372
346
282
280
270
274
278
268
274
280
268
254
274
274
260
254
258
254
252
252
254
256
260
258
252
252
254
260
254
224
250
248
248
256
254
254
256
272
252
260
232
276
302
322
348
340
362
360
356
348
356
352
374
364
360
354
366
378
374
374
364
350
364
398
354
332
318
346
388
388
360
382
350
386
306
510
508
510
510
510
510
510
510
510
500
498
480
478
436
430
422
422
428
440
448
456
438
450
450
456
456
458
454
452
460
456
464
458
428
488
432
434
440
422
422
430
430
434
434
416
420
432
434
426
416
412
402
392
400
400
394
376
380
356
330
340
344
348
362
374
382
392
412
422
386
378
354
362
364
362
354
358
342
352
346
344
356
348
362
374
398
354
270
274
268
256
266
272
266
280
270
266
260
266
262
266
254
254
266
260
246
246
236
250
260
258
256
260
252
252
246
246
244
248
244
244
258
264
274
256
262
252
314
336
280
362
358
370
376
364
376
386
364
360
366
358
362
386
352
372
392
372
368
360
396
364
358
344
370
410
384
356
332
354
372
352
508
506
508
510
508
504
508
508
506
494
486
458
462
424
426
412
432
420
434
440
426
432
436
424
440
448
452
444
454
444
440
434
424
406
396
436
434
428
416
420
406
408
416
420
398
418
414
416
412
412
396
390
402
390
384
388
380
364
348
302
282
306
344
358
358
382
382
386
364
362
350
354
366
364
350
360
360
354
352
350
342
354
354
362
290
346
308
270
266
264
264
268
264
264
276
270
270
272
272
288
286
270
272
252
258
256
248
246
252
260
262
250
244
242
244
252
244
236
240
242
246
246
256
272
280
282
290
378
392
386
378
380
374
374
376
388
366
350
374
370
362
370
376
394
380
386
396
360
370
388
384
378
360
374
420
368
356
340
366
360
368
492
486
506
510
508
508
506
496
478
470
470
466
436
436
424
406
410
410
406
430
416
420
426
432
452
432
420
428
430
432
444
424
384
418
390
424
428
408
410
412
414
402
410
412
414
410
410
406
396
396
404
400
394
388
372
360
366
364
348
320
290
322
340
348
354
372
360
376
370
344
354
352
346
348
336
342
330
336
322
316
318
322
294
310
306
322
288
264
264
264
244
258
260
266
258
258
260
252
268
268
262
264
264
274
280
262
268
246
266
264
262
252
238
248
248
240
244
244
258
254
264
262
270
310
300
302
326
350
376
388
394
358
384
378
382
380
376
372
364
366
382
376
384
384
396
386
376
376
392
392
410
408
360
394
460
376
360
494
374
362
382
496
502
500
496
508
502
492
450
434
434
440
440
418
412
406
414
412
422
430
442
428
422
438
422
424
414
420
410
420
428
428
420
456
446
382
418
418
412
410
410
418
428
416
416
402
378
394
394
394
394
376
386
388
376
354
356
360
362
360
310
320
326
346
352
348
348
346
352
350
338
332
334
344
360
330
334
318
322
310
300
306
292
284
282
274
270
252
246
248
270
258
250
254
244
238
242
256
256
256
246
244
260
260
260
264
254
258
264
268
284
288
274
262
272
260
260
262
258
272
262
276
270
288
296
300
306
326
370
342
376
386
336
384
380
374
382
368
372
374
374
372
366
388
374
394
398
394
392
396
410
410
422
414
436
400
368
342
350
394
360
392
