350
354
356
352
366
356
362
350
374
348
362
360
366
356
358
366
358
372
358
368
364
378
364
368
368
368
376
366
382
370
382
374
378
382
376
380
366
378
370
382
380
388
382
380
392
374
392
374
388
374
390
382
384
396
388
392
384
390
376
390
384
382
390
392
396
384
404
384
392
388
388
384
386
390
380
404
386
388
382
396
382
380
390
382
394
388
388
384
392
382
376
390
384
378
376
388
388
400
394
382
402
400
390
380
394
384
380
386
384
396
388
384
390
380
386
380
390
378
384
380
380
396
388
384
388
386
386
376
382
376
382
376
376
382
376
376
382
378
382
372
374
372
374
370
366
372
366
368
374
372
368
364
360
366
360
358
356
356
352
350
360
356
342
360
348
360
350
368
352
362
356
356
364
356
366
354
370
356
366
364
372
362
364
374
362
380
364
382
366
376
372
374
376
374
382
370
388
374
380
374
380
378
380
386
374
390
378
390
378
388
382
382
388
384
384
380
388
374
388
386
390
392
386
388
382
396
384
390
382
390
390
388
392
380
398
382
388
382
398
386
388
390
378
388
382
384
378
400
386
372
390
374
386
388
394
388
398
384
376
390
386
388
380
392
392
394
388
380
392
390
380
380
388
388
380
384
382
390
386
384
390
388
388
382
392
386
384
384
378
390
380
380
386
380
378
372
380
376
376
378
370
382
372
372
380
374
372
372
374
374
366
366
366
368
362
358
368
360
352
360
360
358
364
344
362
350
364
354
360
358
350
362
356
360
352
370
354
360
352
366
366
362
372
364
372
360
378
368
378
364
368
378
374
378
366
384
370
380
372
378
378
378
382
368
386
374
388
378
392
382
382
388
378
392
382
392
376
388
382
380
388
384
382
388
396
376
394
384
386
390
392
390
378
394
382
390
382
390
370
392
386
380
388
378
382
372
392
382
392
390
392
398
384
388
374
392
374
370
388
398
404
394
404
390
404
388
378
392
392
384
376
390
390
382
386
382
388
380
384
384
386
388
382
390
386
390
384
382
392
384
384
382
380
384
380
380
376
382
374
374
384
372
372
378
374
372
366
372
372
372
370
364
372
366
362
372
362
364
358
356
356
356
362
358
350
354
358
358
356
348
368
352
364
354
370
354
362
362
362
362
356
368
356
382
362
370
364
380
370
366
372
368
380
368
376
364
380
370
376
384
374
388
372
390
374
386
376
386
382
386
384
374
388
378
394
378
394
380
382
384
380
386
376
392
380
392
382
384
384
388
388
380
392
382
396
386
392
386
388
384
384
386
378
390
380
392
388
396
382
354
322
292
248
212
198
168
148
132
130
156
180
204
232
294
348
344
382
398
392
390
394
396
402
386
376
392
386
378
374
388
384
376
384
384
392
384
382
388
384
382
380
390
382
376
380
376
390
374
374
382
376
378
380
378
378
378
376
370
378
370
370
376
368
370
368
368
368
366
364
364
362
354
358
364
350
360
352
358
346
368
348
362
356
364
356
360
362
360
366
362
366
350
368
356
372
368
374
368
370
378
366
380
366
380
366
380
372
374
382
376
384
372
388
374
386
376
388
378
380
386
380
390
376
388
376
398
380
384
388
380
388
378
392
378
398
382
384
386
386
384
382
394
380
392
392
394
392
406
400
390
386
364
376
364
372
348
346
314
282
204
164
136
100
126
138
110
120
138
142
188
170
140
128
172
176
210
206
214
232
264
250
310
308
326
364
366
382
384
394
396
392
386
378
392
382
382
384
388
384
378
386
382
386
378
376
388
378
378
374
380
378
374
380
376
378
374
372
382
370
370
374
372
372
366
370
370
364
364
362
370
362
360
368
356
358
350
360
346
368
344
356
350
364
358
362
362
356
370
356
364
356
372
356
366
364
366
368
364
372
364
378
364
380
368
380
372
372
380
372
384
372
386
374
388
380
382
378
384
384
372
388
376
388
374
392
380
388
384
376
386
380
378
372
396
378
384
384
384
388
390
396
390
404
386
382
354
340
310
264
236
220
180
162
188
214
210
190
210
170
184
244
154
202
262
150
236
290
128
218
250
144
246
216
150
266
176
184
264
124
200
220
120
238
174
188
222
204
242
252
280
322
346
372
390
398
382
386
382
376
384
380
388
380
380
386
382
382
376
382
380
380
378
372
384
374
370
382
376
372
370
376
372
370
374
368
372
366
364
374
362
362
368
362
362
358
362
342
364
350
358
348
352
358
356
362
350
370
348
366
356
374
356
362
366
364
366
362
370
360
380
364
376
366
374
372
372
384
374
384
368
386
374
384
374
378
376
380
382
372
388
374
388
372
388
374
386
388
380
386
378
392
376
396
390
392
390
396
398
396
396
364
350
296
292
236
176
158
156
140
136
168
114
188
250
142
238
220
142
260
206
166
238
170
196
214
186
196
196
194
180
186
196
168
166
244
154
190
258
166
242
198
162
282
172
172
302
146
210
252
108
218
222
140
242
278
276
342
392
394
384
392
380
382
384
386
382
374
376
376
380
378
374
386
376
372
376
378
376
370
378
372
376
372
366
378
368
364
372
362
368
362
366
366
362
364
360
360
350
358
356
352
362
354
358
350
366
346
362
356
368
356
364
360
358
370
358
366
358
382
356
370
366
372
372
370
376
368
386
370
386
374
386
378
380
376
378
386
374
390
376
388
374
388
378
382
382
382
390
378
396
392
408
378
368
348
380
366
330
298
252
214
176
150
142
126
178
232
124
196
146
154
172
142
190
180
228
174
194
246
106
186
220
114
288
196
154
300
160
148
280
144
176
294
140
182
250
134
224
212
160
226
164
180
238
150
180
220
164
204
196
202
228
162
202
234
172
140
206
258
298
332
390
386
384
380
380
380
376
386
376
374
382
380
378
374
378
374
376
376
370
380
368
370
376
368
370
366
372
368
362
362
362
364
362
362
368
360
358
358
346
366
346
360
350
370
348
366
354
360
358
362
362
352
370
356
364
358
372
360
370
368
368
370
362
376
364
386
366
382
370
382
374
378
380
376
382
374
392
370
388
376
382
376
382
382
376
388
382
392
388
346
264
248
174
162
152
172
174
142
124
154
182
132
184
262
168
210
208
222
140
160
254
112
242
202
124
258
152
196
206
138
180
168
190
174
160
216
144
190
226
126
200
248
114
202
220
90
254
228
126
290
150
152
294
130
142
282
148
172
262
124
186
266
122
210
248
110
234
276
134
122
202
244
312
366
390
384
384
380
384
378
384
380
372
382
374
376
376
372
378
370
370
376
374
370
368
376
368
364
366
366
370
362
360
372
364
358
360
360
368
344
360
348
362
348
360
352
356
360
356
360
352
374
354
368
356
366
358
366
362
364
374
370
378
366
384
366
380
372
382
370
370
376
374
384
370
386
368
388
372
382
376
380
378
376
384
372
384
374
366
232
150
116
106
102
112
112
108
138
158
176
168
184
260
192
120
274
178
132
252
136
170
164
168
164
136
202
102
192
184
116
264
136
178
260
116
284
258
122
292
234
140
310
234
120
270
208
156
332
206
172
232
148
242
244
136
212
206
138
222
176
140
216
148
142
212
170
202
246
186
140
160
234
172
108
206
294
356
398
380
384
380
378
378
372
384
374
376
382
374
374
370
378
372
366
372
368
374
366
362
374
366
368
364
366
362
358
360
358
356
362
350
358
350
356
350
352
364
354
362
348
372
350
366
352
364
362
366
362
358
376
362
372
364
376
366
376
368
376
378
372
374
366
382
372
382
370
386
372
380
376
376
378
374
384
370
386
368
312
232
174
124
112
110
140
132
114
166
202
100
174
294
148
146
248
162
168
138
152
194
96
218
210
92
270
146
200
234
130
236
186
170
222
174
206
152
216
218
156
252
186
142
240
156
144
250
172
126
258
158
130
264
134
172
312
114
168
336
152
142
322
150
190
336
124
172
290
128
188
280
110
136
302
208
122
148
194
180
150
256
374
400
376
372
390
380
380
378
380
376
372
378
372
374
374
368
374
368
370
368
368
364
362
372
364
362
364
358
364
358
354
348
360
352
352
346
362
352
374
360
380
358
378
366
372
370
370
366
358
378
362
370
362
380
364
374
368
372
376
372
382
368
384
366
378
370
382
368
380
378
372
378
370
380
362
376
366
382
332
278
170
106
126
134
132
170
174
138
124
168
170
132
108
214
262
96
174
294
124
222
266
138
246
200
180
168
182
216
114
220
134
140
258
88
200
190
76
244
138
96
262
156
146
256
132
132
258
152
122
258
146
140
276
154
204
304
150
236
356
180
240
320
184
276
244
184
292
208
176
262
208
164
236
214
184
104
196
238
138
142
156
202
292
394
392
376
374
386
378
376
376
372
384
368
372
382
376
372
366
376
368
364
370
364
370
362
360
366
360
356
364
358
346
356
344
364
346
370
326
298
296
298
278
282
292
300
326
336
366
358
386
376
386
378
386
376
374
378
372
382
368
384
368
380
368
378
374
372
374
368
380
368
376
364
376
364
372
366
394
250
126
118
116
124
170
212
100
156
204
104
152
228
132
124
234
248
140
182
160
178
208
128
230
172
126
250
90
198
204
106
220
156
156
206
152
172
180
172
142
158
220
152
204
240
156
184
220
156
172
254
170
162
258
194
188
336
214
176
340
206
186
392
204
198
396
166
262
420
164
248
374
166
204
346
208
92
224
160
92
76
106
160
124
124
222
342
396
384
380
372
372
386
376
372
372
378
378
370
376
370
376
368
364
374
368
368
366
366
362
358
366
360
356
340
362
346
368
348
368
312
148
82
88
92
98
96
92
100
114
140
166
202
230
266
292
296
336
350
380
372
404
384
392
376
378
374
372
372
362
378
362
374
362
378
360
382
366
372
358
310
168
104
184
206
112
176
168
166
152
116
192
158
108
158
238
128
78
214
222
64
196
222
104
232
194
140
182
198
150
156
220
126
214
162
100
260
128
158
244
50
194
334
84
222
298
76
220
330
82
186
388
148
174
372
108
194
432
144
154
396
170
170
410
232
150
370
228
204
374
244
208
296
226
224
284
214
178
196
154
54
90
88
86
102
108
114
166
290
376
388
384
376
374
372
378
372
370
378
368
380
368
370
374
366
366
366
372
364
360
366
360
360
356
354
344
358
356
362
372
366
382
230
76
94
98
94
82
66
58
54
52
46
48
48
62
70
78
88
114
140
160
210
262
294
344
366
386
378
396
372
392
366
380
372
370
342
300
298
260
158
222
210
132
158
110
178
152
94
216
162
114
238
170
120
156
282
164
178
184
206
190
176
162
216
110
196
176
92
246
114
150
252
108
228
182
108
268
152
158
244
150
188
246
162
210
282
170
212
288
154
194
312
174
190
322
178
212
330
188
166
266
200
214
286
234
200
266
208
206
260
240
276
268
142
340
324
116
316
266
68
70
138
98
76
94
102
116
118
124
210
314
394
386
384
370
374
372
372
378
370
370
372
374
370
364
372
362
364
366
360
368
358
362
364
358
356
330
284
298
306
304
320
176
134
128
124
118
102
88
84
76
66
64
58
62
64
64
62
62
60
60
58
48
56
62
94
126
174
210
256
270
254
272
288
178
208
228
134
164
136
162
146
90
204
188
92
194
196
198
134
176
188
146
178
242
116
134
200
256
94
104
242
148
126
246
122
216
198
142
214
190
186
198
212
190
196
222
172
224
204
152
270
176
128
274
216
142
288
240
134
258
284
152
236
322
162
236
332
144
164
316
168
124
344
232
86
316
276
84
314
298
124
306
316
114
218
330
182
222
190
88
106
96
86
112
132
130
128
104
92
90
124
206
320
394
386
372
380
376
372
368
380
372
368
370
366
370
364
358
366
364
362
364
370
362
352
368
346
254
180
192
170
164
150
152
138
130
116
110
104
98
94
94
82
76
78
78
76
74
64
64
68
68
72
76
74
70
62
70
84
98
118
90
128
170
134
120
84
196
166
78
190
182
156
196
184
184
222
110
188
138
202
214
102
176
228
156
132
158
232
166
188
192
226
226
182
256
188
214
246
128
260
160
142
274
108
218
244
86
286
216
100
304
180
102
324
212
88
302
246
74
292
276
74
274
320
88
240
324
68
138
330
172
76
276
266
70
218
342
142
208
356
196
198
290
232
196
210
258
170
64
102
90
84
132
186
184
186
178
146
124
104
86
88
136
220
326
394
384
372
382
372
372
370
368
374
364
366
370
368
368
358
372
362
358
366
356
366
348
358
242
174
136
138
144
130
126
122
114
106
102
96
96
92
86
86
82
78
82
86
84
72
68
66
66
70
78
88
98
104
114
132
110
176
114
82
166
150
134
184
172
190
134
120
208
158
92
172
248
108
194
208
158
202
270
188
142
240
206
188
120
250
252
84
270
234
116
296
142
234
234
140
284
180
196
272
166
240
248
166
268
260
196
266
274
224
260
274
258
246
286
216
254
286
208
236
302
198
224
312
206
196
276
294
192
214
258
224
212
234
254
256
256
270
264
188
234
316
166
152
154
116
100
92
116
172
214
224
194
172
168
152
138
112
82
82
82
114
230
366
394
384
366
368
372
372
368
368
376
368
362
372
364
368
362
358
368
356
346
354
364
354
298
188
110
142
136
116
110
114
104
102
96
90
84
76
74
74
74
70
74
74
74
72
84
90
96
120
98
120
106
142
164
128
148
148
198
114
104
216
144
92
210
172
154
176
158
200
186
130
154
260
206
66
218
294
134
168
258
172
258
106
244
266
204
274
272
216
244
242
216
264
248
218
290
242
244
306
214
248
304
186
256
320
162
272
316
150
258
356
186
242
320
194
232
338
224
214
310
252
178
284
322
176
226
346
238
120
320
338
114
294
364
142
244
346
158
218
364
258
94
116
150
108
116
136
178
214
234
190
158
144
142
154
134
108
98
108
102
72
136
264
366
386
374
368
364
378
366
370
366
364
372
360
360
366
366
358
354
344
358
344
364
360
360
212
174
150
136
132
132
128
110
102
106
98
96
96
90
86
84
88
90
94
98
100
118
144
144
92
148
152
118
146
196
94
138
230
146
156
172
176
202
132
142
248
178
110
258
204
144
194
282
228
234
244
296
242
238
290
236
272
300
196
306
320
182
322
200
214
302
126
298
222
136
348
180
192
340
124
218
344
128
242
350
126
272
342
116
264
380
220
258
364
126
216
386
162
140
376
280
70
288
370
106
190
398
254
102
352
410
180
278
410
188
244
382
238
224
356
306
146
136
192
110
118
138
176
196
226
212
200
158
156
166
160
132
124
120
192
126
54
60
150
330
390
370
366
376
368
368
368
370
364
362
376
362
360
368
358
338
360
342
368
346
362
366
358
306
246
162
170
164
142
136
124
104
108
118
106
104
98
102
98
98
98
102
116
122
156
144
110
184
102
162
194
174
192
144
176
214
92
140
236
162
150
234
266
228
260
282
340
190
234
332
332
158
294
356
170
304
252
248
356
124
332
284
180
324
170
252
286
150
308
252
200
320
244
248
328
236
266
340
272
268
328
318
294
338
320
294
348
334
288
338
252
272
356
280
238
338
330
204
282
390
270
280
366
344
180
286
398
294
254
352
306
274
316
314
302
250
360
186
144
240
140
132
142
172
206
202
212
218
198
188
186
188
138
146
124
196
118
42
38
32
74
262
396
372
368
368
374
366
364
372
364
364
362
360
366
356
340
364
344
348
358
360
358
358
374
368
304
176
158
144
138
130
114
116
124
108
98
94
98
100
96
92
102
108
90
168
150
124
162
182
150
134
212
198
78
156
224
172
168
218
322
258
188
368
254
174
350
350
130
162
366
286
140
308
328
148
338
240
268
356
288
312
346
308
280
326
256
300
332
258
360
340
258
408
294
272
438
310
284
412
314
300
452
316
288
450
304
258
428
334
238
384
388
272
362
404
298
330
396
334
318
394
428
276
344
364
312
292
334
352
246
328
342
226
312
358
234
312
192
154
278
200
148
218
198
196
202
222
246
234
210
176
198
144
142
156
110
78
58
116
176
96
100
284
382
376
368
368
372
364
370
362
360
368
362
360
358
344
342
358
350
360
348
366
344
372
352
376
306
210
160
138
132
136
130
114
106
92
92
94
98
98
96
102
108
88
154
178
154
116
198
140
112
186
200
192
170
172
276
234
162
354
244
202
362
242
200
364
314
254
272
348
322
322
328
338
318
328
376
298
366
372
232
400
268
248
382
172
306
360
162
390
338
206
440
280
224
466
318
266
466
300
282
474
284
234
468
306
198
444
350
158
416
438
190
344
476
268
248
456
390
216
418
482
262
258
420
418
224
330
400
226
296
378
210
264
388
256
208
172
178
304
264
164
232
264
210
212
262
256
256
238
212
220
194
158
160
156
108
82
134
172
122
132
120
282
388
370
366
372
366
366
364
372
360
356
366
358
360
336
364
342
360
346
372
344
360
350
368
358
366
192
128
158
150
154
142
136
124
122
118
108
98
96
88
92
116
130
164
158
92
196
188
212
138
130
256
216
114
288
294
246
300
290
286
318
352
322
330
316
388
314
254
338
356
216
358
350
242
404
226
362
336
212
396
236
274
370
198
314
362
230
410
358
262
410
374
334
420
364
316
436
356
322
430
364
338
432
376
308
400
412
280
378
456
246
320
466
326
252
468
444
220
388
504
354
262
440
472
300
338
448
328
320
408
334
314
376
278
224
154
194
314
334
174
266
284
270
246
240
246
270
284
252
220
218
170
178
192
146
112
92
42
46
108
84
88
234
380
372
366
362
370
364
358
362
362
364
354
370
340
348
336
368
346
360
350
358
356
356
358
352
328
218
190
158
184
168
154
130
120
100
94
82
80
74
80
120
134
132
180
154
130
136
224
170
142
266
274
254
254
340
362
236
336
324
240
384
324
286
344
402
316
192
348
362
254
390
340
282
394
326
372
376
318
322
312
324
328
330
342
360
396
354
382
424
346
430
432
322
398
410
354
474
442
348
450
454
354
448
478
346
390
462
390
420
442
432
442
468
458
472
486
414
446
486
476
446
436
478
440
414
432
416
424
404
418
428
344
324
314
232
248
336
394
164
242
324
280
308
276
240
274
286
262
228
224
196
208
216
212
126
116
102
74
70
78
56
108
360
378
368
364
366
360
362
364
356
360
358
352
350
354
346
352
354
346
364
352
358
348
376
352
376
360
358
320
236
132
126
124
126
108
92
82
68
68
82
104
146
178
122
156
162
146
164
196
242
206
276
322
242
324
368
276
336
362
324
388
342
352
332
358
366
340
352
366
372
388
398
348
368
412
318
368
336
220
378
322
282
406
318
324
464
280
368
450
268
416
442
254
378
448
316
482
454
304
448
474
340
458
492
392
418
508
424
338
502
498
384
472
510
460
404
498
506
408
472
508
454
412
506
506
412
440
482
406
440
472
404
386
322
352
314
326
430
224
178
306
322
322
322
298
278
272
254
252
224
232
222
236
248
200
122
106
92
80
80
76
58
168
350
388
362
364
364
364
364
356
368
358
342
356
348
358
336
366
344
360
344
370
346
362
354
364
370
366
288
190
102
110
128
128
118
96
78
74
78
98
100
114
196
140
130
162
224
194
198
304
258
308
346
362
376
384
394
362
398
386
382
392
364
386
344
358
366
288
346
358
302
396
316
318
406
236
360
302
220
384
324
288
416
354
338
426
344
386
438
314
390
438
356
416
448
364
454
454
382
432
468
392
440
468
398
426
488
446
370
488
502
342
370
462
404
288
432
452
310
342
442
386
286
398
406
340
380
446
416
420
454
438
380
346
378
328
376
420
384
148
252
342
344
342
354
316
272
262
266
228
272
258
252
274
268
208
146
108
94
84
78
74
52
134
328
374
368
362
360
364
362
360
358
340
356
342
370
342
364
346
362
342
362
352
354
364
370
324
180
88
104
122
110
100
88
90
84
78
78
86
98
128
126
160
152
174
188
220
256
278
322
350
352
372
406
382
386
400
392
388
398
394
412
368
382
340
356
370
314
346
360
298
376
334
326
378
312
346
328
330
370
378
382
410
430
426
406
452
430
430
472
416
430
486
436
430
480
422
458
496
444
450
498
480
458
448
462
452
448
440
466
490
418
362
312
292
268
254
250
228
216
218
216
214
210
220
228
234
262
296
352
362
298
278
260
264
294
410
392
452
270
264
366
360
352
354
364
310
296
308
264
280
296
264
268
280
282
232
180
134
116
94
84
80
72
134
336
380
360
360
362
358
358
364
340
364
340
358
350
356
348
354
344
348
364
366
372
252
146
128
124
118
120
110
96
80
78
76
74
78
84
104
118
126
156
178
224
250
266
300
334
372
382
382
394
380
380
366
358
360
358
376
394
400
376
374
368
368
386
418
346
398
376
356
386
364
344
374
302
334
380
324
370
392
338
424
432
374
452
422
394
478
406
384
474
426
410
496
402
418
504
436
424
506
460
390
494
498
406
454
508
446
450
496
468
314
318
318
284
258
268
256
232
228
224
218
212
216
218
220
230
240
244
242
256
250
202
194
224
360
414
404
272
374
376
354
366
372
356
312
330
366
350
328
298
262
274
294
290
254
218
192
166
144
144
144
112
188
354
378
364
362
358
364
358
348
348
346
346
358
354
354
346
370
348
362
306
206
118
136
134
122
108
98
90
86
72
72
76
80
92
94
112
122
120
166
196
244
312
340
374
378
388
394
372
358
348
328
320
296
290
302
322
356
392
384
378
374
364
366
368
352
380
362
330
378
340
326
378
318
340
380
366
384
398
366
406
416
380
418
414
408
432
348
352
354
374
412
472
434
432
472
428
434
488
444
394
476
490
406
442
500
452
396
492
494
346
354
388
308
264
308
290
254
268
276
232
232
226
236
238
228
230
242
250
262
270
288
284
340
414
426
454
360
300
390
380
374
384
384
368
368
414
410
348
358
310
296
318
342
326
284
270
260
244
226
186
108
58
150
358
364
364
358
358
364
356
338
362
344
352
340
368
338
360
360
362
140
84
116
124
116
100
92
90
88
84
74
76
74
82
90
96
110
114
116
148
204
252
262
324
346
328
272
256
214
244
292
280
264
262
258
254
272
304
340
364
370
378
364
344
362
404
360
366
350
370
360
360
374
408
394
386
452
408
424
458
398
430
462
404
438
460
386
342
354
338
324
334
390
472
476
452
484
474
450
470
476
462
474
470
472
458
460
448
476
484
432
414
398
304
286
306
274
268
278
282
262
284
274
268
270
254
254
262
270
282
328
378
406
422
450
442
448
434
318
362
432
402
384
380
384
390
414
410
354
378
370
354
352
376
372
328
318
318
320
280
210
166
114
86
324
384
362
350
360
364
368
332
354
340
356
340
358
342
354
324
314
134
80
110
112
112
106
96
86
82
74
70
68
76
88
98
104
112
116
116
132
162
196
198
190
192
250
268
296
298
240
270
272
264
264
260
258
246
244
258
274
302
336
346
360
364
358
334
364
410
368
372
376
382
414
392
400
422
406
430
444
404
434
442
410
442
456
366
336
364
346
332
318
304
332
378
408
486
464
424
466
494
450
438
500
496
434
464
500
474
410
384
368
332
316
308
292
282
280
272
270
272
276
278
288
286
298
318
316
288
354
440
452
438
420
440
440
456
450
398
350
406
422
416
396
384
382
406
418
376
372
406
396
376
386
380
358
336
338
332
250
196
200
170
126
182
294
344
362
364
360
352
338
350
348
356
344
344
362
314
110
102
114
106
102
94
92
84
74
72
70
68
68
80
94
102
110
126
134
126
128
132
140
170
216
308
326
354
338
360
288
268
288
278
264
250
248
248
226
204
188
188
198
218
236
260
272
316
382
386
384
386
402
394
406
404
410
410
408
420
410
404
414
404
400
414
408
412
410
348
356
348
338
336
326
312
296
294
324
344
364
396
460
448
424
476
488
436
466
490
468
412
388
358
332
338
326
304
310
308
292
292
306
308
294
302
302
314
344
350
372
414
428
434
434
442
438
434
444
450
426
354
364
392
398
424
428
410
382
388
400
388
400
400
384
382
366
370
358
348
340
284
252
204
152
142
112
138
266
362
350
362
330
346
346
346
338
362
344
366
290
78
78
102
106
100
88
86
84
86
76
72
80
88
100
110
122
126
130
132
138
142
194
260
350
346
362
330
350
328
352
274
268
268
258
252
230
214
210
182
166
158
164
174
174
198
244
264
288
326
364
394
402
416
394
406
400
402
410
402
412
406
400
394
378
392
400
390
404
420
358
354
348
340
334
322
302
284
274
276
284
294
284
298
334
360
380
448
454
460
456
464
456
440
436
430
418
418
390
370
374
374
366
356
336
330
334
342
356
370
382
394
388
386
406
418
424
428
432
432
430
434
392
330
376
392
400
406
414
412
394
386
388
386
394
394
398
376
368
396
364
368
314
270
232
178
152
166
240
348
354
354
366
326
348
334
358
336
360
342
356
336
212
112
66
72
68
78
84
90
96
86
86
98
106
124
144
128
122
144
184
264
290
362
354
368
342
350
336
350
330
294
270
264
246
254
224
206
214
228
230
214
206
220
240
256
274
274
276
262
248
242
242
246
244
254
254
300
336
360
368
392
390
402
404
386
388
382
386
384
376
342
332
330
324
316
298
274
270
264
264
262
272
302
290
278
320
350
388
448
474
436
452
474
442
452
468
444
448
454
426
424
430
416
402
410
414
418
430
426
430
440
444
424
416
414
428
430
430
432
430
428
426
432
380
342
382
384
398
398
402
398
400
394
382
364
362
368
348
326
370
398
394
358
290
260
244
236
220
266
362
360
368
360
326
356
334
356
338
350
346
368
352
326
194
46
60
78
100
100
94
88
90
96
120
144
150
158
194
238
312
328
380
356
366
344
356
348
350
342
342
346
238
202
250
242
178
186
224
254
264
278
276
278
280
274
270
238
224
206
210
200
214
228
276
260
260
222
220
194
200
196
210
218
226
246
240
248
244
266
306
302
306
330
344
330
314
298
294
296
300
302
310
326
346
358
360
352
348
364
406
422
406
404
444
456
438
444
436
432
446
444
440
444
438
428
448
444
432
450
434
436
450
438
450
434
430
428
428
426
422
418
414
412
416
424
374
342
360
366
378
386
388
382
376
378
380
370
364
356
348
340
354
370
386
370
308
250
266
248
322
368
352
348
352
338
354
334
342
352
360
350
310
186
104
92
94
96
106
106
96
90
100
122
144
162
196
244
284
356
356
368
350
366
354
352
358
346
352
342
358
344
364
286
230
218
230
186
202
222
228
212
228
226
222
218
220
232
242
270
270
314
322
364
362
380
368
392
372
370
344
334
320
298
292
274
272
256
246
224
212
180
202
192
210
282
324
338
350
352
350
352
352
348
340
334
338
340
350
344
350
360
356
360
360
380
404
380
400
424
400
406
432
416
414
438
430
416
434
434
418
410
414
430
418
418
414
410
404
400
394
392
382
382
382
386
392
396
366
350
362
374
386
388
374
366
360
348
352
366
374
382
380
360
354
352
362
346
244
246
328
366
352
350
350
360
350
334
356
346
352
272
186
130
100
128
118
102
104
96
94
104
120
152
176
216
254
318
366
362
356
358
356
350
346
362
350
360
348
366
344
370
348
370
354
380
350
354
328
348
334
320
300
304
316
318
332
336
366
368
378
370
388
370
376
356
376
366
378
364
372
376
376
376
372
390
388
388
376
390
378
378
296
228
190
180
174
178
206
218
230
210
224
202
208
212
222
228
264
282
290
312
324
330
336
348
346
342
352
354
360
374
370
368
376
378
382
378
378
392
394
384
384
382
382
384
380
386
384
380
378
374
362
356
338
332
344
342
342
342
328
340
322
302
260
242
226
220
210
196
238
254
280
296
318
330
328
322
314
250
276
362
354
358
356
350
354
358
330
352
252
194
142
142
144
136
136
118
104
110
116
130
152
184
230
272
350
366
362
346
364
352
360
338
364
344
368
346
362
348
372
348
366
352
370
356
372
364
376
376
376
380
378
388
374
382
364
384
370
380
368
380
362
376
362
374
364
370
370
366
368
368
372
358
376
362
380
366
374
366
376
360
370
378
306
206
198
214
196
216
190
206
184
208
176
182
178
212
234
244
234
218
220
210
222
212
238
224
228
236
250
248
256
278
282
294
302
304
304
312
314
320
332
340
348
352
354
362
354
328
312
298
276
264
224
222
194
214
196
212
198
188
200
184
196
202
214
208
212
214
198
220
206
228
196
218
236
220
236
226
228
314
366
358
366
354
348
366
362
344
292
114
86
80
98
108
104
88
98
130
164
202
218
280
314
370
348
356
336
362
342
362
340
362
334
372
348
368
346
370
354
362
352
366
364
364
364
364
374
366
374
364
380
362
380
360
376
360
378
360
374
370
382
362
366
368
370
364
362
376
366
374
362
378
362
380
356
380
362
368
362
370
364
376
380
354
278
206
232
202
222
196
232
204
218
228
274
314
366
374
386
374
368
356
332
332
300
292
272
264
238
218
212
190
206
184
188
162
166
146
136
110
100
130
140
116
158
282
292
226
204
210
208
210
242
252
262
262
278
268
282
284
288
300
312
330
336
362
354
348
350
356
344
346
316
268
308
292
272
270
248
292
336
368
358
356
362
352
356
338
346
340
282
238
234
196
162
166
198
208
284
302
348
332
370
340
358
328
358
334
370
344
364
342
376
350
366
348
362
350
362
358
358
366
358
364
356
368
360
376
358
374
360
378
360
384
358
374
362
374
364
378
366
366
372
364
372
358
372
362
376
360
378
364
384
366
374
360
382
370
368
368
376
374
368
362
380
376
328
328
304
312
290
318
318
352
364
372
378
376
382
374
376
374
390
384
394
380
394
386
390
372
366
362
356
340
328
326
298
276
252
232
198
184
106
58
84
144
294
280
300
312
336
342
360
378
382
376
372
382
368
374
372
382
372
368
370
358
364
358
362
362
362
364
352
340
348
366
360
376
364
344
366
360
358
356
354
362
356
354
326
350
332
360
344
376
350
348
328
378
330
358
338
362
334
358
334
356
338
364
348
362
350
358
342
358
352
362
356
354
358
354
364
358
368
346
372
350
372
354
376
358
378
358
380
362
374
362
368
368
374
368
368
374
364
376
356
374
364
376
360
380
360
380
366
372
364
378
374
376
372
376
380
372
368
364
374
374
384
374
396
384
392
382
394
386
390
378
372
378
374
384
376
388
384
394
378
388
376
388
372
374
376
378
372
368
378
378
390
378
378
356
368
340
218
84
100
122
222
346
378
390
378
378
374
386
376
366
380
370
366
362
376
370
368
368
362
370
364
360
362
374
358
356
358
350
356
348
356
352
362
362
356
368
358
358
354
360
358
346
362
322
350
324
360
330
346
334
358
334
354
330
344
338
360
338
346
352
362
348
354
350
352
348
348
356
352
362
356
362
344
370
348
370
344
368
350
372
350
372
358
378
356
372
366
376
364
364
364
356
370
368
372
364
380
364
378
354
382
364
372
356
382
370
374
366
370
368
368
372
372
382
372
376
366
380
370
386
372
384
378
390
370
378
378
382
376
374
382
372
386
370
386
380
390
378
390
388
394
380
386
384
384
380
372
376
366
378
364
374
366
368
346
342
190
74
100
134
174
284
372
382
380
374
376
376
374
378
376
378
372
374
370
370
368
360
372
368
366
356
374
358
362
364
362
364
346
358
354
362
356
356
360
364
362
350
366
356
350
358
354
358
328
350
330
344
332
348
336
350
340
342
348
350
348
340
354
350
350
344
360
346
358
346
360
346
370
346
362
342
368
346
366
348
370
348
372
354
362
354
372
358
368
362
366
364
362
366
356
370
358
376
356
382
362
374
358
376
360
374
360
372
366
374
370
372
376
372
376
364
382
378
382
364
388
372
386
368
386
378
384
372
380
374
382
382
372
380
380
386
374
384
376
390
380
384
374
388
384
384
382
388
390
378
382
374
384
372
376
368
378
360
362
332
202
82
100
126
162
246
322
378
370
384
374
374
380
378
382
372
380
368
372
366
370
374
370
370
356
362
352
370
360
366
374
364
364
342
364
352
350
352
356
358
342
346
356
356
354
354
362
354
356
344
336
342
330
348
340
342
334
358
342
350
338
356
334
362
336
358
338
370
336
364
346
372
344
346
338
362
338
372
350
364
352
366
356
362
360
360
362
360
366
358
372
362
372
358
378
360
372
358
380
362
378
358
378
358
372
362
376
372
374
372
366
370
370
374
364
384
368
380
370
390
372
390
372
382
372
388
380
380
374
384
382
374
380
378
388
374
388
374
386
376
386
378
384
380
382
380
382
380
378
382
374
388
374
380
368
380
374
378
358
364
216
98
116
130
162
214
268
326
390
380
384
370
382
386
376
380
374
380
370
368
368
376
376
364
360
360
372
358
360
364
376
366
358
366
360
358
350
360
348
318
356
342
354
356
352
356
358
356
350
360
346
322
356
332
348
326
356
328
352
334
354
330
364
336
364
344
370
338
360
340
362
326
358
342
354
344
366
356
364
362
368
358
348
368
350
366
356
362
356
376
362
382
358
382
354
370
354
376
360
376
356
374
368
386
372
370
374
372
372
356
370
366
376
364
376
368
384
372
390
374
390
366
374
370
384
382
382
376
382
386
380
390
376
388
370
380
364
386
376
394
378
390
382
384
384
382
388
380
378
372
378
376
384
372
384
382
384
376
380
346
252
128
132
150
166
208
260
310
374
382
376
380
388
378
376
368
376
370
376
362
372
372
370
374
356
356
364
366
356
368
360
362
360
354
370
358
362
358
368
360
356
364
358
356
346
356
350
346
356
350
352
