294
294
284
298
300
302
296
302
298
302
302
304
308
308
304
308
308
312
314
310
312
312
312
310
314
318
318
312
314
316
320
318
306
306
312
312
320
312
314
320
316
312
332
316
324
322
316
322
318
318
324
322
320
324
326
322
322
322
326
322
326
332
334
328
332
334
336
342
338
334
348
334
340
340
336
336
340
338
336
336
332
340
336
344
318
326
328
336
334
338
332
340
338
342
340
344
342
340
340
340
336
336
340
340
342
342
348
346
346
342
352
344
346
350
346
346
352
348
348
354
344
346
342
344
350
350
344
342
344
342
338
342
344
342
346
340
336
346
340
340
340
338
334
336
334
328
332
334
330
332
334
330
328
336
330
324
332
332
324
330
330
288
286
298
296
288
294
296
292
296
298
296
304
302
300
304
302
302
304
306
310
310
308
310
304
310
310
312
308
308
312
314
328
324
304
318
320
314
316
316
316
328
316
320
328
318
322
324
314
322
326
324
318
324
328
332
324
318
326
326
330
326
324
328
324
330
332
332
332
330
334
340
334
332
334
334
330
336
340
336
336
338
340
342
340
332
338
344
332
336
338
338
340
336
340
340
342
340
338
340
342
338
336
342
350
342
350
346
340
348
350
346
340
356
346
344
356
350
344
354
354
346
354
344
344
360
352
342
350
348
344
352
346
342
352
344
340
348
346
342
348
344
336
346
342
342
344
342
336
338
336
332
336
334
332
340
336
330
334
330
326
336
290
300
292
296
304
294
294
300
292
296
300
298
298
308
300
302
304
302
308
312
306
304
308
306
310
314
308
316
314
310
320
316
320
322
312
312
316
314
310
322
314
328
322
320
328
318
320
324
312
324
324
320
336
326
322
322
320
328
324
336
334
322
322
326
328
328
332
330
328
330
328
336
338
332
330
336
340
332
330
332
332
334
332
340
328
334
340
336
338
336
346
346
344
338
336
344
336
332
338
336
338
342
338
336
342
346
332
340
356
340
346
350
346
352
352
344
350
348
350
350
354
348
346
344
340
348
350
342
348
350
342
346
352
342
342
348
346
342
338
346
342
340
340
342
340
344
338
326
338
334
336
334
330
332
338
334
328
328
326
332
330
288
292
302
294
292
304
294
296
306
300
294
306
300
298
302
294
300
308
308
306
312
308
306
314
312
312
318
310
312
316
314
316
316
308
316
310
302
320
318
316
320
320
320
320
314
318
322
320
306
312
320
324
328
322
322
326
330
320
320
318
322
328
320
320
326
328
328
328
332
330
336
328
332
338
324
328
332
326
330
338
336
338
334
340
334
340
338
322
308
300
290
286
294
296
336
348
350
350
354
338
340
338
340
338
336
334
334
342
336
340
346
344
346
348
340
344
348
352
352
352
346
346
348
340
348
354
344
348
352
342
348
350
344
350
346
344
340
352
338
344
348
342
342
344
340
342
340
336
332
330
340
332
332
334
326
326
338
326
320
336
330
296
300
294
296
296
294
296
296
290
298
300
296
300
304
288
290
302
302
304
310
306
312
312
306
312
314
312
316
316
318
320
312
310
318
314
316
308
314
318
318
320
324
318
320
316
320
324
318
318
316
318
322
320
316
326
326
324
322
318
318
324
316
316
326
318
324
328
326
330
328
324
330
328
332
334
336
340
330
320
322
316
302
304
284
220
168
132
114
94
80
78
70
80
102
118
142
182
212
240
272
294
324
346
342
346
354
350
352
352
334
332
348
352
340
340
346
348
348
352
350
346
348
348
356
342
344
352
344
346
344
352
344
346
352
346
346
346
342
344
352
342
338
346
340
338
350
340
340
342
334
330
342
336
332
336
328
322
322
334
328
326
292
296
300
294
298
300
290
294
300
292
294
304
294
300
300
294
300
308
304
306
312
308
310
310
312
310
310
312
314
310
314
316
310
316
318
314
318
310
318
322
314
322
316
314
326
320
314
326
316
318
322
312
320
324
316
328
322
316
326
318
320
320
320
324
324
332
336
338
336
334
318
320
306
292
266
252
242
198
138
134
126
120
130
118
88
92
92
74
88
90
80
114
112
100
98
78
76
94
68
90
150
136
160
210
200
234
286
284
306
332
352
354
346
350
344
342
346
350
346
352
344
342
344
348
344
344
352
342
352
342
340
346
346
344
352
348
344
350
346
344
342
340
342
336
342
348
342
338
342
334
340
338
332
336
334
326
330
326
318
330
328
294
296
300
298
296
300
298
294
300
294
296
300
296
298
298
306
306
306
308
310
312
308
308
312
310
308
312
310
310
314
312
316
318
314
320
310
312
322
322
314
316
314
314
320
310
318
318
314
324
316
318
318
314
314
316
316
312
316
328
318
316
330
310
294
278
260
236
224
182
160
154
138
120
112
122
94
110
108
88
128
90
76
122
112
88
132
92
82
134
104
82
152
92
102
148
82
108
126
84
124
152
84
98
132
88
86
98
100
112
150
174
224
270
294
330
354
360
352
356
344
342
346
342
342
348
342
342
352
346
338
342
344
332
348
348
336
350
350
340
346
344
338
336
338
336
342
338
336
334
332
338
336
336
334
334
336
332
322
324
324
326
296
298
292
298
296
292
300
298
292
296
302
300
296
298
302
300
296
304
306
308
304
308
308
306
310
308
308
308
308
310
318
312
316
322
310
314
316
310
318
314
310
324
316
312
316
312
314
314
314
314
312
310
314
314
312
322
328
320
304
284
258
174
134
126
92
76
88
76
56
92
70
60
98
70
96
94
72
118
76
92
102
64
102
110
66
96
114
72
92
110
66
92
124
72
110
144
76
106
168
92
96
184
108
66
192
130
62
184
136
50
130
170
74
90
178
198
234
300
338
364
362
352
342
350
346
344
346
344
342
350
340
340
344
344
342
346
346
340
350
344
340
344
344
340
340
340
330
336
336
336
336
340
330
332
336
332
332
324
324
318
322
292
296
298
290
294
298
294
292
298
294
292
302
296
300
306
298
300
310
302
302
306
304
304
308
304
310
314
308
310
308
306
318
314
312
318
308
314
312
306
314
314
312
314
312
314
310
306
312
308
306
318
312
320
304
268
230
188
158
110
108
88
70
76
96
84
80
86
76
80
92
88
92
102
90
120
92
98
116
80
122
104
78
114
104
84
118
110
82
134
114
68
132
126
70
132
142
66
132
158
76
104
168
92
84
156
120
106
138
132
136
124
132
132
132
118
114
88
112
168
208
246
320
352
356
358
350
350
338
338
346
350
348
342
348
354
342
348
352
344
346
344
342
344
340
338
336
334
334
336
332
340
334
334
338
332
324
338
330
320
332
322
304
296
292
304
294
294
300
292
292
302
296
298
306
298
300
308
306
298
312
306
302
310
306
298
310
306
308
314
308
312
312
298
306
312
308
314
306
308
310
308
312
302
308
306
298
308
302
292
306
304
274
224
164
130
98
90
58
80
84
62
114
88
62
112
104
56
94
112
60
96
124
64
102
114
66
110
82
96
108
64
106
104
60
106
122
58
92
132
72
96
116
66
84
114
64
78
108
62
70
112
84
60
124
114
44
134
172
72
60
202
122
32
168
190
66
92
186
110
92
86
92
118
204
254
310
352
354
344
340
340
350
342
342
352
348
344
348
342
344
352
346
336
346
342
332
342
338
340
342
342
338
340
336
328
330
334
332
318
334
334
318
288
300
298
292
296
296
292
298
296
290
294
300
296
302
306
298
306
308
300
308
308
296
308
310
310
312
308
310
310
306
308
292
292
306
306
304
302
302
310
300
300
306
302
302
310
306
302
302
274
200
126
72
92
80
76
106
78
98
94
94
108
96
90
116
88
96
116
94
92
124
106
94
134
96
114
128
86
148
96
102
180
88
114
180
100
92
178
114
88
174
116
70
168
118
62
146
138
66
152
164
70
122
202
96
72
178
178
80
110
180
134
116
146
184
76
78
172
124
50
118
158
80
74
94
124
198
294
348
360
342
338
340
346
342
338
348
346
338
342
340
338
342
340
334
340
338
336
338
340
334
340
338
334
334
334
332
332
326
330
336
326
300
292
292
300
294
296
304
294
290
300
298
304
310
310
314
318
312
316
314
306
298
292
274
270
258
264
266
260
284
286
288
296
300
306
318
312
310
314
304
312
312
298
294
272
244
208
180
146
116
80
94
84
84
108
82
100
106
80
136
70
98
136
58
84
122
102
62
120
128
64
122
116
74
134
96
98
114
90
120
106
82
130
108
82
114
116
100
112
120
100
104
132
96
88
108
106
102
104
116
114
92
102
100
76
118
102
104
108
142
82
116
172
116
74
128
150
78
112
154
110
134
80
82
118
144
86
98
154
280
352
352
338
338
344
348
336
346
348
340
342
342
338
336
338
340
336
334
326
332
330
342
340
336
336
330
332
338
328
334
330
328
298
296
290
298
298
300
310
316
308
298
288
268
264
238
214
210
188
180
166
154
128
100
76
68
64
60
68
62
70
80
94
100
116
128
174
190
194
196
190
172
164
140
114
116
74
80
94
52
120
68
112
114
68
140
80
122
104
102
134
80
126
120
84
128
166
98
74
148
128
84
152
102
94
158
86
150
120
72
152
88
108
182
98
94
170
114
74
168
126
64
168
150
72
162
162
50
128
158
72
102
162
96
46
152
146
64
86
188
136
58
154
194
94
72
194
184
62
128
188
72
60
136
144
84
124
76
72
114
122
192
318
350
356
348
338
342
352
338
340
348
338
336
344
328
336
340
332
342
342
342
340
336
336
338
332
338
340
330
334
330
322
290
290
294
304
298
264
222
186
144
110
86
64
66
46
40
34
32
36
42
40
40
44
50
54
56
56
60
60
58
60
66
60
74
70
60
80
60
82
88
46
112
84
60
128
80
108
116
90
126
98
108
114
110
106
134
88
140
104
114
152
72
146
116
88
168
126
146
86
134
130
82
134
102
104
132
94
112
102
88
142
124
118
142
132
124
118
130
136
116
126
162
116
100
196
144
78
184
180
70
172
220
86
78
180
172
80
128
174
110
110
144
160
90
128
122
118
132
152
148
110
132
178
130
44
86
142
144
120
124
76
112
252
340
358
344
344
348
342
350
342
340
340
336
332
342
336
324
340
342
336
344
336
334
340
336
336
336
336
334
330
328
290
290
280
198
102
60
34
28
34
38
46
54
60
54
48
48
48
46
44
44
50
54
52
52
56
56
62
78
86
84
82
98
104
148
92
146
114
108
130
94
98
118
126
84
134
100
98
144
74
156
88
122
136
96
170
84
172
100
144
146
86
182
94
112
100
122
170
74
166
120
86
166
76
126
144
64
166
94
120
196
78
132
204
74
92
180
110
68
156
134
80
140
140
82
96
132
104
104
120
130
126
88
146
100
106
138
130
72
124
170
106
76
156
134
58
148
182
94
106
202
144
128
132
136
102
160
156
82
68
96
76
76
148
286
356
346
342
342
338
340
336
334
336
334
336
328
336
336
336
340
338
332
336
338
328
336
334
332
338
334
326
288
308
202
50
38
46
52
48
54
44
46
44
44
48
46
42
42
42
40
48
52
54
50
50
48
56
88
116
104
86
98
142
128
142
154
102
176
98
132
114
96
94
172
96
166
134
128
156
114
160
142
136
140
132
150
158
140
178
126
140
142
140
152
152
116
118
140
136
112
158
146
128
152
140
136
138
160
122
162
174
126
184
196
110
148
196
100
128
214
146
110
208
132
56
198
194
54
128
210
130
52
94
112
52
94
218
136
46
164
230
100
90
230
166
74
162
218
102
126
218
148
72
160
206
98
72
78
50
58
68
74
72
72
90
206
338
360
334
344
344
332
336
340
324
336
338
338
338
332
334
332
326
336
334
330
336
336
330
328
322
328
284
288
246
76
52
52
44
40
42
42
42
40
44
46
46
46
46
44
42
48
54
60
54
50
56
58
88
144
124
96
124
128
160
114
196
118
170
136
134
136
148
132
134
164
124
170
154
124
184
100
204
100
190
128
170
168
128
212
84
218
100
158
198
94
206
100
166
140
104
224
92
176
176
82
190
132
128
186
122
174
200
128
158
202
138
138
172
162
162
160
154
178
116
112
210
196
84
158
228
118
124
114
88
80
146
208
144
122
156
198
130
164
158
142
146
128
130
150
144
134
146
184
136
164
114
80
74
64
64
92
72
68
80
82
94
150
286
356
350
334
338
340
326
334
336
334
332
334
326
330
334
330
330
332
332
334
334
336
330
322
322
288
298
264
102
52
52
44
40
36
42
44
46
44
42
44
44
44
46
48
48
54
58
54
52
54
70
82
150
132
120
150
142
182
146
156
172
128
182
112
186
124
168
106
184
106
188
156
158
186
132
198
136
196
150
204
172
176
186
152
214
146
220
162
142
214
112
198
146
174
198
122
218
138
146
222
86
188
186
68
222
202
60
192
228
70
138
234
104
84
192
174
86
158
180
100
126
176
158
128
138
184
110
62
174
176
96
138
228
148
70
194
218
74
132
216
94
102
214
122
56
224
202
92
72
80
76
76
72
70
96
76
68
72
72
84
92
124
232
328
354
332
334
340
334
330
334
338
334
328
334
334
326
344
330
324
338
332
324
332
332
318
286
286
296
250
120
56
54
50
48
42
42
40
42
44
48
42
44
44
44
50
56
54
52
50
60
72
94
142
164
134
154
168
124
174
112
158
134
174
120
166
132
168
170
162
182
148
190
150
192
166
176
176
162
200
150
216
140
220
152
174
196
152
216
166
180
178
158
204
142
194
190
158
196
176
178
164
200
176
156
218
180
142
214
212
120
174
238
108
122
240
202
86
204
210
60
134
256
168
44
216
264
120
52
230
230
60
112
274
192
78
244
276
112
174
258
124
144
222
132
138
184
98
58
50
56
62
64
66
72
74
72
62
54
54
60
80
88
98
170
304
346
344
344
326
336
340
328
336
332
326
334
330
334
328
326
336
328
326
324
322
324
278
278
286
290
274
138
62
54
52
46
46
44
42
42
46
50
44
44
44
42
42
46
42
48
52
70
110
152
150
124
122
172
130
190
134
186
146
130
150
136
172
150
172
152
184
140
204
120
226
136
216
152
214
164
178
204
142
234
118
242
130
174
250
116
244
140
194
186
106
254
134
166
228
114
214
184
130
220
184
144
204
208
144
194
218
160
196
198
186
224
216
200
192
210
160
176
222
182
148
184
262
168
216
194
208
130
156
196
200
254
214
232
238
230
212
242
244
198
256
180
62
50
64
76
72
74
78
80
86
74
72
80
70
52
40
42
64
86
100
120
238
350
338
320
338
326
328
332
328
324
336
326
328
330
330
326
322
324
328
324
328
282
278
274
282
286
276
190
112
66
50
52
50
66
70
62
74
86
102
120
126
126
94
82
78
76
72
88
126
152
130
134
146
190
128
154
210
98
144
172
150
180
168
176
176
182
170
186
154
200
174
194
182
192
180
204
178
180
198
176
198
160
212
196
170
210
140
208
164
168
220
120
204
194
118
256
158
116
256
158
76
248
224
70
204
266
106
152
266
174
140
236
238
136
198
250
166
140
206
252
152
180
242
296
120
138
242
206
104
242
304
134
160
310
206
162
326
248
106
224
112
60
68
90
84
86
84
84
84
86
88
100
98
78
80
76
60
58
60
102
112
104
168
320
350
328
330
332
328
324
336
330
318
336
326
322
332
328
316
328
324
326
278
278
280
272
274
282
280
274
244
108
76
112
116
104
88
86
102
114
110
116
118
114
100
74
70
82
82
96
192
132
132
112
182
114
142
196
158
176
170
152
176
182
192
174
198
168
188
178
186
204
162
204
150
236
152
220
160
216
186
160
226
148
212
184
170
208
152
206
188
164
196
180
174
174
218
210
194
230
190
174
222
216
160
218
258
128
190
294
176
104
290
254
56
212
310
160
88
286
286
118
128
324
274
56
208
338
206
148
344
296
112
216
312
164
188
344
264
104
76
78
58
84
88
94
96
96
90
90
94
104
122
116
114
132
176
164
138
76
82
86
88
84
132
270
356
334
328
336
324
324
330
326
330
330
330
330
324
328
324
320
328
292
274
270
282
268
266
272
262
274
268
182
118
126
106
92
96
106
110
104
96
88
86
96
70
74
72
84
102
178
166
120
134
140
172
178
146
226
182
178
210
214
208
220
206
230
178
228
224
240
208
222
212
202
260
160
250
148
264
152
206
214
122
264
128
198
216
112
250
150
142
262
124
184
218
132
226
232
152
226
252
170
212
266
200
218
250
234
270
224
224
264
280
166
244
322
214
156
294
336
186
184
310
300
184
280
360
228
154
306
304
166
252
302
188
218
296
278
152
82
68
64
100
98
108
106
98
104
110
112
114
138
142
160
188
176
180
188
150
108
66
60
62
74
94
244
342
338
336
316
328
332
322
330
328
326
328
324
330
328
326
326
276
278
274
270
274
270
260
258
266
232
124
100
108
92
80
122
158
142
114
102
96
98
110
94
66
72
108
130
176
194
136
142
130
204
228
176
268
256
264
300
300
292
292
282
274
260
266
268
258
246
242
250
244
258
212
230
194
244
192
224
204
190
248
156
210
206
148
246
172
186
270
146
220
248
106
252
266
112
248
288
106
222
308
144
164
330
242
164
274
306
212
244
286
256
268
252
310
280
322
250
294
266
310
282
306
334
276
298
306
276
296
304
248
312
314
246
276
154
106
80
62
94
122
122
134
118
112
112
106
122
166
204
210
170
150
200
192
186
140
112
72
70
68
92
78
212
348
330
326
328
320
316
334
328
322
334
330
328
326
324
332
278
270
268
270
266
260
260
254
202
126
106
108
88
88
134
160
160
144
120
106
118
118
126
124
88
60
126
168
172
212
168
164
190
204
238
276
298
312
302
276
274
280
290
292
308
318
284
304
284
286
234
280
244
242
266
194
250
168
258
168
232
230
180
254
184
200
222
176
230
216
194
216
212
226
198
234
272
216
254
284
196
236
318
200
202
326
266
126
306
344
138
186
346
288
128
252
384
264
160
312
366
196
230
366
344
220
284
374
294
222
370
314
186
338
328
184
184
184
122
74
74
108
116
156
192
118
104
104
102
134
170
202
224
146
172
210
204
204
156
156
152
118
104
102
110
98
192
334
338
326
326
326
326
324
328
324
322
332
326
320
324
270
268
262
268
260
256
268
192
108
112
112
96
90
116
160
162
156
142
144
148
134
134
130
88
76
76
96
152
184
176
162
190
214
146
110
202
234
204
162
160
158
138
134
144
162
260
328
332
304
288
250
304
248
264
272
244
286
180
282
164
294
242
170
298
146
218
258
134
266
198
138
278
158
174
292
174
192
298
218
206
296
246
238
284
266
268
272
262
274
344
208
246
360
352
162
272
402
324
124
352
422
192
164
392
364
128
254
386
246
208
368
292
186
396
428
320
134
206
142
134
124
154
144
144
144
186
176
114
144
184
184
230
200
148
194
228
222
194
186
184
152
84
132
74
72
118
94
196
322
342
328
316
328
326
318
324
330
324
322
330
324
262
264
258
252
258
250
196
122
114
108
94
96
136
164
166
166
172
168
160
142
136
122
94
70
72
68
72
78
100
126
148
158
172
156
154
184
186
172
128
86
106
100
90
98
82
92
146
204
284
296
284
248
276
270
256
266
260
252
260
240
278
262
218
296
210
250
268
178
276
216
184
300
182
196
328
190
184
340
212
174
350
258
150
326
304
166
276
356
246
258
326
338
310
326
306
322
322
346
336
320
402
258
246
350
396
194
226
376
312
218
348
318
248
356
432
334
198
170
176
218
160
184
180
140
122
166
166
130
142
164
214
246
188
170
222
236
192
188
184
186
134
58
102
116
56
104
104
70
168
346
328
316
326
320
318
322
326
334
326
322
326
264
258
256
250
246
184
122
118
112
98
94
110
152
174
188
190
172
142
122
106
92
78
72
70
72
70
72
66
56
66
108
160
230
264
284
268
254
226
168
102
62
56
70
66
70
76
54
50
86
174
248
248
298
264
274
250
246
302
212
310
210
240
282
196
280
232
212
270
188
224
244
202
252
246
252
260
252
292
256
242
324
290
204
322
330
184
298
372
244
194
366
374
218
258
382
362
216
338
448
324
274
336
402
270
326
266
310
296
332
346
326
346
422
352
342
270
246
172
234
282
148
192
212
186
156
146
114
134
202
208
236
232
180
210
274
242
194
180
174
166
142
84
84
172
92
86
142
86
44
172
338
324
324
322
328
328
326
330
322
324
328
258
260
246
244
182
112
112
112
100
88
112
156
184
188
170
146
112
108
148
106
96
78
74
76
74
70
62
74
126
206
266
290
294
288
278
282
274
270
264
208
126
94
84
76
70
68
72
74
60
58
118
186
246
260
286
250
258
318
256
326
274
276
308
216
312
260
238
326
212
268
306
176
290
290
162
286
316
178
268
322
232
264
308
266
298
280
286
340
302
268
338
378
250
252
420
390
198
334
470
372
184
382
460
294
192
380
400
224
292
418
286
332
432
330
266
204
208
194
270
376
158
176
266
206
150
166
154
166
232
188
196
216
216
236
250
256
228
200
186
192
144
82
30
80
106
150
180
96
54
44
216
350
330
326
326
318
328
332
322
328
326
256
250
254
216
120
114
116
108
106
120
154
164
152
140
132
136
126
138
126
96
84
88
88
74
72
90
150
236
294
294
296
296
284
294
296
286
292
288
276
274
238
184
148
142
150
152
140
150
164
156
146
142
180
240
304
290
318
292
334
310
330
328
318
330
296
316
298
288
312
304
316
294
304
310
262
310
342
242
300
360
228
258
370
256
206
330
322
240
310
348
282
334
342
334
318
374
380
372
410
376
338
392
464
358
264
394
446
314
258
346
314
308
382
356
208
172
182
160
264
398
250
176
260
226
200
166
164
178
194
182
198
216
230
264
258
256
236
228
204
186
178
144
138
142
168
196
192
134
66
60
82
262
352
326
326
326
324
330
324
322
324
256
252
254
196
144
146
142
148
158
166
172
154
148
128
134
132
148
138
108
100
88
84
94
134
204
256
300
306
292
298
296
294
300
294
296
300
294
292
290
286
280
268
248
220
188
168
152
152
160
150
150
158
158
174
246
308
322
316
354
358
354
356
352
356
336
344
338
314
356
334
324
348
318
308
336
318
326
356
328
338
354
336
366
318
292
358
376
228
252
374
320
222
328
380
268
328
458
372
316
438
454
358
378
414
444
360
410
402
416
320
376
422
324
316
210
130
144
140
234
380
320
222
244
278
236
206
172
190
224
214
212
210
214
290
266
272
246
238
218
190
178
180
170
172
160
178
184
176
152
76
66
120
278
338
340
324
324
326
318
316
322
260
258
248
244
226
188
184
186
172
162
136
114
112
110
128
128
124
118
98
98
128
188
250
286
300
304
298
296
300
296
302
294
298
294
298
302
298
296
298
296
286
286
272
274
274
254
244
228
206
196
190
176
176
160
146
154
154
150
190
262
298
328
340
346
360
354
356
358
342
344
350
346
346
340
334
336
334
348
346
340
364
364
350
366
414
346
348
324
334
346
356
314
326
382
338
282
404
396
274
400
440
344
304
426
446
342
360
400
438
378
364
422
372
362
308
160
100
132
216
304
354
308
258
296
256
234
226
204
220
234
210
176
202
278
244
286
282
268
240
222
194
196
194
174
166
168
142
184
172
126
58
46
68
170
316
340
328
326
312
320
322
250
252
250
240
204
194
176
150
128
106
94
102
120
128
126
110
104
120
158
216
278
300
296
298
294
298
300
300
304
302
302
300
296
304
298
296
306
300
294
306
290
292
300
286
286
290
278
280
284
278
280
276
262
264
254
252
242
226
200
160
152
166
172
182
218
252
268
300
286
274
264
236
236
240
232
242
238
234
248
280
276
288
320
328
348
338
304
350
378
316
352
444
384
326
402
430
360
394
398
354
390
384
376
378
418
364
420
414
400
396
378
398
404
358
296
220
126
144
192
254
332
302
314
298
304
238
244
256
208
200
206
206
214
252
236
264
282
298
272
250
238
226
204
190
176
180
128
156
176
174
128
50
48
42
104
250
336
320
322
318
322
260
248
240
252
202
136
120
114
112
104
106
106
108
104
114
154
186
240
286
300
296
296
294
298
296
300
302
302
298
304
298
298
300
296
294
302
302
312
308
298
308
306
300
304
298
294
290
292
294
286
284
288
284
272
270
272
270
272
266
264
258
238
222
204
182
166
152
142
146
148
136
120
114
108
124
136
150
160
182
202
210
212
220
218
256
326
310
320
364
360
368
398
406
356
396
436
390
386
458
410
356
436
458
384
414
410
414
410
372
428
424
406
392
354
264
146
140
128
118
308
324
340
350
308
294
308
252
236
214
194
236
238
220
242
254
212
248
286
276
266
250
232
228
206
196
186
170
154
150
146
160
82
62
74
48
74
236
334
314
322
322
252
254
262
262
184
102
116
110
100
96
100
116
148
176
220
262
286
298
302
298
294
296
298
296
300
302
298
300
300
296
306
304
298
308
300
302
308
308
306
306
304
302
302
306
304
300
300
298
292
300
298
290
294
280
282
294
282
278
290
276
276
278
278
276
276
268
262
244
228
214
188
142
128
124
114
116
120
126
132
148
174
192
218
236
236
248
264
270
328
388
396
392
394
426
408
398
414
424
406
422
412
408
418
402
414
430
388
418
424
416
402
388
378
354
200
108
80
64
152
280
340
400
372
342
286
302
316
290
268
234
258
256
264
286
288
278
250
256
268
274
252
244
234
216
224
214
198
194
142
154
168
120
86
66
66
50
146
338
314
322
318
264
222
182
146
116
114
114
112
132
156
176
214
242
268
288
290
292
294
292
296
300
292
294
298
296
300
302
296
302
302
300
304
306
300
306
300
308
308
304
306
304
304
306
304
304
308
298
306
304
300
304
304
296
304
294
294
296
292
300
296
288
290
286
278
284
278
270
276
274
270
276
246
220
214
186
166
156
140
134
150
152
168
204
232
250
264
284
296
308
326
350
360
354
352
368
356
370
396
374
378
420
394
388
420
390
400
410
392
406
372
390
378
360
350
170
80
70
166
318
370
416
416
398
346
354
324
342
356
336
308
324
334
346
330
326
322
320
274
252
252
248
226
234
246
240
228
232
242
218
188
138
136
158
72
76
150
294
326
314
320
316
256
158
138
138
166
164
138
174
214
236
256
270
290
284
282
292
286
288
298
296
292
302
300
298
298
302
298
302
302
302
302
300
302
302
300
302
302
304
308
300
310
304
300
310
308
308
306
306
306
306
304
302
302
306
300
298
304
300
296
294
296
292
296
294
288
290
292
286
286
280
274
282
280
278
276
272
258
238
214
198
182
168
148
140
142
146
162
186
196
216
246
268
284
278
284
294
294
304
312
328
332
336
348
360
368
354
390
368
358
368
380
366
342
356
204
88
194
390
404
396
404
416
402
378
370
364
330
362
390
378
358
364
376
380
366
366
360
350
314
266
242
228
224
238
224
216
202
198
160
154
130
138
130
150
212
248
322
324
316
322
314
260
268
248
238
226
180
220
264
266
274
290
278
280
286
286
286
294
292
292
302
300
298
300
296
298
300
298
300
302
298
304
300
298
300
296
300
310
302
300
308
304
306
306
304
312
308
308
302
302
304
312
306
312
306
300
308
306
298
306
302
302
306
300
296
302
300
298
296
290
290
292
288
282
288
280
276
278
278
280
280
274
270
260
248
236
222
204
192
174
162
162
156
158
164
158
156
162
160
164
182
188
208
230
240
256
272
292
308
318
344
340
328
340
272
164
216
332
394
384
376
376
376
384
386
372
368
352
326
340
374
384
364
358
368
366
362
360
358
344
330
304
278
258
248
264
262
232
184
138
142
128
126
190
248
288
302
326
322
320
320
314
270
254
236
236
240
262
272
274
284
284
276
282
286
280
284
292
290
292
300
298
304
298
298
298
294
300
300
296
300
300
294
302
302
296
304
304
304
308
302
306
308
308
306
306
310
310
308
310
306
304
312
308
304
310
306
306
310
308
308
308
304
306
306
302
300
302
304
306
302
300
302
298
292
296
290
288
292
288
280
286
288
280
284
278
276
284
278
276
282
266
264
258
238
232
226
218
204
192
184
174
156
146
142
138
134
138
152
168
178
196
224
248
206
154
242
304
340
348
368
366
360
354
352
352
352
350
354
344
320
316
326
344
350
350
354
338
326
320
304
286
292
288
222
256
288
276
318
342
212
162
124
154
176
214
308
326
324
322
318
322
308
264
270
264
268
278
278
280
284
278
276
280
282
280
290
286
294
292
290
298
302
298
304
294
294
298
298
298
298
298
300
298
302
302
304
298
308
302
304
316
308
308
306
304
310
308
308
314
310
310
312
314
306
312
312
310
316
312
306
308
312
304
306
310
306
304
308
304
302
304
298
300
304
302
298
300
300
302
296
296
296
294
300
296
282
282
286
284
284
280
278
284
284
276
284
276
276
278
270
268
264
256
258
250
254
242
220
206
194
164
150
142
120
178
240
272
286
310
326
324
310
288
290
278
276
266
268
256
240
262
270
274
288
300
308
326
332
338
334
308
270
244
210
162
214
292
328
344
356
336
258
196
174
134
158
190
298
328
322
318
322
316
266
272
282
274
278
282
278
276
278
274
274
282
278
292
288
288
298
290
294
302
294
294
298
298
292
300
300
296
300
300
298
304
302
302
302
304
300
304
314
308
302
310
306
304
310
312
304
312
316
308
316
312
314
316
314
314
310
308
312
312
304
308
310
310
308
312
306
310
310
308
308
308
308
310
310
302
306
314
302
302
300
294
300
290
292
296
288
280
288
286
286
292
282
278
276
274
278
262
266
274
264
268
276
276
274
278
278
272
274
268
186
182
224
248
248
248
210
300
298
294
182
120
116
154
176
146
102
112
156
166
170
168
182
190
194
210
208
204
200
208
226
194
202
222
248
270
288
280
268
218
276
270
248
230
244
298
328
318
316
320
312
282
280
284
286
280
280
278
276
278
272
272
288
282
278
292
288
286
296
298
292
298
298
296
294
298
296
298
300
298
298
298
300
300
298
304
302
302
304
304
306
312
302
306
312
312
310
312
314
310
310
316
312
312
318
314
308
312
310
306
314
310
306
316
314
306
314
314
314
316
308
308
312
306
310
312
312
312
312
306
306
304
300
302
296
296
296
296
294
292
296
296
292
282
284
286
282
282
286
274
274
276
280
278
278
276
276
276
280
278
216
192
222
220
224
234
204
154
266
260
282
262
178
152
150
252
252
244
254
238
236
228
222
216
204
200
188
178
186
190
182
172
162
160
180
192
212
242
192
218
224
262
256
258
262
300
318
322
318
314
316
302
284
282
278
282
276
274
286
278
272
282
278
278
280
282
288
290
294
292
292
298
298
298
296
296
294
298
298
298
296
300
302
296
302
300
296
304
304
300
312
306
306
308
306
310
312
312
310
312
314
314
310
312
312
310
316
314
314
312
312
314
316
314
316
314
316
320
310
314
318
312
314
314
310
312
318
310
312
312
308
310
308
304
302
306
300
304
302
296
300
300
298
302
290
286
290
282
290
288
276
282
276
286
284
282
282
280
288
298
234
204
210
196
196
202
198
188
148
214
226
242
254
196
142
190
270
290
298
296
288
292
296
290
294
288
290
286
278
280
280
282
268
262
262
256
260
284
268
224
264
268
290
294
290
290
312
314
316
320
318
316
310
280
284
282
266
254
256
280
280
278
270
274
280
276
278
292
282
292
294
292
298
298
298
300
292
290
296
298
294
304
296
298
302
298
300
308
304
302
306
304
306
306
312
310
310
310
310
306
314
312
310
314
314
314
316
316
312
316
316
312
312
312
310
316
320
316
318
316
314
316
318
314
316
316
318
318
316
318
314
314
314
320
310
310
308
304
306
304
296
306
296
298
304
294
294
294
284
290
282
280
286
282
286
290
276
284
294
294
274
188
190
176
162
172
180
176
196
192
180
198
210
238
238
124
110
150
240
300
300
292
294
290
296
300
290
288
290
282
288
288
284
290
290
294
292
290
312
292
260
290
314
326
320
316
322
316
314
322
316
316
320
306
286
270
276
286
268
258
284
276
278
286
276
280
284
280
290
286
288
298
290
292
298
296
288
294
292
290
304
298
296
304
300
296
302
306
302
302
302
302
302
308
304
304
308
312
304
314
312
312
318
316
310
316
316
318
314
316
316
314
310
312
310
304
314
316
310
320
322
316
318
322
318
320
318
316
316
318
322
322
320
316
316
312
308
312
306
308
302
298
302
304
304
300
296
298
298
284
290
294
286
286
286
288
288
294
290
298
292
222
174
162
148
150
154
162
160
200
244
180
186
204
224
184
152
102
98
146
206
290
306
300
294
300
304
300
298
300
296
296
294
290
296
298
296
300
300
310
306
294
312
314
314
318
312
318
316
310
316
314
310
318
306
280
286
282
278
284
272
274
278
268
278
268
270
280
272
276
288
290
286
296
298
294
302
296
294
296
296
298
296
296
288
296
296
296
296
296
310
300
302
308
306
308
310
316
314
314
312
308
304
306
310
308
316
314
310
316
312
308
316
310
318
320
316
322
320
316
320
322
316
310
316
312
316
320
312
328
320
318
324
316
316
316
310
314
318
308
320
310
304
318
308
304
308
298
294
296
294
294
290
286
294
286
286
292
292
296
304
258
192
176
156
146
148
148
160
166
184
274
228
204
178
188
144
62
88
88
100
116
162
272
314
290
300
306
300
300
302
298
300
300
302
306
300
304
310
304
312
318
308
316
314
320
318
316
318
318
312
318
316
320
316
310
