506
510
500
446
360
326
332
334
340
336
338
342
336
340
340
338
338
344
346
342
342
342
342
346
346
340
344
346
338
346
346
348
350
346
348
346
352
350
350
348
346
348
346
352
352
352
354
352
352
354
356
354
356
354
356
360
362
358
358
360
366
364
366
364
366
360
362
368
364
366
366
368
366
368
364
356
366
368
366
364
366
360
362
362
358
366
364
366
368
364
362
368
366
364
374
370
368
370
370
364
372
378
376
374
374
378
376
384
382
384
386
382
384
388
384
384
392
386
382
386
388
390
392
388
382
386
386
388
386
386
380
382
378
378
380
376
388
380
376
378
376
374
376
380
380
378
378
380
376
378
382
374
376
386
372
374
378
374
368
372
366
472
396
338
320
310
324
334
334
332
338
340
336
336
338
338
338
340
342
340
340
338
346
348
342
346
348
342
336
346
340
352
348
344
350
350
350
358
354
350
352
354
350
354
354
348
358
360
358
360
358
354
358
362
358
356
364
362
362
366
362
364
366
366
366
364
370
368
368
368
368
368
370
366
370
368
360
364
362
356
362
362
362
360
366
356
362
366
360
364
368
360
364
366
370
372
376
368
370
376
370
372
376
374
380
374
368
380
380
378
376
380
376
380
382
378
384
382
380
382
376
380
382
386
382
380
386
384
382
392
388
384
384
378
384
384
384
380
390
384
382
382
382
380
384
374
380
378
376
376
378
372
374
374
372
370
372
370
368
366
368
366
320
304
328
340
340
350
346
342
354
340
334
342
338
336
340
336
338
344
342
340
348
348
344
342
344
342
340
328
346
346
346
342
348
342
348
352
352
350
356
352
352
354
348
358
356
350
356
358
356
360
356
354
358
360
358
362
360
360
366
360
360
364
362
364
366
362
364
362
366
366
364
364
364
360
360
358
354
352
352
348
352
348
350
346
354
356
354
358
356
358
356
362
364
364
364
362
362
368
372
366
368
364
368
370
372
366
374
374
380
374
376
382
378
378
376
380
378
380
380
376
382
382
384
382
386
384
384
382
384
382
390
386
384
386
382
386
384
380
384
382
376
376
378
384
382
378
380
378
382
372
376
378
366
372
376
366
366
374
368
362
372
326
330
266
172
174
192
218
254
304
332
350
356
344
336
336
340
340
342
344
344
344
344
348
346
344
338
340
342
344
350
346
346
352
352
354
352
356
348
352
358
352
352
354
354
356
356
352
356
356
356
354
358
356
356
356
356
358
358
358
360
358
360
360
360
366
362
362
360
362
362
358
356
354
354
348
338
340
338
338
340
336
326
334
324
322
328
332
332
350
348
348
356
356
356
354
350
356
360
360
360
364
362
364
364
372
362
362
370
374
376
378
378
374
376
382
374
382
380
380
382
382
386
390
386
384
380
380
380
388
382
386
386
384
380
378
386
386
382
384
376
374
376
378
380
384
378
380
380
374
374
376
368
372
372
364
370
372
370
368
368
372
334
316
182
46
44
42
48
58
86
126
190
262
316
350
350
342
344
342
342
344
340
344
342
344
348
346
344
350
352
344
348
346
348
356
354
336
346
348
346
354
352
354
358
352
352
354
356
352
356
356
354
358
352
354
354
362
352
352
354
364
352
360
358
358
358
354
354
350
350
352
350
346
340
334
330
328
310
284
246
222
208
198
188
196
190
190
204
202
212
254
274
294
324
336
336
344
338
342
356
342
348
360
364
352
360
364
364
364
368
370
372
370
370
370
378
378
376
380
370
374
380
382
376
382
382
382
380
376
382
386
382
382
384
380
384
380
384
384
382
378
382
382
382
380
374
382
378
380
380
376
376
376
372
372
374
376
370
368
370
364
368
326
276
152
68
70
72
66
70
78
62
54
52
98
180
246
320
354
352
346
340
348
344
340
350
344
344
348
346
346
348
346
346
352
344
344
336
334
350
352
348
350
352
352
344
348
352
352
356
352
358
352
350
352
352
350
354
350
344
352
364
344
352
348
344
350
348
342
344
340
336
334
324
310
298
256
216
186
122
94
92
78
70
64
72
78
76
74
86
78
82
80
104
140
176
212
246
268
284
288
298
304
316
326
326
344
348
352
366
372
362
370
368
368
372
370
370
376
378
372
378
380
382
376
374
384
382
380
382
384
384
384
382
386
382
384
388
384
378
386
380
380
382
380
380
382
380
378
378
378
374
376
376
372
378
374
368
370
374
368
364
370
324
310
262
108
62
66
64
64
76
74
76
72
62
50
50
106
184
288
346
356
346
340
346
346
346
346
348
348
350
346
350
348
348
350
344
350
352
348
348
352
344
348
352
352
348
352
354
352
354
352
350
348
348
346
348
352
344
348
342
344
340
336
330
314
294
274
278
284
268
250
240
188
156
132
94
66
68
58
72
64
58
52
56
46
50
56
66
72
72
82
66
54
54
70
70
90
124
120
134
156
154
164
184
204
222
242
268
288
308
320
336
350
358
368
370
364
372
374
372
372
374
374
384
378
372
384
380
378
382
384
386
388
386
380
386
386
386
380
382
384
378
380
376
376
382
378
376
378
376
378
376
374
382
374
366
376
368
370
374
370
364
322
320
350
266
84
62
66
64
66
58
62
60
64
60
62
58
52
74
160
264
338
354
354
340
344
346
344
344
346
346
352
348
342
354
352
346
350
348
344
348
350
350
348
350
350
350
348
350
350
350
350
348
352
346
344
334
330
314
282
244
224
198
172
154
122
94
100
98
94
74
68
64
58
64
58
56
60
52
62
62
50
68
58
66
76
60
74
82
84
104
120
88
84
110
92
82
66
80
62
70
108
80
76
120
84
112
134
162
192
210
234
268
292
320
338
352
360
368
370
370
378
378
372
380
382
376
384
384
382
388
384
384
382
386
382
382
386
382
384
384
382
380
380
376
378
380
378
374
384
378
378
382
378
376
382
378
372
374
372
368
366
328
318
326
320
128
64
72
66
64
68
70
60
58
58
62
62
68
68
52
64
124
222
306
358
350
340
344
346
344
346
346
344
350
342
346
346
346
348
350
342
350
348
342
348
348
348
346
348
344
350
346
344
334
298
274
252
188
156
120
82
78
64
50
54
50
48
52
52
52
74
78
96
78
80
100
86
88
100
80
92
104
88
100
110
66
88
116
58
124
106
94
140
72
84
136
66
92
132
60
74
128
70
78
86
76
88
88
86
98
80
96
132
142
166
208
262
298
328
348
368
372
376
374
378
380
382
388
386
382
388
386
380
384
388
380
386
384
382
384
380
382
382
380
382
374
380
380
380
380
376
382
380
376
376
374
372
376
374
368
368
364
334
324
324
330
238
100
62
70
58
66
68
70
68
70
66
60
58
64
70
72
60
52
80
168
276
340
350
344
346
340
348
342
344
348
342
340
346
346
344
348
342
338
342
342
346
348
342
352
360
340
282
234
164
110
90
76
50
46
54
60
60
54
60
72
68
64
72
68
70
114
94
86
108
66
100
86
80
116
66
96
112
60
104
110
60
114
122
68
118
98
82
112
72
100
102
78
100
88
82
90
66
92
98
64
138
146
122
140
132
48
102
146
68
58
116
144
156
202
252
282
338
352
374
382
380
378
382
384
388
384
382
380
384
386
384
382
384
382
380
380
380
380
380
382
376
378
380
374
378
378
376
376
378
372
370
378
370
372
376
368
366
326
322
332
328
342
306
108
60
70
64
60
62
66
66
64
62
58
54
58
62
68
74
68
46
64
156
280
350
346
342
344
342
342
340
340
338
342
338
340
340
340
340
336
336
342
348
344
294
210
132
80
62
60
54
58
56
54
66
66
72
68
74
88
66
58
84
54
76
88
52
92
64
66
82
56
84
64
72
98
54
76
92
56
78
100
68
94
94
46
90
92
52
96
82
60
120
92
64
134
86
64
182
118
52
142
162
96
142
138
74
112
138
88
96
94
96
54
74
116
134
186
258
314
360
380
382
386
384
388
386
384
382
386
382
380
382
384
380
382
382
378
378
382
376
380
380
376
378
380
374
378
376
376
376
376
374
372
376
370
366
368
322
326
330
326
330
350
272
96
64
72
66
62
64
62
58
60
54
58
56
58
60
76
74
76
68
46
66
198
308
350
336
336
342
328
334
336
334
330
334
330
330
332
328
332
350
292
188
96
50
54
60
64
66
80
76
80
78
58
82
86
52
70
92
58
76
88
52
90
76
64
106
56
94
80
68
104
54
106
110
54
124
108
52
126
110
72
146
104
50
142
102
68
158
82
72
180
122
88
170
98
64
178
148
74
110
76
104
104
82
130
132
66
106
134
74
74
110
104
76
86
68
102
162
210
302
368
394
390
380
384
384
380
380
378
384
388
386
380
380
382
380
380
384
380
378
380
378
374
378
376
376
378
378
378
368
372
376
370
368
372
360
322
330
328
332
334
330
346
292
84
56
72
76
74
74
68
72
66
58
56
58
60
68
70
70
72
72
60
40
86
224
330
340
332
328
338
324
330
322
324
326
318
312
324
320
244
110
52
66
78
72
72
78
80
74
76
76
74
64
74
72
80
70
66
88
76
74
84
66
78
84
82
82
88
84
90
86
82
92
86
88
100
96
92
92
82
86
98
90
84
122
88
84
108
82
92
112
92
108
98
84
102
82
90
118
90
70
168
106
36
150
168
52
96
172
94
50
152
134
60
68
112
92
90
88
120
254
338
382
386
380
382
380
380
380
382
382
384
382
380
380
380
380
378
380
374
376
380
378
378
376
374
376
376
372
374
370
366
372
370
368
366
320
324
332
332
332
334
332
348
272
108
70
68
62
74
78
74
72
62
66
66
68
60
60
62
68
74
78
68
52
62
128
214
294
316
326
322
324
314
318
308
298
292
268
154
68
56
72
78
82
80
74
62
76
84
82
50
76
102
58
72
108
54
80
110
50
92
100
50
112
88
66
112
66
110
80
68
110
56
84
120
62
88
110
54
98
110
56
96
104
54
92
104
54
104
106
44
96
124
48
104
142
54
80
174
96
64
208
132
54
126
168
84
100
152
126
72
154
166
68
68
138
114
70
82
94
120
184
292
364
384
384
374
380
382
380
384
378
380
378
382
382
384
380
376
378
372
378
382
376
380
378
372
374
378
368
364
374
372
364
368
362
320
328
326
326
330
324
328
338
356
256
94
68
72
70
72
72
68
70
70
68
68
66
64
64
68
66
78
88
72
92
74
48
90
152
178
202
200
208
204
184
168
158
102
72
72
66
98
72
62
92
78
62
76
102
74
62
96
116
72
100
108
70
102
104
68
108
100
76
126
80
98
114
72
138
76
118
122
64
142
128
66
136
112
72
164
114
76
158
110
62
176
130
68
166
124
54
160
154
58
136
166
74
102
176
96
94
158
136
110
120
102
128
154
90
102
128
98
132
100
110
96
112
52
102
148
96
96
132
236
310
380
380
376
374
380
376
376
380
378
374
376
378
382
384
376
386
378
376
376
382
368
370
376
374
374
376
372
368
372
370
362
320
328
326
330
332
320
334
338
332
350
250
100
76
68
74
72
72
68
66
66
66
64
70
70
68
70
84
86
76
80
62
56
60
42
54
60
62
70
62
68
56
72
72
84
78
70
72
76
84
70
82
106
80
78
84
106
80
82
112
88
72
114
82
70
112
74
86
104
80
94
98
86
98
94
98
112
92
94
102
98
106
100
82
98
136
100
96
152
108
86
142
108
76
148
126
92
130
136
82
104
126
94
106
96
104
120
80
80
148
122
38
148
186
70
86
196
108
54
126
142
80
96
94
98
118
92
74
76
98
172
282
362
376
374
374
374
380
378
378
376
378
374
380
382
378
376
376
376
378
374
374
376
372
372
382
370
370
372
368
366
370
318
322
334
324
332
336
334
334
338
340
342
224
94
80
70
66
66
72
76
78
72
66
70
74
64
90
104
94
78
70
80
92
82
86
70
76
82
64
96
56
90
64
104
68
94
102
48
108
114
46
84
128
84
50
110
120
52
72
148
72
68
148
54
78
138
50
108
104
46
128
64
84
122
56
128
74
76
126
46
94
140
44
86
126
56
96
132
70
88
126
78
78
106
74
86
114
76
68
106
98
46
118
120
38
106
160
80
54
186
138
64
146
196
94
106
194
124
70
170
166
70
80
146
126
86
86
78
74
66
80
128
222
322
372
374
372
376
376
374
372
374
378
376
378
376
370
378
378
372
380
380
372
374
378
368
376
372
370
368
364
370
322
328
322
326
338
330
330
338
334
334
336
346
264
124
88
74
64
82
88
92
82
74
66
74
82
96
116
100
86
116
94
152
92
112
98
98
106
84
124
68
118
70
112
80
104
108
64
116
130
66
92
118
104
90
110
136
72
90
144
90
90
134
82
104
118
78
124
106
76
132
74
120
130
82
158
80
116
142
64
140
148
56
132
148
56
138
156
50
126
158
58
110
176
70
88
186
88
58
202
140
48
166
160
56
126
184
88
94
164
132
110
120
134
136
134
156
146
144
148
162
94
98
166
144
66
102
102
94
80
56
74
108
166
264
358
378
374
382
380
372
372
378
380
372
382
380
368
376
378
374
374
378
370
372
376
374
368
370
372
364
368
322
324
328
328
332
332
332
336
338
336
338
340
352
202
96
96
86
76
82
82
74
66
62
74
92
92
96
94
112
128
132
154
138
116
128
114
100
130
88
126
86
108
82
112
112
80
108
74
114
104
130
70
112
106
76
154
120
126
78
118
112
70
128
102
76
122
76
102
114
86
130
106
98
112
98
116
108
102
122
114
108
124
130
126
108
156
156
90
148
160
86
130
190
84
120
228
108
92
222
152
114
160
162
108
130
162
114
142
104
108
134
98
66
164
136
82
160
182
108
126
158
152
116
144
98
84
88
82
76
80
80
76
76
124
224
334
354
376
374
374
364
378
380
376
378
378
376
378
372
374
376
380
374
374
372
366
372
366
364
368
372
324
324
328
330
334
332
332
336
336
340
334
340
342
324
162
108
106
88
84
80
84
78
66
70
90
114
104
106
98
116
188
106
158
120
132
136
108
162
74
162
78
140
88
118
140
82
150
84
118
74
152
80
130
120
100
98
98
168
58
156
126
42
178
104
72
150
42
126
128
68
172
74
122
114
66
166
62
106
172
64
122
162
60
106
172
98
122
166
116
116
126
120
108
116
120
112
106
128
116
124
134
90
104
152
122
62
140
164
74
100
204
120
70
204
166
68
154
212
116
100
214
196
84
140
150
74
74
72
72
84
84
78
86
84
96
158
274
346
374
378
370
370
374
378
378
378
380
378
368
376
372
372
382
372
372
376
370
366
372
366
364
322
332
326
330
338
332
336
340
336
334
342
336
336
356
266
94
86
80
62
56
54
52
48
48
76
116
118
120
130
132
204
124
110
150
154
148
144
146
118
152
122
156
120
140
170
110
146
126
158
112
150
116
124
136
148
128
98
152
110
162
130
86
164
132
118
144
94
144
134
104
176
82
148
120
102
178
76
152
198
66
164
184
48
176
216
56
126
226
100
92
198
128
54
174
140
44
164
188
76
92
172
110
66
220
152
46
158
202
104
128
218
144
122
166
146
142
158
160
144
196
188
178
164
218
166
96
94
80
86
100
92
86
84
88
90
88
130
202
326
378
374
374
374
370
384
378
370
380
370
360
374
370
366
372
376
370
372
370
366
364
368
318
320
326
330
328
332
336
334
336
340
336
334
336
338
344
256
192
162
150
140
132
118
110
100
86
104
136
140
156
126
148
126
84
144
144
122
162
104
186
100
170
130
150
156
140
188
120
182
136
186
142
132
116
164
170
146
168
122
200
128
144
166
96
178
160
110
188
122
148
176
124
164
148
158
176
138
180
180
154
158
166
162
134
184
180
114
168
214
108
128
240
146
82
226
176
62
210
236
88
84
196
150
98
198
158
120
174
176
154
186
138
150
194
106
118
210
150
92
220
200
128
178
208
188
110
92
120
112
96
116
136
106
76
80
86
82
86
100
182
320
376
378
374
374
374
376
372
376
374
372
372
372
366
370
370
370
372
366
366
372
360
324
328
326
330
332
332
332
336
336
338
340
336
336
338
352
354
354
348
328
300
290
282
254
224
126
104
126
130
128
138
116
76
104
126
140
166
166
112
190
104
194
126
178
174
110
248
136
212
128
220
140
186
146
218
158
168
198
116
262
82
192
208
62
240
144
108
252
90
208
172
96
240
118
214
186
112
240
142
154
238
124
156
238
148
134
216
182
164
154
180
186
168
182
202
172
136
194
218
140
188
162
160
198
194
176
198
192
100
176
224
106
152
270
142
134
268
162
122
258
198
218
208
122
110
110
98
106
124
116
98
98
104
80
70
86
98
88
86
84
146
282
376
378
370
374
376
372
364
370
376
374
376
376
366
374
374
362
372
366
362
362
324
328
326
328
334
328
336
338
336
336
338
336
336
336
228
150
160
148
118
108
98
114
108
88
86
104
124
172
152
138
136
90
122
128
212
180
168
202
178
204
172
200
182
190
206
210
202
196
220
200
190
198
170
226
184
216
214
178
254
148
230
214
150
234
178
198
230
154
244
166
168
224
104
258
166
130
288
108
200
292
86
182
258
82
146
284
146
96
222
206
82
200
262
122
162
248
162
128
214
244
112
164
264
158
110
256
268
112
208
328
248
216
328
240
300
322
238
252
218
248
208
122
108
100
100
100
118
146
188
198
172
124
92
74
116
110
92
88
70
78
130
252
370
376
380
372
370
376
364
368
378
370
370
376
366
364
372
362
364
368
362
316
324
330
330
328
332
338
332
334
340
332
332
340
318
226
198
150
180
206
214
214
182
86
56
80
94
120
172
162
160
164
120
88
146
224
138
176
224
174
262
160
242
152
228
188
192
234
200
262
172
226
130
194
166
246
190
226
216
192
248
180
220
234
158
240
194
186
234
168
218
202
174
174
228
186
198
256
172
218
264
162
210
220
122
206
304
160
90
256
228
54
204
300
100
150
326
176
62
270
282
102
164
326
244
112
308
340
234
302
348
278
324
334
306
424
378
356
294
232
182
82
112
112
106
110
118
152
208
232
224
228
210
200
186
152
122
104
78
74
70
78
106
234
372
372
374
372
368
368
372
368
372
374
370
378
372
370
366
368
362
356
318
322
318
334
338
332
332
332
336
334
334
330
334
348
354
332
282
230
188
154
132
92
66
70
82
90
118
176
164
156
126
100
104
142
232
188
228
228
200
244
178
250
188
258
192
220
218
220
240
190
218
160
204
166
284
162
286
176
198
278
114
256
222
146
290
138
236
210
148
288
134
182
226
150
250
226
174
252
210
212
246
196
202
248
224
262
226
234
228
242
196
230
280
204
222
310
234
238
290
290
214
258
298
270
272
302
302
346
336
270
346
362
248
376
430
292
310
318
262
92
110
126
104
108
118
138
178
224
260
240
208
218
232
224
192
142
104
76
66
74
84
76
90
228
364
382
370
370
374
372
372
378
372
364
374
368
366
376
362
356
364
320
326
326
334
330
330
332
336
332
334
336
342
328
212
166
126
84
60
58
60
58
52
54
68
80
92
106
168
160
146
168
160
184
186
180
242
250
228
276
222
264
242
286
262
270
234
240
252
244
222
214
242
226
222
262
186
292
192
228
252
170
260
206
206
234
162
262
186
182
272
110
226
232
118
304
190
152
306
164
160
302
164
162
296
194
190
276
272
192
234
296
224
234
272
274
250
288
334
254
268
328
330
292
342
400
286
326
478
310
286
432
316
204
426
414
254
196
260
190
96
176
148
154
170
156
152
172
230
256
250
234
238
222
238
258
210
124
130
150
112
114
98
76
100
250
376
382
378
366
374
376
368
374
376
362
370
374
362
366
368
356
324
328
328
332
330
332
338
330
332
338
338
318
184
96
80
76
74
72
66
68
64
62
68
74
86
92
122
164
176
174
170
230
214
226
214
274
290
282
342
266
336
258
326
264
306
246
276
244
266
234
262
224
238
258
208
262
220
258
246
222
262
198
242
242
182
244
200
222
234
222
188
212
230
168
308
212
196
318
186
172
310
166
186
340
194
116
320
312
130
214
338
212
152
314
288
162
278
362
220
184
366
310
162
336
424
252
308
490
366
296
470
384
316
418
402
304
292
246
128
116
234
292
250
242
194
154
176
230
254
272
254
224
240
260
268
218
196
234
158
110
116
140
146
92
90
252
394
374
376
374
372
378
370
374
374
366
366
368
368
366
364
322
332
318
330
338
330
332
336
334
330
346
290
112
106
96
74
74
76
76
72
66
66
68
74
76
80
124
172
202
188
216
248
302
316
312
326
334
358
362
354
370
356
372
352
356
312
318
292
316
274
322
226
290
254
218
306
164
310
210
218
290
154
284
206
178
272
144
272
246
152
256
208
202
260
244
252
260
250
256
264
262
264
278
306
242
198
298
330
164
244
372
262
158
330
350
182
268
400
260
178
384
348
162
296
372
260
250
402
360
272
410
420
426
388
350
294
348
278
122
128
234
326
362
258
200
202
190
224
262
278
278
228
290
302
272
232
240
186
74
114
132
106
178
112
72
88
294
394
378
374
378
372
370
372
376
368
368
368
362
366
370
322
324
330
328
326
332
336
334
330
332
352
294
88
80
74
68
62
64
66
68
68
66
58
66
66
78
98
144
180
210
234
256
290
306
326
330
318
304
274
240
238
258
276
300
320
356
348
342
326
318
306
306
316
300
280
292
198
292
222
246
282
190
294
228
194
286
168
276
258
132
286
216
160
322
172
214
310
166
272
312
178
298
314
224
262
306
258
306
254
318
336
302
298
328
370
278
316
372
314
248
352
358
258
318
358
278
318
354
362
372
368
370
438
368
306
310
328
322
146
138
214
278
332
238
202
190
198
214
268
318
282
216
292
276
264
254
220
118
80
162
166
72
158
130
70
70
136
318
368
386
372
366
380
376
370
384
366
364
368
366
368
324
332
322
326
330
326
332
334
334
342
318
160
60
68
64
64
64
66
62
62
68
68
58
66
70
76
90
104
114
132
174
232
286
316
316
308
298
284
270
234
178
166
150
146
166
272
364
366
344
328
288
354
286
328
354
226
288
194
270
278
232
290
266
262
274
256
266
264
260
226
270
264
234
320
216
226
330
176
280
356
166
292
364
158
258
376
246
194
312
342
224
274
400
316
260
338
376
278
298
336
298
310
324
352
288
288
370
282
296
426
314
320
460
390
338
320
306
314
168
172
202
230
216
222
206
180
202
218
264
292
248
226
320
256
226
264
212
132
106
110
104
116
212
154
82
92
78
176
288
342
386
382
368
378
378
364
372
372
362
370
366
320
328
324
326
334
330
328
340
340
300
112
64
74
74
70
68
62
62
66
64
58
72
76
68
66
82
92
94
82
122
242
324
336
334
324
320
310
296
280
268
184
154
152
146
144
142
182
256
332
346
330
346
310
338
382
254
350
208
310
282
204
346
228
258
322
194
314
256
214
320
224
260
322
224
286
302
240
222
274
332
302
320
376
268
268
380
304
208
328
392
234
260
428
362
172
386
454
228
242
434
336
178
354
406
196
262
424
272
278
452
326
292
472
418
336
338
362
354
212
214
270
226
226
204
202
192
210
250
302
300
246
266
322
300
238
246
242
160
62
48
124
214
244
206
132
96
80
82
116
190
330
386
372
372
378
370
368
370
366
366
368
322
326
330
326
324
330
332
332
346
194
46
70
70
64
70
68
64
58
60
60
60
76
82
70
80
100
94
88
188
316
358
338
330
326
326
320
310
298
288
248
204
168
160
178
154
128
108
118
158
234
300
306
340
334
316
318
348
284
312
308
272
352
272
258
344
214
318
292
238
354
234
270
350
198
312
326
164
302
276
228
370
296
256
362
330
304
306
354
300
352
378
360
364
390
332
366
444
322
314
416
408
226
338
438
284
270
396
376
338
414
384
364
434
402
252
318
416
416
260
188
298
256
250
246
210
188
210
244
304
298
274
288
334
326
268
272
242
202
138
120
212
208
218
228
210
136
76
64
68
82
108
306
396
374
374
372
366
372
368
360
366
324
334
320
314
324
322
330
344
292
94
68
74
74
78
70
60
60
64
62
64
64
70
88
84
90
84
104
262
352
346
344
340
336
334
330
316
308
292
276
246
190
166
160
168
152
130
124
136
118
116
148
252
302
306
302
348
280
366
314
292
378
298
312
336
284
312
296
296
326
304
310
310
322
298
332
332
248
354
352
242
390
308
204
384
374
220
288
402
332
240
388
414
292
352
452
384
322
358
408
338
368
410
364
364
354
386
330
392
442
372
416
470
364
318
278
276
326
470
364
170
268
310
276
264
246
240
222
210
276
308
296
310
338
324
274
286
222
206
208
192
214
172
166
194
232
200
116
70
76
80
58
130
342
394
376
366
380
370
364
374
364
324
324
328
318
328
328
330
334
168
66
78
76
72
66
62
62
66
68
70
76
78
78
96
88
88
176
294
354
340
338
354
346
344
342
328
320
308
272
220
210
210
188
164
136
126
108
98
108
100
106
126
162
204
304
354
338
320
374
354
328
392
332
328
378
284
352
320
274
382
252
326
342
244
364
308
280
384
312
296
340
338
326
278
344
394
280
326
406
380
292
372
442
312
326
470
426
246
370
480
324
298
466
420
276
394
464
320
336
470
370
358
472
372
372
310
210
254
448
438
222
266
346
302
288
286
280
246
234
256
302
284
308
348
358
308
286
256
222
246
254
218
170
150
124
188
178
112
104
114
134
110
68
202
390
376
372
368
370
366
366
364
322
330
326
328
326
330
346
264
80
68
70
70
68
68
70
72
72
72
80
90
92
92
84
126
254
342
350
340
338
346
342
344
348
340
334
334
312
232
200
166
146
128
102
110
110
116
128
142
164
196
222
236
238
262
324
374
400
394
384
402
386
390
394
376
374
366
356
356
360
364
368
370
324
378
350
308
402
338
298
408
312
292
386
340
326
352
378
344
390
426
362
388
414
408
410
422
364
396
468
420
382
450
466
352
396
474
434
418
430
460
448
420
404
322
268
220
244
396
440
314
236
378
338
306
316
300
282
274
268
260
234
324
340
368
368
304
286
320
296
290
250
218
176
124
104
108
114
142
148
120
92
74
286
392
372
372
370
372
368
366
370
324
334
328
324
332
328
346
232
64
74
76
70
70
72
74
72
74
82
94
90
88
128
226
326
348
340
340
340
344
342
350
348
344
350
340
338
336
312
308
240
166
168
168
182
192
216
234
250
268
272
252
264
292
318
332
348
352
354
360
364
380
396
404
406
414
404
392
408
382
406
398
384
410
376
388
404
372
406
388
390
358
354
416
392
296
382
434
346
318
414
418
336
414
462
376
388
496
420
372
478
486
384
420
456
452
402
466
500
448
412
454
416
378
274
176
170
212
324
422
376
230
332
366
326
324
322
274
294
304
272
266
332
314
336
360
356
346
336
312
288
272
248
250
178
136
146
178
194
184
98
84
214
386
384
370
368
374
364
368
370
358
326
324
328
332
328
330
348
274
88
68
78
84
78
70
70
80
84
78
76
112
216
320
356
344
340
342
344
346
344
348
350
348
346
350
342
340
340
340
346
352
342
332
326
320
314
318
314
322
336
342
338
344
350
356
350
348
344
342
344
334
334
336
356
364
370
388
390
394
400
398
358
348
328
312
330
366
364
384
404
386
412
424
402
418
444
444
416
412
420
398
438
412
396
436
422
382
450
468
372
426
476
384
368
432
468
390
408
444
448
434
416
392
220
108
96
106
112
256
420
432
324
268
360
338
294
318
310
272
354
312
264
314
312
302
318
330
320
334
312
296
288
252
242
208
220
236
246
222
186
102
198
378
382
368
380
370
364
374
364
362
364
322
332
326
326
330
340
354
338
136
62
82
78
72
80
82
68
70
118
210
312
356
340
338
346
344
342
348
344
352
348
344
354
348
346
352
346
344
350
346
342
346
350
352
362
356
354
350
356
356
356
354
350
354
362
350
350
354
358
356
354
350
360
358
346
346
348
346
340
350
354
320
300
268
226
204
230
238
238
250
254
274
302
310
350
416
450
406
410
454
412
416
484
450
388
456
490
430
424
486
432
404
448
466
404
456
466
386
370
374
372
316
224
100
70
82
110
158
368
428
428
428
326
310
354
332
316
322
296
328
338
314
320
324
324
338
322
300
328
296
312
290
252
262
296
286
270
254
196
138
152
298
390
376
380
372
374
370
364
366
370
362
326
330
326
330
336
302
244
226
110
72
76
74
70
74
94
152
234
312
352
352
336
340
348
340
346
346
342
348
348
346
354
350
346
354
346
348
348
346
352
352
348
354
356
352
354
350
352
360
352
354
356
356
354
358
358
354
358
360
362
362
358
356
356
356
356
356
352
354
354
354
352
346
342
306
264
228
212
208
206
188
166
162
154
156
210
334
372
398
422
436
432
450
460
440
458
474
458
428
462
468
424
430
406
358
352
346
250
204
182
164
140
132
170
222
302
350
398
444
444
440
458
410
344
362
390
398
376
356
368
402
404
392
376
394
398
388
362
332
326
326
312
312
330
362
372
294
244
206
168
206
352
384
374
378
372
374
364
364
374
368
362
326
324
334
334
340
188
52
44
58
82
90
110
150
212
294
344
354
346
342
340
344
340
344
346
352
346
346
346
348
350
354
352
348
352
354
352
350
354
354
358
358
358
354
352
352
356
354
356
360
354
350
358
356
358
360
358
362
364
362
366
360
354
360
358
360
364
362
360
358
358
362
362
362
376
370
348
332
326
316
310
290
274
272
268
284
312
338
378
386
416
436
428
428
444
434
404
412
432
376
326
310
266
206
170
138
130
128
152
204
246
290
346
396
432
446
462
460
446
464
464
462
466
434
392
396
418
446
450
440
434
444
452
452
450
430
428
422
418
416
378
332
364
372
396
426
384
330
240
196
216
260
384
376
374
380
364
366
370
358
366
364
326
336
324
332
340
308
268
240
242
262
294
316
338
356
352
340
342
340
338
338
344
346
344
348
348
348
342
350
352
354
350
350
350
354
358
356
354
356
358
356
360
360
358
356
356
358
362
356
354
358
358
356
362
364
364
364
360
364
368
366
362
364
362
362
364
362
364
366
364
364
362
358
362
358
360
368
364
370
370
376
374
368
374
380
378
368
372
364
354
368
382
378
378
388
380
370
256
218
210
176
160
154
148
158
196
214
242
296
344
398
424
426
444
448
440
444
438
428
424
424
426
424
428
416
392
378
394
410
410
404
404
406
402
398
400
398
394
390
390
370
344
378
394
396
392
394
390
342
292
300
320
372
384
376
364
376
370
362
368
360
368
330
326
334
334
334
340
348
354
352
352
342
342
338
340
340
342
338
342
340
336
344
350
348
348
350
350
346
354
346
352
358
344
352
360
350
360
360
352
358
358
356
364
360
356
360
360
360
364
356
356
358
360
360
368
362
362
370
366
366
368
364
368
368
366
366
364
366
368
372
360
368
364
362
366
368
360
368
366
364
366
372
368
372
376
372
372
374
374
366
376
376
376
384
378
356
292
230
240
216
220
198
158
192
204
226
250
274
310
350
368
380
368
372
376
380
380
386
378
380
382
378
376
376
380
386
380
376
372
366
362
372
370
364
360
364
364
368
366
364
372
376
370
376
372
378
382
380
388
400
390
382
376
374
376
374
374
376
370
370
358
366
328
336
332
334
336
334
334
336
334
334
332
338
336
336
340
340
336
344
340
344
346
342
346
352
348
348
354
346
352
352
346
356
348
342
358
360
358
358
356
354
358
358
362
362
360
368
360
352
366
356
358
366
362
364
368
364
366
368
366
372
364
366
370
364
366
368
366
366
368
370
368
366
364
366
362
384
368
366
374
378
368
374
374
376
376
378
376
382
374
378
384
382
382
386
356
338
366
380
354
370
302
298
352
340
352
366
380
392
392
388
388
386
382
374
376
382
380
380
378
372
372
380
378
386
384
376
380
382
374
376
376
376
378
378
378
376
376
376
370
378
376
366
372
382
382
378
378
382
384
374
374
376
374
374
370
368
380
368
362
370
366
330
338
330
334
342
334
336
340
330
330
338
332
334
340
338
338
344
340
340
344
340
348
352
342
350
348
348
350
346
346
350
354
354
346
352
350
348
350
358
360
360
358
362
356
360
358
362
360
354
360
360
362
362
366
364
368
362
368
366
364
368
368
366
368
364
368
372
368
368
372
368
372
366
368
374
378
370
378
374
370
378
378
374
382
378
376
378
380
376
382
384
384
384
384
390
396
392
388
386
392
390
400
398
388
392
388
380
390
386
382
386
386
382
378
384
380
380
382
384
384
382
382
384
384
384
382
374
386
382
384
382
380
378
376
376
376
380
376
374
380
380
378
376
384
382
380
386
378
378
384
376
378
382
368
370
376
364
368
370
360
364
330
326
334
336
334
334
338
330
336
340
330
336
340
332
342
342
340
350
342
344
350
352
350
352
354
354
356
356
352
350
358
354
352
360
348
356
356
356
360
362
356
364
364
362
362
366
364
362
360
354
368
364
366
364
364
362
368
366
370
372
368
368
368
370
370
372
370
374
374
372
370
370
370
376
374
368
374
374
372
378
378
376
372
380
378
374
376
374
376
388
382
378
388
384
382
388
388
388
388
384
390
390
386
386
388
392
396
394
398
396
392
392
390
388
386
390
376
382
388
386
376
380
382
386
384
386
382
380
384
380
378
388
388
384
382
384
386
386
386
388
378
384
386
378
380
378
370
374
372
366
374
374
366
376
370
370
374
368
370
370
370
