218
232
246
234
234
240
236
240
246
256
250
244
242
256
258
256
264
260
262
262
270
266
256
264
272
280
276
280
284
274
272
278
294
282
280
284
290
290
284
296
294
284
280
296
306
290
296
300
298
294
296
310
298
294
292
300
314
310
310
310
292
296
302
322
312
306
308
306
316
308
314
322
306
306
308
320
326
314
314
308
320
320
308
320
310
306
298
312
320
314
306
306
310
318
322
320
312
302
298
308
316
300
298
294
298
314
310
312
312
304
320
320
316
314
304
304
322
310
312
304
316
320
314
316
316
306
312
318
314
310
304
310
312
312
316
312
306
308
308
310
306
302
306
308
306
304
296
296
302
306
306
292
300
300
300
306
294
294
294
300
304
238
236
228
236
242
240
236
254
244
242
246
256
262
248
256
262
262
256
262
274
260
264
266
280
272
274
284
276
280
272
284
286
278
284
288
294
282
288
296
296
292
294
300
292
292
294
296
298
300
310
302
296
294
298
312
294
302
304
300
296
296
310
312
306
304
306
316
308
310
322
314
310
304
308
314
310
310
312
312
318
310
320
308
312
314
304
316
316
308
310
304
310
308
314
316
312
306
302
314
304
302
296
294
308
300
300
308
308
318
308
312
318
312
316
322
312
316
310
312
312
310
312
310
302
318
316
320
316
310
310
310
312
316
314
312
314
316
308
304
308
308
302
310
308
300
302
302
302
302
292
298
296
302
302
292
300
292
298
302
292
290
230
238
236
236
234
240
250
246
248
248
256
250
252
258
260
260
256
268
266
264
266
270
276
268
280
276
280
272
278
284
278
280
282
292
284
288
296
292
292
292
300
296
290
294
298
304
294
304
314
302
296
296
306
296
296
308
308
304
294
302
310
302
300
302
318
308
304
320
312
312
310
308
312
304
308
314
318
316
306
312
316
316
310
312
320
318
314
312
304
320
298
308
328
316
316
306
318
312
306
298
298
314
302
298
298
294
304
312
310
314
300
310
314
312
316
314
316
322
304
308
308
306
318
308
306
318
312
314
314
310
310
304
322
316
312
318
318
302
304
308
316
312
304
306
304
308
310
298
298
300
302
304
294
304
298
298
300
294
290
300
288
240
240
236
230
248
238
240
244
252
254
244
256
254
258
252
262
270
264
260
268
278
262
270
278
280
272
276
290
280
278
278
286
282
282
292
292
294
284
294
302
290
292
298
304
292
300
310
302
304
296
306
302
296
298
310
326
296
304
306
298
304
302
314
314
306
306
308
316
304
308
326
310
306
312
308
320
316
308
330
328
320
308
284
252
224
194
182
178
172
180
192
220
238
254
278
304
314
304
302
322
314
306
312
308
310
302
304
304
304
308
304
304
312
308
308
310
314
306
306
302
310
308
312
316
304
314
308
318
316
310
310
308
308
318
310
306
308
302
314
312
306
306
300
308
308
302
308
296
300
310
294
304
304
300
308
296
304
300
296
302
290
238
220
238
240
236
238
244
254
242
254
258
258
252
254
266
262
260
258
272
266
264
276
280
278
270
282
284
274
278
286
290
276
284
292
290
286
284
302
294
292
296
302
298
294
300
304
304
300
304
316
300
298
304
310
308
300
314
306
304
296
296
314
304
306
310
308
308
302
314
310
308
306
310
322
306
310
320
300
270
242
186
134
98
90
86
80
74
84
84
68
66
68
72
78
100
124
144
156
166
170
176
194
224
236
248
256
270
290
308
314
314
304
308
308
298
304
302
300
306
300
308
312
304
314
308
312
306
312
316
312
310
312
312
310
308
306
314
310
310
306
296
304
306
302
310
306
308
308
300
306
298
300
308
296
304
300
300
302
296
296
306
232
238
232
238
238
252
244
244
252
256
260
252
260
260
256
258
264
270
260
268
270
280
270
276
286
276
276
280
286
282
278
284
290
286
280
298
292
292
288
292
302
292
296
302
300
294
298
312
304
300
300
306
314
300
302
306
306
296
302
324
304
304
310
314
310
302
304
316
312
314
314
326
330
314
298
224
206
142
80
60
56
66
66
56
66
68
76
80
86
80
68
44
42
46
48
46
50
58
60
74
74
78
86
82
94
114
122
128
156
176
208
232
264
302
310
308
302
302
306
302
304
306
300
302
308
302
310
306
306
312
310
308
312
310
312
308
308
312
302
302
298
300
298
302
306
310
302
308
302
298
296
304
304
304
300
306
296
298
304
300
302
232
240
238
246
250
240
248
248
256
250
252
262
260
258
258
274
262
264
270
276
268
266
284
278
278
270
284
284
274
282
286
290
280
288
302
304
286
286
304
288
292
300
302
300
292
310
308
300
300
302
312
300
304
310
308
300
298
310
306
302
304
306
314
314
316
326
312
304
288
276
258
214
180
164
150
76
40
50
60
42
44
50
48
44
40
38
34
40
52
60
82
94
50
78
68
68
62
76
104
48
70
86
46
56
68
50
58
76
80
76
88
90
102
138
168
214
262
296
312
320
304
302
308
304
306
304
306
312
306
304
306
302
316
310
308
306
298
310
308
306
304
304
310
308
304
304
300
302
308
294
298
298
302
310
300
304
308
300
304
304
298
232
238
248
238
242
250
248
246
246
258
258
260
254
264
266
260
268
272
272
262
278
280
276
272
280
286
278
280
282
288
282
282
292
290
290
284
300
296
292
294
296
298
290
302
304
298
298
298
310
300
300
304
300
302
298
316
314
302
302
308
328
314
304
292
250
218
180
154
120
90
78
66
52
52
48
42
48
50
56
60
66
68
48
62
52
54
64
52
56
84
76
82
84
46
78
84
38
130
124
22
114
120
36
66
78
40
66
72
52
58
50
58
72
78
76
76
92
114
162
226
280
310
310
302
302
308
306
310
310
310
308
308
304
304
304
310
310
306
312
298
308
308
306
306
304
302
308
302
310
298
300
302
302
304
312
302
306
298
296
308
298
244
240
234
248
248
250
240
248
254
256
254
258
266
258
262
262
274
264
264
272
276
274
270
290
280
278
282
286
282
280
288
292
284
282
296
304
288
290
292
302
290
294
306
294
296
288
320
312
290
300
300
304
296
300
310
310
310
312
312
286
244
184
138
110
92
68
50
50
70
64
54
64
68
72
82
62
70
94
38
60
106
52
64
106
38
58
122
46
70
116
30
106
108
28
108
84
52
150
122
70
92
96
90
74
66
102
62
50
114
112
32
44
98
66
40
54
74
80
74
76
96
146
212
280
318
318
302
298
308
308
302
302
290
306
310
302
312
304
312
314
300
304
300
302
312
302
306
302
300
306
300
306
306
302
306
304
300
306
296
296
302
240
244
244
254
244
244
254
250
256
252
264
254
256
262
268
268
258
272
272
268
260
278
278
270
276
282
290
274
280
292
288
286
284
306
290
292
292
296
296
286
298
294
296
288
296
308
296
298
296
306
298
298
316
314
316
302
290
240
134
84
72
62
60
46
62
66
60
58
82
72
54
76
98
52
112
68
80
104
48
66
104
72
100
94
68
78
98
72
86
84
64
92
90
84
64
72
104
64
82
130
58
64
144
60
66
170
80
30
132
134
40
62
102
72
28
50
80
52
42
60
72
76
76
96
158
246
306
306
298
296
292
298
300
308
306
302
310
310
304
308
310
308
304
300
302
304
304
300
302
308
308
304
306
302
304
308
296
300
298
274
304
248
250
244
240
252
250
252
250
258
262
258
258
264
270
260
266
270
274
268
268
288
272
266
272
286
270
272
284
286
286
278
292
296
288
286
296
300
284
296
296
298
288
288
310
292
294
296
308
304
296
316
326
314
266
224
156
106
78
66
60
52
56
56
46
78
58
46
90
54
38
84
58
64
78
48
94
66
70
88
50
84
96
36
74
102
34
56
98
34
62
106
32
78
118
38
114
136
36
110
164
54
68
190
94
50
162
110
68
102
126
104
100
54
68
86
52
62
48
38
34
50
50
54
70
74
84
158
278
304
294
290
296
308
308
302
308
304
310
298
306
308
306
308
300
300
308
304
308
302
302
302
300
304
308
304
302
304
302
304
302
288
250
240
246
250
250
248
248
266
252
254
256
272
260
260
270
268
266
260
280
274
274
274
282
282
270
282
284
282
274
284
294
288
290
290
302
286
290
300
294
296
284
300
294
294
296
298
306
294
314
318
264
202
158
106
60
56
54
62
58
34
68
88
32
62
94
46
50
100
48
72
108
38
108
86
56
114
40
100
102
36
136
116
36
112
112
44
122
108
30
118
118
38
126
132
50
146
146
50
100
160
68
76
134
94
110
82
92
144
76
52
128
130
40
58
124
68
36
56
86
48
44
34
38
44
58
60
76
106
210
294
310
296
302
296
300
306
300
302
306
302
308
302
298
304
300
308
306
300
308
304
304
300
300
300
304
302
310
310
306
306
294
242
256
250
248
244
260
254
252
254
260
264
254
266
266
270
262
270
282
270
270
276
292
270
274
284
288
278
274
294
286
280
286
296
292
284
296
290
296
282
296
300
288
292
292
306
304
310
296
234
176
94
68
54
38
52
66
40
82
60
48
74
78
68
80
78
50
76
80
68
104
102
74
122
92
104
124
70
140
108
76
122
104
88
104
94
100
116
90
80
106
92
82
104
90
78
86
82
90
80
58
84
92
44
96
122
48
70
170
90
16
96
152
60
42
114
84
26
72
98
54
28
52
70
44
44
34
46
76
70
126
256
310
302
302
294
298
302
296
310
298
300
306
302
304
302
300
302
298
302
304
294
302
302
302
310
302
306
306
302
302
300
244
252
244
252
258
246
252
254
266
256
262
268
266
260
262
272
266
272
270
282
280
272
284
288
288
270
288
284
276
278
282
294
278
288
292
298
288
288
306
284
290
292
310
294
300
282
196
120
88
64
50
46
60
56
52
62
72
46
68
80
32
84
98
48
48
84
54
58
116
70
68
122
66
92
102
106
130
80
84
106
56
76
118
52
54
130
68
64
106
54
62
104
48
58
98
38
54
108
58
40
120
90
26
136
146
52
50
140
120
70
106
138
72
56
78
74
56
64
88
52
36
56
68
46
30
42
40
44
68
70
86
202
294
294
296
296
302
296
302
300
298
310
306
298
304
300
308
308
298
310
302
304
308
304
300
306
302
306
298
294
308
238
246
262
250
252
254
266
270
266
276
274
276
264
280
284
278
270
276
294
278
288
288
292
280
280
294
278
282
282
298
290
282
290
286
288
278
292
290
290
282
294
310
298
300
256
104
56
62
56
40
54
68
48
94
48
74
90
38
126
88
44
120
110
36
96
132
58
74
160
70
108
152
68
120
84
78
136
46
114
126
60
154
134
50
110
148
56
104
118
42
112
136
48
104
124
44
116
146
54
84
166
88
62
128
142
68
118
108
106
138
106
72
88
120
62
68
118
74
58
62
96
54
60
42
24
62
66
40
38
54
70
72
148
262
296
296
298
302
302
302
304
300
302
296
306
306
300
302
302
304
318
300
292
302
308
304
302
300
308
306
300
250
258
266
260
244
242
220
190
168
166
158
168
140
128
128
124
134
132
120
120
134
138
124
108
100
114
120
162
188
206
212
232
270
272
288
300
294
290
284
296
266
226
194
150
84
58
74
46
76
40
78
82
52
104
62
104
84
72
130
98
88
130
108
92
122
128
76
116
140
94
158
166
108
194
120
146
174
96
202
148
124
218
164
92
170
154
92
158
142
94
146
130
90
126
138
92
128
144
98
100
120
82
102
94
106
96
104
52
80
126
94
26
106
148
54
56
134
76
30
82
114
60
44
62
92
64
60
40
30
36
46
66
64
84
186
296
298
296
300
296
302
300
306
306
300
304
296
304
308
300
306
302
302
310
302
296
304
300
302
306
292
254
230
170
134
90
72
56
54
54
48
44
40
46
56
54
46
52
56
54
48
40
32
38
40
38
32
32
24
24
36
44
50
80
134
136
148
154
166
158
122
94
74
52
70
60
58
74
52
74
56
80
86
84
70
94
72
84
122
72
122
134
86
102
126
108
102
128
128
86
160
142
128
168
146
154
166
156
176
134
136
176
118
132
134
106
120
138
110
116
152
120
84
116
92
102
122
106
88
112
106
58
98
126
72
42
130
118
50
84
144
86
40
94
138
76
76
108
74
56
92
110
52
36
92
128
94
44
44
40
32
44
50
60
80
76
158
268
304
292
288
300
304
298
306
302
300
304
298
304
304
308
308
304
308
302
304
308
306
302
306
304
248
96
34
42
60
64
70
70
68
70
62
56
56
66
66
64
66
60
70
72
68
58
60
62
62
62
64
50
46
46
38
38
26
30
24
32
34
36
48
38
46
56
54
46
72
66
58
82
52
106
66
76
118
68
142
88
142
170
74
186
142
60
158
168
106
80
206
150
92
228
128
138
232
106
204
152
130
234
94
174
246
92
150
218
98
110
176
88
108
188
116
100
180
90
80
174
112
66
160
128
42
128
160
82
58
150
128
78
112
138
98
98
96
104
112
114
90
108
130
90
100
62
64
66
96
78
46
56
52
42
42
42
42
50
76
74
96
222
304
304
292
306
298
294
308
296
302
300
302
308
304
302
302
304
302
308
300
310
312
304
312
250
110
46
54
54
54
54
58
54
60
62
62
58
52
54
48
44
46
48
52
56
54
56
58
56
58
62
54
54
60
54
64
62
54
60
50
58
62
46
90
52
60
98
42
114
86
82
130
58
144
104
100
172
94
170
136
164
182
126
178
152
134
204
224
132
128
212
178
136
202
138
166
226
152
242
174
142
208
140
212
246
164
218
216
140
180
210
118
158
216
116
148
226
110
122
206
126
100
208
140
80
114
186
92
118
130
114
120
130
96
104
116
74
66
140
104
46
148
158
62
70
126
102
48
60
40
38
42
44
40
40
36
42
42
40
62
80
84
170
290
292
288
296
294
302
292
294
306
302
302
304
304
300
298
302
304
302
302
302
302
306
256
170
48
32
40
44
48
46
50
54
56
54
52
50
50
48
52
56
46
48
54
50
54
58
54
58
84
76
76
76
82
90
124
92
148
92
112
114
68
138
88
82
124
84
126
114
110
146
116
134
118
130
140
156
126
172
162
142
210
110
168
174
120
236
192
210
142
164
200
136
182
168
162
202
158
162
154
128
232
190
168
242
200
168
204
184
160
180
170
162
168
172
170
136
148
164
134
130
166
132
130
132
102
120
140
72
78
154
146
54
112
158
90
86
180
142
58
132
154
66
54
120
100
40
34
40
52
48
44
44
40
36
36
38
42
42
50
86
80
126
270
294
290
290
292
298
290
300
302
304
296
304
298
294
296
302
306
302
304
304
298
256
264
176
68
46
54
54
58
52
52
60
56
52
52
50
50
54
50
56
52
54
56
58
60
54
70
108
100
88
110
116
108
150
158
156
178
134
124
132
88
100
140
98
122
120
92
158
94
172
142
118
202
102
242
136
214
190
150
270
114
228
218
122
200
182
266
152
198
252
96
240
174
144
260
120
218
172
164
306
162
188
306
142
148
268
150
110
228
158
138
240
164
92
186
180
88
146
174
92
84
110
124
38
144
176
78
70
194
166
74
136
170
122
114
142
140
122
118
118
128
148
78
68
40
68
88
72
58
52
48
48
50
44
36
38
42
40
44
68
70
104
234
290
294
286
292
290
292
306
292
294
300
298
290
300
304
306
306
300
306
304
254
250
278
238
120
42
46
58
56
54
56
54
52
54
50
48
50
50
52
54
54
58
56
54
52
68
86
130
106
134
110
142
128
216
146
178
172
128
160
100
96
176
134
140
168
108
222
124
198
212
150
230
146
254
200
228
232
200
224
186
242
224
192
232
122
250
208
208
228
196
246
212
216
258
164
266
216
194
314
194
244
328
178
198
300
160
158
270
184
170
290
164
108
280
216
76
192
232
108
94
118
66
62
160
200
102
130
170
162
138
160
114
120
160
98
134
194
130
74
178
160
66
52
58
92
76
56
60
60
56
50
46
44
46
38
42
44
42
40
62
88
96
206
300
286
288
298
294
298
294
296
296
288
296
298
304
298
304
306
308
312
252
260
254
270
226
154
82
50
50
58
58
56
56
58
54
50
48
50
48
42
42
42
48
52
54
70
104
148
98
154
108
162
132
204
196
174
176
152
156
160
154
156
178
182
180
226
200
206
218
220
244
180
236
176
254
232
228
280
166
272
184
242
274
196
214
186
252
212
206
290
186
278
262
200
266
250
242
252
274
284
278
274
268
270
256
244
250
274
234
246
286
182
154
280
252
144
214
250
132
172
136
100
176
188
144
148
210
122
118
184
172
62
126
188
74
118
214
154
130
192
130
84
70
60
62
54
52
62
58
58
52
50
42
42
40
40
48
52
54
40
50
84
82
178
292
280
292
292
288
294
292
288
284
294
294
298
306
310
304
300
312
252
256
254
268
274
278
264
184
100
54
42
50
60
60
54
52
46
44
42
44
46
48
50
50
54
60
96
138
154
152
142
154
168
186
204
206
150
200
148
218
158
186
152
234
132
282
172
236
228
170
278
144
298
170
282
222
230
266
164
326
154
270
242
168
306
158
290
184
238
292
160
338
198
214
304
174
298
248
208
342
246
202
318
260
180
306
264
206
268
282
204
208
240
200
220
228
210
178
190
238
146
104
260
196
72
172
256
152
76
270
316
142
242
398
212
196
300
206
224
166
108
74
74
58
58
56
54
60
64
64
52
60
52
46
38
40
56
62
54
46
40
42
68
88
194
296
280
292
282
292
296
290
294
298
302
298
306
302
304
310
306
252
258
268
258
264
264
272
274
264
206
112
66
56
58
52
42
42
50
46
50
48
52
54
48
40
48
86
128
158
130
134
150
140
194
164
184
168
228
150
210
148
216
166
258
176
276
220
254
260
204
264
224
290
230
292
266
270
292
248
320
244
314
252
232
316
198
302
238
290
284
224
332
202
284
308
180
342
218
200
374
198
184
366
222
142
348
240
94
290
314
136
224
318
146
138
296
236
84
248
320
204
108
254
270
144
192
334
306
244
362
410
336
424
472
328
376
320
374
280
130
112
74
78
70
68
70
68
60
60
54
56
58
54
54
52
44
38
46
50
46
42
40
36
58
90
206
296
288
284
286
296
298
304
302
298
294
300
302
300
306
298
260
256
260
264
268
264
258
266
272
280
272
246
136
34
42
40
40
44
44
46
44
48
44
46
54
54
80
120
130
138
126
166
134
216
154
236
234
188
182
186
200
206
246
212
266
200
266
230
252
256
220
284
208
292
214
296
246
276
280
218
320
248
296
282
260
266
246
320
256
280
310
274
292
304
296
272
332
276
278
344
252
270
358
278
242
342
300
182
318
352
212
260
342
180
180
338
296
146
282
368
282
244
282
298
270
270
294
320
360
302
310
384
408
336
374
390
248
356
252
132
80
92
108
102
98
84
80
70
70
66
76
56
50
52
52
52
62
50
48
42
40
44
46
42
70
96
204
290
282
284
292
294
296
298
300
302
302
302
300
304
316
292
254
262
270
262
266
268
264
270
274
270
232
128
52
60
54
48
40
40
40
40
40
38
40
46
50
62
72
134
144
148
130
176
174
182
274
192
126
228
158
236
174
242
174
276
160
290
186
248
254
226
294
196
312
180
326
202
292
254
232
316
182
358
254
260
294
252
350
190
326
284
222
346
224
292
312
252
328
292
266
308
314
288
322
320
294
318
302
304
346
300
284
332
270
304
294
288
286
276
318
308
356
232
280
350
350
278
352
366
222
296
414
276
218
438
390
162
120
180
132
100
110
110
134
112
100
98
92
90
86
82
74
58
58
60
60
94
58
48
54
52
52
52
52
50
82
96
230
288
292
288
294
292
296
298
302
300
302
310
304
308
362
246
264
260
274
266
266
268
288
244
114
56
52
70
62
54
50
56
58
52
48
52
50
56
54
52
66
74
138
148
150
114
164
166
124
242
186
152
244
168
234
182
250
188
256
206
268
214
244
264
242
274
236
266
226
300
212
278
262
264
290
216
344
244
302
274
252
336
204
324
260
230
350
202
332
314
188
362
292
166
340
330
166
318
354
196
292
356
240
262
340
248
230
310
320
202
260
342
278
178
348
378
196
264
406
334
258
388
398
268
398
502
334
210
482
472
288
96
190
130
106
192
186
128
120
106
118
124
102
94
94
86
74
66
72
80
86
54
50
62
58
56
52
60
58
52
64
134
280
290
292
290
290
292
298
298
300
298
302
302
300
418
240
270
266
262
268
272
280
230
86
58
60
62
58
54
56
52
52
54
56
58
56
52
52
52
56
64
78
120
164
162
136
160
168
194
202
208
250
196
214
208
236
218
256
210
266
204
266
222
278
250
234
266
214
326
208
296
228
296
270
252
300
252
314
266
274
308
280
302
308
280
272
312
246
320
340
242
344
312
186
326
354
192
308
368
190
282
394
224
194
366
256
108
344
378
154
238
382
282
112
342
394
202
180
404
338
194
340
416
330
380
488
402
372
490
504
336
146
226
124
108
286
314
140
150
144
126
112
86
102
112
98
80
66
76
84
84
60
60
62
66
32
28
56
72
60
44
56
218
298
298
286
288
290
294
290
304
294
298
310
302
472
264
262
266
268
276
270
214
84
56
58
62
66
60
64
64
58
52
50
60
54
54
50
52
56
52
54
94
124
144
170
140
182
148
242
224
188
294
244
264
272
308
256
294
270
290
266
290
286
286
278
270
304
248
358
226
352
226
348
242
262
328
192
372
222
310
300
212
372
222
278
334
232
318
290
300
318
284
294
304
304
328
292
310
338
278
276
364
280
254
362
338
188
324
410
242
228
390
364
184
274
402
272
224
388
348
284
364
410
334
392
390
398
462
428
488
302
140
222
132
118
152
154
202
220
154
130
112
104
118
116
112
78
80
82
104
102
70
62
68
106
42
26
52
90
70
54
76
100
160
236
300
288
290
292
296
296
298
294
304
306
498
286
260
274
268
270
250
84
52
58
54
58
64
68
70
72
62
56
56
58
54
54
54
54
52
52
50
86
148
188
170
172
200
198
218
250
280
298
314
308
280
278
288
298
306
298
316
304
292
302
306
298
316
298
318
300
322
270
322
298
270
316
218
352
244
290
328
208
372
236
252
366
200
330
298
218
372
268
220
380
290
208
364
306
218
356
336
274
308
356
316
326
306
320
342
296
320
336
328
268
298
320
304
332
276
298
328
360
284
376
428
280
360
466
388
262
160
170
222
158
138
166
148
160
188
152
148
118
118
136
130
118
82
106
90
106
106
82
64
44
98
78
62
60
84
78
46
62
58
74
92
198
296
302
290
290
288
298
304
296
306
502
330
260
266
270
280
236
70
46
54
60
68
70
68
68
72
60
64
54
50
46
44
48
50
52
60
76
86
122
166
200
208
210
226
186
142
224
284
304
310
248
180
170
180
222
202
228
318
328
340
300
330
274
370
248
344
264
332
266
290
306
274
338
276
306
298
310
304
310
326
296
334
274
324
336
206
374
346
244
400
334
216
390
354
180
370
400
186
308
432
258
222
372
352
194
276
382
288
188
348
360
180
272
388
188
150
284
330
190
402
442
220
354
482
380
174
118
198
338
248
160
208
196
174
178
150
164
124
136
154
166
120
98
132
112
116
106
90
78
62
40
32
54
56
66
64
50
48
46
94
100
76
144
286
296
290
292
292
300
294
300
504
386
244
274
284
290
262
102
46
56
60
62
62
68
62
62
56
50
46
44
44
48
56
60
66
76
84
84
88
76
92
138
174
204
246
260
282
302
308
314
292
184
182
138
132
114
114
160
238
290
306
308
308
336
306
340
300
342
290
254
326
236
386
238
312
304
234
368
236
310
320
238
366
280
274
308
298
352
364
338
338
322
334
372
332
342
396
298
330
432
306
240
398
426
226
272
426
368
180
370
434
218
230
432
318
154
166
268
252
352
434
314
358
466
408
254
196
242
404
328
150
210
232
188
174
178
148
140
180
180
192
118
128
146
120
130
114
104
96
80
60
48
36
38
46
52
42
40
42
44
60
86
68
172
280
284
288
296
300
298
296
508
450
262
264
176
198
264
114
48
60
70
76
68
62
68
60
54
56
56
56
58
64
68
80
82
76
70
70
80
110
170
220
260
296
300
306
308
316
306
326
302
150
128
126
154
156
122
122
110
122
186
264
312
282
358
322
380
340
324
334
320
296
354
322
298
350
254
372
284
284
360
220
366
304
194
404
284
256
426
288
260
416
314
280
402
330
300
392
374
352
368
388
340
402
352
380
348
378
358
356
398
324
320
360
390
272
206
158
250
336
376
434
442
410
392
234
220
236
376
354
178
206
272
272
194
200
196
180
220
184
174
126
170
158
116
134
128
108
104
86
82
68
50
48
40
40
36
40
44
46
46
54
54
68
248
302
292
292
298
294
296
508
490
282
260
118
42
64
60
62
72
76
64
58
56
62
62
62
64
66
70
70
68
70
76
88
116
144
196
246
282
304
306
294
298
304
314
312
312
306
336
286
164
156
140
192
288
230
114
110
110
104
136
204
292
304
316
356
330
292
384
280
386
288
334
348
286
364
306
344
326
302
316
318
328
294
360
362
294
398
344
278
426
360
262
422
376
236
396
424
278
340
428
356
260
366
418
306
302
430
390
276
368
430
310
294
396
352
214
206
264
284
436
466
344
312
218
222
248
362
348
216
200
298
300
240
206
204
202
218
190
180
166
186
182
144
146
146
122
96
70
74
58
58
56
38
44
40
46
48
48
56
50
42
56
138
286
296
302
296
294
308
506
500
326
264
272
190
104
72
60
54
50
48
52
58
60
56
50
60
64
86
108
140
178
212
240
276
288
300
300
302
296
298
306
308
310
306
320
330
306
248
208
178
166
172
182
214
152
118
100
118
104
106
124
168
256
318
352
346
336
370
344
376
364
360
394
294
402
330
316
394
270
372
334
278
392
292
290
398
314
334
386
350
360
348
368
382
336
358
418
334
334
422
414
282
382
458
354
298
456
450
332
412
496
380
316
448
440
346
314
194
216
368
426
352
214
190
178
212
312
316
252
228
314
328
288
246
220
220
258
228
216
172
152
206
168
162
176
140
106
96
84
72
58
58
50
44
40
40
56
82
72
50
48
48
48
258
292
290
296
294
306
506
504
376
252
282
294
274
230
194
160
136
124
114
108
120
138
158
172
198
246
274
288
290
302
298
292
292
298
302
294
308
310
312
308
314
314
316
276
220
178
192
164
156
146
144
118
104
86
84
108
116
138
170
182
190
236
302
352
370
356
372
378
394
404
386
418
386
404
382
356
368
364
354
294
364
346
302
398
346
294
422
366
306
432
374
302
398
394
336
364
394
356
378
396
386
386
434
450
418
440
496
436
432
466
484
404
448
436
348
264
244
292
328
336
218
208
236
218
280
314
260
224
300
328
296
278
280
258
274
264
238
160
150
206
166
132
168
160
132
132
104
92
82
70
68
52
50
68
90
108
84
66
52
36
146
300
292
290
294
290
290
506
506
430
260
280
272
284
292
294
290
292
286
278
282
282
288
290
302
298
294
288
292
298
292
298
300
306
298
302
310
306
310
308
318
312
316
314
292
238
176
136
112
96
74
86
82
82
104
132
160
190
202
200
216
238
256
300
314
312
316
324
334
348
368
382
394
388
386
392
370
334
294
246
172
166
234
304
302
368
412
386
410
414
418
424
356
400
432
348
312
418
386
292
374
416
336
366
446
368
386
472
412
348
444
464
388
430
426
330
282
276
260
248
218
152
172
228
210
228
286
278
240
312
342
332
278
280
312
292
256
234
176
174
216
202
142
122
138
138
148
118
104
90
86
92
94
102
122
144
154
110
90
62
94
276
302
292
292
294
302
294
506
504
478
276
270
282
280
282
282
290
282
284
290
292
288
282
290
288
292
292
300
294
294
300
306
302
296
310
308
310
306
316
314
312
310
318
328
272
250
268
196
138
134
128
130
162
200
220
210
236
276
280
280
306
326
324
322
314
320
328
324
326
328
330
326
336
342
342
344
348
340
310
276
218
162
116
130
138
180
238
242
282
348
350
370
436
444
384
380
392
400
386
398
408
408
410
398
422
416
402
422
440
420
438
444
442
482
450
298
204
196
190
166
78
76
122
164
126
142
250
340
298
276
338
370
358
300
282
274
222
226
220
240
248
244
240
174
162
170
184
166
148
130
128
132
138
160
182
196
170
102
72
78
218
308
294
294
296
292
296
302
506
506
498
318
266
274
278
284
284
282
284
288
288
282
294
292
288
292
296
300
292
298
304
306
296
304
308
306
304
308
314
306
314
312
320
312
318
326
330
328
328
326
316
306
306
310
318
322
324
320
320
312
320
312
312
316
322
332
328
326
328
326
328
330
336
338
340
334
336
344
342
342
348
330
292
246
190
148
112
96
96
94
102
118
152
200
322
374
370
412
414
392
450
454
406
422
462
426
432
480
440
436
496
460
450
486
456
468
316
164
148
156
150
106
66
74
88
80
96
254
398
368
270
286
372
392
362
332
306
290
252
282
320
324
290
300
278
260
244
228
222
208
188
176
170
174
264
268
182
146
90
70
180
304
296
292
294
298
302
298
304
508
504
502
366
258
278
286
276
282
284
286
282
286
292
286
292
292
298
292
296
298
300
298
298
306
302
306
304
312
306
306
310
316
316
310
318
318
322
314
330
328
320
320
326
330
324
326
326
324
314
318
320
314
318
318
326
324
322
328
330
334
328
330
340
340
334
336
346
336
336
336
344
348
352
354
364
338
304
268
226
210
176
156
154
150
156
192
264
318
360
390
406
416
424
432
422
418
428
446
436
442
462
440
456
448
460
462
470
348
184
168
144
160
132
90
70
72
60
98
340
416
410
368
322
352
390
392
384
374
362
344
358
374
376
370
372
360
358
334
304
288
252
224
214
208
268
338
270
206
172
118
146
292
304
298
294
296
296
302
298
298
508
506
504
412
262
282
278
286
284
284
280
288
288
286
290
298
292
290
296
296
304
296
302
304
302
302
306
310
300
310
308
316
304
314
320
318
316
314
318
318
324
328
324
316
316
324
324
330
322
324
320
320
332
334
330
330
328
328
334
332
334
338
338
338
330
334
344
338
340
340
344
340
342
344
346
336
338
350
362
352
348
330
316
310
312
328
318
296
298
324
346
348
358
352
360
372
358
356
356
358
362
380
372
370
378
372
406
404
374
250
146
126
128
118
114
102
90
64
112
350
384
386
402
402
368
358
374
380
386
384
382
378
380
392
386
372
366
336
326
328
308
238
240
272
260
294
362
312
204
158
134
258
318
296
298
310
300
296
296
302
298
510
506
506
460
268
280
286
280
284
286
288
282
286
288
294
290
294
296
298
296
298
302
296
300
304
316
306
306
306
312
314
308
318
316
318
314
324
318
316
318
324
322
312
316
316
324
322
328
326
322
318
326
336
334
330
334
342
336
338
336
332
332
334
336
344
338
336
338
342
336
336
344
356
346
342
344
356
348
338
346
360
356
350
352
358
354
352
350
352
350
342
340
338
344
340
342
344
346
344
336
340
342
350
338
334
336
328
344
340
236
170
124
118
108
110
96
82
64
170
346
338
336
342
354
366
348
340
334
330
342
352
354
352
348
350
358
344
328
320
326
324
302
302
330
330
302
290
264
236
216
154
220
312
300
296
304
314
306
296
302
302
510
506
508
498
308
272
282
280
286
284
284
286
294
288
284
292
294
296
292
298
298
298
300
302
304
304
312
312
312
302
320
316
312
312
318
320
310
318
318
318
314
318
322
316
322
320
332
326
324
326
328
326
324
326
332
336
338
342
338
336
338
334
342
342
340
342
348
342
338
348
346
344
340
344
358
354
348
344
348
358
348
344
356
348
350
340
354
356
340
346
346
352
344
344
348
344
346
344
348
348
344
348
342
352
342
344
344
338
360
264
172
138
118
112
116
94
82
76
226
350
338
338
338
334
336
332
338
336
326
332
330
326
328
324
324
326
320
332
330
322
336
330
332
326
314
314
308
316
334
290
218
194
304
306
294
296
304
304
300
298
314
508
506
506
502
348
260
286
286
278
282
288
290
284
292
290
292
292
296
294
294
296
298
306
298
300
306
308
302
306
312
310
316
310
322
310
314
322
314
310
310
324
320
324
314
320
324
328
326
326
330
326
326
328
334
330
336
336
334
340
338
344
344
340
340
344
348
344
344
344
352
346
344
350
348
342
348
356
358
350
352
350
350
350
342
348
362
350
344
348
348
348
342
350
348
360
348
346
354
346
350
344
350
348
348
346
338
350
340
352
338
254
150
118
128
106
92
78
82
274
354
344
338
338
336
338
338
340
338
334
334
332
330
332
326
326
332
330
332
326
328
328
332
322
318
326
322
322
314
310
316
310
302
308
308
310
316
308
306
312
306
306
506
508
506
504
398
264
274
284
286
288
280
282
294
294
298
288
298
294
296
298
302
292
294
312
310
310
298
306
308
314
312
318
310
310
322
326
318
308
302
318
322
326
314
318
316
328
328
324
316
322
332
344
330
326
336
332
336
336
330
324
336
344
344
340
334
336
354
354
348
338
342
348
356
352
344
348
354
346
366
364
340
340
352
368
352
348
338
346
352
344
344
344
348
356
346
354
344
350
346
356
362
344
340
346
358
352
340
344
352
360
242
168
134
136
108
92
76
142
332
346
340
338
336
340
336
338
336
336
338
336
340
322
324
332
336
336
326
322
332
336
330
324
326
324
326
322
316
320
320
320
314
314
318
312
310
314
302
304
316
316
308
