270
260
262
272
254
264
266
254
268
264
262
272
266
272
278
264
274
276
270
286
284
278
284
290
290
288
288
286
286
298
288
288
296
282
290
288
288
298
288
286
294
282
298
298
290
300
296
294
298
302
302
312
308
306
310
300
312
314
308
314
316
316
308
308
308
302
306
308
308
312
302
302
304
310
306
308
302
300
308
310
296
304
312
308
312
312
308
316
310
320
322
310
322
320
302
320
316
308
326
306
310
318
306
300
312
304
304
304
300
296
310
294
292
304
292
290
306
298
290
302
290
288
296
286
282
292
286
286
298
284
280
292
282
280
294
282
274
282
274
270
274
264
268
274
264
264
272
270
260
262
258
258
264
258
250
256
256
254
256
256
250
252
268
256
258
272
258
266
274
266
276
274
270
274
272
274
276
270
274
274
276
276
272
278
278
284
290
276
286
282
278
296
282
286
298
284
296
298
290
298
296
298
306
300
304
306
298
308
306
306
308
302
306
302
298
302
304
308
308
306
310
310
304
300
304
310
310
302
310
312
310
312
312
308
316
310
308
318
318
312
322
310
308
316
312
314
324
304
308
318
302
314
326
304
312
314
298
308
316
298
308
304
298
300
304
296
302
302
294
306
300
294
292
294
292
290
292
288
290
288
292
282
284
280
284
290
284
286
284
280
282
286
274
278
282
278
258
266
264
266
266
264
260
266
262
262
264
258
260
256
250
252
262
260
256
258
252
248
246
242
246
248
260
256
266
260
264
274
264
270
270
268
276
268
272
276
270
278
266
270
276
268
282
274
272
286
276
282
296
280
290
292
284
298
290
292
300
290
296
296
290
300
294
304
302
300
304
298
302
304
298
306
302
296
304
306
304
316
306
306
316
302
314
304
296
308
306
308
316
314
310
308
312
310
324
316
306
306
308
316
318
308
310
310
304
318
310
308
314
308
308
320
304
308
308
306
310
306
302
310
306
298
304
306
302
300
304
298
300
304
296
296
296
292
294
294
294
290
284
290
288
290
284
276
288
286
286
286
280
286
284
278
276
282
282
276
276
266
270
276
270
266
264
260
264
266
260
260
258
258
258
254
254
264
252
260
260
250
246
244
244
238
250
262
268
258
268
266
272
270
266
274
266
268
272
262
282
274
262
276
264
274
284
272
284
282
272
292
284
284
290
286
292
292
288
294
290
296
290
290
296
290
298
300
288
298
300
294
302
302
304
312
300
314
310
300
314
310
304
310
310
310
312
302
306
304
308
314
312
306
316
310
302
316
314
316
316
308
304
316
314
318
320
302
318
322
312
322
318
318
334
330
322
338
326
322
326
320
310
308
304
304
298
296
306
300
292
306
300
298
304
292
294
292
288
290
294
286
292
292
284
288
292
288
286
292
284
286
290
278
282
288
274
276
280
272
274
278
260
272
274
266
266
262
254
264
266
256
256
258
258
258
264
256
260
258
254
246
258
250
242
244
242
246
258
266
258
266
266
262
274
268
262
276
262
264
276
264
274
272
266
282
276
276
284
274
284
284
280
286
278
284
280
286
292
288
294
294
286
300
288
292
304
290
298
302
290
308
302
294
316
306
306
314
306
308
316
300
310
304
296
306
306
306
304
306
312
314
310
310
306
308
320
314
310
306
302
308
320
308
312
314
312
312
320
324
328
316
294
280
250
232
214
196
206
208
212
240
252
254
286
292
292
306
304
298
308
302
300
316
304
302
310
302
282
296
290
284
292
288
276
294
288
282
286
282
276
284
284
270
284
280
276
282
278
272
274
274
272
250
266
258
266
258
258
262
258
260
254
260
256
260
264
252
254
262
250
252
252
244
248
252
240
242
244
268
278
284
266
268
274
260
274
270
260
276
266
270
276
262
276
280
272
280
274
282
276
278
282
278
284
284
276
288
284
288
296
282
296
296
282
306
290
292
304
292
296
308
294
308
310
302
302
300
304
312
308
308
306
300
300
308
302
298
304
310
306
306
310
312
306
312
304
310
314
310
312
316
302
308
324
314
318
326
316
284
240
190
152
108
78
60
52
46
54
48
54
66
60
72
114
122
116
136
168
164
154
202
180
164
208
194
208
232
238
276
290
292
302
296
294
296
284
278
290
282
276
286
274
278
280
278
274
280
278
272
280
264
266
278
262
272
270
262
264
266
258
254
254
258
258
260
260
258
254
258
256
254
246
250
250
244
254
250
242
252
226
216
214
242
268
266
274
264
274
270
264
274
274
266
266
268
280
270
274
278
268
282
276
278
286
274
282
276
278
298
290
284
302
286
294
302
288
300
300
294
308
298
298
308
304
308
306
288
300
304
308
310
300
302
298
304
310
298
290
294
304
318
314
306
316
308
308
316
316
314
320
312
308
318
316
320
312
272
228
152
88
68
64
68
64
64
58
72
84
68
118
116
110
150
106
118
156
90
96
134
84
86
108
102
102
68
116
126
68
112
166
114
122
182
198
204
238
276
292
294
288
286
278
278
276
278
278
280
274
284
276
270
274
268
270
270
274
278
266
266
274
258
258
268
260
258
260
258
250
256
246
250
252
248
244
256
246
236
266
250
238
172
170
154
196
276
262
268
270
268
270
266
278
246
238
284
270
276
278
266
278
280
268
294
282
276
300
278
288
294
284
300
296
288
300
292
298
296
296
302
294
302
302
298
306
304
302
310
300
308
308
300
310
306
298
312
298
304
300
296
304
314
302
314
318
300
318
322
316
322
320
320
318
302
284
218
180
162
102
90
104
90
114
134
94
128
146
96
126
156
104
124
136
118
96
126
124
82
162
134
72
168
134
62
182
170
66
122
118
86
120
126
84
108
78
72
90
86
110
148
174
222
258
276
290
274
278
276
274
272
282
266
264
270
264
264
268
262
266
272
264
258
264
264
256
260
262
256
258
252
238
248
250
246
248
248
244
242
240
230
240
242
162
154
142
206
274
266
264
272
266
268
276
264
268
270
262
280
270
272
280
264
280
286
270
294
284
278
288
282
288
290
288
296
288
296
292
292
298
294
298
304
292
306
304
290
312
300
298
316
300
302
314
298
304
308
298
308
304
296
308
308
306
314
318
322
310
306
296
270
250
224
190
194
164
126
118
96
118
128
102
148
128
92
152
132
78
168
156
84
170
136
62
176
134
78
194
114
98
194
144
110
146
114
120
122
112
148
132
58
194
178
40
86
188
80
42
118
104
38
56
100
74
82
126
178
248
278
278
276
270
264
262
266
260
262
270
258
260
264
262
260
268
256
252
262
252
256
254
250
254
248
242
248
252
242
244
242
234
238
246
240
246
198
206
232
248
258
268
266
258
272
258
266
274
260
276
274
264
280
270
268
278
276
284
286
278
286
284
284
288
288
292
282
292
292
284
296
292
288
308
294
298
312
296
302
306
298
312
310
306
312
302
306
308
300
308
306
304
304
302
310
322
314
278
252
206
172
146
118
118
90
122
114
96
156
84
136
112
98
140
76
150
146
92
156
138
116
146
130
122
118
114
126
118
128
134
84
150
154
60
150
178
52
138
222
78
78
220
154
84
176
206
102
138
92
100
126
90
84
66
70
110
94
36
50
78
84
118
178
244
278
274
262
260
266
264
266
262
266
264
260
258
260
252
250
262
248
248
252
254
248
252
248
250
246
240
240
236
240
244
248
244
246
282
286
276
260
270
258
274
264
254
276
268
270
276
266
274
272
274
274
276
280
274
280
294
276
284
290
276
296
286
284
300
284
290
302
286
300
294
288
308
296
296
310
300
306
308
304
308
304
308
306
300
298
302
304
302
304
318
326
294
210
156
104
84
106
130
80
112
130
78
140
112
108
144
114
116
128
98
108
122
82
144
154
66
164
136
72
192
136
80
208
134
74
236
158
82
234
166
78
192
206
90
150
214
122
144
136
144
162
144
86
188
220
70
112
266
148
36
142
164
60
68
108
90
58
54
38
58
112
178
250
268
274
262
256
264
262
254
260
266
254
250
254
246
248
254
248
246
250
246
248
248
252
246
242
246
238
236
242
238
242
248
282
280
274
250
266
268
264
272
266
266
270
268
274
272
270
280
266
278
278
270
282
276
278
292
276
286
294
278
300
292
282
302
290
296
310
288
298
298
294
302
296
300
304
300
306
302
304
306
298
306
298
294
312
310
312
294
250
204
142
68
114
116
84
88
116
110
86
136
112
84
178
86
140
140
100
182
74
164
138
86
196
138
104
170
114
128
202
126
142
210
134
140
188
138
134
156
152
154
122
126
154
138
70
176
206
72
126
258
164
38
210
246
96
120
226
168
68
136
200
70
58
164
134
32
52
92
68
64
56
92
184
252
268
256
258
254
254
260
254
250
248
248
244
254
244
244
252
244
248
252
244
246
254
242
242
246
240
236
242
236
242
286
284
264
258
260
268
268
264
268
260
274
268
264
274
266
268
280
262
280
286
268
292
282
276
298
282
288
298
284
294
290
290
292
288
300
296
298
302
292
304
302
294
312
304
302
312
298
300
306
300
328
312
278
230
190
120
94
90
102
106
72
124
130
66
160
134
80
172
116
122
162
92
126
122
118
132
144
132
118
130
84
160
150
50
148
158
64
174
168
60
172
194
66
162
224
92
132
256
126
78
270
198
64
224
268
100
144
270
178
120
172
200
150
172
112
138
178
116
132
180
160
108
118
56
68
116
90
38
46
44
44
92
198
264
256
258
252
254
252
242
250
250
236
250
240
238
254
250
246
248
248
246
246
242
236
246
242
236
240
238
242
282
282
258
262
260
260
274
262
262
274
262
274
272
256
278
268
268
278
270
276
282
272
288
286
280
288
282
288
288
284
292
286
296
294
286
302
288
294
312
290
304
304
290
318
310
294
322
304
306
306
230
166
110
80
92
102
76
56
136
142
88
136
112
120
108
118
120
80
146
94
106
140
66
192
112
142
198
78
208
144
92
240
146
76
200
158
88
230
186
88
232
204
72
150
246
114
162
306
150
136
242
204
118
126
198
152
174
154
164
200
146
82
204
198
64
168
262
140
60
240
218
66
82
160
110
46
56
40
50
54
40
36
38
118
216
262
252
248
248
244
248
244
234
236
250
248
250
244
246
248
252
246
242
244
244
244
236
240
238
238
240
288
280
248
254
270
262
258
278
266
258
272
262
274
276
268
278
272
274
284
272
280
282
284
282
274
282
284
282
294
284
288
296
282
302
298
280
318
294
292
310
298
300
310
300
314
320
310
300
262
138
86
108
70
90
84
100
84
110
62
134
160
64
158
154
60
188
118
112
210
96
174
156
118
194
120
156
158
130
154
142
160
142
154
166
130
158
184
166
168
186
156
146
120
134
126
160
156
112
158
206
108
96
126
94
76
240
230
56
130
288
182
76
258
262
108
164
246
158
160
164
190
148
138
122
106
36
34
42
40
46
52
48
54
50
78
160
234
246
240
240
234
240
234
232
234
238
248
244
242
248
242
244
252
242
238
236
234
236
250
240
234
286
278
256
266
266
280
278
276
284
280
272
282
280
288
278
290
292
284
292
288
290
306
290
300
306
286
312
302
290
304
284
290
306
286
300
304
290
304
300
302
318
312
310
292
266
246
172
126
90
80
82
58
128
152
80
88
172
146
62
174
194
102
180
142
126
128
130
130
120
166
110
154
154
92
182
72
160
156
64
234
152
82
248
148
62
254
208
52
208
254
82
150
256
144
92
268
194
42
238
280
104
42
178
194
74
256
250
98
178
236
202
180
198
186
212
202
102
204
284
144
86
294
232
60
54
38
58
56
52
50
54
56
54
60
60
60
104
194
248
244
238
236
234
242
234
230
238
248
246
240
246
240
240
238
234
224
238
238
232
240
234
278
284
264
254
236
230
222
202
202
184
170
188
184
162
170
160
170
176
170
190
170
156
166
158
160
178
184
218
240
246
280
282
286
300
300
306
300
298
288
258
252
206
158
134
102
78
122
60
86
194
120
68
170
154
130
110
202
194
160
130
128
190
72
148
186
56
184
100
102
218
72
206
148
112
214
88
198
160
122
260
172
142
244
160
166
248
184
140
228
234
116
194
278
158
162
290
214
108
222
282
134
168
156
166
158
192
228
186
266
136
138
276
202
74
264
260
66
208
318
118
126
316
158
52
34
60
78
60
58
64
60
50
46
48
46
50
58
72
126
216
246
238
232
238
228
230
236
210
230
238
238
238
238
236
230
232
232
236
230
236
226
286
222
124
80
56
42
40
38
30
38
40
44
44
44
48
48
44
48
52
56
48
40
42
42
36
44
50
54
46
62
98
102
100
144
168
160
156
134
96
116
62
110
86
108
138
88
162
102
108
186
160
168
142
80
182
104
164
106
218
122
132
222
66
178
182
118
176
144
144
166
166
174
168
160
158
200
138
196
224
152
212
210
140
222
214
146
194
266
182
182
216
200
158
212
248
186
200
246
178
158
202
288
122
114
258
206
96
238
342
162
88
352
288
82
246
310
150
244
288
200
208
184
94
68
64
68
74
62
52
60
64
54
54
48
42
36
38
48
58
86
146
222
238
232
236
234
236
202
230
242
232
240
242
234
238
240
232
232
234
234
234
270
122
38
44
46
44
50
54
54
60
68
66
56
62
66
68
66
76
68
66
70
72
68
74
76
74
76
64
52
54
52
42
58
62
86
84
62
120
72
136
98
122
126
116
118
156
94
160
118
160
136
156
186
88
182
138
204
112
154
170
162
146
168
112
168
204
92
216
148
148
224
86
224
158
158
234
94
266
196
104
268
168
66
220
166
52
250
264
72
128
278
156
50
254
274
64
180
326
170
34
266
316
104
100
308
252
62
216
348
234
170
298
292
262
294
306
318
314
250
308
216
66
62
70
60
64
64
56
60
58
60
60
66
54
46
38
34
38
54
50
52
86
196
240
234
234
234
236
232
236
240
232
234
236
234
232
234
232
230
232
232
278
172
48
50
50
46
48
50
56
60
64
60
66
68
68
68
66
64
66
68
68
68
68
64
58
66
60
70
76
60
62
62
108
102
106
136
110
96
138
80
142
100
132
130
98
186
102
154
164
182
188
164
136
108
136
216
156
228
126
242
152
146
248
90
230
212
128
272
168
242
230
168
256
142
218
222
152
296
208
160
262
202
154
178
164
164
260
268
136
178
272
196
122
236
282
156
198
282
202
186
242
252
180
212
214
206
198
258
184
240
330
174
202
352
264
170
362
306
148
224
180
82
56
72
64
60
62
68
80
74
62
66
62
48
38
50
34
36
40
46
44
40
58
156
238
232
230
232
228
232
230
226
232
234
226
238
224
226
234
232
224
270
172
46
50
50
46
46
48
52
54
54
56
64
56
62
62
62
58
62
62
62
60
62
62
54
52
62
76
80
84
92
90
102
130
120
96
136
88
152
100
140
136
150
144
150
148
158
124
190
170
174
194
144
196
186
238
162
260
152
286
180
212
268
200
250
260
260
246
284
238
262
254
212
234
216
240
260
220
246
252
204
254
244
142
208
250
212
240
276
234
212
232
264
190
210
254
252
196
226
310
200
158
254
302
156
204
304
246
74
230
356
168
234
378
226
114
322
252
76
72
92
80
70
78
72
80
72
78
80
76
72
70
64
52
52
46
42
56
56
42
38
36
34
40
120
220
232
226
224
226
224
222
232
224
224
236
222
224
234
226
222
260
258
130
52
60
56
50
50
48
48
54
60
62
64
60
62
68
62
64
64
68
64
62
66
72
62
64
72
72
108
86
140
104
96
148
122
136
152
118
160
112
168
158
134
214
104
206
168
198
212
202
226
214
200
204
258
238
262
246
258
292
230
254
314
196
328
238
254
308
188
338
190
206
290
160
284
274
150
292
246
134
270
240
118
264
266
128
224
330
246
136
254
314
156
142
296
260
120
222
330
188
124
344
338
126
180
362
250
78
324
372
206
262
362
238
182
258
234
112
54
76
82
118
118
112
110
100
82
74
76
76
74
62
58
54
44
52
70
84
42
36
38
42
46
42
96
194
230
218
222
230
224
226
230
218
214
222
220
216
222
224
262
256
250
170
66
64
60
56
56
56
56
56
54
58
66
62
66
64
64
62
60
56
64
58
62
56
54
58
82
118
80
150
130
68
132
154
104
172
96
178
124
174
192
178
224
212
218
264
236
310
230
288
196
188
206
310
254
284
276
228
346
176
292
298
194
340
188
302
242
194
308
154
224
268
136
288
262
176
328
262
146
274
234
160
330
300
126
228
350
264
122
296
338
182
162
310
320
176
258
358
262
170
348
386
188
190
340
258
154
294
312
236
268
286
296
310
186
184
108
80
80
82
128
112
118
124
112
88
82
80
74
78
62
64
52
54
62
84
76
40
40
44
48
50
54
54
76
186
222
222
224
220
228
220
212
224
224
226
230
212
214
250
266
264
252
170
70
58
60
56
60
58
56
58
64
68
64
66
62
60
60
54
54
58
58
54
52
78
84
102
142
98
96
84
86
110
156
158
172
178
182
236
192
256
218
252
272
230
296
248
312
234
302
162
214
220
344
224
348
250
242
332
196
298
274
260
264
248
268
256
262
256
248
244
264
260
294
296
294
300
298
302
244
266
310
302
302
278
290
324
284
270
318
328
264
296
306
336
260
346
390
386
328
338
338
222
254
292
308
324
370
244
284
400
232
270
358
218
156
98
88
106
84
124
132
168
166
114
82
74
68
74
80
104
80
58
64
76
92
76
46
46
44
44
36
32
48
60
58
152
230
220
218
214
216
214
224
216
216
224
212
204
262
248
266
262
266
216
150
84
50
54
52
58
62
56
52
58
60
64
64
64
70
70
64
56
48
46
72
96
106
106
106
98
52
110
124
222
198
174
266
210
308
200
292
210
286
256
244
274
244
274
234
262
228
222
250
318
246
324
276
274
282
304
256
314
296
236
318
212
316
290
196
324
256
232
370
252
280
366
232
292
374
198
258
372
236
254
386
322
262
270
334
310
248
340
394
262
282
344
350
304
376
458
388
334
310
350
294
266
438
468
242
346
442
264
206
320
258
202
90
128
146
114
146
268
346
268
152
92
86
78
74
80
90
70
66
74
68
82
80
54
48
64
68
32
20
32
52
44
42
152
230
208
214
220
216
218
216
214
212
222
218
254
248
260
260
250
278
274
226
122
68
54
44
46
48
48
52
54
56
60
58
66
62
58
48
52
46
70
82
108
108
108
124
96
84
154
276
208
208
282
204
288
204
276
260
286
286
258
286
288
274
286
300
276
240
304
252
340
242
340
270
256
340
214
352
244
238
322
178
326
290
160
334
278
216
384
236
232
384
220
276
396
208
264
398
228
206
394
362
172
240
364
312
158
350
436
280
182
382
396
198
250
442
362
158
362
452
270
190
426
420
238
380
446
312
242
332
294
218
124
148
198
152
196
216
202
296
306
210
104
82
100
106
76
60
78
82
66
66
78
66
40
56
102
58
34
30
42
54
30
46
170
220
212
212
214
218
218
214
220
218
214
252
268
254
254
262
250
268
272
260
252
196
150
90
50
52
54
48
48
48
56
52
50
52
58
54
46
60
74
126
118
134
108
100
96
104
280
258
252
258
266
256
296
252
324
274
320
262
308
286
314
292
338
248
308
298
260
368
202
380
250
276
328
202
334
264
244
320
246
298
304
232
308
316
296
348
300
290
334
200
228
370
328
326
366
312
270
358
380
272
284
308
344
286
348
418
338
266
378
434
274
282
424
410
204
330
452
346
198
370
434
318
336
402
308
352
372
360
212
148
158
192
134
256
370
210
206
264
234
228
120
112
130
82
72
72
84
84
84
66
70
64
32
28
16
34
34
42
42
42
38
60
188
218
208
210
212
212
212
214
210
206
248
254
268
252
262
270
254
268
266
270
286
280
252
216
142
54
40
40
48
56
60
50
48
50
46
48
58
82
126
128
124
108
92
162
152
180
278
284
238
326
250
328
248
310
280
308
296
290
306
310
290
308
290
328
312
256
304
198
262
274
298
300
294
298
322
322
280
372
284
284
366
250
296
382
234
324
378
200
208
240
230
380
366
260
338
396
316
342
356
382
288
330
392
364
362
376
430
380
374
322
392
388
434
344
388
404
400
350
382
392
416
448
352
382
458
342
328
308
248
234
250
196
214
368
312
208
206
232
242
166
118
114
94
82
92
106
92
84
78
78
84
58
26
16
20
30
38
38
30
34
34
76
194
216
204
212
208
202
212
222
212
258
258
258
264
254
264
262
258
266
260
268
272
262
240
154
74
48
44
56
56
58
56
60
50
46
50
56
82
124
130
122
146
182
164
184
166
240
298
278
320
302
316
304
302
314
298
306
286
304
300
330
280
350
292
318
286
210
296
160
336
300
242
386
240
326
348
230
384
278
254
402
242
294
400
214
308
378
182
274
328
186
374
370
188
344
426
278
218
394
416
262
264
424
388
238
352
472
402
228
274
442
348
344
452
468
346
386
450
416
298
430
472
316
380
444
326
264
336
266
244
298
248
176
308
300
284
204
196
174
190
134
118
100
104
108
108
94
84
88
66
60
60
56
42
32
28
34
32
26
26
34
34
76
156
206
210
202
200
214
208
200
254
258
254
264
260
256
272
256
264
276
260
270
148
62
70
72
72
68
66
64
58
50
50
46
48
50
62
86
122
138
152
152
208
240
236
228
236
256
298
258
224
238
246
262
262
298
302
302
290
304
320
280
352
276
298
320
226
366
196
350
302
226
386
244
282
360
236
354
320
286
366
324
320
368
306
310
344
306
314
326
284
356
370
260
334
408
330
272
370
394
318
302
388
382
248
322
448
386
190
298
434
338
232
450
482
326
278
484
448
310
350
420
342
344
436
376
278
286
230
192
314
300
196
306
358
258
194
190
178
160
172
152
108
110
126
120
108
106
96
76
58
52
52
44
38
34
36
30
32
26
26
24
22
34
118
190
202
200
202
198
196
240
260
260
246
270
254
254
278
256
266
296
244
88
66
74
64
64
64
58
58
56
50
56
56
52
50
66
104
158
172
156
200
226
258
260
242
244
234
220
170
110
92
102
112
126
154
230
314
314
298
286
278
304
306
332
342
268
340
262
314
328
296
336
330
296
326
352
304
324
372
278
374
356
274
382
322
264
396
348
236
386
350
326
376
368
356
366
392
354
372
388
402
346
384
386
380
378
382
360
350
396
360
324
370
422
358
314
404
414
346
348
380
366
352
344
350
268
182
192
210
304
332
242
226
352
270
210
196
186
180
216
156
96
90
146
114
104
128
128
80
72
68
58
52
48
44
38
30
30
28
24
24
24
30
24
72
190
198
202
204
202
264
246
258
262
250
262
260
258
268
254
220
108
50
62
56
60
60
56
56
56
54
52
52
56
54
54
54
92
144
164
214
226
216
198
152
148
150
128
132
130
116
84
86
88
86
82
86
128
190
252
284
298
256
328
318
306
344
292
376
292
318
412
278
346
380
268
392
316
278
408
274
356
372
268
388
348
280
398
364
280
414
354
266
402
404
278
320
424
388
284
368
434
378
316
426
444
338
360
478
406
342
398
442
386
374
366
410
406
378
392
444
388
320
344
338
318
318
282
186
216
214
232
314
224
222
306
244
208
224
190
168
158
122
104
148
120
86
114
138
118
100
84
62
56
54
52
44
38
30
24
24
26
32
38
28
26
126
202
198
200
204
258
256
250
258
256
266
262
258
282
174
80
62
76
64
58
58
54
58
52
52
54
56
54
62
58
60
66
66
80
104
136
124
80
102
140
184
236
180
124
118
110
92
76
70
72
78
80
72
70
98
152
230
280
310
296
330
372
250
368
326
298
410
330
328
386
330
364
368
334
350
368
340
350
364
352
364
374
352
378
368
372
372
328
384
412
336
328
400
414
324
364
416
414
304
380
440
378
312
436
438
314
402
480
394
286
372
442
416
318
378
432
392
364
366
334
320
336
348
254
210
192
104
174
228
168
222
252
190
180
172
162
214
174
112
146
148
106
100
108
114
98
84
72
60
56
54
56
46
36
34
34
42
36
28
26
24
76
188
194
198
198
250
264
252
254
262
244
262
280
192
82
82
82
78
70
60
58
50
56
58
58
58
52
66
60
54
68
74
68
76
62
50
72
162
250
272
260
284
258
178
112
104
116
102
86
78
82
80
78
96
90
102
126
200
238
318
338
336
300
334
354
356
338
386
380
350
398
346
356
388
338
402
374
352
404
370
364
404
364
384
410
368
384
424
378
368
400
426
386
374
420
424
378
390
412
392
380
400
408
384
394
384
400
414
396
348
394
414
398
346
374
390
384
394
384
338
342
372
340
242
226
256
126
62
134
246
186
212
234
194
190
160
188
200
152
160
172
134
126
130
110
108
114
94
78
74
70
70
62
66
62
52
36
36
32
32
40
88
176
198
196
196
250
246
262
252
250
268
268
212
64
38
52
60
64
66
62
54
54
62
58
56
58
54
64
66
62
74
70
54
48
102
178
240
278
250
274
282
264
286
292
248
194
156
150
156
164
170
168
164
182
184
180
178
174
162
228
302
352
386
368
344
376
350
372
392
372
378
372
364
378
370
374
384
396
382
392
384
378
394
382
380
386
386
406
408
368
392
420
376
356
416
432
370
394
458
422
358
400
452
412
350
438
470
402
380
408
410
392
398
392
412
416
372
360
362
352
364
404
334
206
218
242
110
48
44
148
230
188
210
224
218
198
198
216
220
202
208
212
186
182
142
124
122
118
124
102
92
96
104
84
60
40
36
46
52
58
66
74
164
198
190
196
252
256
252
262
258
266
220
92
56
60
66
66
60
58
60
60
56
54
56
56
62
58
60
58
66
56
40
110
188
244
268
258
264
278
270
278
280
278
280
286
294
260
216
174
152
146
134
132
136
152
138
134
140
136
144
164
218
240
242
240
264
318
338
352
362
364
364
374
368
368
374
328
310
302
296
292
256
266
266
248
268
264
240
258
256
248
308
324
342
396
406
394
386
406
422
398
402
416
424
384
412
442
422
388
406
412
390
402
422
406
404
388
392
398
374
388
412
346
192
186
132
68
62
50
46
136
214
226
220
242
252
244
252
280
262
252
266
250
236
220
198
174
166
150
126
120
118
100
66
62
52
60
68
86
88
72
142
194
196
196
194
248
256
254
258
266
238
98
52
68
70
66
60
58
56
56
54
58
68
70
66
48
58
62
52
60
106
182
242
262
256
270
272
272
290
276
278
292
280
284
294
280
290
300
274
272
246
208
206
190
166
158
152
144
166
158
142
144
146
148
142
142
140
150
164
178
198
212
230
244
262
284
264
226
182
136
134
132
140
156
170
176
170
180
174
182
188
208
242
262
294
324
370
390
394
378
396
422
382
382
422
412
382
390
424
400
390
402
390
394
398
390
404
400
382
376
388
386
370
196
128
90
72
72
62
50
48
154
250
272
230
242
264
256
264
270
268
266
260
246
242
248
236
224
188
156
140
110
70
98
120
120
118
106
84
64
90
190
194
196
200
194
242
248
260
250
272
226
66
54
66
62
60
56
58
64
66
68
68
72
60
66
72
54
68
110
182
244
274
256
264
276
262
286
284
270
298
278
274
292
282
280
296
280
284
290
286
290
284
286
296
286
286
284
284
294
286
276
288
284
280
298
276
246
248
220
194
192
166
146
144
118
124
132
132
122
90
102
110
108
114
120
130
142
156
170
186
206
220
224
240
248
272
296
318
340
330
332
334
324
324
346
348
322
338
362
352
354
368
364
330
368
364
348
356
358
368
384
364
374
306
140
76
68
72
64
60
48
68
184
242
238
210
210
220
226
228
234
228
224
222
218
216
220
220
196
140
140
138
110
134
114
92
66
60
80
140
188
198
196
196
204
204
264
246
250
268
260
230
76
48
56
64
60
60
64
60
64
68
58
58
58
72
100
140
198
246
280
260
262
278
268
276
278
266
282
284
274
282
282
282
286
282
286
288
284
290
282
286
288
268
280
292
284
278
284
276
288
288
280
280
286
284
286
292
294
308
302
300
300
294
288
276
260
242
228
190
130
114
118
112
110
114
112
120
136
144
164
188
200
224
242
252
250
254
250
252
254
258
246
240
256
248
240
252
262
250
264
278
266
266
272
280
286
276
294
318
310
310
334
342
348
314
256
140
68
62
66
56
46
76
174
188
190
170
164
176
180
178
178
182
180
180
180
176
166
140
98
98
104
76
52
54
86
124
156
194
202
198
200
200
202
200
202
256
252
258
258
246
230
88
52
68
62
62
64
68
66
56
44
50
72
116
192
250
256
276
270
260
274
272
272
280
276
280
278
278
284
278
282
288
282
284
286
282
296
282
280
296
288
282
290
278
282
288
270
278
290
272
288
286
278
286
288
286
292
286
298
296
284
286
296
286
296
298
288
288
294
264
244
248
226
218
204
182
168
154
140
136
128
114
114
120
120
128
130
126
136
140
132
130
130
120
118
132
122
116
124
126
124
132
140
144
148
160
168
176
184
190
206
218
224
240
260
268
236
146
78
66
66
52
44
90
102
72
68
68
70
64
62
60
64
64
64
72
110
112
60
50
58
66
90
134
166
192
208
206
204
200
202
200
202
208
204
202
250
262
224
104
88
78
56
62
66
58
54
60
56
58
76
140
182
220
268
264
274
274
268
270
266
272
274
270
276
276
274
286
270
274
286
268
282
290
276
288
290
278
288
266
262
296
282
276
278
278
268
272
280
292
290
280
286
286
280
292
288
288
298
294
284
292
282
286
294
292
288
296
298
292
294
296
296
290
296
296
294
290
286
280
272
260
244
240
238
234
232
210
194
194
194
180
188
196
180
188
200
182
180
184
170
164
166
146
118
130
128
116
116
102
96
96
88
82
100
106
134
194
126
70
72
72
62
52
52
62
68
86
104
102
102
110
118
110
114
122
122
102
90
106
130
160
184
206
210
206
212
206
200
204
208
212
206
204
206
204
204
256
248
226
126
66
62
76
78
82
84
110
140
162
210
240
260
268
270
266
264
270
276
264
274
276
268
274
268
266
288
272
272
294
274
278
294
276
286
290
276
282
284
282
266
256
282
272
272
296
284
262
286
282
278
296
280
276
282
286
286
298
294
294
298
292
294
294
300
298
296
294
306
306
296
290
292
286
296
298
288
286
284
278
282
276
276
286
284
292
292
282
282
290
282
290
298
286
280
286
280
280
288
278
272
282
282
274
276
260
264
268
258
254
250
240
216
206
200
172
160
142
122
136
84
64
66
70
64
42
110
202
202
212
210
208
208
212
218
208
216
218
206
202
208
208
204
206
212
200
200
206
194
202
212
206
206
210
204
206
214
206
246
258
250
262
242
222
228
224
220
236
244
264
264
276
270
252
272
268
262
292
268
268
282
266
272
280
268
276
280
268
278
274
278
284
278
282
280
280
282
280
282
284
278
288
300
278
280
286
274
278
290
278
284
280
286
280
284
282
290
292
294
286
286
292
294
294
296
300
290
294
296
294
302
306
284
292
290
288
294
288
288
292
280
278
276
280
284
290
286
282
284
288
284
290
286
286
286
280
282
282
276
270
272
274
278
278
276
274
270
270
268
260
272
266
264
262
262
256
256
256
254
156
116
146
114
74
72
68
52
72
182
206
208
216
208
204
210
206
204
206
210
208
212
208
206
204
200
214
208
200
204
206
206
210
214
214
208
206
216
216
208
278
248
252
250
258
258
266
266
254
260
260
254
268
252
262
274
254
270
270
264
276
270
268
274
270
278
274
274
280
270
274
276
268
282
284
272
296
282
272
290
278
278
302
278
280
292
282
284
232
250
290
282
280
288
288
286
290
284
286
300
290
290
296
294
290
292
288
296
294
290
294
310
302
294
296
304
290
288
294
296
284
290
284
282
284
284
282
286
288
284
288
288
290
290
280
278
282
288
284
286
288
276
270
282
278
276
284
268
266
264
266
270
272
266
260
264
254
254
260
254
256
250
144
92
124
104
74
74
70
62
150
216
212
208
204
208
212
212
210
218
210
208
212
208
206
214
212
214
216
210
216
218
214
212
214
214
216
212
220
212
210
388
230
260
246
250
260
246
260
258
248
262
260
254
268
260
260
268
264
270
264
274
272
268
280
274
266
278
270
270
282
270
278
286
264
278
282
276
286
286
282
280
280
286
288
284
288
284
282
234
242
270
288
282
286
292
282
288
308
290
288
298
292
290
294
290
294
290
298
286
292
294
292
294
294
296
290
288
290
290
294
292
286
284
282
290
280
286
292
284
284
282
288
284
284
280
292
282
276
278
270
274
294
280
272
276
270
270
276
266
268
274
268
270
266
262
254
256
260
262
256
262
266
228
108
106
120
92
86
80
80
98
146
204
206
214
204
208
218
210
218
220
210
212
216
212
214
212
220
206
208
214
212
214
220
210
216
216
212
218
210
208
478
252
244
260
256
254
260
254
254
260
250
250
256
258
256
256
268
256
268
272
260
274
276
264
280
280
272
286
280
278
282
276
278
276
264
270
272
264
280
280
282
282
272
288
292
276
292
286
290
240
242
282
286
284
284
288
280
286
292
286
284
292
288
300
302
286
292
290
288
300
296
292
296
296
292
294
290
296
292
284
286
294
280
276
282
276
288
284
278
282
282
278
280
286
282
288
286
280
278
270
270
280
286
280
278
280
278
282
276
274
270
272
268
264
274
266
258
262
262
260
262
256
258
210
84
128
104
76
88
104
106
98
102
132
192
212
214
204
210
218
214
210
220
214
208
216
206
210
214
208
216
216
212
214
214
212
208
208
212
212
204
