288
286
294
294
290
298
296
298
306
304
306
308
306
302
304
306
306
306
306
306
312
314
314
314
310
308
312
314
318
318
316
330
324
320
330
330
324
330
330
332
330
332
330
332
338
332
334
340
342
338
338
344
336
342
348
346
348
348
344
348
354
348
348
352
350
352
348
346
354
352
352
352
352
358
354
354
354
348
350
362
352
348
358
348
346
352
350
354
352
358
362
346
350
354
358
356
366
352
354
356
356
358
346
354
366
366
356
362
364
362
370
364
368
372
366
368
368
372
366
368
376
368
366
376
372
372
376
372
366
374
368
368
370
372
366
368
364
370
364
366
370
368
364
364
364
364
358
364
358
356
362
350
352
358
354
348
350
344
350
346
336
300
284
288
298
296
300
302
308
304
308
314
306
304
310
310
310
318
314
310
318
314
314
320
316
316
316
318
318
324
320
320
322
318
326
324
324
328
332
326
328
326
328
332
332
328
332
334
332
340
334
332
338
336
338
342
342
342
346
340
342
344
344
346
346
346
348
352
350
352
348
350
360
354
348
352
352
348
354
350
346
348
354
354
348
354
352
346
356
362
348
356
354
352
354
354
358
362
356
356
356
358
358
354
360
366
360
366
358
352
368
364
364
364
362
364
368
364
364
366
366
368
366
362
362
364
370
370
364
364
370
366
364
368
368
366
372
368
370
370
368
364
358
370
366
358
364
358
352
364
356
356
360
360
358
358
354
360
354
352
352
354
292
292
292
292
296
310
298
300
314
306
310
304
306
306
312
312
314
310
316
312
316
320
320
316
320
320
312
314
320
320
326
322
316
322
324
324
332
332
328
330
330
326
334
334
326
330
338
334
338
336
336
338
340
340
338
340
342
342
340
350
352
344
348
346
344
348
354
352
352
350
356
358
352
348
348
348
350
346
346
346
346
340
348
344
346
348
348
350
354
348
348
348
350
352
352
360
358
352
356
350
356
360
360
360
358
352
360
362
348
362
362
360
362
360
364
368
364
362
368
372
364
366
368
360
368
370
366
364
370
370
358
370
368
362
370
370
364
372
370
362
370
366
364
366
360
358
356
350
366
362
360
372
358
354
358
352
354
356
350
352
350
298
302
306
314
312
308
306
314
310
306
312
308
306
314
308
310
318
314
312
314
318
318
316
314
318
316
296
310
324
322
316
322
322
320
334
330
328
330
334
328
330
334
330
334
334
334
336
336
336
336
338
342
336
342
344
336
340
346
342
346
348
342
344
350
348
352
344
346
350
350
350
348
344
350
346
338
340
338
336
342
352
348
352
346
342
342
340
338
336
344
352
350
358
364
354
358
352
346
354
358
344
350
360
352
358
362
356
362
356
350
358
360
364
364
364
364
360
366
366
362
370
368
362
366
376
368
374
372
366
366
366
368
368
374
370
368
364
372
360
360
372
366
360
368
356
354
368
360
356
362
362
356
358
358
354
354
354
348
348
354
350
298
240
206
220
238
262
290
320
320
318
318
308
308
310
312
310
318
320
314
318
316
316
316
318
318
312
316
316
322
320
322
326
328
328
336
330
334
328
330
334
330
330
336
334
332
336
338
332
338
334
334
340
338
334
344
340
340
342
334
340
346
344
346
344
344
346
344
344
348
342
346
350
342
340
346
332
336
348
332
316
294
256
226
212
200
190
178
180
184
180
200
230
248
282
300
330
340
340
352
348
360
356
346
350
364
362
352
358
360
360
366
358
360
366
360
362
364
364
368
366
366
360
358
364
368
364
362
364
370
370
366
362
372
362
366
368
364
370
366
368
362
370
372
366
358
362
364
364
368
362
358
362
358
358
360
354
354
356
350
358
356
242
72
32
34
44
56
82
120
186
248
296
316
322
314
308
314
314
314
318
312
316
324
320
320
326
320
322
328
324
318
332
324
324
330
326
306
322
334
324
330
334
334
338
330
332
336
338
334
338
340
336
342
334
330
334
336
342
342
328
346
350
338
344
342
340
344
344
340
340
342
344
344
350
350
344
328
294
258
174
108
86
74
66
58
60
70
74
76
72
74
64
76
68
76
98
122
158
186
202
226
242
248
256
266
282
294
306
332
336
344
362
370
370
372
366
372
368
358
364
366
356
362
360
360
366
370
362
360
368
366
364
370
376
366
372
372
366
370
370
368
372
368
366
370
364
360
362
362
362
362
362
364
360
354
366
358
352
360
354
356
358
206
68
58
62
54
48
50
48
42
50
78
144
226
278
314
328
322
316
312
320
320
314
324
320
314
320
320
322
324
328
324
324
324
316
326
316
320
330
328
330
328
332
334
330
328
332
332
336
336
338
334
330
332
334
330
336
338
340
332
334
340
332
342
342
342
334
316
322
332
318
304
308
248
206
194
156
90
76
60
56
64
62
52
46
56
46
48
52
58
62
66
70
50
46
44
56
58
64
94
94
88
108
120
112
116
132
140
154
170
186
210
228
248
284
304
338
354
370
366
362
368
360
356
360
366
358
376
368
358
368
368
364
366
368
372
374
376
370
368
368
370
370
366
374
366
362
372
362
358
362
360
360
366
362
358
360
352
360
360
356
354
268
174
64
54
52
58
62
64
62
62
48
40
48
74
136
216
294
328
326
320
316
320
322
320
324
322
324
328
322
322
328
326
320
322
328
328
332
326
326
332
326
326
336
330
330
334
338
334
336
332
334
332
336
328
330
328
328
340
342
332
330
312
284
266
240
188
134
148
150
132
104
100
64
52
48
46
42
46
42
44
52
42
36
50
36
46
56
52
58
68
70
90
124
102
76
128
102
94
74
74
80
54
86
128
64
84
114
62
86
96
110
120
130
148
162
186
230
252
290
330
348
358
370
374
368
364
366
366
364
364
364
368
376
370
372
374
368
368
372
362
370
372
366
366
366
364
366
364
364
362
358
362
360
360
368
360
360
362
358
360
362
298
314
182
54
54
50
54
56
50
54
58
54
50
48
38
42
92
178
272
318
328
330
316
314
324
322
320
326
322
324
328
326
324
330
326
326
326
330
328
332
334
330
330
328
336
336
330
332
334
334
334
334
336
344
340
334
314
282
244
174
128
112
84
66
54
46
42
42
36
42
40
42
70
48
58
84
62
82
80
76
80
80
82
92
92
98
60
80
100
54
120
126
100
154
100
62
146
106
44
146
106
32
116
130
60
86
82
84
86
74
82
96
68
72
114
112
108
120
140
182
206
248
290
334
362
376
372
366
362
368
370
368
370
376
378
366
364
372
370
372
372
372
366
368
364
362
364
364
366
362
360
364
360
364
364
360
362
364
354
352
360
288
306
254
78
64
56
52
54
54
52
50
50
50
48
52
56
44
36
60
130
216
292
336
330
318
318
318
322
322
322
320
326
322
320
324
328
328
328
328
324
330
332
326
332
332
332
326
328
332
338
336
328
294
246
210
186
150
80
72
56
50
48
44
40
52
50
46
62
60
48
114
124
86
116
76
94
126
66
126
110
54
144
116
44
140
116
42
138
150
48
138
128
58
138
72
78
126
76
80
110
74
94
82
60
110
92
64
168
140
94
148
158
46
60
146
100
34
72
108
106
116
140
170
196
244
284
334
376
376
366
372
368
374
378
366
370
374
374
370
378
372
370
370
368
366
364
372
362
362
366
358
360
366
358
364
364
350
356
362
354
356
286
294
284
160
62
52
54
50
58
56
56
56
54
54
48
46
54
62
56
42
40
66
148
246
318
328
318
326
326
318
326
324
322
330
324
322
328
328
322
330
326
320
328
324
324
338
334
340
332
280
206
148
100
66
52
48
38
40
46
46
46
58
54
62
68
56
68
56
60
76
72
82
70
66
70
60
68
66
72
78
70
62
74
70
66
74
82
70
86
80
46
76
96
52
66
96
40
104
124
50
100
144
52
104
216
98
52
158
146
82
138
156
70
96
106
88
92
80
72
66
44
68
92
104
120
162
208
260
336
382
380
372
374
376
370
374
374
374
372
368
368
374
364
366
372
364
364
372
360
360
364
356
358
360
358
360
358
356
362
358
358
288
302
302
308
230
72
54
52
50
52
50
62
60
56
52
44
44
46
52
56
64
56
38
46
110
230
312
334
322
318
324
316
320
318
324
326
322
322
328
324
320
322
324
320
326
334
298
200
112
66
38
38
46
54
52
52
56
52
62
70
72
50
72
86
46
54
84
42
72
88
38
92
66
52
90
46
76
72
48
120
72
48
126
84
40
132
104
56
154
108
30
136
138
40
168
126
38
164
208
76
134
180
68
88
240
132
84
110
66
120
112
66
118
170
58
62
146
100
46
68
124
74
60
62
56
74
120
140
182
268
360
386
378
376
374
370
372
372
372
376
376
372
368
368
368
362
364
370
362
358
364
362
360
360
366
356
362
364
358
356
356
292
300
300
304
326
218
60
54
56
50
48
52
54
50
52
50
42
46
48
54
60
64
62
62
40
40
120
250
318
328
314
320
318
310
322
320
320
314
322
320
314
316
324
328
318
210
102
60
40
52
52
56
54
70
74
62
74
60
46
82
68
50
60
70
58
70
74
58
72
64
60
94
64
78
86
62
92
72
68
118
76
78
136
94
76
114
80
70
116
100
60
146
116
62
132
106
74
116
136
86
114
108
84
106
92
102
140
92
72
210
138
22
114
196
78
42
130
134
38
76
164
100
40
56
102
74
68
68
72
152
214
298
356
378
370
368
374
370
364
374
368
368
376
366
364
368
368
360
366
366
352
364
366
362
356
364
358
360
356
354
352
294
300
304
304
304
316
234
56
46
56
60
60
60
56
54
56
46
40
48
52
56
60
58
64
64
58
38
36
134
258
324
328
320
318
322
310
322
314
310
322
316
314
320
264
150
62
42
52
70
66
64
62
74
60
68
58
60
62
70
52
60
82
48
60
90
52
60
90
46
72
88
50
90
74
64
90
52
72
82
44
84
98
46
80
96
46
78
98
52
70
98
58
70
100
52
68
112
66
50
120
98
42
148
142
28
116
208
108
58
214
176
54
104
132
98
100
98
130
72
84
140
128
44
62
114
90
54
64
80
82
108
172
238
320
378
372
366
372
366
372
372
370
364
364
368
362
364
368
362
360
362
360
360
368
358
362
358
356
358
362
346
296
306
302
308
306
310
326
226
86
58
58
54
62
68
58
58
50
50
56
54
52
52
50
58
60
68
64
50
36
64
124
218
284
312
316
316
322
312
314
306
288
274
180
70
46
48
58
60
62
70
82
46
54
68
84
54
44
86
94
44
88
100
46
94
102
50
96
104
52
108
96
58
122
62
110
114
58
134
88
68
166
100
58
148
96
64
172
114
58
154
122
46
170
170
56
144
178
68
92
212
110
56
198
164
66
120
196
104
110
152
154
118
154
82
124
190
112
72
112
128
80
98
98
102
72
82
42
70
126
84
70
82
150
178
272
336
376
362
360
366
362
364
366
362
360
364
360
370
366
360
376
364
362
368
364
356
356
360
358
366
360
300
306
302
308
306
302
312
330
234
80
58
58
58
62
60
58
56
56
58
58
56
54
50
54
56
58
72
66
66
76
48
38
82
128
144
164
166
166
158
140
114
102
56
62
74
56
78
70
58
62
76
62
70
74
82
58
70
84
90
78
94
78
78
92
80
78
90
80
84
104
80
88
108
68
114
96
92
146
80
92
146
92
88
134
80
92
182
110
84
188
136
66
166
164
62
134
192
88
102
180
116
88
122
146
98
114
108
108
132
88
68
166
156
40
114
246
144
28
148
196
72
48
146
140
60
74
94
82
80
76
58
58
62
102
158
234
300
360
368
360
362
366
368
360
356
370
366
362
374
364
362
368
356
362
364
358
362
362
358
362
362
302
300
304
306
292
306
314
314
322
232
88
68
56
56
60
56
60
56
52
54
54
58
60
56
56
62
78
72
66
64
50
46
50
32
48
48
44
52
48
52
54
58
70
72
72
74
56
62
88
64
54
90
98
50
64
92
96
46
78
114
64
66
128
60
62
124
52
70
110
50
88
92
50
108
72
78
114
60
90
100
42
106
116
46
84
114
74
88
122
88
86
106
98
80
92
92
94
102
102
72
92
114
82
60
144
118
32
124
178
94
38
192
174
74
112
210
150
88
132
184
88
76
166
150
50
64
138
122
64
66
64
60
52
54
70
130
174
256
330
372
366
360
358
362
358
366
368
364
362
364
362
362
360
360
362
368
360
358
358
360
358
298
308
300
304
310
310
308
308
320
324
220
86
62
58
54
56
60
66
64
60
56
58
60
56
58
80
84
78
66
64
66
80
68
80
60
68
74
54
94
46
90
58
92
72
62
114
50
76
130
76
42
108
108
74
66
114
102
40
88
150
66
82
146
58
88
130
56
108
124
50
124
90
66
168
66
122
140
52
158
114
46
174
138
36
148
152
42
130
172
48
100
176
90
66
188
126
36
180
166
42
128
224
106
52
212
158
52
140
202
100
96
158
166
112
136
116
136
170
114
148
162
162
124
132
90
94
122
126
54
68
88
70
68
48
50
70
96
138
212
284
356
362
374
362
358
360
364
368
360
366
368
358
362
368
362
358
368
360
352
364
358
310
300
300
310
308
310
314
310
312
310
320
262
132
78
68
54
62
74
78
72
68
58
60
66
70
90
92
80
78
96
78
132
74
102
88
90
98
78
106
68
98
74
90
86
82
100
70
78
124
98
84
102
88
106
76
116
144
88
104
108
94
98
96
96
104
88
96
104
98
98
104
106
108
124
88
122
118
94
132
104
104
148
116
100
156
140
84
170
190
74
150
202
100
92
230
144
68
228
238
68
152
274
128
126
182
170
120
136
174
128
150
108
102
142
130
48
144
198
104
72
216
182
82
102
164
146
74
104
72
64
64
64
60
62
68
56
60
70
114
186
244
288
350
364
362
358
364
366
370
358
360
370
360
360
368
358
358
370
362
360
368
306
302
306
310
304
308
314
312
316
314
316
334
236
90
88
74
68
68
70
66
60
56
58
72
80
82
78
82
98
106
110
126
124
98
114
104
78
124
68
118
76
98
88
82
126
68
108
84
86
100
112
114
58
142
76
98
120
120
132
56
140
106
44
146
108
52
138
60
80
144
60
134
122
60
138
64
102
132
54
124
142
64
126
148
78
108
152
126
140
146
130
150
120
122
140
124
114
130
140
108
130
136
134
140
86
120
166
124
60
150
180
90
68
218
174
58
166
234
120
92
184
196
98
104
186
162
62
82
104
66
60
66
56
62
68
62
64
66
70
86
134
196
258
364
370
358
360
356
358
368
362
366
368
360
360
362
354
360
362
358
364
298
304
306
308
306
310
310
312
322
314
314
322
320
204
102
96
84
74
68
70
74
60
58
70
86
104
84
98
78
110
160
90
140
104
108
128
84
148
70
140
88
108
110
78
150
90
116
116
108
112
88
150
74
158
92
138
76
102
152
64
168
120
46
178
122
76
158
70
106
166
60
166
124
70
178
52
144
158
40
202
176
46
192
178
32
180
228
66
98
234
134
64
186
172
62
120
180
78
78
214
154
52
134
186
90
86
254
154
36
166
230
124
118
220
190
136
154
154
140
196
140
126
184
208
128
132
116
158
140
82
80
72
68
80
82
76
66
68
72
68
72
106
166
240
342
374
368
368
360
368
364
360
368
368
348
358
360
354
354
364
360
316
302
308
314
308
312
318
312
314
316
316
312
324
310
128
76
74
58
54
52
48
44
38
46
76
110
100
102
104
114
178
106
94
132
138
130
134
126
124
124
122
142
124
118
156
152
126
140
150
146
144
130
112
110
160
154
134
126
128
156
140
128
122
124
150
152
114
150
140
134
150
154
140
140
150
148
158
150
164
200
160
136
198
176
110
208
218
92
156
250
140
90
256
224
60
180
252
96
104
304
206
60
110
236
140
112
222
158
140
190
178
164
218
140
128
222
164
76
198
236
106
112
282
182
98
120
146
164
104
80
94
98
82
72
82
78
68
60
66
70
68
70
80
150
242
320
372
366
368
362
368
364
360
362
364
362
358
364
352
352
368
302
306
308
310
306
314
314
314
318
314
314
316
314
328
276
186
154
132
124
118
108
102
94
88
78
96
126
112
134
102
124
108
82
124
134
98
164
82
174
96
150
158
102
196
96
182
164
144
198
114
224
104
188
114
232
132
188
168
128
244
92
172
204
64
206
182
70
232
138
126
232
88
182
200
126
246
138
164
248
140
174
236
140
176
226
164
156
210
208
194
150
184
212
212
164
210
250
138
156
268
212
170
196
178
176
228
198
186
220
218
88
170
268
154
110
282
244
86
230
278
124
188
274
160
156
156
136
108
94
82
86
100
98
84
76
70
60
56
56
80
80
76
70
76
124
206
310
370
360
370
360
356
364
358
358
368
360
362
366
354
366
310
306
308
308
308
314
310
312
322
318
318
320
320
322
344
344
338
324
302
282
276
266
246
214
114
92
112
108
114
122
98
64
96
110
138
154
170
108
174
126
170
174
140
218
118
220
208
170
214
158
228
148
236
144
274
136
236
192
158
284
94
230
238
86
250
188
126
280
132
198
260
94
256
166
154
298
102
204
274
92
248
266
72
200
270
94
136
296
186
110
210
248
116
160
296
196
144
236
258
144
184
266
234
108
208
292
156
124
282
304
120
176
336
302
230
316
286
244
342
290
276
250
176
184
164
122
108
84
86
84
92
106
122
128
122
106
84
58
58
82
86
76
74
60
64
112
176
302
358
370
364
356
366
362
350
368
360
352
368
362
352
312
304
308
310
312
318
316
316
316
318
318
314
324
290
178
148
162
140
112
96
94
110
100
76
78
92
110
144
130
118
126
82
104
112
192
174
140
194
164
202
182
182
192
160
216
176
222
192
216
224
176
204
176
192
210
208
224
216
218
236
206
224
222
214
196
206
228
206
214
228
204
190
226
156
204
258
152
244
278
136
266
270
124
228
244
100
196
338
192
50
244
288
82
130
342
220
56
308
336
92
142
344
276
72
236
362
256
126
334
368
238
286
352
294
348
376
326
408
432
348
400
250
160
128
106
104
108
92
96
98
108
144
164
170
154
136
144
138
106
86
86
86
66
62
60
68
92
170
296
362
370
364
356
364
364
358
362
364
356
366
366
302
310
312
308
306
318
314
312
320
318
314
318
324
254
186
154
130
170
194
202
204
166
68
54
72
82
106
148
136
148
144
112
78
110
202
150
136
228
146
242
166
200
182
162
238
132
246
176
240
202
204
192
148
194
168
270
156
256
184
186
266
136
218
260
128
266
198
154
274
136
236
226
142
230
208
204
262
226
224
270
236
252
254
218
230
258
254
300
242
230
246
280
196
220
308
274
186
316
344
220
298
334
304
224
284
326
264
302
320
304
358
378
278
360
410
288
326
466
362
242
324
254
174
96
94
114
96
92
102
118
150
176
192
200
160
144
150
142
136
112
90
76
64
62
66
74
66
74
164
286
372
364
366
362
358
368
360
362
364
360
356
300
298
310
318
312
318
310
312
316
314
316
314
326
338
340
302
250
210
174
146
120
76
58
62
72
80
104
150
142
138
122
90
104
132
196
192
196
218
184
230
186
218
218
226
234
194
226
190
256
204
208
190
226
196
208
270
162
312
168
208
278
122
262
238
148
286
156
218
260
116
288
192
128
308
156
194
330
156
212
314
162
220
320
178
190
328
232
234
296
326
218
252
306
292
246
296
348
288
316
332
372
284
318
384
348
334
384
438
336
340
468
362
254
446
410
192
338
466
354
170
162
186
170
132
154
138
110
140
142
144
152
170
196
200
178
166
166
162
152
170
118
84
100
98
88
96
96
76
82
174
328
372
366
362
362
372
366
360
368
364
350
310
302
308
310
314
318
312
314
314
314
316
334
274
182
154
110
74
54
52
52
52
46
50
58
70
78
94
148
138
128
144
162
166
200
154
194
246
190
280
212
244
238
242
270
232
266
192
262
210
254
196
242
232
232
240
236
208
268
224
246
238
210
238
220
244
212
210
236
212
196
256
198
170
280
178
210
350
152
250
348
148
208
354
162
188
366
228
118
334
350
192
186
352
302
156
270
376
236
192
358
388
214
268
418
314
238
422
448
318
382
500
444
332
484
450
346
402
428
358
234
216
174
156
162
188
214
194
226
198
150
144
168
194
208
198
182
154
180
184
192
140
118
150
102
70
76
102
142
98
76
182
360
364
372
366
356
374
364
356
376
364
312
308
314
304
306
318
310
312
316
316
318
268
130
86
70
66
68
64
56
60
58
56
60
66
76
78
108
142
158
164
150
208
212
228
222
248
286
268
340
302
320
312
286
318
256
314
228
298
218
284
216
290
178
272
218
206
272
174
288
232
200
286
166
244
260
154
272
192
194
280
192
208
232
224
234
258
300
252
268
308
248
260
324
256
282
352
278
178
322
378
216
174
386
360
156
246
382
292
168
352
420
224
240
428
356
194
346
386
298
292
438
436
364
438
474
472
454
372
298
242
268
222
154
178
222
216
224
242
204
172
176
170
194
216
220
200
160
212
218
220
172
160
128
78
86
96
72
140
118
68
62
254
380
364
374
368
358
364
364
358
372
312
304
306
316
314
314
316
316
314
316
332
198
84
98
82
66
70
68
66
64
58
58
60
66
72
72
108
154
192
172
194
226
278
304
296
322
318
340
340
316
326
338
344
354
350
338
312
300
300
304
278
304
236
312
244
256
300
168
328
208
200
308
156
264
254
148
294
180
202
324
138
200
294
152
244
296
174
276
294
202
308
314
228
344
354
284
288
314
286
352
268
314
362
388
276
340
394
376
278
358
428
302
272
394
356
238
316
390
294
346
386
406
412
420
400
476
456
326
296
240
280
320
194
170
334
302
266
248
198
182
164
170
188
216
260
206
164
210
214
220
192
174
108
118
132
136
78
132
128
66
68
110
324
384
378
374
360
362
368
362
364
304
308
312
308
312
320
314
316
318
314
346
204
60
76
64
62
56
56
62
60
60
56
56
60
62
68
90
124
158
196
230
242
270
288
308
328
324
318
318
248
210
224
222
228
248
296
374
340
346
294
312
270
326
284
324
308
252
230
236
238
252
262
232
266
260
222
272
244
222
294
204
216
314
196
258
326
154
276
334
152
314
362
146
306
390
186
244
396
292
228
300
382
302
286
362
426
320
326
386
360
324
322
356
328
342
330
362
312
308
396
318
304
462
392
282
464
448
382
288
262
298
368
204
172
254
284
272
288
230
186
178
184
184
220
222
184
194
238
204
182
196
158
108
92
76
106
104
142
116
74
82
70
184
296
302
354
374
360
360
380
360
308
310
312
308
312
318
312
320
324
326
270
102
54
58
60
60
60
58
52
52
60
60
56
60
64
70
80
92
100
112
148
214
284
324
324
320
318
316
320
304
196
160
154
142
140
168
262
334
358
340
316
294
350
266
354
358
214
316
180
276
278
190
312
252
224
316
224
256
292
214
266
268
236
302
282
268
284
286
290
206
304
370
280
328
426
266
252
402
368
184
312
404
320
184
404
476
262
242
486
432
182
318
472
314
204
396
428
198
284
454
316
272
480
408
268
454
472
372
286
322
416
426
234
190
258
234
222
230
214
214
196
198
236
272
230
194
198
234
244
218
178
184
154
72
48
72
122
146
112
80
80
82
106
200
204
296
372
368
362
358
378
310
312
308
314
316
312
312
326
332
232
74
58
68
68
64
60
54
58
54
54
52
66
68
60
66
82
86
86
74
120
236
320
340
332
328
328
326
322
320
318
222
170
160
154
152
144
124
140
206
286
326
332
308
314
336
358
272
350
230
292
310
204
330
274
200
342
212
240
328
198
292
314
188
344
296
192
352
294
176
294
258
262
374
322
310
358
344
334
352
358
330
358
396
396
356
450
362
348
434
470
298
352
466
402
212
366
462
290
268
410
418
358
426
432
406
442
460
296
278
380
458
456
258
170
280
288
228
248
236
208
186
208
236
278
238
220
216
262
256
228
216
184
174
136
102
94
92
100
106
112
84
70
60
86
124
118
308
380
370
364
368
302
306
316
306
310
316
314
322
312
114
42
66
62
62
66
60
56
54
50
52
48
68
72
68
86
96
80
88
194
328
354
338
334
326
326
332
330
322
326
308
200
170
152
168
176
142
118
116
120
132
186
248
296
326
292
288
330
298
314
296
286
318
312
302
280
314
290
266
314
282
308
322
266
322
328
266
364
316
222
370
318
224
412
328
210
398
406
258
276
392
392
260
360
462
362
322
440
476
362
370
390
400
356
402
432
360
376
364
402
332
414
476
404
428
500
420
334
330
290
270
396
480
332
196
242
318
294
256
252
238
242
214
208
256
250
240
254
278
264
234
268
188
158
164
154
120
84
82
90
128
104
76
64
60
78
78
206
382
374
376
360
306
314
302
302
312
312
320
336
222
60
66
66
66
70
62
56
56
58
54
56
56
72
86
90
88
68
118
278
348
342
338
336
336
334
330
328
328
326
328
322
222
170
160
152
148
138
130
132
134
118
122
138
208
246
306
322
334
278
356
342
278
378
324
278
366
282
288
344
242
338
310
242
352
278
284
356
296
318
364
320
330
320
354
348
256
340
410
292
290
408
424
302
318
454
422
270
428
496
394
238
418
480
296
352
500
424
278
420
482
338
338
488
418
354
480
436
376
372
240
212
346
464
384
244
220
344
332
300
276
274
278
240
230
254
256
254
270
290
288
284
280
244
180
176
184
158
118
98
84
86
92
86
80
96
96
76
138
356
368
362
376
306
310
308
302
312
314
324
302
104
64
70
66
62
58
58
60
60
62
66
68
70
84
98
82
104
202
316
350
332
332
344
340
338
340
334
330
332
326
292
230
194
182
160
140
132
118
100
100
102
102
116
154
186
208
286
336
352
370
374
364
362
370
366
360
368
346
338
360
316
346
354
302
372
330
296
394
300
306
414
312
296
408
308
302
364
330
338
346
372
342
390
432
394
370
420
416
414
456
418
352
418
492
408
384
472
476
348
414
494
450
418
444
470
454
430
430
342
284
246
216
312
404
398
304
224
348
384
320
300
306
288
272
262
280
246
202
286
286
292
324
308
258
250
236
214
192
152
134
114
78
70
86
110
118
94
68
182
362
380
362
360
306
312
314
310
314
318
330
204
52
62
64
60
60
58
64
66
66
70
70
76
84
90
94
160
292
346
340
334
334
340
338
338
342
336
334
334
334
276
186
176
164
150
116
100
104
108
118
142
164
192
226
232
240
250
270
316
366
382
382
382
388
394
400
406
392
400
404
364
400
380
382
416
372
394
406
382
390
390
384
394
370
400
350
314
406
402
284
348
428
382
302
394
436
366
368
490
442
364
452
504
396
408
502
482
406
454
466
462
420
476
504
474
410
444
414
392
350
226
174
196
252
358
408
346
238
298
404
346
322
324
314
270
284
290
250
232
304
288
258
288
316
308
274
248
222
204
158
158
160
110
108
144
142
104
82
68
184
346
376
368
358
306
316
312
312
318
316
326
176
58
68
66
64
60
68
66
68
72
72
80
74
78
134
248
340
340
328
330
334
338
334
342
344
338
338
342
338
344
316
284
260
166
142
150
156
174
192
220
240
252
280
274
266
292
328
350
356
356
358
360
362
364
362
370
378
386
394
400
404
412
422
416
416
414
414
426
420
430
436
410
448
444
396
414
436
400
412
410
438
424
418
398
390
438
436
382
428
470
396
412
490
456
376
472
498
390
378
460
490
406
422
460
472
444
430
422
284
146
120
118
124
174
354
404
384
296
298
372
386
328
296
318
306
266
332
312
244
286
314
264
266
286
284
274
270
238
222
202
186
178
170
192
180
162
120
88
78
46
234
382
366
368
308
312
318
316
314
324
332
236
64
62
72
74
68
62
66
74
70
62
70
112
230
322
346
332
332
332
336
336
338
340
342
340
338
340
342
342
340
346
352
352
348
332
326
320
318
324
332
324
342
352
352
358
362
354
362
356
352
358
360
362
358
356
352
362
362
362
372
372
372
380
380
380
338
298
292
284
290
322
342
328
338
366
370
382
376
394
452
482
422
404
474
438
396
458
502
410
414
488
478
426
458
484
434
434
466
466
430
480
472
418
424
422
410
364
282
134
66
74
96
126
276
424
386
408
348
292
340
388
362
314
310
314
286
322
334
294
294
316
306
314
312
278
284
278
274
272
234
224
246
256
202
148
126
98
82
78
160
334
388
362
356
312
320
312
314
322
330
344
314
100
56
72
68
70
72
70
54
66
122
224
314
350
330
326
334
334
332
338
336
336
344
338
340
342
346
346
348
340
344
346
342
350
356
356
360
358
358
354
354
362
356
354
356
352
354
358
356
358
362
366
366
366
362
372
370
370
364
368
370
362
366
368
366
358
346
326
292
268
252
250
252
254
244
226
216
214
220
260
360
386
376
404
438
422
448
486
464
446
488
502
460
438
498
486
440
474
474
422
420
418
322
274
228
184
150
114
136
172
252
318
376
426
444
434
442
412
336
308
372
414
398
378
356
336
338
380
388
378
368
390
380
380
352
324
304
306
298
272
284
302
250
210
132
96
128
156
180
314
384
366
374
358
308
318
312
316
324
262
210
186
88
66
68
60
56
62
100
166
248
318
350
338
322
330
340
332
338
338
336
340
342
340
348
350
338
346
344
342
346
348
346
360
352
348
358
356
350
356
346
350
362
354
354
358
358
358
362
364
366
370
372
364
372
372
364
366
370
368
370
372
368
372
372
370
374
380
374
376
372
358
350
358
366
352
340
340
332
322
314
328
342
352
372
406
432
436
432
434
458
434
416
456
476
426
416
436
366
292
246
182
160
124
120
162
194
238
294
352
404
430
450
458
442
448
458
452
458
446
400
374
410
438
440
434
426
422
426
436
436
438
434
424
418
414
406
398
378
318
318
336
320
290
262
206
206
256
324
358
376
372
364
372
366
312
316
320
322
326
150
54
44
66
86
100
128
172
234
308
344
344
336
334
330
334
332
334
338
340
336
340
340
342
344
350
344
346
340
348
348
344
348
348
346
356
358
356
354
352
350
356
356
356
360
358
356
362
368
360
364
366
366
364
370
376
372
366
366
370
372
378
372
372
372
372
370
368
370
370
370
372
374
370
374
374
376
374
380
382
382
390
382
380
378
366
372
392
398
390
398
406
382
316
242
240
250
226
234
194
152
146
168
180
200
264
322
386
416
428
438
452
438
440
438
424
418
410
414
414
418
426
412
388
392
414
434
432
428
414
416
426
428
430
414
412
398
386
392
390
360
372
390
394
382
370
376
380
384
384
380
364
372
376
356
372
316
326
316
318
328
306
274
258
260
282
308
322
338
348
340
328
330
330
328
328
330
336
336
338
336
340
338
340
344
344
348
342
344
350
350
350
348
350
352
350
354
354
356
356
354
354
354
362
356
352
356
360
360
362
366
366
370
364
366
368
370
370
372
372
376
376
370
376
376
374
376
370
372
374
368
368
378
372
370
374
372
372
378
372
378
386
376
376
386
376
370
376
382
378
386
388
386
404
336
200
188
192
192
174
158
184
200
230
248
272
306
346
378
384
374
370
376
386
384
384
382
380
384
382
380
374
374
392
388
384
386
384
378
374
378
382
386
378
374
376
372
374
368
364
372
376
368
372
368
370
378
368
366
384
366
366
374
366
368
376
366
312
318
322
324
320
328
338
344
334
332
328
328
324
328
328
330
326
332
332
328
332
336
338
338
340
340
342
344
342
344
348
346
342
344
346
346
356
348
346
356
354
352
362
356
356
356
362
358
356
360
356
362
364
360
366
370
364
366
370
366
376
376
368
376
372
370
372
370
370
374
376
374
376
372
368
374
374
378
380
374
376
382
376
376
380
384
380
378
380
384
384
382
388
384
382
388
384
326
280
290
324
336
348
242
278
328
304
332
364
386
396
396
392
390
386
386
376
368
378
378
376
378
380
370
372
378
376
388
384
378
380
376
370
368
372
372
374
372
372
378
376
376
378
370
372
378
360
360
380
374
368
378
368
372
376
366
366
376
364
364
372
318
326
318
320
328
324
322
324
326
322
326
330
326
324
332
332
328
332
332
336
338
336
338
348
342
342
346
342
344
346
344
346
348
334
342
356
350
354
352
352
354
358
358
360
356
360
362
358
352
360
356
362
362
362
362
368
372
370
370
370
372
376
372
370
376
376
372
378
378
374
378
380
372
372
374
372
378
392
376
378
378
378
380
386
380
384
384
378
384
382
386
380
388
388
388
384
390
374
388
398
396
386
384
388
402
402
394
400
396
384
392
396
388
388
388
384
382
378
382
378
382
380
384
384
378
382
386
384
384
380
372
384
384
378
382
376
376
376
378
374
374
378
370
380
376
372
374
372
378
374
372
374
372
366
370
374
362
380
368
362
376
318
328
318
322
330
324
326
324
320
318
328
324
322
328
328
328
334
328
332
332
330
338
338
336
340
340
336
344
344
336
344
346
344
350
342
340
346
338
348
360
350
352
360
356
352
358
352
358
356
354
358
366
360
362
368
366
362
362
366
368
364
370
372
368
372
368
370
376
370
370
382
372
370
376
370
372
376
368
374
382
374
376
380
380
376
382
382
382
384
378
384
382
392
384
394
392
386
400
398
394
396
392
384
400
392
392
398
392
396
402
396
396
398
392
382
388
388
382
386
378
372
382
382
384
372
378
382
384
376
382
386
376
380
382
374
380
386
382
382
382
380
382
386
388
390
378
380
380
374
376
374
368
372
370
362
362
364
362
364
368
360
