92
66
88
76
70
98
72
76
88
72
72
84
74
72
84
64
86
64
70
78
82
74
76
80
72
78
78
78
90
66
80
80
72
78
72
82
64
64
64
68
66
78
62
78
78
72
74
64
82
74
72
72
70
70
70
66
70
78
72
70
70
64
68
74
70
74
72
76
78
74
76
72
70
80
66
70
78
70
86
68
60
70
76
70
66
72
74
68
64
70
72
72
76
64
76
74
82
74
60
68
90
94
78
86
84
82
86
100
86
94
90
78
104
82
88
94
74
86
78
78
98
74
90
86
66
90
80
78
94
74
74
90
74
88
72
78
72
66
52
64
58
76
56
72
68
76
76
68
82
70
78
66
78
66
80
80
64
80
80
78
74
70
78
88
72
72
78
72
86
74
86
80
72
90
84
78
88
92
82
94
70
76
86
70
66
80
78
86
68
76
84
80
70
92
72
72
86
70
88
70
80
92
78
76
82
92
68
86
84
82
76
78
86
80
80
78
80
78
74
82
80
82
76
68
66
76
66
74
76
66
62
62
68
70
58
66
52
54
52
52
46
66
48
64
56
66
60
50
76
62
58
62
66
66
70
70
60
72
72
70
70
68
74
76
70
72
64
72
70
74
74
74
68
84
72
80
78
84
86
76
72
88
74
74
78
74
78
70
66
70
72
74
80
78
76
68
76
80
82
78
96
70
96
94
72
110
84
72
100
82
84
96
78
88
92
76
90
72
76
90
82
88
72
70
74
72
60
66
64
62
64
60
60
60
56
62
50
60
68
58
58
70
54
64
58
60
56
48
72
60
52
66
64
68
64
66
60
70
68
66
66
68
72
68
70
74
60
76
66
76
72
74
72
82
74
84
82
80
94
70
68
86
70
74
82
70
72
60
70
70
68
70
82
70
82
72
70
82
76
88
84
78
80
88
76
86
80
88
86
82
90
82
84
78
84
82
68
74
74
78
100
66
78
72
44
58
56
54
66
56
52
64
44
62
60
60
62
68
70
66
66
64
52
56
60
54
56
54
58
50
58
58
60
50
58
62
52
64
66
64
58
62
72
72
66
66
64
70
78
74
80
80
64
72
88
74
88
86
84
88
82
82
92
74
78
86
74
92
82
86
88
78
72
94
80
78
92
78
92
76
74
98
80
76
86
82
78
94
86
88
86
82
84
86
76
82
72
76
82
78
90
70
74
62
56
56
58
62
70
64
64
70
46
58
62
66
64
72
82
76
72
66
60
62
74
60
60
58
66
58
58
64
56
52
52
56
50
54
56
56
50
52
62
58
58
58
56
66
70
70
74
76
62
62
82
72
86
76
86
82
76
74
80
68
70
78
74
88
70
78
78
72
70
78
74
70
78
70
74
68
82
76
90
80
74
88
90
72
98
88
80
92
78
96
76
72
80
62
70
72
58
64
54
52
64
64
92
128
126
114
90
70
74
66
82
94
80
78
94
80
78
70
62
64
72
62
56
52
66
62
52
66
50
58
44
44
54
52
50
52
48
48
54
44
54
56
50
64
62
66
66
70
74
64
76
86
88
76
98
78
80
84
72
80
82
76
84
78
76
82
80
80
90
74
92
82
80
86
70
78
80
76
80
74
88
84
84
80
94
82
86
84
82
88
78
70
72
70
56
62
66
44
62
78
100
116
134
174
180
176
146
150
130
130
142
158
152
126
118
112
96
86
68
66
70
74
68
70
66
66
70
76
70
64
60
54
46
48
50
52
44
38
46
42
48
44
50
50
64
52
66
66
64
58
78
76
80
76
76
88
74
74
76
78
74
72
76
78
72
80
82
72
66
84
78
76
72
68
80
60
72
86
70
86
82
82
84
90
86
96
90
84
100
72
88
68
62
58
50
58
56
50
72
128
142
168
192
220
248
226
212
212
206
202
206
198
194
168
148
128
112
90
68
70
80
68
84
76
74
84
100
116
112
108
102
88
66
70
56
50
64
56
58
60
56
44
48
40
52
56
70
52
60
60
64
68
84
76
78
92
76
90
84
78
90
72
72
90
74
76
88
76
70
90
70
82
78
76
76
76
74
76
82
72
74
80
74
76
82
80
74
80
80
78
68
62
54
52
48
60
88
104
110
178
200
220
248
274
290
272
264
254
258
256
266
252
230
200
172
130
114
102
88
80
86
76
92
84
100
118
138
156
160
158
154
144
128
102
84
84
92
96
112
100
98
88
72
62
46
48
54
58
64
62
58
64
72
70
68
78
78
82
72
82
84
68
86
72
84
74
82
68
92
74
82
74
72
82
70
76
90
82
86
78
82
92
82
74
106
82
88
104
74
76
74
52
56
52
88
124
138
160
158
224
246
258
284
302
310
304
310
298
298
296
300
290
264
216
178
152
128
120
118
108
108
100
112
118
140
168
188
204
212
204
198
190
174
140
124
126
132
144
168
160
156
138
122
98
78
48
48
58
50
48
44
58
62
72
72
82
72
74
68
76
78
68
86
66
76
72
66
66
84
72
78
70
70
82
72
74
84
80
70
88
74
78
78
76
74
84
78
78
82
56
60
52
58
72
142
204
200
212
206
266
290
296
308
312
318
320
334
326
314
324
308
286
268
210
166
176
170
164
164
166
156
142
140
158
180
214
236
246
260
250
246
244
216
190
172
174
194
202
214
216
204
188
172
136
116
68
50
54
50
46
44
50
50
60
66
70
70
76
82
74
80
78
78
80
72
76
72
76
74
90
76
78
74
78
80
70
84
84
82
96
74
76
80
90
76
86
84
74
86
54
62
56
74
128
192
260
280
288
274
320
326
332
328
318
324
320
324
318
296
314
290
256
234
200
176
196
200
204
204
220
204
194
176
194
242
270
278
272
282
266
264
268
264
234
216
218
242
250
254
252
258
254
230
204
158
118
76
84
76
72
68
54
50
50
62
64
60
68
78
64
70
70
68
74
68
68
76
68
80
80
76
72
72
78
80
70
84
78
94
80
74
80
74
82
98
72
88
82
60
56
60
54
120
198
262
318
340
354
344
352
344
352
344
330
330
314
302
290
266
262
248
232
202
194
204
222
228
246
244
258
248
244
222
224
270
286
288
274
280
266
274
286
292
258
254
254
262
272
284
276
278
284
278
250
202
156
112
118
120
116
108
80
68
56
62
62
64
68
70
72
70
68
84
70
80
74
74
76
94
74
80
72
70
84
74
74
88
80
96
82
82
88
74
84
82
76
74
66
64
58
60
100
184
264
332
370
380
392
382
370
378
372
364
346
330
302
284
254
240
222
212
214
196
208
234
258
270
288
278
284
282
274
262
254
294
300
296
278
278
256
268
280
298
278
284
280
282
286
290
288
286
290
304
284
256
208
172
176
178
182
166
132
106
80
62
52
58
62
64
66
68
66
80
76
76
74
72
78
84
76
72
74
74
84
74
76
80
92
94
102
86
82
76
102
74
78
70
68
72
54
88
144
242
322
372
396
422
422
398
402
404
382
368
342
306
272
250
208
202
198
184
186
196
234
264
288
280
288
276
280
294
280
286
284
292
296
296
280
278
254
264
276
294
294
294
286
300
294
276
278
286
286
294
300
272
254
218
232
228
240
220
190
154
122
80
64
52
62
72
58
76
78
72
96
76
72
94
78
82
88
74
88
82
80
80
76
84
78
90
74
74
80
70
84
72
46
66
52
58
72
124
200
308
366
402
408
434
438
432
422
416
392
374
324
276
244
220
200
200
206
200
204
220
262
286
304
294
288
276
286
268
290
300
290
294
302
308
286
292
280
280
290
302
294
314
296
298
290
286
274
280
286
288
296
296
268
260
272
278
274
262
236
204
178
132
84
60
50
56
66
52
62
72
84
78
74
74
74
82
70
86
78
74
80
76
76
88
78
112
92
96
94
72
76
74
58
72
58
66
100
174
260
376
388
418
434
440
446
422
420
406
384
348
276
250
220
216
218
224
224
226
240
250
276
290
304
294
282
270
272
280
286
292
298
294
308
324
324
312
308
300
298
314
296
312
296
308
300
298
284
284
286
296
288
304
278
284
290
282
282
288
274
252
224
164
112
66
52
50
54
62
68
70
78
78
70
84
78
82
78
78
80
82
86
76
72
80
84
82
90
74
84
80
76
48
58
84
74
80
138
230
322
414
412
430
460
438
434
414
410
388
354
316
252
222
214
230
232
256
256
262
274
278
294
298
294
296
270
274
284
286
290
306
314
296
294
330
326
324
320
332
320
314
294
312
298
316
312
320
314
296
294
286
286
298
296
286
284
282
286
274
290
292
260
216
148
88
72
54
42
68
66
66
84
76
80
90
78
78
84
78
78
80
84
72
66
82
88
78
94
70
80
72
60
58
70
82
78
108
200
302
378
414
446
444
454
426
428
422
382
372
326
268
228
200
232
258
266
286
280
284
296
296
298
300
286
306
290
300
314
288
296
306
314
308
294
332
334
348
332
342
326
332
312
316
300
312
324
330
322
316
308
292
298
306
308
282
272
280
268
266
278
300
288
242
192
126
88
86
72
48
50
72
74
72
80
72
76
72
68
72
70
72
78
70
68
90
72
102
88
84
86
64
58
64
84
92
96
146
252
356
416
440
440
426
444
438
404
388
362
328
292
230
208
222
260
278
288
296
286
288
304
306
298
300
286
290
306
316
322
314
320
318
324
310
298
314
344
364
362
348
344
340
318
306
296
314
352
354
340
334
312
306
296
308
300
290
286
270
276
262
284
304
282
274
230
170
154
134
108
74
60
58
74
86
82
72
88
90
70
72
82
74
82
78
78
78
64
80
76
68
74
60
66
66
84
100
124
192
290
384
426
438
440
444
424
426
398
350
316
278
246
218
218
258
282
302
292
280
286
288
292
302
308
312
284
310
324
344
340
338
328
332
308
308
290
296
330
372
376
362
362
352
336
316
302
306
356
358
348
326
308
308
318
322
314
288
282
288
280
280
274
294
288
276
262
236
216
190
162
114
88
68
70
74
74
80
76
84
82
68
74
68
74
70
68
86
96
80
102
76
76
70
80
96
92
102
154
250
334
408
430
444
442
454
426
406
360
304
278
244
216
218
236
274
290
320
302
266
284
282
280
302
316
324
296
312
322
350
360
354
340
358
320
318
292
298
324
368
374
362
354
348
340
326
306
300
344
356
358
348
320
302
316
312
332
312
318
312
304
286
272
290
282
288
276
276
264
238
208
178
130
80
72
64
76
86
66
82
90
80
72
72
80
76
74
78
82
74
82
62
62
64
90
88
96
132
204
294
348
414
440
450
450
444
408
368
312
272
238
206
208
218
252
292
298
306
302
274
276
270
286
312
312
326
318
300
332
344
368
364
346
356
340
328
298
278
306
326
362
356
356
360
348
334
306
296
328
340
344
334
312
314
320
328
338
328
332
328
318
312
284
294
290
290
290
300
278
286
270
228
170
114
68
62
72
72
68
88
74
82
78
68
78
76
76
88
74
106
74
72
62
84
100
102
102
174
258
320
376
424
422
454
448
424
386
322
264
230
222
214
226
250
278
304
294
296
300
286
296
290
282
298
322
342
316
294
316
326
360
364
354
360
348
326
316
292
288
318
334
346
368
354
360
332
320
304
320
326
334
338
326
324
328
336
352
356
340
330
324
312
286
302
302
282
292
292
292
290
284
266
220
150
86
62
64
66
66
74
82
76
78
76
84
76
78
84
78
72
80
62
58
96
94
108
140
228
292
340
374
424
428
444
430
398
346
280
228
220
226
236
270
278
288
304
300
296
304
300
318
310
320
322
328
360
322
304
286
304
332
368
368
368
362
354
332
308
296
304
314
330
350
364
368
352
334
316
310
314
318
332
332
318
322
332
344
340
348
348
324
320
304
304
296
288
282
298
288
290
298
294
244
188
122
54
72
66
70
74
80
68
88
84
82
92
82
84
92
68
72
50
58
106
82
98
172
270
316
354
376
426
436
432
402
366
298
242
210
234
252
278
278
292
320
308
308
300
280
318
322
338
346
340
346
368
342
304
286
292
316
334
350
360
376
362
342
324
312
296
298
314
326
344
350
348
330
330
318
318
300
322
324
324
342
330
338
336
338
336
316
324
322
322
300
298
280
272
272
280
298
304
266
226
142
62
50
62
60
70
68
72
68
68
76
76
76
78
82
78
58
56
66
108
94
108
216
302
326
358
384
430
432
422
380
336
256
220
214
254
274
286
292
296
312
306
304
306
310
320
324
354
364
364
362
366
350
320
298
292
284
316
314
362
364
364
356
344
330
306
304
310
316
322
324
334
328
332
314
308
286
306
306
314
330
318
336
346
346
344
334
330
318
320
294
298
294
286
282
272
290
292
278
262
180
96
60
66
66
76
78
90
72
76
88
80
84
82
70
70
52
76
66
92
100
136
268
328
332
352
386
416
408
404
350
298
220
214
230
274
286
302
294
286
286
302
316
324
306
324
340
340
362
376
364
376
360
324
310
290
288
290
306
342
362
362
370
358
342
320
314
304
306
306
308
318
330
320
298
292
288
280
296
300
302
314
330
336
344
342
344
348
336
328
306
306
296
288
278
262
296
286
270
258
190
112
86
58
64
64
84
76
80
76
76
82
70
84
80
58
58
88
76
86
92
160
300
340
338
356
394
412
390
390
328
268
202
222
250
282
290
296
276
284
288
282
292
322
308
328
330
328
342
374
378
380
372
336
302
310
288
296
288
314
346
348
366
362
356
336
328
306
304
298
306
306
308
296
298
296
282
272
284
296
296
306
322
334
332
350
340
348
334
316
320
334
320
302
288
260
286
270
272
276
230
156
114
76
68
62
82
80
78
76
82
82
72
78
78
58
66
94
92
102
98
200
326
350
348
378
408
414
376
372
308
248
200
236
262
276
284
290
276
260
266
282
288
310
334
324
310
318
326
364
388
380
372
352
312
300
300
298
304
298
318
338
350
358
368
348
346
332
328
320
320
304
290
278
296
302
278
284
284
294
296
286
310
336
340
338
328
338
332
316
332
328
314
298
290
266
282
272
284
296
256
214
156
120
82
70
74
86
72
78
94
82
82
88
68
68
76
100
92
102
108
244
350
358
352
390
406
402
348
332
272
224
198
244
270
274
290
288
284
280
286
272
288
314
328
344
320
296
304
338
370
396
376
346
326
310
306
304
302
312
320
334
330
338
360
336
346
352
354
342
324
304
294
282
288
306
302
292
306
302
302
286
298
306
326
322
318
314
308
312
332
312
314
318
292
264
276
276
280
304
286
246
212
162
108
80
74
76
84
80
84
90
76
84
72
58
98
108
88
110
112
284
364
344
316
396
406
406
330
306
244
206
206
258
256
266
290
282
288
298
294
304
292
320
340
362
324
306
304
302
372
380
386
372
322
300
316
322
316
318
308
324
320
320
318
330
336
336
350
348
360
324
294
304
306
306
326
320
306
318
302
286
294
294
308
312
306
308
290
306
326
308
306
310
286
288
288
280
278
298
288
282
262
218
146
106
84
76
94
82
76
100
72
90
64
72
88
108
100
110
138
302
354
350
310
392
418
390
316
270
226
200
222
268
282
276
288
280
298
318
318
322
314
330
352
358
334
298
292
294
344
354
378
362
326
310
310
310
324
336
318
306
322
316
308
308
324
320
332
338
336
330
302
316
310
328
326
320
328
322
316
314
296
290
310
310
302
308
314
312
320
304
318
312
292
294
294
282
272
294
294
292
280
244
182
120
72
82
74
76
82
78
74
82
62
76
98
104
112
104
168
318
360
354
314
372
402
366
300
224
208
212
248
286
302
288
286
290
298
308
318
332
346
340
358
376
346
304
300
280
312
350
370
364
320
302
302
306
340
348
310
310
316
294
302
306
310
298
316
326
332
326
320
314
324
320
320
318
322
332
332
314
302
304
304
318
318
316
318
306
328
322
318
320
302
296
296
288
270
278
276
290
304
272
214
154
82
80
76
82
90
82
80
76
62
88
96
114
96
112
200
336
376
344
330
368
380
344
266
208
216
254
284
316
312
302
294
284
298
304
316
324
352
344
372
380
350
304
306
282
294
346
362
372
324
310
312
302
324
322
286
290
328
314
300
296
300
300
314
320
338
342
320
334
328
320
316
304
322
336
314
314
318
298
314
334
324
322
332
318
330
332
328
332
316
300
296
290
276
274
270
282
302
286
232
172
102
70
82
80
80
90
68
72
70
88
114
100
100
114
246
354
378
326
346
380
372
316
226
204
228
276
304
316
304
292
288
284
296
304
316
322
352
348
376
368
358
304
300
300
292
332
362
372
324
308
316
304
310
286
252
276
318
306
294
304
306
304
296
304
326
346
328
340
336
326
320
306
324
336
312
316
324
304
318
322
326
344
348
334
338
344
334
330
320
300
290
284
280
282
280
282
296
290
260
182
122
76
74
82
82
90
70
66
60
112
114
108
98
130
284
358
362
324
348
374
348
282
218
220
260
296
320
310
306
286
292
286
288
294
304
316
342
354
376
382
364
312
294
298
290
328
362
368
324
302
310
306
304
252
216
262
310
316
322
326
306
314
318
298
310
340
348
334
348
340
328
322
324
332
332
320
318
318
308
310
322
348
340
334
350
352
330
326
322
304
300
296
298
294
284
274
302
282
274
204
138
78
72
82
92
82
82
60
74
112
126
100
110
154
316
358
344
322
344
380
326
260
218
230
284
314
320
296
294
280
294
282
288
304
302
300
306
342
368
384
360
318
290
296
294
324
358
364
336
314
314
300
278
220
208
244
294
296
314
322
320
326
310
314
304
346
346
350
348
358
346
332
344
338
334
340
330
314
314
314
304
318
324
320
336
328
326
330
324
312
318
314
316
304
288
262
294
278
268
214
146
68
76
72
80
78
76
68
94
110
120
98
102
186
342
368
334
308
344
412
334
260
198
238
302
340
318
294
282
282
302
296
294
312
308
304
294
328
338
364
362
326
292
322
314
318
364
364
330
302
312
308
282
218
218
248
284
284
324
326
318
328
332
322
312
330
342
348
352
350
364
350
340
356
344
336
350
330
318
302
300
312
308
294
320
306
308
318
314
306
314
302
302
300
294
274
278
290
270
210
156
74
82
80
76
100
72
68
88
108
118
90
104
236
364
378
336
326
368
414
338
248
204
252
312
326
308
290
278
290
286
286
300
308
326
308
304
304
316
362
360
320
306
312
322
342
372
356
310
298
308
298
278
242
242
274
274
314
318
320
318
332
340
320
320
326
328
322
330
346
352
346
344
340
334
346
362
334
322
308
292
304
306
292
282
300
298
294
306
302
306
298
302
300
298
266
288
292
282
216
148
100
68
74
76
86
70
64
104
108
114
102
120
288
364
368
350
356
384
398
342
240
210
264
306
302
314
298
298
308
322
316
320
328
346
320
308
306
322
356
354
320
324
330
326
344
378
350
310
318
324
304
302
294
282
298
288
310
318
310
316
322
330
314
310
306
318
306
320
322
336
354
330
320
324
330
342
348
356
334
308
300
300
296
294
296
284
294
308
304
296
308
298
302
302
284
280
290
300
238
178
134
86
72
92
78
92
84
106
116
100
106
152
322
362
378
358
368
414
410
350
238
224
254
290
292
304
314
314
324
326
326
336
346
352
322
322
316
308
338
358
330
330
334
336
352
362
330
302
314
324
316
310
316
326
298
294
316
330
308
312
308
316
314
312
316
304
310
316
320
330
330
320
314
316
314
332
350
344
348
336
324
318
306
304
302
300
306
318
304
288
300
286
280
284
280
290
284
290
264
204
144
108
76
82
88
80
90
96
116
96
104
184
350
380
372
366
376
414
392
336
230
204
248
288
278
298
298
318
322
326
334
338
358
374
340
330
318
316
312
326
306
322
332
328
346
360
328
312
326
322
314
304
316
328
318
310
326
332
310
314
314
326
318
328
340
304
316
322
330
332
330
318
296
308
302
306
324
334
356
354
340
338
328
326
314
310
318
326
306
302
300
298
288
290
284
286
286
292
268
230
182
124
80
74
86
70
90
106
116
108
106
210
370
386
368
348
392
410
370
306
216
216
252
282
298
294
316
300
324
326
320
350
374
368
336
346
330
312
306
326
304
306
312
320
332
328
312
318
348
332
306
318
350
340
332
320
332
330
326
322
316
316
314
330
328
308
306
326
324
326
334
334
292
304
300
302
306
322
340
352
348
350
344
340
326
324
328
326
314
316
302
300
296
288
280
280
280
290
286
258
212
150
88
96
78
90
96
106
118
106
106
252
364
374
362
310
390
396
340
262
192
234
256
302
312
312
312
308
322
322
320
332
344
352
344
344
316
314
312
304
290
312
318
308
314
332
310
334
358
336
306
310
332
334
322
320
344
336
348
332
320
312
330
332
328
322
328
338
344
346
324
340
304
312
314
316
304
306
312
328
340
348
350
352
348
352
364
350
344
330
314
296
298
282
274
278
266
280
308
276
218
168
76
86
84
80
94
98
110
98
108
284
364
378
354
302
384
382
310
232
198
240
284
320
322
292
298
294
324
320
318
332
332
332
344
352
312
310
310
312
308
310
310
312
304
308
304
334
338
326
310
306
310
326
320
330
352
342
364
350
336
334
332
332
326
324
328
326
348
346
336
324
304
322
332
312
300
310
308
306
312
324
346
354
356
350
362
352
342
326
312
292
296
286
288
274
272
288
304
282
240
172
78
84
104
78
90
112
104
104
110
272
372
386
326
276
346
374
296
194
208
260
300
326
312
300
290
284
302
310
318
332
330
336
344
334
292
314
310
320
326
324
324
332
316
316
320
338
338
328
308
314
312
302
308
326
350
346
380
366
338
326
336
350
330
336
310
318
338
340
330
316
314
326
340
316
306
298
308
302
308
308
318
320
332
334
350
352
332
326
312
304
300
308
282
290
276
276
300
282
240
184
86
98
84
80
92
110
94
102
104
264
364
382
330
286
336
358
256
186
220
288
326
336
312
298
290
298
302
312
326
324
340
340
328
316
314
298
330
336
338
344
340
332
324
316
328
328
340
322
318
318
318
302
330
328
348
344
344
346
312
280
326
332
324
336
328
316
312
336
318
308
320
328
316
302
288
320
302
296
292
298
306
312
314
314
322
316
314
326
320
310
314
318
308
284
292
284
282
280
238
180
82
96
84
86
76
90
96
98
100
240
374
376
342
310
332
334
242
192
234
282
328
324
300
280
286
286
306
320
326
352
352
352
324
316
302
316
342
342
348
344
342
344
328
322
334
330
308
308
320
328
304
310
314
322
334
350
320
330
284
252
326
360
350
336
328
296
322
320
318
306
322
312
280
268
260
310
316
300
292
292
292
292
292
292
296
306
306
306
302
306
314
308
286
286
280
268
284
272
216
168
84
80
86
70
86
96
102
100
100
200
366
378
336
342
328
340
216
198
248
306
326
312
286
274
288
286
302
316
322
344
336
342
324
330
318
334
344
344
354
334
330
344
338
344
344
330
306
312
310
320
302
314
314
320
326
330
282
286
258
220
324
336
332
326
316
304
304
316
308
314
314
310
248
222
246
316
318
298
288
286
284
286
290
290
296
288
284
294
310
320
322
308
306
294
284
272
272
258
220
154
82
76
84
70
86
102
104
98
104
178
362
388
354
364
322
350
224
208
246
300
324
318
292
300
314
318
314
322
318
328
348
354
344
340
342
338
340
344
352
326
326
342
350
356
352
330
308
312
326
338
324
324
328
316
320
338
278
254
234
212
318
338
310
316
318
318
326
306
316
304
314
294
216
192
208
304
312
300
296
294
288
292
296
292
300
292
294
304
314
314
322
316
302
302
292
284
276
246
204
128
80
92
80
84
80
94
110
94
106
152
356
382
364
362
328
344
258
212
248
282
300
306
290
300
312
318
314
320
324
318
336
340
356
348
350
340
342
346
342
326
334
348
362
354
346
336
308
308
334
338
320
340
330
320
304
320
250
256
254
258
318
324
312
312
334
322
346
326
328
324
302
288
210
186
222
290
296
296
300
302
302
308
312
304
314
312
314
306
308
304
312
300
298
288
298
300
266
234
200
104
74
90
76
76
106
84
116
102
110
116
328
384
368
364
338
348
284
228
246
270
292
306
306
298
312
310
322
330
336
332
328
340
376
372
356
356
346
348
340
326
336
346
368
366
348
330
308
324
326
328
314
344
314
310
306
300
252
256
260
268
314
294
304
310
330
324
332
344
326
324
320
278
210
214
240
296
292
296
298
302
314
328
336
340
336
326
322
314
316
302
304
292
290
306
300
294
284
238
182
112
82
82
90
70
102
86
112
112
118
102
284
398
394
372
346
360
310
248
230
244
286
306
312
310
322
316
326
336
328
342
348
362
374
352
336
352
356
352
354
334
340
344
366
374
362
322
306
334
342
350
334
334
336
312
312
288
270
242
256
286
304
306
298
310
316
316
332
324
312
322
310
280
228
228
262
288
316
314
306
312
330
340
344
354
342
336
340
330
322
296
304
302
284
288
304
312
292
246
186
102
74
70
78
68
70
106
112
114
118
110
240
386
396
368
372
372
332
236
222
248
274
298
304
324
334
334
328
334
352
344
354
358
360
338
344
358
372
360
372
354
360
358
356
362
358
332
322
328
356
348
330
322
314
324
330
294
282
288
290
306
300
280
308
302
318
308
320
334
320
310
308
296
272
278
294
306
326
324
318
332
354
350
340
350
346
346
344
322
320
308
310
286
286
278
300
312
292
254
200
116
80
80
68
84
88
82
114
114
118
106
182
368
404
386
390
380
324
236
210
240
286
318
318
310
320
322
314
316
336
352
360
368
354
336
330
354
378
382
356
358
362
368
368
366
330
328
314
328
352
346
332
306
318
314
336
300
304
308
322
320
316
300
316
322
312
286
308
330
318
306
314
322
290
296
316
318
336
342
348
336
336
346
348
356
336
340
332
338
312
304
292
298
286
272
292
294
294
272
216
128
68
76
86
74
96
82
112
114
116
96
144
340
410
396
414
408
314
212
214
232
296
340
332
322
312
312
316
320
336
346
358
344
338
320
328
358
374
372
342
342
354
374
370
348
318
322
318
326
340
338
324
304
316
318
334
304
312
312
322
320
304
292
312
316
300
290
318
330
312
304
322
338
310
314
324
340
338
330
330
326
338
336
326
322
316
324
320
320
314
314
304
296
292
286
290
304
294
276
220
130
76
74
72
72
82
78
106
108
108
108
122
296
400
398
388
390
316
214
210
230
314
348
344
320
304
320
308
318
328
338
356
334
324
316
322
352
386
372
340
342
356
382
382
352
308
330
328
344
322
344
324
328
328
328
332
314
328
326
330
318
312
308
330
332
308
312
336
334
324
312
326
330
318
322
332
340
334
324
318
304
308
306
300
298
310
304
304
308
314
310
312
312
294
272
294
284
286
268
208
120
88
88
76
88
78
80
100
104
100
114
106
230
362
404
382
378
322
226
196
246
308
362
348
320
292
288
310
314
332
334
340
320
306
328
332
366
376
352
326
332
340
360
376
360
326
328
342
334
338
348
338
330
344
332
330
328
334
336
340
318
308
318
336
334
314
316
326
322
308
324
326
344
330
348
340
334
300
312
310
296
290
296
292
290
302
294
300
306
310
304
308
318
296
290
274
292
276
260
198
110
70
86
74
84
92
86
92
114
106
118
108
172
302
384
384
380
332
260
194
254
326
346
344
300
290
300
306
312
332
324
324
310
310
344
348
374
370
344
322
324
330
350
382
374
330
328
346
336
338
336
322
324
346
326
332
336
324
328
342
320
314
334
342
336
328
324
320
326
310
334
344
340
340
326
336
314
296
310
298
294
286
300
292
290
290
296
306
310
308
314
304
306
300
276
286
274
274
240
164
90
72
88
76
88
80
80
78
96
98
114
110
122
242
358
372
364
354
308
202
252
314
344
336
306
300
298
336
338
330
316
322
312
330
348
356
364
370
342
314
308
320
344
380
370
330
334
340
352
334
328
294
312
342
326
340
344
310
312
328
320
322
340
336
322
324
316
312
324
308
314
322
320
336
318
338
320
310
310
294
302
298
304
302
308
308
302
308
314
314
318
308
312
300
302
276
288
258
212
136
82
82
86
76
86
84
94
88
86
100
116
114
100
180
328
376
364
364
328
220
246
306
316
320
300
310
322
338
344
340
322
324
320
338
352
368
376
376
340
310
306
322
344
376
370
344
326
330
330
344
298
266
274
334
326
340
342
308
308
312
322
332
338
332
310
314
306
312
320
314
316
302
330
314
340
318
312
302
308
310
324
332
324
328
330
324
302
308
306
310
306
306
322
294
290
280
260
232
170
100
84
82
86
86
86
82
84
80
76
102
104
100
96
124
270
364
370
360
338
248
224
282
302
304
302
304
310
326
330
334
328
328
348
352
368
378
390
370
328
300
306
328
340
374
380
336
326
330
320
316
244
220
248
324
322
332
334
314
316
306
328
328
326
324
300
302
300
314
314
318
304
310
302
300
334
326
320
324
328
332
332
350
338
348
340
312
298
310
288
292
288
296
310
290
298
272
256
212
146
90
98
70
84
96
76
90
80
88
74
84
104
106
94
98
222
318
380
382
370
304
232
268
270
308
296
302
310
324
350
328
330
334
348
356
366
390
378
372
320
308
318
348
360
372
382
332
328
322
310
304
206
202
226
312
306
320
328
308
310
318
338
336
316
308
308
306
300
322
332
322
300
316
304
302
316
348
334
344
344
350
340
366
360
348
338
320
304
296
286
282
284
290
318
314
310
274
242
190
110
90
74
72
72
76
74
84
86
88
80
84
94
110
100
96
148
244
362
392
380
336
270
256
280
284
302
308
314
342
332
320
332
332
334
340
358
382
366
350
310
294
330
328
370
372
378
330
322
330
318
284
196
202
226
302
302
308
330
326
320
334
340
328
304
294
324
322
316
326
342
332
312
322
318
312
312
334
332
338
328
334
334
356
348
346
350
318
302
286
272
268
274
282
314
308
302
278
226
172
86
88
76
84
86
80
96
82
84
88
80
82
86
102
100
96
108
188
296
388
370
360
302
270
248
266
286
318
336
340
344
328
322
316
328
330
340
362
364
342
294
312
324
342
360
386
360
324
310
332
322
272
212
228
252
308
306
316
326
338
344
344
342
324
304
312
320
338
320
338
336
344
332
328
324
312
312
330
342
320
316
328
320
334
334
334
332
320
312
292
274
266
270
274
314
316
314
276
216
132
76
80
82
74
72
76
82
92
86
94
84
88
94
98
100
90
102
130
234
332
368
364
338
286
252
264
268
322
336
354
334
326
326
316
316
318
340
358
354
334
298
318
336
346
366
382
350
318
304
328
316
272
250
270
292
316
338
324
334
352
350
372
350
322
312
306
330
334
340
340
332
322
338
336
332
320
320
320
320
316
316
326
316
322
328
328
320
306
316
310
302
292
284
270
300
308
308
264
198
106
80
84
84
70
66
78
78
82
86
84
82
88
82
90
88
98
88
94
176
272
338
366
366
316
244
250
274
338
338
340
342
314
318
310
314
316
334
342
338
314
306
322
350
350
370
374
354
310
312
328
306
278
280
300
324
332
342
352
346
358
360
366
362
328
314
306
344
342
344
328
318
326
348
338
330
320
326
326
324
320
306
308
304
308
312
316
318
304
312
310
304
304
298
276
298
298
296
266
178
106
80
92
80
78
76
72
88
82
100
90
96
98
82
102
92
96
92
96
120
216
278
336
376
334
276
232
254
324
356
356
330
312
312
312
330
326
330
324
330
312
316
350
356
374
364
378
352
302
320
332
302
292
302
322
348
350
360
352
362
354
330
346
342
318
322
336
350
346
332
326
310
318
344
342
350
342
336
332
332
334
326
322
312
314
318
314
312
312
308
306
296
304
298
280
288
290
280
242
150
86
74
82
78
80
78
76
78
80
94
92
90
96
88
92
88
82
106
90
98
140
226
272
354
366
300
248
242
302
350
336
330
316
338
342
344
334
342
330
328
322
332
360
368
378
376
376
334
298
322
334
314
316
326
348
364
368
352
352
346
324
316
316
328
306
336
350
356
334
340
340
328
328
344
338
346
338
328
338
350
342
346
336
316
314
316
300
290
302
304
316
302
308
290
272
270
284
260
208
132
84
86
90
96
76
78
88
76
88
80
98
78
90
102
76
82
100
94
84
92
90
174
222
300
344
340
266
244
290
312
352
322
328
342
346
354
336
334
322
334
328
330
354
364
378
382
374
308
302
320
336
326
338
344
366
372
362
348
334
320
298
312
324
330
334
340
356
344
348
334
352
338
336
356
352
352
342
328
342
352
362
356
338
320
314
308
290
292
298
300
320
296
292
272
270
276
268
222
178
100
88
76
78
76
68
74
70
72
88
96
94
92
102
84
106
106
84
102
92
88
96
138
174
228
304
360
302
268
274
328
338
330
332
324
336
338
328
322
322
338
326
330
344
350
362
370
346
308
312
332
342
350
354
364
360
368
354
322
310
312
296
312
320
322
346
354
362
348
346
346
350
352
348
350
360
344
338
332
332
342
366
372
344
322
322
304
296
298
298
312
304
294
286
270
266
260
228
192
142
106
84
90
96
80
82
80
80
86
86
94
92
92
86
78
92
102
94
92
80
90
106
96
138
182
240
312
310
290
286
298
330
332
330
322
328
326
324
322
328
344
336
312
318
338
356
362
336
302
318
346
356
376
374
376
370
362
332
310
306
288
316
306
336
338
356
352
354
326
350
354
362
360
348
342
344
342
332
324
328
354
336
344
326
310
310
290
286
286
296
312
322
290
294
260
256
230
206
148
110
80
76
80
74
84
68
80
88
82
94
92
98
98
90
104
84
102
124
92
96
98
102
100
106
118
174
244
298
310
292
302
300
314
310
312
328
328
336
324
322
326
308
322
316
316
346
342
312
318
340
352
370
374
366
378
352
340
314
302
298
316
324
338
362
354
352
338
336
308
338
354
362
368
348
346
344
346
326
314
310
332
332
334
324
314
318
302
298
292
292
314
330
288
298
258
240
192
168
108
92
82
88
86
82
86
70
78
82
78
86
88
84
94
92
102
90
98
108
84
96
80
96
112
92
94
112
176
234
294
296
302
302
292
296
304
324
328
340
326
318
316
308
306
308
318
328
330
314
314
356
370
368
378
376
372
364
328
316
298
312
324
338
354
380
362
340
318
316
310
326
358
358
364
334
346
348
344
330
322
314
318
332
324
318
308
320
310
306
296
304
324
330
302
298
264
216
160
118
86
82
82
84
78
90
64
78
76
78
86
90
108
84
104
104
90
114
108
100
102
96
90
116
104
98
112
96
104
184
230
272
280
278
282
278
296
326
344
352
332
320
310
322
312
326
344
324
316
320
342
356
348
368
364
368
364
334
304
296
312
340
362
366
380
358
354
336
304
308
324
336
366
362
348
328
342
344
330
328
328
328
320
326
322
324
310
326
320
320
312
308
318
312
298
282
242
168
112
90
86
86
72
78
74
86
68
74
74
78
82
88
94
90
94
100
90
96
96
114
104
92
108
90
102
86
96
102
92
118
176
228
226
248
256
262
288
328
364
362
340
322
306
330
330
332
338
322
326
326
344
350
354
352
360
360
338
326
296
318
324
362
362
360
372
360
358
322
300
318
330
344
356
362
336
322
332
332
320
324
318
322
314
302
310
322
304
318
312
316
316
316
316
310
296
272
218
140
94
80
88
94
70
88
86
74
92
76
84
86
78
94
84
98
90
98
100
86
94
114
96
92
102
84
112
88
88
102
84
92
126
170
190
198
222
236
264
306
358
348
336
328
316
336
346
366
360
314
340
356
348
330
330
336
344
336
328
310
318
324
328
348
370
338
372
350
334
304
312
322
326
336
344
352
328
306
322
320
316
318
318
320
310
306
320
332
302
318
310
312
314
306
304
296
278
236
178
108
84
74
76
82
74
84
82
66
84
68
74
76
72
98
104
92
96
96
90
108
114
100
106
94
80
126
90
94
100
94
94
94
92
136
136
166
176
188
224
280
352
342
336
328
316
330
348
348
342
330
354
344
334
310
324
322
344
322
312
300
322
334
334
346
344
360
364
350
322
298
326
314
318
326
346
344
320
306
328
320
318
312
320
320
312
330
342
344
306
324
314
308
308
302
302
284
264
200
146
82
80
94
82
80
86
74
74
80
68
78
78
82
86
86
94
96
86
90
92
98
98
102
92
88
88
104
86
90
94
102
74
96
102
112
84
126
142
148
184
256
310
342
330
342
332
338
338
358
338
336
368
350
328
312
318
338
324
318
300
318
338
346
326
322
328
340
352
338
318
306
338
322
304
322
338
334
326
310
328
322
322
332
328
332
320
318
326
330
308
318
304
304
296
284
280
250
208
158
106
86
88
76
82
80
72
82
64
78
80
74
80
82
76
98
94
108
86
100
102
100
88
120
84
94
102
100
114
90
92
104
86
98
90
92
96
90
108
118
144
200
280
306
312
326
336
346
336
332
346
354
366
344
320
316
326
332
338
306
308
324
354
340
326
310
306
318
330
330
308
318
334
324
286
314
310
324
320
312
332
336
328
344
336
332
316
320
324
324
316
306
298
288
280
248
244
200
168
122
76
82
80
74
86
76
82
76
74
72
78
70
72
72
66
88
100
84
90
86
94
106
84
104
84
92
90
106
102
88
94
94
94
92
82
100
96
96
98
104
120
170
230
276
296
326
334
342
344
328
338
350
374
352
328
322
332
338
342
308
304
336
358
312
304
296
298
316
320
332
314
338
342
312
288
300
310
318
326
326
340
348
332
350
346
338
328
326
344
326
308
308
294
262
254
230
200
166
132
98
78
78
88
84
82
72
86
70
82
78
74
80
78
78
80
94
110
92
106
92
96
120
104
104
92
100
90
110
98
92
106
96
96
88
86
100
86
96
100
88
88
126
170
226
260
300
308
316
312
326
342
366
374
336
332
338
344
352
346
318
310
352
356
322
306
304
310
322
308
310
304
344
338
318
306
322
320
324
322
318
332
328
332
324
346
320
332
328
332
316
292
300
264
224
206
188
142
120
96
82
82
72
80
78
78
74
68
72
70
74
74
70
68
68
70
92
80
104
92
96
84
98
94
120
82
98
92
90
112
86
96
106
92
94
98
86
100
84
102
102
86
92
140
174
220
250
276
294
296
312
324
360
368
344
342
344
350
348
346
314
324
360
352
320
302
310
312
324
322
314
326
344
340
308
320
312
330
320
326
320
316
340
320
338
326
326
332
334
310
310
306
276
226
192
160
136
110
84
88
86
80
86
78
78
92
90
70
88
74
70
86
78
78
80
80
98
86
96
94
102
86
98
94
116
84
88
84
96
106
88
90
96
86
86
86
86
94
82
80
106
88
84
104
126
172
200
222
232
266
292
312
352
352
350
328
340
338
342
330
314
328
364
350
330
318
328
322
330
338
318
330
356
342
334
324
338
332
350
348
320
318
326
330
312
324
314
324
306
302
296
282
220
180
136
108
96
86
78
82
80
76
78
74
82
78
82
78
74
78
72
66
66
70
74
78
100
106
82
104
104
92
110
100
104
98
96
90
118
100
102
100
102
102
94
86
104
90
92
76
94
88
94
84
100
134
162
168
192
216
246
290
332
332
348
350
340
330
342
324
318
326
358
352
332
330
332
338
340
348
322
328
336
332
326
338
338
344
342
332
324
320
326
326
302
318
312
306
278
290
266
234
176
138
96
86
86
84
86
80
78
78
72
80
88
74
80
84
70
84
80
64
72
76
80
78
86
96
86
94
100
84
94
86
96
80
94
98
98
102
90
90
88
90
84
76
92
94
70
84
96
94
92
94
78
100
106
120
130
148
190
238
292
322
322
322
330
326
328
330
306
326
336
342
338
334
324
342
340
342
318
328
350
336
314
328
326
346
342
326
306
304
318
316
294
302
298
272
262
242
220
194
148
98
78
84
80
94
74
80
82
70
84
78
74
88
86
70
78
78
68
86
72
76
78
74
90
88
110
94
108
100
86
94
112
86
102
96
98
114
94
88
102
94
100
78
84
100
74
88
110
76
92
90
80
92
88
86
98
98
162
194
230
286
298
316
310
324
312
314
324
310
354
340
334
324
334
322
322
334
316
330
332
340
314
324
328
334
324
324
312
302
296
282
252
240
244
232
224
204
170
148
98
82
70
82
78
84
68
78
76
68
70
68
78
78
72
66
78
80
78
76
72
70
70
68
92
90
92
98
96
86
96
74
88
94
90
92
102
98
88
88
82
104
92
80
88
84
92
80
88
94
98
88
94
88
70
92
84
94
116
146
188
224
248
272
286
290
298
296
296
298
320
320
338
332
320
328
316
332
314
318
320
328
308
312
308
314
308
308
306
288
268
238
214
208
202
188
174
160
132
106
88
82
78
74
86
82
72
88
86
74
74
82
88
74
90
80
76
80
78
70
86
82
78
80
92
92
94
96
96
84
106
74
92
94
90
98
96
88
92
82
84
94
98
76
92
88
88
84
90
86
86
78
80
80
74
82
80
82
82
104
138
166
200
228
236
236
248
250
242
266
292
306
300
302
296
308
310
314
320
308
310
314
300
306
302
310
298
284
258
244
222
180
158
156
144
136
126
110
96
78
86
72
72
74
74
76
70
76
72
70
64
70
72
70
90
74
72
76
66
78
68
70
70
70
88
94
112
86
98
88
96
86
106
92
94
96
92
96
92
86
102
84
102
74
96
100
78
92
100
82
92
100
86
90
94
72
104
86
92
98
100
124
152
170
194
196
196
198
190
212
256
272
282
290
298
294
288
280
290
266
266
268
262
266
264
274
258
236
222
206
180
132
112
110
92
92
94
88
88
80
90
70
70
82
80
82
80
78
76
80
72
78
78
82
92
72
78
78
68
84
70
74
76
76
88
94
114
84
92
90
84
80
90
90
84
80
94
92
78
88
94
88
86
74
90
84
76
82
72
76
84
84
76
74
72
70
80
70
78
80
72
88
108
118
142
140
144
140
138
156
200
218
224
244
258
258
236
244
232
214
214
222
224
220
216
224
214
198
176
150
118
80
74
76
62
70
70
82
82
74
78
74
72
78
74
68
66
74
72
72
68
82
76
66
72
66
66
68
74
64
72
72
72
74
98
106
110
106
94
104
100
84
92
100
90
94
100
90
90
94
88
100
98
84
94
88
88
88
84
92
96
88
86
82
80
96
84
96
84
84
82
72
82
86
98
90
100
90
96
122
146
174
186
200
226
214
200
200
182
164
156
168
176
172
172
176
160
146
124
106
88
72
72
76
72
86
78
78
70
74
74
76
70
78
74
74
68
76
74
74
72
80
70
74
80
76
74
70
78
76
76
76
76
78
82
96
96
92
90
90
92
78
96
90
88
92
92
88
86
86
84
84
100
74
90
84
80
88
86
78
94
92
86
86
76
80
82
88
80
86
88
78
82
88
88
88
84
80
80
96
102
126
130
142
176
158
158
138
132
126
106
118
126
122
130
130
110
100
86
82
78
74
72
68
70
80
94
80
70
80
82
78
74
82
74
86
76
78
76
78
78
74
72
84
92
76
78
70
64
78
76
78
80
76
86
108
116
82
108
86
88
90
100
88
88
80
98
106
80
100
98
84
98
74
102
84
88
98
100
80
94
88
80
84
74
82
94
70
84
86
76
80
76
84
76
94
72
86
78
76
74
80
82
102
124
120
102
84
78
90
70
82
86
74
78
82
74
80
78
74
68
70
70
68
72
74
82
74
70
70
72
76
76
72
70
76
62
78
76
68
72
70
76
62
80
66
66
76
68
68
72
70
68
68
96
100
92
104
94
90
92
90
88
110
82
84
106
84
108
94
86
102
82
90
94
88
84
88
88
96
86
94
98
84
80
92
82
88
74
88
88
74
88
90
86
92
82
82
84
88
86
86
74
82
98
84
84
84
88
96
72
82
94
74
76
82
84
86
76
82
74
76
78
82
76
80
78
84
80
70
70
88
78
74
76
80
78
78
74
74
76
76
72
76
84
76
74
80
74
76
76
72
76
84
92
102
94
112
92
90
88
86
82
98
84
78
98
82
96
90
90
94
88
78
88
84
76
84
82
86
82
88
90
82
76
86
76
68
76
76
78
76
66
80
74
84
76
76
76
80
76
78
70
76
88
78
78
76
74
78
74
80
90
70
72
78
76
78
76
80
72
74
76
78
72
76
84
78
72
72
74
80
70
72
74
76
74
74
72
72
72
70
70
72
80
72
66
74
72
76
68
64
68
76
94
96
104
102
102
80
92
86
90
100
102
88
104
96
98
102
94
88
94
74
90
94
80
96
84
82
90
88
90
88
80
84
82
72
86
84
88
90
72
86
74
86
82
80
78
82
76
82
76
80
88
78
82
78
74
76
80
80
88
72
74
76
72
76
80
82
74
76
76
78
70
74
86
78
70
74
76
80
68
72
76
74
74
72
72
72
72
68
70
68
78
74
68
72
70
78
68
64
68
76
92
98
94
104
92
84
92
94
86
92
98
84
96
92
92
94
88
84
88
70
84
94
80
100
84
76
96
86
84
88
78
78
72
74
72
82
88
80
76
76
74
84
84
80
78
84
76
82
78
80
80
72
78
76
80
82
84
82
88
74
76
78
76
82
82
86
76
78
78
80
72
76
78
82
76
70
72
86
76
72
78
72
74
70
76
76
72
66
68
64
78
80
74
74
70
74
70
68
72
80
