92
102
126
98
130
90
92
114
102
94
110
94
84
112
80
110
94
94
98
90
88
88
92
104
88
72
90
76
76
90
88
84
82
76
84
76
66
70
68
66
70
60
60
68
56
56
72
62
62
68
54
58
66
58
78
64
70
66
68
58
60
62
70
66
68
78
70
82
70
70
80
68
76
78
82
96
90
82
94
80
90
88
86
88
76
94
80
84
82
94
100
84
84
92
82
84
86
96
82
86
96
88
96
96
102
102
88
96
94
100
100
114
88
92
96
90
98
96
90
108
86
86
98
80
86
84
80
78
72
74
92
80
82
88
84
88
74
60
66
52
70
56
52
58
54
56
66
56
56
62
48
56
58
60
74
70
60
66
72
66
60
58
62
60
64
72
64
74
62
64
70
62
86
76
86
98
110
82
98
92
82
110
74
90
96
90
98
90
90
100
86
106
118
86
102
94
94
100
86
92
98
84
106
98
106
100
88
90
82
92
90
94
82
86
84
94
88
84
88
94
76
82
80
80
74
72
76
76
64
70
76
68
68
66
70
66
54
50
50
50
52
48
44
50
50
48
50
42
42
48
38
46
42
48
54
58
42
46
50
56
52
54
52
48
54
56
54
56
48
54
54
50
64
66
68
84
90
80
88
86
84
90
74
84
80
88
88
76
84
84
82
86
102
82
94
90
78
82
72
76
86
82
116
88
118
98
90
102
96
96
102
92
90
104
88
112
90
82
98
92
82
88
84
94
76
72
76
82
66
74
72
70
72
62
66
56
48
50
42
50
44
48
48
48
46
42
42
46
46
46
48
50
46
48
44
48
52
52
48
54
48
56
52
48
52
50
54
52
52
58
54
54
54
66
64
80
82
84
84
86
88
74
88
86
82
108
94
90
96
88
106
86
94
102
94
98
92
96
90
86
88
86
94
78
94
94
80
94
84
84
82
94
82
80
86
78
86
76
82
100
74
78
86
64
76
76
58
74
60
58
74
62
58
62
50
54
54
42
48
42
48
50
48
42
40
42
48
58
62
58
64
60
62
56
50
48
50
52
50
52
42
48
50
54
52
50
60
56
62
66
58
58
54
50
56
66
76
58
64
74
72
80
76
78
86
96
92
86
100
86
82
94
104
100
92
82
82
90
90
74
98
92
94
92
90
98
88
88
88
94
84
96
94
84
90
82
94
90
90
106
74
92
78
78
80
70
62
68
58
58
64
56
50
54
48
52
60
64
66
66
72
70
68
58
60
66
72
84
92
90
96
86
88
78
70
60
52
50
50
52
48
54
56
56
50
54
66
62
70
72
62
62
64
62
60
62
58
56
56
58
66
72
70
76
82
94
102
88
88
90
92
104
92
80
90
98
86
92
96
78
72
78
86
80
90
84
86
82
84
84
80
76
86
84
76
90
76
72
84
76
62
76
52
74
68
46
60
54
48
52
42
44
46
48
60
58
76
102
100
114
112
106
102
86
82
94
106
122
138
142
142
132
122
106
88
70
70
62
60
58
58
56
54
48
56
64
74
74
86
84
78
74
76
76
62
62
42
66
56
50
58
42
62
66
68
98
106
90
100
84
92
84
90
98
92
84
84
84
90
78
84
106
90
80
100
88
82
90
94
82
90
88
84
86
88
92
84
72
90
82
84
72
74
62
64
46
50
50
48
42
52
48
40
64
76
96
128
152
172
176
178
166
156
128
114
134
162
188
206
220
212
204
180
158
128
102
92
86
90
84
82
74
78
76
56
68
78
80
96
90
88
84
96
76
68
62
56
64
66
58
60
52
58
52
68
90
90
82
84
80
100
86
84
78
80
78
88
80
84
76
92
94
80
86
82
98
74
86
94
86
82
96
80
90
100
76
80
76
84
78
68
70
66
60
60
40
40
46
58
60
64
68
62
84
112
158
186
226
244
246
238
236
214
184
180
196
224
256
268
276
268
252
238
214
172
144
114
116
122
118
118
112
98
88
86
68
74
72
86
92
86
80
96
84
96
78
56
70
74
70
58
62
56
52
58
86
84
90
82
92
84
88
92
84
88
90
82
98
96
84
104
98
82
96
84
86
86
76
74
86
84
74
86
80
84
88
80
66
70
72
64
60
56
58
48
50
56
68
78
90
96
102
92
120
162
212
244
274
278
272
290
282
268
234
226
246
266
300
294
306
302
290
278
256
220
194
172
182
182
192
176
168
136
120
102
84
82
70
80
86
90
88
92
84
92
80
70
90
88
80
70
68
64
60
58
72
70
80
74
80
86
76
78
82
74
80
84
74
76
78
104
102
86
92
96
88
86
84
78
88
102
74
92
94
76
104
76
70
72
66
58
56
52
46
40
60
74
102
128
150
144
136
142
168
206
254
286
310
310
304
308
312
296
280
270
278
304
316
308
316
316
312
310
294
264
240
224
240
236
252
240
230
204
180
138
112
98
70
74
74
84
82
88
88
94
80
78
94
98
96
80
78
74
72
62
62
60
70
72
84
94
80
80
90
82
84
100
90
92
94
100
96
88
84
96
96
78
92
80
82
84
82
76
88
76
80
66
68
70
58
50
50
46
44
58
102
138
168
200
216
218
218
198
214
248
290
318
326
312
306
304
304
318
300
294
312
312
322
312
304
304
310
324
312
290
270
268
286
284
288
288
276
264
232
184
146
118
82
82
74
82
78
72
76
88
86
94
100
100
102
86
84
84
84
74
66
60
60
56
76
74
74
76
78
88
80
78
90
88
78
108
94
94
98
90
100
88
90
92
100
82
102
88
84
102
74
66
58
58
54
48
46
54
74
110
144
184
218
272
280
288
280
264
260
284
312
328
320
302
298
292
308
312
314
314
320
328
318
304
288
290
302
318
308
300
290
290
312
310
308
310
306
300
268
228
180
140
108
106
90
94
86
80
72
76
78
100
100
98
98
90
88
92
92
86
76
66
50
56
66
64
72
74
78
92
86
84
96
94
86
92
96
80
90
86
86
84
80
82
82
88
84
84
78
84
70
64
56
50
44
44
52
76
112
148
194
248
276
310
300
320
318
304
284
300
308
306
296
284
280
284
292
314
308
316
332
314
306
298
286
296
300
310
298
304
304
300
320
306
308
302
322
320
306
272
224
174
146
136
120
112
98
92
78
76
74
96
92
98
98
92
92
96
94
92
84
76
48
58
50
60
58
62
74
78
88
86
76
80
90
90
106
90
88
98
90
86
86
92
80
102
86
88
92
78
74
54
50
48
46
54
74
104
144
216
260
304
322
336
320
334
324
326
312
336
332
320
314
308
296
294
308
308
308
324
334
326
308
316
310
322
314
314
306
316
314
316
320
304
300
292
314
320
324
302
270
222
204
188
178
162
140
104
92
88
80
94
92
104
100
94
92
96
96
94
86
86
62
66
56
62
58
56
72
80
92
88
76
80
90
96
90
100
84
86
84
80
74
88
82
78
92
78
82
80
54
52
46
52
72
92
104
134
184
256
300
332
332
318
302
324
322
334
320
344
328
312
322
330
322
322
324
314
300
320
344
338
334
334
332
340
322
320
314
322
310
306
300
296
288
290
300
312
322
310
298
262
256
242
242
224
198
162
130
98
66
78
86
108
102
96
92
96
96
94
86
94
76
70
70
62
62
58
66
92
94
84
92
88
82
92
88
80
88
76
86
86
78
76
76
76
72
64
68
54
54
52
56
74
110
126
144
182
228
284
320
342
322
298
298
310
308
326
330
330
322
330
326
332
342
332
338
320
324
346
348
352
354
354
360
348
342
328
322
334
338
308
296
296
306
284
286
302
308
314
302
288
284
282
278
262
242
202
166
124
84
68
78
104
94
84
96
88
92
92
80
90
96
78
84
66
64
56
58
66
84
80
78
76
78
86
114
84
98
102
82
94
88
82
82
92
78
80
66
58
60
66
90
132
160
182
220
236
264
310
328
354
316
294
298
304
312
330
356
356
344
336
336
344
358
360
352
322
324
344
354
370
372
370
362
364
334
326
332
340
342
322
306
310
312
312
306
296
300
314
324
318
302
306
322
312
284
254
204
154
118
92
74
90
96
90
102
96
102
104
94
100
100
96
100
86
84
72
68
74
88
82
86
90
88
84
94
82
78
94
82
74
78
70
74
72
70
66
56
44
58
102
132
182
230
256
276
280
298
330
334
352
316
310
312
320
328
330
366
368
366
354
348
352
364
376
362
336
344
348
352
380
380
374
366
356
338
322
354
354
356
334
332
316
318
332
306
302
300
322
316
310
312
318
318
318
324
290
246
192
146
110
74
78
84
78
92
88
94
96
92
98
98
94
100
92
94
82
70
66
72
72
84
90
86
106
88
100
82
96
98
84
88
86
86
72
74
72
70
64
92
138
204
242
288
306
314
324
314
326
336
330
318
324
326
342
340
342
370
372
380
368
348
352
364
384
366
348
368
364
358
382
376
372
362
352
332
340
348
374
358
354
348
348
332
330
314
300
324
324
318
304
296
298
304
314
328
302
274
224
170
130
84
76
78
76
92
98
104
104
98
104
104
98
102
96
96
90
82
72
62
66
80
88
84
88
92
86
78
90
74
90
82
80
76
68
56
62
50
78
116
182
254
292
326
332
328
336
332
334
350
338
338
336
344
356
360
378
390
396
392
374
342
346
356
380
352
336
364
370
360
374
362
352
352
336
350
348
370
380
376
360
366
352
350
322
298
310
324
330
324
304
284
282
296
310
318
310
290
248
200
158
104
86
86
74
84
94
102
100
94
94
92
102
102
94
86
88
88
80
56
60
70
82
86
88
110
92
84
108
86
98
90
82
82
72
64
58
60
108
164
234
282
324
340
334
326
320
342
332
352
354
346
330
344
346
370
364
368
388
390
386
374
370
360
352
338
336
360
366
356
358
354
340
334
354
356
380
386
390
396
378
360
356
342
308
306
310
334
336
308
294
294
290
286
296
310
308
306
274
220
180
138
116
98
94
90
94
96
92
92
98
98
106
106
102
96
100
98
88
58
50
58
72
82
92
100
98
80
98
98
88
82
76
76
56
62
52
78
140
208
270
322
350
328
314
328
320
336
332
362
368
358
340
346
350
374
362
348
374
386
384
382
362
340
326
340
350
358
360
352
346
350
348
358
370
380
386
390
374
388
380
364
342
336
320
316
338
352
342
314
306
312
306
304
304
298
300
318
300
250
218
190
164
126
116
110
114
108
92
86
94
106
98
96
100
98
98
90
82
56
54
58
68
78
100
96
112
90
84
96
92
80
84
70
56
54
70
102
186
248
294
336
342
322
306
310
318
338
330
370
368
364
352
340
356
362
358
332
356
380
368
374
354
346
314
338
348
338
342
344
330
336
350
374
378
386
394
374
370
370
362
344
336
326
330
328
342
360
358
324
318
330
322
316
310
294
304
322
318
288
264
234
206
168
132
136
150
142
106
82
86
102
104
98
100
96
94
84
86
72
60
62
64
68
88
130
96
84
96
90
98
86
78
72
58
72
90
132
220
266
314
340
336
326
302
318
324
328
334
366
388
396
372
366
376
370
360
346
358
368
368
354
358
322
338
350
328
342
326
328
324
346
364
376
368
362
368
348
354
350
344
324
314
326
336
354
342
364
352
344
336
342
332
304
300
308
310
316
324
308
274
274
252
222
178
146
176
188
142
106
86
102
98
96
100
96
110
88
88
76
80
60
64
68
96
94
100
84
86
98
86
92
64
56
72
98
130
180
240
290
320
334
342
328
330
340
356
358
350
374
390
410
404
368
382
362
364
348
358
376
358
338
334
324
326
346
360
332
310
334
348
346
370
358
348
346
346
324
328
326
334
312
326
334
354
366
372
380
364
358
348
334
316
316
320
302
306
312
318
310
292
306
288
258
220
184
188
222
200
152
122
100
98
100
104
96
98
92
94
86
88
70
68
64
106
104
114
88
86
106
86
84
82
76
88
132
174
216
276
314
330
340
340
340
328
356
356
370
362
384
398
414
412
408
402
390
386
372
376
386
348
332
330
340
360
364
360
360
338
344
340
330
340
360
354
336
336
320
318
332
328
318
342
354
354
370
376
378
372
362
344
334
324
318
320
320
306
308
308
300
296
316
306
282
242
200
194
252
272
226
172
116
90
94
100
100
92
102
100
96
92
82
72
62
78
106
90
78
90
94
92
84
84
84
134
188
238
280
304
338
342
336
348
336
342
358
364
378
384
404
416
406
428
406
426
406
396
392
396
388
342
342
340
354
362
370
376
356
348
370
328
330
330
334
336
336
342
324
316
340
340
336
350
368
372
390
380
372
364
348
346
342
318
324
344
324
312
308
304
294
294
310
310
302
258
204
196
256
312
294
226
168
118
98
94
102
96
106
100
100
102
102
86
72
90
108
96
94
100
90
86
86
78
120
166
252
306
318
350
352
350
338
346
338
350
358
360
370
392
390
416
410
406
408
392
414
384
388
402
392
352
356
358
364
368
378
372
344
362
364
354
330
332
336
358
352
334
350
360
340
338
358
382
372
372
362
368
372
342
340
332
332
334
338
342
334
306
300
300
292
296
300
304
318
288
228
200
244
326
336
290
238
184
128
92
98
98
102
100
104
96
104
90
78
88
80
104
90
84
96
82
82
106
152
218
288
332
346
356
362
342
344
350
352
342
348
344
356
368
368
388
374
382
368
384
388
368
370
386
392
354
362
374
380
398
364
374
358
364
362
344
330
332
336
366
384
362
366
378
366
354
368
364
360
356
354
340
336
332
314
318
338
340
346
352
330
308
306
306
300
300
288
290
310
292
246
196
228
324
354
342
300
238
162
92
94
98
100
102
104
100
110
100
96
96
94
108
90
78
90
76
64
122
194
262
330
364
358
354
340
338
342
364
356
366
348
358
356
358
354
356
348
338
354
354
354
354
358
370
394
342
360
380
386
380
376
370
368
358
354
356
340
340
358
366
384
386
398
394
370
346
358
344
356
330
346
330
330
310
320
324
336
356
366
354
332
334
328
324
310
310
288
280
298
282
250
202
204
296
348
362
348
294
218
112
104
96
104
102
100
100
106
96
94
90
110
84
94
98
78
86
74
154
224
310
358
380
372
338
324
344
346
352
366
378
372
362
346
358
346
330
342
342
334
350
334
348
362
376
408
344
368
386
384
392
378
370
348
380
368
372
360
350
354
354
374
360
364
376
360
340
338
330
338
316
330
328
318
312
310
328
366
380
364
354
350
348
338
328
310
314
292
280
294
292
260
220
184
260
332
358
378
356
284
144
116
90
104
102
98
102
104
94
96
88
98
94
86
96
76
72
62
180
240
334
360
378
356
340
334
348
358
364
384
390
400
372
370
356
356
344
334
334
360
344
348
352
356
372
406
368
370
396
388
386
374
378
366
382
378
374
364
356
352
350
354
340
346
350
342
332
330
322
320
316
320
310
306
320
336
342
364
376
384
366
350
346
336
326
314
320
298
286
308
302
276
238
194
228
282
348
376
360
330
200
116
98
96
98
104
90
108
92
92
96
88
110
94
86
86
72
64
196
272
324
352
368
352
328
360
360
376
380
386
392
416
396
390
382
376
354
368
368
364
362
370
388
386
396
414
384
382
392
378
388
390
394
382
388
376
384
372
360
354
346
350
342
346
342
334
334
328
320
340
338
310
312
320
338
348
354
370
380
376
358
346
340
324
318
318
320
300
302
306
312
296
258
222
218
254
314
376
384
368
248
142
96
100
98
102
92
108
96
98
84
90
102
94
86
80
88
76
208
242
342
346
352
348
348
356
370
380
382
392
400
420
412
414
402
396
372
396
396
372
380
386
402
404
396
386
370
366
370
376
378
388
414
398
396
384
368
360
346
350
344
342
336
340
338
342
334
338
332
322
332
320
330
322
340
350
358
370
378
356
342
334
336
316
336
318
294
288
292
308
312
308
286
258
228
218
264
352
380
382
302
180
104
108
108
102
94
106
100
98
86
106
102
86
96
76
98
108
206
280
330
324
348
346
338
358
376
382
384
394
398
408
402
404
428
408
428
416
414
416
392
408
398
392
384
362
352
360
372
380
372
392
394
388
386
368
376
356
352
360
352
342
332
334
330
344
356
318
322
306
334
326
326
338
346
358
366
374
376
340
330
328
322
322
324
316
296
286
304
296
306
306
308
282
252
202
228
316
378
382
342
218
104
100
108
94
94
102
100
98
88
92
108
78
98
84
106
150
226
276
356
332
344
352
346
358
364
378
380
382
382
394
396
386
404
410
416
410
404
400
394
390
376
358
358
350
344
364
378
368
358
370
388
378
374
372
362
354
370
378
370
356
350
354
342
354
358
286
296
296
334
318
324
350
358
374
374
372
364
320
316
324
312
316
336
306
292
294
284
286
298
304
314
294
266
208
210
290
380
382
354
262
100
94
104
94
96
100
102
100
86
82
102
84
92
86
138
182
242
298
362
344
364
336
358
358
360
364
366
368
364
366
374
370
374
392
380
394
382
368
384
366
352
358
342
340
356
372
374
378
364
378
360
356
348
342
366
358
358
370
368
350
346
356
342
348
326
260
264
264
308
308
338
348
368
384
368
354
338
304
312
330
334
354
346
312
296
282
290
288
280
296
306
304
268
224
198
262
370
380
352
306
126
104
102
102
96
96
104
100
92
102
100
94
94
100
174
228
294
338
356
340
340
346
342
366
372
364
362
368
354
338
346
348
358
350
366
366
354
368
350
360
338
358
330
332
354
368
368
382
364
366
356
350
346
346
350
346
364
374
370
346
338
352
336
338
306
222
228
244
294
308
344
354
374
390
358
340
322
304
322
348
360
348
336
300
294
296
290
292
278
288
296
300
274
240
200
242
364
382
356
328
174
102
96
98
98
94
104
98
80
98
94
82
96
132
194
284
320
356
352
336
342
350
362
354
368
368
366
366
352
340
348
344
348
350
346
362
350
360
360
356
358
350
334
358
358
384
398
380
364
364
342
348
352
352
358
346
362
360
350
324
324
348
332
324
296
198
222
236
294
332
346
350
372
390
348
328
310
302
326
354
372
360
350
326
312
304
308
310
294
286
290
286
282
250
214
240
360
376
356
320
208
94
100
102
102
94
106
96
92
90
92
94
100
162
218
308
346
376
350
352
346
350
348
360
372
376
388
374
372
344
340
338
334
342
342
346
376
380
370
370
346
358
352
372
372
368
384
374
382
370
344
348
356
370
358
338
338
348
336
318
322
350
320
318
286
240
248
262
292
332
342
352
380
370
328
320
296
324
342
364
372
366
348
334
332
314
316
312
298
294
290
278
270
244
226
248
352
370
366
346
258
104
106
92
94
104
104
96
92
104
80
100
100
184
260
348
364
368
346
334
342
330
340
356
378
400
414
406
400
386
364
346
348
344
362
358
372
390
380
360
324
326
344
372
370
352
364
370
380
360
344
354
366
380
370
356
334
346
336
332
340
356
334
324
318
288
286
284
308
336
340
356
378
352
322
300
320
320
348
364
360
368
350
334
328
316
320
304
296
292
294
286
272
238
210
238
342
376
374
336
308
130
104
98
92
104
108
104
84
104
82
102
100
196
268
346
358
358
340
316
334
340
354
358
372
396
412
428
410
394
370
372
364
366
358
372
370
376
390
308
274
290
340
354
356
350
354
352
356
346
324
364
376
376
376
342
350
342
318
326
348
358
348
330
334
320
308
298
312
334
338
362
382
356
308
308
316
334
354
392
360
358
336
330
320
308
310
304
302
290
294
288
276
236
202
238
306
376
358
344
300
150
80
106
90
102
106
100
94
100
94
92
104
210
278
354
368
348
334
338
350
352
352
368
370
406
422
430
414
416
400
396
384
370
364
370
370
386
372
260
230
248
330
352
356
348
346
358
356
340
346
374
380
408
396
386
368
348
324
336
364
366
352
332
350
338
322
314
320
334
336
358
368
340
314
320
334
338
360
382
354
336
320
322
312
310
300
302
300
292
308
306
294
248
192
208
300
360
362
352
320
186
96
102
92
102
104
100
92
96
94
90
102
206
274
342
354
350
348
344
358
374
370
362
366
392
408
416
420
422
408
396
382
374
360
364
374
380
348
230
190
228
326
348
352
350
346
356
340
350
354
384
378
398
402
388
386
368
354
352
370
370
352
350
352
334
322
332
334
342
342
352
376
338
308
326
326
352
370
370
330
314
316
312
306
322
300
296
298
296
310
304
292
256
204
206
268
342
360
366
326
220
98
94
98
104
104
100
96
108
92
106
104
192
262
322
346
332
340
352
372
368
378
374
364
370
386
396
408
404
406
410
392
398
372
376
382
360
328
228
202
250
330
344
360
370
358
348
350
352
378
394
388
394
372
362
374
372
356
348
362
364
342
344
334
320
310
340
348
354
348
344
356
328
328
346
344
356
366
342
318
296
308
308
306
318
302
304
280
290
314
318
306
272
222
198
236
332
370
364
342
248
104
102
100
104
102
98
94
96
84
92
88
164
246
314
344
348
354
358
364
370
382
362
352
364
370
358
366
380
394
398
400
388
392
374
372
356
300
252
266
296
338
362
378
374
364
366
360
364
372
390
396
348
362
344
324
352
342
350
362
356
322
314
334
332
312
338
350
350
334
326
334
326
318
350
326
350
344
326
312
298
314
326
320
306
304
308
294
294
302
312
306
286
244
198
222
332
352
374
342
300
110
98
94
98
98
98
96
86
104
94
98
156
230
304
356
364
356
380
364
374
380
366
366
360
352
348
352
358
368
382
408
400
400
396
394
370
334
298
294
336
356
362
362
360
366
374
354
360
380
390
390
298
324
320
292
348
338
350
358
348
322
312
336
344
312
328
344
340
316
312
322
312
322
336
348
338
334
304
302
314
336
348
336
308
310
294
288
278
282
308
318
308
268
204
214
322
376
386
364
314
130
98
96
100
100
98
90
100
90
112
84
150
236
322
360
370
364
372
360
360
370
372
358
364
356
340
350
342
342
364
390
400
408
400
398
356
342
320
332
354
362
354
352
358
362
348
358
358
370
390
358
234
272
286
284
342
334
330
352
344
330
318
350
350
340
324
352
336
318
314
324
320
310
328
316
338
330
312
314
330
342
368
334
318
306
312
292
294
296
306
306
304
268
218
220
338
370
388
360
336
156
92
104
98
102
102
100
104
90
116
92
162
244
322
380
378
364
364
366
362
372
370
380
394
376
354
350
350
342
354
356
376
394
404
394
356
344
342
342
354
358
348
348
356
348
336
362
354
366
364
338
220
252
288
264
322
314
334
344
348
326
318
352
362
332
330
328
338
304
306
322
316
318
316
322
312
322
328
332
348
356
352
340
314
300
314
316
310
292
316
286
296
286
232
244
348
376
378
362
342
180
98
104
98
102
102
90
98
94
108
104
186
282
342
394
382
356
344
356
352
366
366
394
400
402
380
384
352
342
342
352
358
390
402
396
372
364
334
358
366
368
350
344
346
332
332
356
356
318
342
320
228
252
276
278
314
326
338
360
346
340
328
342
354
336
324
326
332
322
326
330
346
322
312
310
314
314
346
346
354
352
358
324
330
312
326
318
294
304
308
276
304
276
250
268
360
392
384
376
360
212
94
104
98
102
102
90
96
94
112
106
202
304
362
396
382
348
334
348
348
364
370
396
420
424
388
396
376
374
354
330
354
380
382
408
376
364
356
366
370
370
350
346
342
322
332
352
358
328
330
318
240
272
280
290
320
324
350
348
342
338
340
352
344
330
310
340
336
342
332
354
338
336
322
308
316
338
340
356
340
350
340
320
320
314
320
316
310
312
304
292
282
266
250
306
384
406
390
380
378
252
102
102
98
104
102
104
100
88
126
114
222
318
380
388
376
338
338
354
362
368
372
390
414
416
428
416
396
372
368
344
338
356
382
402
378
364
366
374
374
374
362
372
368
336
342
360
358
350
344
312
306
294
304
298
322
336
360
348
342
346
356
356
348
328
330
340
348
354
354
348
338
328
328
330
330
324
346
352
338
334
324
326
320
304
322
316
312
310
302
296
280
276
282
336
398
418
404
386
394
286
110
100
96
102
102
94
86
86
100
112
224
332
364
380
370
340
356
376
386
384
378
392
418
414
410
402
398
392
382
352
352
334
356
378
372
334
352
356
368
370
366
380
366
334
340
370
358
362
340
336
332
326
312
302
324
350
360
354
336
346
354
336
334
320
336
338
348
360
364
344
342
326
338
320
340
322
340
346
332
318
326
318
320
302
316
324
306
312
306
276
268
256
284
350
396
424
416
396
400
310
110
96
92
100
100
98
94
104
98
116
220
334
350
378
368
352
370
388
392
392
384
388
392
398
398
408
380
394
396
370
366
364
366
350
358
350
356
344
370
370
368
380
362
336
348
362
376
362
360
340
328
330
326
326
348
356
372
348
348
344
358
348
336
326
340
358
362
372
356
338
340
340
320
334
340
328
332
344
320
322
314
312
298
304
294
304
310
294
310
288
248
258
286
372
394
420
408
392
394
330
118
98
92
96
96
94
88
88
118
100
206
304
348
362
356
352
362
374
370
382
376
368
372
366
368
374
368
392
402
386
362
368
350
342
332
340
340
336
364
360
360
378
362
344
354
360
360
360
356
366
350
338
348
338
350
354
350
340
334
340
352
322
332
336
346
344
346
366
356
332
312
330
342
336
348
334
320
330
330
314
312
312
306
302
306
312
322
314
306
310
252
248
300
378
390
422
410
400
392
338
114
102
94
96
94
106
100
84
122
94
184
270
328
352
354
352
362
370
376
388
378
354
360
368
346
360
352
374
384
388
382
354
318
340
350
336
334
344
346
368
366
378
354
346
358
364
354
354
364
374
346
344
366
366
346
330
344
336
334
322
338
332
334
360
360
350
358
360
352
336
334
336
350
356
350
326
326
334
332
316
330
312
290
290
300
300
318
318
308
306
252
246
298
398
398
420
402
382
384
352
144
98
102
100
92
92
98
98
104
116
148
224
306
330
354
356
356
374
376
368
368
364
362
356
342
340
356
360
374
384
360
356
332
338
342
358
364
352
362
364
360
350
356
346
360
362
370
352
358
354
328
354
370
376
362
344
336
330
336
338
348
336
338
352
358
360
354
352
366
346
344
346
344
360
354
334
324
344
334
310
312
312
294
292
286
284
304
310
316
294
252
246
294
390
414
398
402
378
374
340
176
96
98
98
90
102
92
98
110
98
112
170
262
312
344
368
364
368
372
360
354
362
362
386
362
362
356
354
352
388
354
346
328
350
366
382
364
366
376
370
366
346
362
358
366
360
340
344
356
344
332
336
376
360
358
352
342
336
330
332
334
344
358
374
372
360
358
362
370
354
360
348
354
356
372
342
326
324
320
308
308
324
308
298
278
286
322
300
304
300
264
246
324
406
408
398
378
354
356
340
220
94
98
100
100
114
92
96
128
96
110
144
244
290
352
376
370
376
368
356
364
366
376
392
390
368
372
362
358
392
356
344
350
376
372
380
388
368
370
376
370
364
364
368
370
360
352
336
342
328
332
354
374
380
368
354
350
338
322
328
342
350
358
376
368
338
354
372
364
354
360
348
356
350
372
340
324
316
322
314
312
324
314
308
298
306
316
290
298
284
262
262
338
400
414
400
378
364
356
366
260
98
100
102
102
92
88
88
100
108
90
98
212
280
340
384
394
364
352
374
360
370
390
406
426
414
406
396
376
392
378
362
360
366
376
380
374
374
376
386
380
388
380
390
382
366
364
350
346
330
338
358
374
374
352
328
342
330
322
334
358
370
368
368
360
332
350
376
378
368
356
354
344
358
358
348
332
328
334
328
328
322
316
308
310
314
316
294
294
282
264
286
364
414
422
416
374
368
378
350
300
102
100
100
98
98
106
96
96
114
88
84
196
266
350
386
390
362
336
358
356
376
394
412
418
424
396
408
390
404
364
348
372
374
388
392
378
368
378
378
378
380
386
390
384
366
346
352
346
342
352
346
370
326
312
290
324
326
332
342
362
362
386
366
342
322
338
358
378
376
352
344
340
352
358
356
346
330
328
324
332
322
320
308
302
304
310
290
278
276
270
308
392
434
430
412
382
378
364
364
310
108
104
100
100
106
106
92
108
100
102
100
180
264
348
392
388
350
336
364
362
378
402
414
428
416
394
388
388
414
398
380
376
374
390
396
366
370
386
380
388
390
390
390
394
370
368
346
336
344
348
358
356
304
280
258
298
322
334
352
368
368
396
366
334
314
334
354
378
372
342
318
332
334
356
342
336
328
312
310
316
316
322
314
298
306
292
292
288
272
300
366
408
426
414
426
404
396
378
380
304
116
108
102
96
106
100
86
108
94
106
96
144
256
352
394
376
356
354
374
390
396
396
408
394
402
376
382
390
396
392
372
366
388
396
396
376
372
382
384
400
406
388
388
400
398
378
374
360
362
346
332
354
264
232
218
270
314
324
350
368
386
374
330
316
300
324
352
374
380
340
316
322
334
348
332
316
320
304
316
322
328
326
312
280
288
286
284
284
286
330
380
408
414
438
414
410
390
376
370
288
110
102
96
92
104
104
86
106
112
102
108
132
238
336
386
370
354
372
382
392
402
386
386
404
384
370
364
388
390
410
392
376
390
398
386
378
380
404
404
396
392
384
380
404
396
398
376
376
358
350
346
328
254
224
228
248
298
340
356
372
382
380
328
322
306
328
352
378
384
340
318
324
330
328
324
312
318
294
288
316
330
324
316
286
292
270
290
302
300
340
388
402
402
400
412
390
374
352
352
264
106
110
98
90
96
86
90
108
86
108
98
114
204
320
374
388
356
368
372
384
394
384
388
378
392
376
386
376
392
396
394
398
406
410
400
380
388
410
390
410
386
372
370
374
402
402
390
386
368
350
342
328
266
246
252
266
306
342
362
382
376
370
322
312
308
328
354
366
390
354
324
330
326
322
304
294
284
282
288
292
336
334
316
294
292
280
286
318
298
358
386
394
376
390
394
384
358
364
338
212
98
96
96
88
120
92
102
136
102
110
94
124
176
290
346
374
354
364
370
376
384
390
374
380
368
380
386
390
402
394
390
396
406
402
390
384
402
394
412
402
392
370
360
362
372
382
396
396
386
366
348
330
284
266
274
284
320
344
356
364
376
358
314
308
316
332
362
374
386
356
336
324
336
318
308
298
294
288
294
312
312
342
314
292
294
278
296
328
320
370
390
382
374
374
364
382
370
384
332
168
94
82
94
84
100
94
94
112
100
90
88
106
126
226
306
344
356
362
370
368
398
380
366
368
380
380
384
392
400
386
372
386
428
418
384
376
392
406
402
410
390
368
360
356
366
376
396
388
384
374
362
346
324
300
294
290
320
342
360
370
382
352
304
306
316
330
366
386
382
368
330
326
320
318
296
298
308
308
302
308
330
338
316
310
288
280
322
352
340
358
384
386
392
370
356
382
386
382
314
130
106
86
102
86
106
100
100
110
104
94
98
112
102
168
256
300
330
344
356
376
382
390
392
374
368
380
382
394
394
376
374
386
426
418
386
372
378
402
396
400
398
376
356
348
344
352
382
394
398
382
364
348
340
318
310
296
320
336
364
378
378
354
304
304
306
326
362
380
384
370
350
324
336
318
310
306
308
316
306
316
336
336
322
314
306
288
320
372
366
376
378
380
386
364
350
384
388
366
276
104
94
72
88
72
120
94
102
118
98
96
96
108
110
134
190
246
284
330
352
396
406
384
376
366
384
372
376
392
392
364
382
394
410
410
394
368
364
376
396
386
416
398
366
354
338
332
350
378
392
384
380
378
336
314
306
296
322
334
362
372
372
358
314
308
306
334
364
366
352
354
330
326
324
328
312
312
314
324
318
338
324
332
322
300
306
306
354
388
384
372
384
402
388
362
344
404
402
344
224
100
88
78
92
82
102
98
102
96
92
96
100
86
98
106
136
186
246
318
364
402
390
412
374
366
360
388
388
380
384
350
380
402
420
422
402
362
348
372
368
402
422
412
396
370
342
334
338
374
394
394
390
382
354
322
306
292
322
332
366
378
378
360
322
314
318
336
362
354
336
336
330
316
326
324
320
312
312
320
328
320
336
316
314
312
324
328
370
386
396
382
390
396
408
378
362
418
402
290
158
96
84
88
96
94
98
110
98
94
126
92
114
98
96
104
116
130
198
286
368
398
402
398
362
372
400
380
392
372
374
358
390
394
402
394
386
376
352
352
378
396
424
416
408
390
342
340
322
350
372
392
402
386
356
330
320
306
326
326
362
378
390
356
320
314
324
322
348
338
318
322
316
310
316
326
322
314
322
302
320
324
312
306
312
324
340
358
374
390
382
390
376
380
400
386
388
404
376
234
118
94
74
88
86
86
102
90
94
94
94
100
94
84
100
98
96
120
136
244
338
394
390
396
382
380
398
388
384
358
380
360
392
392
378
388
396
376
354
354
360
380
426
402
412
392
354
332
336
352
378
392
394
392
368
336
316
314
332
328
352
380
382
374
338
308
332
324
344
318
316
306
310
312
318
332
326
312
308
310
314
316
304
288
316
348
358
364
378
376
380
376
368
392
410
404
386
386
288
184
92
96
78
80
88
88
110
100
110
98
98
108
94
94
110
106
102
122
104
208
320
382
388
382
368
354
398
374
364
366
378
368
384
372
364
362
370
384
334
350
352
382
412
432
414
396
366
342
334
332
370
394
396
390
382
346
326
312
332
322
352
360
360
364
336
318
330
314
336
320
302
320
306
308
310
324
346
308
296
296
308
290
294
298
326
376
382
376
368
370
376
380
382
408
410
404
346
304
234
134
84
88
76
78
84
78
98
110
102
98
100
98
102
94
90
104
114
112
114
164
274
342
386
374
374
390
382
370
356
376
376
370
368
346
344
354
364
380
346
350
358
384
404
420
400
398
366
336
340
330
346
374
398
390
382
356
322
328
332
336
356
358
354
344
336
318
328
328
328
334
326
308
326
308
314
354
338
322
286
276
288
308
322
310
350
370
380
372
374
366
384
366
388
400
408
380
312
238
164
98
88
80
80
84
98
88
90
108
96
92
96
92
100
92
92
100
104
94
108
128
226
300
338
374
382
374
374
358
350
376
386
364
356
342
338
358
376
378
334
342
356
380
392
394
388
404
386
352
336
332
354
372
368
376
380
358
330
320
344
320
344
336
328
334
316
320
328
328
334
336
328
328
316
320
324
338
348
304
286
290
284
314
358
332
364
380
378
378
364
368
370
374
400
408
388
320
230
152
94
96
84
76
76
80
94
74
106
104
116
96
98
114
94
102
102
100
102
124
100
118
178
232
304
340
336
366
362
354
354
388
390
354
340
344
346
354
370
386
334
364
366
390
374
376
368
384
382
332
330
350
344
372
364
362
364
374
330
328
330
326
320
314
304
312
328
322
328
344
326
338
332
334
346
326
320
346
332
298
288
288
318
330
358
362
388
380
374
374
382
374
396
376
392
356
298
252
170
112
82
96
74
84
78
82
94
74
100
96
106
90
94
106
90
94
98
92
94
108
90
96
128
172
256
256
290
320
350
318
364
380
384
360
332
338
358
370
372
388
344
364
366
378
368
358
364
384
376
346
334
350
338
354
324
336
340
366
346
318
336
330
326
302
296
318
318
324
334
340
340
332
334
330
338
324
318
328
306
288
280
308
334
350
386
378
378
374
376
384
380
382
368
358
340
292
248
188
104
72
86
98
90
74
86
88
96
80
98
102
98
102
102
102
106
94
90
90
110
108
114
106
106
124
176
216
244
260
300
318
356
380
382
372
348
350
368
388
384
382
364
368
374
360
348
332
342
372
386
328
328
360
346
360
324
318
326
352
342
328
322
336
322
294
308
316
320
316
332
342
334
328
342
330
324
324
322
312
296
292
300
320
344
374
388
376
390
380
376
376
380
362
338
304
274
210
160
122
88
74
84
80
80
68
68
72
82
80
100
94
100
100
96
98
96
90
102
86
102
104
94
110
100
96
136
146
184
218
246
290
346
382
382
366
360
372
360
370
376
368
356
380
386
366
332
350
344
376
380
322
328
368
358
346
308
320
326
332
342
338
330
336
332
302
314
330
332
334
344
338
340
330
332
324
326
310
306
302
284
298
300
334
378
382
388
392
390
404
408
382
348
318
272
246
204
146
106
100
96
80
90
86
72
102
78
82
90
92
110
86
120
96
98
118
94
100
102
100
108
118
98
106
96
90
108
96
118
166
170
230
294
372
378
374
358
356
370
360
360
352
362
372
378
346
338
358
342
370
394
330
328
372
346
348
314
318
318
324
330
358
322
342
326
304
326
332
340
332
344
338
320
306
336
312
308
308
290
294
292
308
328
364
396
398
390
366
384
368
360
340
288
248
214
170
132
94
86
84
94
70
90
84
76
78
78
78
78
78
98
96
98
98
100
100
110
96
94
102
114
96
104
100
102
100
110
102
106
108
126
198
238
330
362
370
356
352
368
360
358
348
370
370
396
352
338
356
344
386
374
330
344
370
382
330
312
330
332
334
352
340
322
352
332
314
328
328
336
334
344
334
318
306
316
306
304
316
318
318
312
336
358
394
390
402
374
346
336
314
300
272
220
174
148
104
96
78
88
86
82
80
84
100
80
84
90
90
88
86
98
92
100
94
96
100
106
100
86
96
96
98
96
108
102
110
98
104
94
108
100
128
186
270
302
340
352
350
354
332
334
344
358
368
378
366
362
354
362
368
384
358
334
380
374
356
316
328
332
348
344
344
322
330
340
328
328
324
332
328
324
310
302
304
300
314
316
322
334
340
348
388
406
408
382
366
318
288
254
244
238
196
164
120
102
88
76
90
86
86
82
84
72
90
74
78
84
82
82
80
112
94
118
100
100
112
102
110
112
98
96
124
94
116
104
104
120
106
106
116
108
114
124
196
250
290
308
322
334
310
310
328
350
354
376
368
354
352
360
372
370
348
352
380
360
364
354
354
342
336
342
346
310
332
326
334
326
318
324
326
322
308
290
284
296
332
348
352
362
374
386
406
384
358
310
296
266
222
212
174
154
134
96
94
82
86
76
88
82
80
84
80
76
84
82
80
78
78
78
80
100
96
106
100
96
96
102
98
112
88
102
112
102
104
106
96
94
108
100
94
108
116
104
154
180
222
242
258
276
262
272
290
334
334
348
358
352
358
354
348
360
334
358
376
348
358
350
350
354
334
334
338
308
338
330
318
322
318
314
302
288
282
282
294
330
354
362
360
358
358
364
354
334
282
266
234
192
150
130
100
104
84
84
80
76
100
70
88
92
84
84
80
86
92
88
78
90
88
86
88
102
100
110
108
104
100
110
108
100
98
114
104
110
110
118
112
94
120
104
100
100
100
100
108
120
166
188
200
216
210
224
236
276
312
328
356
344
340
352
340
350
326
354
332
362
364
358
338
342
320
314
322
308
310
326
302
292
300
302
294
274
258
244
262
294
302
308
314
304
294
314
300
252
212
182
172
124
90
100
76
78
78
78
72
78
76
78
80
78
80
70
74
70
80
70
64
82
76
72
74
102
90
118
104
100
108
102
114
98
104
110
108
94
106
104
102
120
100
108
108
104
120
104
98
112
130
138
156
178
170
176
180
234
252
288
298
310
334
324
320
324
338
334
320
326
354
332
326
332
310
324
312
304
304
292
298
276
270
250
246
244
228
202
216
248
258
264
268
252
228
244
228
182
134
110
106
88
88
80
74
82
76
92
74
80
78
76
88
72
88
78
88
76
88
78
84
80
78
78
80
104
90
118
104
98
106
100
112
106
92
104
118
88
104
104
90
108
110
100
100
96
98
98
94
100
96
94
112
124
104
120
142
170
202
234
252
276
288
288
264
274
290
292
292
302
314
310
308
292
310
294
284
272
274
252
242
228
226
208
204
196
176
156
190
200
206
194
184
172
148
162
142
100
88
84
92
88
74
74
78
74
76
76
78
78
76
76
86
70
86
72
78
78
84
72
76
70
72
78
84
110
110
102
112
100
100
118
94
110
104
100
104
124
100
108
114
108
118
102
108
108
90
110
110
106
108
96
98
112
104
108
118
116
148
186
190
234
230
220
242
220
248
238
228
250
268
254
266
260
252
252
234
232
224
202
208
180
172
164
170
150
142
116
128
152
128
118
106
98
92
82
94
88
80
80
84
80
74
72
72
70
66
76
74
76
74
76
76
76
86
72
82
76
86
82
72
74
70
80
78
100
96
112
92
88
102
86
98
100
88
96
100
98
108
94
94
104
96
98
88
102
92
96
94
92
88
86
106
94
92
94
88
110
116
134
156
174
176
178
182
174
186
184
180
184
204
208
208
212
218
202
194
182
180
150
160
128
132
114
116
108
86
86
80
84
90
82
84
84
80
82
70
84
80
80
80
80
80
78
74
72
72
80
78
82
78
76
78
74
74
66
72
76
80
76
70
70
66
78
78
112
104
130
108
104
120
100
120
110
92
108
112
96
120
106
94
116
96
114
100
100
124
90
106
102
96
94
114
98
96
102
96
104
96
96
120
130
122
134
132
130
134
134
138
136
154
162
164
162
174
152
144
134
132
110
116
90
90
92
86
86
82
78
82
74
86
80
80
82
82
84
72
72
78
82
80
74
74
80
78
68
70
76
68
76
70
66
70
74
66
68
72
76
74
72
74
76
68
76
72
100
96
104
108
96
100
110
98
110
96
106
110
100
106
112
96
98
104
102
96
108
90
110
90
102
104
92
104
104
92
100
104
106
102
96
98
108
84
94
102
94
104
98
104
110
114
114
122
126
128
116
104
102
98
96
90
84
82
86
86
80
88
74
88
96
86
90
86
84
84
74
80
82
78
78
80
80
84
80
72
82
84
84
72
80
76
72
80
80
72
80
80
78
80
74
84
80
72
78
72
104
100
110
114
100
102
110
98
98
102
106
106
98
102
108
98
96
104
98
100
102
94
108
90
96
104
88
108
106
94
92
98
98
96
94
96
100
92
96
108
90
96
88
96
96
94
92
92
100
94
92
88
80
84
92
76
80
88
76
88
84
74
76
78
88
76
82
86
86
80
70
78
78
76
80
84
78
74
74
74
76
78
78
66
76
74
68
74
76
74
74
76
70
82
72
78
74
66
72
68
102
98
126
108
104
116
96
116
94
112
116
106
96
116
104
98
114
98
108
114
90
136
92
104
104
110
88
122
100
98
96
96
114
102
96
108
88
98
94
92
100
94
90
104
92
92
100
90
102
98
96
104
84
100
98
88
84
82
88
86
96
78
82
86
84
86
78
86
86
80
82
74
76
76
82
86
78
70
72
78
70
72
78
70
80
78
72
72
76
74
64
72
70
86
74
72
70
64
74
72
98
94
118
104
102
112
96
116
94
110
110
100
94
108
106
90
108
96
94
100
100
108
106
92
104
108
84
110
102
90
94
94
100
94
88
100
94
88
96
86
90
90
84
100
90
90
100
92
90
90
90
92
78
92
80
88
86
78
96
80
92
86
80
86
90
90
78
80
82
80
82
74
90
78
76
82
88
88
84
74
70
68
76
72
80
80
74
68
82
82
70
76
78
86
82
76
74
70
84
84
110
110
106
120
108
102
122
104
112
116
108
106
112
98
126
94
112
110
98
112
110
106
122
100
102
114
94
98
130
92
98
104
88
98
96
92
118
76
96
88
84
100
88
98
102
94
94
100
92
94
98
84
88
88
82
104
70
80
76
80
86
82
86
82
86
76
80
78
82
84
74
74
74
78
80
78
72
74
78
76
74
70
76
72
78
80
78
68
74
78
70
72
74
70
76
74
74
68
78
74
90
92
104
106
116
100
96
112
100
108
106
96
90
102
110
92
108
102
108
100
94
106
104
102
104
96
96
110
106
100
106
90
96
88
92
92
104
92
94
88
92
90
96
104
96
94
98
88
96
90
86
96
88
84
82
86
86
84
88
80
100
68
86
88
82
84
74
76
82
80
76
68
74
76
78
86
88
80
76
80
70
72
72
74
68
66
70
76
76
82
76
76
80
76
76
78
76
66
74
72
108
106
112
110
120
108
106
122
112
118
114
106
98
108
116
102
108
104
116
104
100
114
106
102
106
100
96
106
102
98
106
96
88
88
94
94
106
92
92
90
90
84
90
98
90
90
96
88
98
92
88
94
86
86
84
86
82
84
80
80
90
68
80
84
84
84
74
76
80
78
76
72
74
76
76
84
86
76
74
78
74
76
74
74
74
68
72
74
74
80
72
72
78
72
72
74
78
68
76
74
106
104
106
104
114
102
98
114
114
120
116
108
102
106
114
106
94
120
104
114
108
100
122
92
110
110
102
108
108
100
108
108
90
96
100
96
110
92
96
96
96
88
94
98
92
92
98
92
96
92
86
88
82
86
86
84
84
86
76
82
82
72
78
82
84
80
72
76
78
74
76
76
76
80
76
84
84
76
76
78
78
74
74
72
78
68
76
72
74
80
72
74
78
72
72
76
76
68
76
72
104
102
102
104
112
104
94
106
108
114
112
106
102
102
108
106
84
110
108
108
104
106
114
92
94
98
88
96
100
88
92
94
90
100
94
88
102
86
90
96
96
86
92
96
88
88
90
86
90
88
82
84
78
86
86
82
86
86
76
84
82
72
78
80
82
76
70
76
76
70
74
76
78
82
76
82
84
74
76
78
76
70
70
66
82
66
80
70
74
78
72
74
80
74
76
78
70
64
74
70
