82
78
82
80
78
94
76
78
94
72
90
76
82
94
74
86
86
74
90
94
84
92
90
76
92
76
74
88
78
84
90
66
82
58
68
82
66
62
70
60
62
52
54
72
64
76
58
58
60
64
56
54
52
54
56
72
64
68
64
70
68
66
72
68
82
68
90
72
68
76
90
78
90
90
78
100
76
90
76
70
96
76
74
90
86
88
84
74
78
84
78
82
70
82
72
74
78
78
68
86
74
82
92
88
92
90
92
86
92
78
82
84
86
100
82
86
82
70
78
86
82
94
84
70
72
86
72
86
76
76
64
72
82
64
64
72
60
54
56
54
48
48
46
54
62
48
58
44
48
48
52
46
62
52
54
54
50
66
56
56
68
62
58
62
64
76
64
68
76
70
76
86
78
82
84
70
88
76
86
88
78
86
76
76
82
84
76
80
64
78
78
72
88
78
68
78
74
72
82
70
82
100
84
90
98
84
108
82
88
92
86
88
96
84
102
84
96
82
88
80
94
98
98
86
70
82
82
78
88
66
66
78
72
62
58
58
54
46
44
48
48
42
52
42
60
50
50
44
48
54
44
48
40
50
46
56
46
60
54
56
68
62
58
60
60
76
60
68
84
72
72
88
76
88
92
86
98
86
90
88
80
94
84
80
86
88
80
92
82
90
86
74
88
74
74
88
76
72
82
70
80
94
70
78
78
84
92
70
82
88
78
88
76
86
86
78
70
72
78
82
88
86
76
66
78
70
66
74
60
56
52
52
56
50
48
48
44
38
38
40
42
46
54
46
44
50
38
50
50
58
64
56
56
50
50
46
40
40
46
50
48
52
56
48
62
54
74
64
74
70
72
68
84
86
80
88
76
82
88
76
86
80
74
82
78
78
78
86
78
76
78
86
80
72
76
76
76
76
64
82
90
92
98
92
88
108
92
90
110
84
108
82
92
108
94
88
78
90
80
96
90
98
78
74
88
64
64
74
58
58
58
48
50
42
48
52
44
50
62
58
64
88
72
72
52
50
60
74
82
88
96
92
94
86
76
56
50
40
46
48
42
46
50
44
56
42
70
66
68
68
74
62
80
80
88
82
86
74
96
80
88
84
80
86
80
78
78
88
80
76
78
88
82
74
80
76
72
72
60
78
84
86
84
76
88
90
94
78
94
84
84
86
74
94
86
78
90
84
72
68
80
78
78
68
72
54
60
50
58
46
48
44
44
40
52
62
64
86
108
110
132
132
120
102
88
84
98
114
132
146
150
154
136
136
110
88
72
62
56
52
58
56
46
50
48
50
46
64
68
62
68
66
64
82
92
84
104
74
92
88
82
100
90
84
84
84
78
94
86
88
78
76
88
70
78
82
78
76
88
76
98
102
82
84
96
88
106
86
96
94
96
94
88
84
102
88
86
80
80
72
90
74
80
60
66
58
50
48
46
50
38
46
44
54
70
86
108
138
164
174
198
182
184
152
132
130
140
162
186
202
228
216
208
184
162
126
104
84
76
78
86
80
64
66
56
60
46
52
56
52
54
58
58
72
66
74
84
68
80
82
74
86
80
78
76
78
72
84
64
74
70
76
82
68
72
72
66
66
80
68
84
82
86
84
78
92
80
86
98
76
98
88
76
96
82
86
78
84
70
82
70
74
68
60
64
44
50
38
54
58
66
64
68
92
108
126
160
192
212
230
244
250
246
226
184
166
198
222
248
260
270
270
254
250
220
186
152
114
114
126
126
126
114
100
86
74
76
46
52
54
54
50
60
60
62
86
90
76
88
70
88
74
78
92
82
84
86
84
82
84
74
94
70
74
82
76
72
78
70
90
72
82
106
86
84
92
88
82
94
86
108
80
82
94
82
90
74
70
66
68
68
72
68
50
56
40
52
58
72
82
98
104
106
116
138
174
216
250
276
276
288
282
286
264
242
220
240
270
296
292
290
288
294
282
270
230
194
176
172
192
184
184
172
152
134
98
78
64
52
42
50
48
44
58
58
56
76
68
68
70
74
72
70
72
76
72
74
84
70
76
74
76
70
72
66
72
72
64
64
74
96
92
80
94
94
82
96
80
78
88
78
84
88
82
98
80
88
80
70
64
58
62
62
50
42
44
72
92
118
138
158
164
164
164
176
222
264
288
310
306
308
304
312
302
278
254
268
296
310
298
298
292
306
300
302
270
240
224
232
246
252
244
232
204
170
140
102
94
56
60
52
56
52
58
60
60
62
58
62
58
56
76
78
72
80
74
74
96
60
72
84
74
84
68
72
80
64
70
72
68
98
88
86
88
76
86
90
80
76
82
80
88
78
78
90
80
62
58
62
62
58
52
46
38
58
76
118
148
180
208
226
230
208
220
228
266
296
310
312
286
310
308
312
324
310
294
292
304
310
292
290
284
300
302
314
290
272
260
280
284
290
270
274
262
226
192
150
112
76
60
56
50
54
52
54
60
52
54
62
54
68
64
62
64
70
76
74
64
78
72
76
78
66
72
82
80
78
76
74
76
96
88
104
88
70
102
94
86
96
86
96
94
76
90
86
88
70
60
60
60
54
48
48
58
88
120
170
204
232
256
268
272
276
276
276
294
316
336
324
294
290
294
300
326
318
318
306
302
306
288
284
284
296
304
314
298
306
292
308
300
312
302
308
296
264
238
186
150
102
96
82
78
62
58
52
60
50
56
62
56
62
54
60
64
58
68
80
74
72
68
70
84
66
74
78
70
76
70
68
74
100
88
78
92
80
90
98
76
90
84
72
86
74
78
86
70
70
52
48
50
48
46
58
88
120
164
220
254
276
296
300
304
308
294
298
318
328
334
298
278
282
296
302
328
316
326
322
312
298
288
280
290
292
306
302
300
298
308
326
304
292
294
306
308
296
274
226
180
138
122
106
96
90
84
62
64
60
62
60
60
56
64
62
60
60
60
74
96
62
80
80
74
88
72
76
84
68
76
76
66
110
96
78
96
92
90
102
80
88
90
78
88
80
76
84
64
54
42
50
60
66
70
82
120
164
214
268
298
306
316
310
314
326
318
320
322
310
316
294
294
302
310
308
330
318
332
332
318
314
314
302
312
302
312
298
312
322
306
304
292
286
288
292
306
306
288
266
218
204
180
176
160
128
112
82
74
72
72
72
74
82
74
64
60
62
60
66
80
62
76
68
66
76
66
72
78
68
68
66
64
98
84
98
84
82
94
86
84
84
84
94
80
72
72
66
62
52
48
60
68
86
102
118
156
210
258
300
316
310
308
296
302
308
326
330
340
318
318
314
312
326
324
318
340
334
340
340
318
318
330
324
326
312
308
288
314
336
306
298
288
280
276
284
314
302
302
276
266
240
244
220
214
180
148
116
94
82
78
88
84
92
84
80
76
66
66
72
74
68
74
70
90
78
80
80
68
82
70
66
76
90
74
104
84
88
98
80
90
86
82
90
72
72
72
64
58
54
62
84
98
124
152
170
204
244
286
318
326
310
304
294
304
320
328
312
342
328
316
324
322
340
338
338
362
350
346
348
328
322
342
346
342
330
314
294
326
346
322
310
288
294
304
300
304
290
296
288
286
280
282
268
262
236
188
152
118
88
76
92
78
94
100
84
70
80
74
60
64
58
66
68
72
74
64
82
76
72
72
72
72
108
96
92
92
96
88
94
84
90
98
88
92
76
60
66
48
62
102
116
160
182
198
242
250
280
318
320
328
312
292
300
304
306
326
330
342
332
336
320
336
344
354
358
376
366
350
346
332
326
358
356
346
328
318
316
336
354
322
318
334
312
320
302
304
286
308
292
294
310
304
302
286
284
262
200
146
112
92
74
82
90
98
92
88
86
78
70
58
52
58
68
66
70
68
78
82
66
68
86
72
96
94
88
78
90
84
82
90
86
82
82
74
66
64
54
48
96
130
164
216
242
260
272
288
306
324
322
328
316
316
312
312
328
326
336
356
344
354
340
334
352
360
344
378
380
376
348
332
324
356
364
342
338
326
338
340
362
334
350
342
336
336
306
314
300
314
296
300
306
296
298
302
316
296
246
184
146
104
80
78
90
94
96
86
98
74
74
52
60
56
54
58
66
74
76
76
82
64
76
84
94
84
100
82
92
100
78
98
88
82
86
72
62
58
56
82
124
184
222
280
296
304
312
324
312
316
318
320
308
330
332
338
342
340
366
366
362
348
342
330
340
352
334
364
368
372
352
354
346
344
364
342
342
344
342
362
370
352
362
344
338
332
304
312
316
324
300
296
292
298
294
294
318
310
272
218
166
118
86
80
82
94
84
96
94
86
74
56
64
60
52
58
54
62
68
80
74
68
78
78
94
76
88
84
78
86
84
82
80
78
68
64
52
36
60
114
162
232
282
316
316
332
320
338
332
330
326
326
304
334
344
352
354
360
374
374
390
374
350
342
344
336
324
344
364
370
364
360
344
340
334
344
342
348
350
360
360
358
350
354
336
330
322
326
326
326
300
292
282
294
284
274
318
324
290
258
184
146
104
98
84
90
86
88
102
84
86
66
76
74
68
68
56
56
66
84
66
74
80
72
100
100
84
94
80
74
100
84
90
84
66
58
54
48
84
148
200
286
302
344
336
326
332
326
332
330
326
332
316
342
362
360
364
376
382
394
396
392
362
358
350
332
328
346
352
360
356
338
330
320
334
334
344
374
348
352
354
344
340
354
334
326
334
334
342
328
310
308
292
296
282
286
302
314
302
284
214
178
134
122
94
94
88
90
104
88
92
78
92
80
74
68
66
58
64
70
74
68
62
74
82
90
90
88
78
82
84
92
78
70
64
46
46
62
100
170
236
298
328
358
340
322
316
324
332
338
344
346
324
326
342
338
370
374
404
400
398
384
384
374
356
346
340
356
330
346
338
324
324
324
324
328
350
350
350
342
356
328
340
336
330
324
342
344
350
326
314
308
294
304
290
284
288
300
314
304
260
218
184
160
112
104
84
90
94
98
92
90
98
86
80
72
74
64
64
60
82
74
64
82
80
76
96
86
78
96
76
92
74
64
56
54
64
82
130
198
258
314
332
358
334
310
322
326
328
334
360
358
340
332
336
340
366
358
386
380
398
392
400
384
378
368
352
354
326
342
332
322
324
320
326
318
332
326
324
340
350
332
340
338
350
346
366
366
366
342
336
322
314
326
308
290
288
294
314
308
280
248
226
200
162
124
104
76
96
90
94
92
98
94
88
84
82
76
70
66
62
74
64
70
102
88
82
90
72
86
96
80
86
66
40
74
100
106
164
218
284
318
338
342
326
324
328
332
340
336
368
360
352
340
330
332
340
358
360
368
368
380
370
386
372
382
378
352
320
314
318
326
312
342
334
330
324
326
328
340
338
350
342
360
372
364
374
362
368
338
344
334
318
316
298
290
296
298
312
320
296
288
276
258
216
166
120
86
88
96
86
92
92
90
82
86
80
82
68
62
62
82
72
74
90
78
88
82
68
90
84
82
72
62
68
98
120
166
204
254
294
322
334
322
318
322
352
356
362
350
358
376
364
352
316
338
324
330
328
342
338
370
362
372
356
386
384
362
336
334
328
330
332
350
342
326
318
330
328
332
340
354
354
368
376
380
372
382
372
346
346
340
314
310
292
298
308
302
294
308
312
306
308
284
252
192
144
112
90
92
106
110
94
96
90
96
92
94
82
64
62
64
72
86
86
78
98
70
90
98
82
88
72
60
86
130
190
220
254
282
332
320
328
322
328
336
344
360
362
370
386
392
386
378
354
328
326
314
316
318
322
344
336
350
352
372
362
332
334
348
352
350
356
362
366
330
332
322
332
330
354
362
352
366
366
372
360
374
362
342
352
332
316
306
300
300
318
308
308
292
292
312
320
322
282
232
180
128
88
94
102
94
96
98
90
94
88
90
84
68
58
58
64
72
86
84
78
72
72
82
78
68
76
82
120
170
240
266
298
314
346
328
336
332
332
326
336
362
384
380
382
386
388
376
384
350
354
328
334
322
324
326
322
342
346
374
368
334
344
356
364
366
374
376
366
346
336
340
336
340
348
356
340
354
346
350
332
346
340
332
342
324
312
310
312
310
326
308
288
290
282
284
312
334
308
252
198
158
100
86
94
102
96
98
90
94
86
90
86
76
56
56
62
70
104
98
86
92
82
94
90
74
74
118
160
218
266
304
324
332
330
330
328
336
342
332
348
350
384
374
376
390
398
380
396
382
368
346
346
336
336
330
334
350
354
370
350
322
348
372
374
372
368
364
348
354
338
354
330
332
342
346
332
336
330
328
316
332
324
324
326
326
314
322
324
328
320
312
282
282
276
276
304
314
316
278
224
178
104
86
90
94
94
96
90
94
88
90
88
78
52
56
60
66
86
72
98
76
96
104
70
76
70
144
194
270
310
344
340
330
322
328
332
342
348
338
346
340
350
356
362
372
382
382
390
394
404
388
360
362
362
358
352
340
370
378
348
332
354
374
368
372
362
346
354
348
356
348
330
320
336
334
318
308
308
302
308
326
320
322
324
338
336
338
338
342
332
314
300
292
284
292
292
310
314
288
240
200
120
84
82
92
94
94
86
92
88
92
90
80
70
70
70
68
90
70
96
90
92
98
72
72
86
168
228
308
344
346
336
320
324
320
338
340
350
346
342
346
342
344
346
352
362
378
382
402
376
394
376
384
368
366
376
368
386
394
370
360
364
372
360
368
364
344
360
344
354
344
338
332
342
342
334
318
322
314
318
332
320
320
330
350
366
350
354
350
338
326
310
320
306
290
282
300
306
284
242
216
146
88
78
96
98
96
88
94
90
94
94
88
74
74
68
58
102
82
92
112
82
84
78
60
108
200
260
324
344
332
324
312
322
308
318
330
358
368
362
360
338
324
322
334
342
352
354
368
382
390
368
378
378
384
376
354
384
380
356
348
364
378
372
372
366
348
356
350
344
352
338
342
346
354
348
338
342
332
328
332
330
336
340
364
380
360
362
352
330
342
314
324
310
296
290
284
304
306
264
220
162
108
88
82
94
94
88
96
92
96
98
94
84
82
76
66
90
70
96
98
90
76
60
54
122
224
274
332
340
336
326
310
312
322
324
334
354
362
376
368
350
322
312
320
324
336
346
342
354
370
364
364
352
354
352
342
350
358
358
352
368
374
378
374
372
356
366
370
362
370
342
338
360
370
360
354
354
352
340
342
352
362
352
380
382
368
362
354
346
330
310
318
312
310
292
304
314
316
274
234
188
122
94
90
84
88
88
98
94
96
96
94
88
88
84
76
82
74
112
88
106
84
60
52
140
214
284
328
338
336
320
318
348
346
336
342
364
392
390
392
382
334
322
320
312
330
340
340
342
352
346
336
340
346
350
346
334
346
346
356
358
376
382
394
392
362
376
376
358
342
354
336
346
352
366
370
366
368
348
358
362
356
366
356
380
360
366
342
336
324
328
318
324
306
290
304
322
336
278
258
222
170
120
106
90
88
90
90
96
94
90
100
96
90
84
84
92
68
90
96
80
76
56
64
152
230
288
336
330
324
316
334
340
354
346
360
368
406
396
404
392
362
340
338
330
320
348
340
356
360
348
344
348
326
332
332
334
340
354
356
338
348
370
382
396
374
368
368
372
344
334
336
322
332
350
364
356
354
320
346
338
350
336
342
340
342
346
330
338
328
324
316
316
312
300
298
304
312
304
286
256
210
140
134
118
94
92
92
94
88
92
100
102
96
90
90
106
74
88
98
86
82
72
92
168
250
306
340
340
340
334
336
342
348
350
348
370
396
400
404
400
372
350
352
336
344
342
348
366
362
356
332
342
328
318
324
328
348
356
346
350
356
362
366
366
356
356
354
346
338
336
330
322
336
338
330
330
350
312
322
328
330
336
314
316
322
322
316
322
324
322
320
308
304
304
302
304
314
308
312
296
240
182
152
168
114
90
86
90
90
96
100
102
98
94
94
90
76
100
80
98
74
86
122
212
276
330
330
346
350
352
350
348
354
360
344
362
372
392
406
404
372
366
346
354
348
348
358
378
382
342
324
340
332
340
334
350
354
366
368
374
338
340
368
338
342
358
362
346
348
346
326
332
326
328
326
336
336
310
306
316
334
316
320
306
312
320
312
326
338
332
344
326
308
308
312
302
300
304
308
310
264
206
162
214
152
106
86
92
96
100
102
102
98
96
94
80
76
102
80
94
74
110
170
252
302
358
348
346
342
342
360
362
358
346
348
350
366
370
390
400
400
372
372
350
346
354
364
390
362
316
296
318
342
336
354
370
358
372
366
368
350
352
336
356
348
344
348
346
348
348
348
336
322
334
328
340
324
328
312
314
308
316
308
304
316
310
320
338
354
338
346
334
310
300
300
278
296
290
308
320
276
242
178
250
208
142
96
92
100
94
100
102
100
96
94
92
76
84
92
84
98
148
222
280
334
372
362
340
348
334
352
370
356
338
336
340
346
348
368
394
392
392
372
364
346
358
360
366
338
258
254
284
326
346
348
352
350
376
376
364
332
338
342
334
334
342
346
350
350
346
332
348
338
346
330
334
326
336
320
318
306
310
300
318
300
324
324
342
362
348
340
328
310
302
294
292
284
296
290
312
304
246
198
290
268
182
110
86
102
90
96
98
96
94
92
88
72
76
84
86
118
182
262
322
366
360
346
326
348
346
350
362
366
368
350
336
322
328
356
370
374
390
382
362
368
354
358
344
298
230
214
258
324
342
346
340
348
364
356
356
342
342
334
332
336
344
336
348
352
350
328
352
338
342
344
330
316
294
326
330
314
318
318
320
330
328
348
358
366
364
352
334
322
328
314
310
300
280
278
302
292
248
198
312
314
240
156
90
104
88
92
98
96
92
88
76
86
106
80
116
132
216
302
350
376
352
340
332
332
346
346
356
372
370
374
346
338
310
322
342
370
390
392
374
360
368
358
334
274
200
200
252
302
332
338
344
322
340
352
338
334
360
362
352
356
338
328
372
354
326
324
334
342
336
326
286
298
262
332
332
320
330
328
344
344
356
366
366
350
356
352
334
324
332
310
314
310
282
282
300
286
250
210
306
342
300
214
104
102
86
94
102
100
96
88
88
82
90
92
94
164
238
318
362
378
356
340
326
328
342
350
358
370
396
394
370
332
324
322
332
348
384
378
396
372
382
348
322
268
226
244
270
320
334
346
332
324
336
348
330
326
348
362
376
360
340
328
344
328
316
310
338
328
328
302
246
246
240
312
318
322
328
336
350
358
356
366
360
346
352
340
328
324
320
304
300
314
292
276
278
282
236
224
322
356
336
276
156
102
100
84
104
102
100
98
74
82
90
102
94
176
252
326
360
362
340
340
356
346
356
374
364
386
412
420
396
370
346
332
320
344
382
396
392
372
364
348
316
272
270
292
328
338
354
368
332
356
334
340
332
346
364
372
372
354
338
308
336
324
330
318
324
326
314
294
214
230
220
296
300
316
354
356
352
366
372
370
346
334
334
324
322
316
312
310
306
310
296
292
292
278
228
212
330
364
346
322
212
120
94
94
100
100
100
100
88
90
100
88
90
158
264
326
352
352
342
342
358
366
382
370
382
392
396
404
396
394
366
340
326
334
344
384
396
376
368
342
318
306
316
330
338
340
342
350
340
340
346
352
346
356
386
370
380
370
356
326
314
322
338
330
338
330
304
282
208
230
216
274
306
318
350
348
366
370
352
336
338
312
322
324
318
314
316
304
308
296
288
296
298
274
230
210
308
366
380
330
260
120
100
92
102
102
102
100
76
80
102
86
94
144
266
318
340
352
334
342
370
366
364
372
368
386
400
402
390
386
368
348
334
328
346
378
400
376
348
322
324
334
346
346
342
348
346
350
362
352
354
348
370
382
382
392
376
366
356
346
324
312
322
348
334
324
318
288
240
244
252
302
328
340
360
360
374
348
330
322
316
312
316
318
332
320
300
294
290
280
292
314
318
290
240
200
302
364
374
350
312
154
102
94
98
100
104
106
84
86
98
92
84
130
244
302
332
340
332
352
356
370
370
360
352
366
390
396
398
392
388
376
340
320
348
366
396
396
352
338
328
334
356
342
354
344
350
350
346
356
344
366
380
394
356
360
336
358
368
324
342
338
346
352
348
334
334
306
282
266
278
314
340
342
360
366
356
320
324
308
312
310
334
338
332
324
310
286
294
288
294
308
316
302
264
212
274
350
376
362
344
176
100
92
100
102
104
102
82
78
92
82
84
122
238
302
328
362
336
342
356
380
364
356
364
358
364
364
378
382
386
376
362
354
340
362
380
386
360
344
352
362
364
342
344
348
344
336
348
360
342
376
380
352
344
352
326
320
358
348
350
342
360
364
344
332
324
316
314
302
304
328
346
352
354
352
346
322
320
302
308
334
352
340
340
326
306
300
282
286
292
308
316
316
276
214
246
344
394
372
360
192
112
104
96
98
102
104
80
78
104
86
98
122
228
284
356
362
344
356
350
356
354
356
332
336
344
346
354
368
384
386
348
362
346
360
364
356
358
350
354
370
352
334
320
342
326
318
324
356
340
356
390
294
280
314
292
296
350
344
334
344
362
344
336
338
332
322
324
308
308
332
330
350
356
330
318
308
300
310
326
338
360
346
334
322
310
294
292
288
276
290
296
312
284
234
232
324
362
386
360
222
102
98
100
100
100
100
76
80
96
88
96
140
234
302
358
378
360
350
342
342
346
354
346
346
338
338
340
362
374
376
374
348
352
326
344
348
332
342
360
362
354
340
338
338
324
322
338
356
338
338
358
274
244
264
262
288
342
310
356
350
354
334
328
330
320
308
336
320
320
330
342
342
360
332
302
308
306
324
346
356
364
348
344
330
308
294
300
292
270
288
292
308
284
240
206
324
384
390
370
248
118
88
100
100
100
98
74
76
94
86
94
162
240
314
372
376
354
348
348
348
342
362
374
356
350
340
328
346
360
392
356
348
324
340
332
342
328
338
350
362
354
354
356
340
322
332
344
336
330
326
328
244
240
272
262
264
314
318
338
348
330
294
310
320
322
292
336
336
338
348
344
348
340
320
308
314
326
334
362
354
360
354
328
320
322
308
306
296
292
288
290
288
288
246
212
316
374
392
374
264
110
96
102
98
94
96
90
76
86
86
112
170
262
326
376
368
336
332
344
352
354
378
382
380
374
356
352
338
366
382
346
340
338
334
332
320
328
344
342
362
376
360
358
340
322
332
348
346
330
320
312
256
246
268
262
270
314
316
330
342
332
312
324
338
328
290
336
342
332
332
344
346
322
308
312
320
342
366
362
364
364
354
334
318
314
310
302
304
306
284
286
292
274
240
218
322
374
388
364
260
104
102
100
98
98
100
76
70
86
80
106
188
290
354
394
374
338
334
346
352
352
374
396
412
386
382
364
342
358
360
350
330
324
330
352
338
330
322
338
354
362
372
354
350
322
354
350
358
340
332
312
284
262
266
282
290
318
322
330
344
324
310
322
336
334
298
322
338
338
320
320
334
316
322
338
334
346
366
358
348
332
322
318
314
314
318
294
302
296
294
294
274
264
250
240
336
384
380
358
244
98
102
92
92
96
102
88
86
100
90
94
196
292
362
384
362
334
332
350
356
362
384
398
422
390
396
384
368
370
360
340
332
322
344
360
368
346
334
358
354
356
352
356
338
332
354
358
360
342
330
310
306
290
290
302
312
330
332
334
348
332
328
324
350
334
296
324
332
320
312
308
322
310
328
344
332
340
342
334
318
306
306
312
312
312
310
302
304
304
286
282
274
250
240
264
348
390
366
354
212
100
100
104
102
100
98
86
76
76
86
98
182
288
358
366
354
344
356
382
388
386
392
394
410
394
384
394
372
376
362
348
350
340
360
362
378
360
356
352
364
336
342
336
352
350
360
354
350
346
336
324
322
306
308
316
330
338
332
318
336
336
344
342
340
328
314
320
328
322
298
312
318
314
336
344
336
342
324
322
306
308
314
306
304
308
300
306
310
284
292
282
260
258
226
280
358
382
360
346
182
104
98
100
100
100
100
98
98
86
92
116
160
292
342
360
354
350
358
384
386
376
364
384
396
384
378
380
368
370
360
354
358
356
366
372
378
362
354
368
370
352
338
348
334
352
348
354
350
356
348
344
338
314
314
326
338
344
334
318
336
340
342
332
340
320
318
330
326
310
308
312
314
318
336
340
338
338
308
312
298
306
314
302
302
304
292
306
292
294
304
284
260
242
240
304
374
374
366
332
164
102
96
100
100
98
98
80
90
92
86
106
140
274
332
364
360
354
350
370
380
382
372
370
382
364
378
374
380
382
370
344
356
370
378
378
368
362
368
370
366
354
358
358
344
350
358
358
352
352
336
338
352
330
336
334
342
350
342
332
352
354
338
330
328
322
338
330
326
324
318
324
316
306
312
318
326
328
314
304
302
314
322
316
310
300
284
294
308
312
312
290
264
236
230
322
374
372
366
324
152
100
96
102
104
106
104
88
82
98
88
94
124
226
314
336
350
362
358
374
380
384
374
368
368
352
364
380
374
390
364
366
372
376
388
378
366
358
370
378
368
372
358
370
352
354
350
334
336
338
322
334
364
342
346
338
346
354
338
322
340
346
326
322
320
312
342
348
348
344
344
344
330
310
306
320
326
326
326
328
336
338
330
320
310
304
304
300
294
312
316
310
286
222
236
320
356
366
354
318
142
98
96
96
102
106
104
94
102
96
92
108
100
198
256
328
340
346
364
376
370
374
368
372
366
358
364
376
396
382
370
356
376
384
394
370
356
368
370
368
376
390
390
376
350
352
352
330
328
326
324
336
376
360
354
344
330
336
324
324
338
342
322
326
320
330
336
358
362
332
340
346
332
322
324
320
324
344
340
340
344
346
330
312
302
292
282
286
302
310
314
310
284
206
218
318
360
368
360
304
128
104
98
102
104
106
104
90
88
90
88
102
102
138
234
308
334
356
374
360
360
370
360
364
366
372
380
386
386
374
366
372
394
386
378
364
374
388
378
380
376
392
388
382
348
350
338
344
340
338
322
344
378
368
356
342
326
326
328
324
342
340
328
316
330
352
348
356
366
340
336
340
328
324
322
322
322
344
340
348
368
358
332
310
306
310
296
286
294
306
300
300
276
206
232
322
364
374
348
288
108
102
100
100
100
100
102
92
90
104
90
94
106
108
204
288
352
382
384
378
366
366
368
364
370
384
396
394
382
384
392
392
398
378
376
374
378
386
384
388
384
392
406
380
360
350
336
340
328
334
328
354
364
356
360
346
324
312
328
324
346
336
332
342
336
348
342
344
352
334
330
344
332
324
330
326
330
338
334
340
340
336
312
310
318
308
312
306
300
306
290
300
278
214
244
338
384
378
358
266
104
92
96
104
100
100
102
94
86
98
82
84
94
102
158
268
354
392
380
390
362
358
362
362
370
380
394
380
368
380
406
402
410
386
378
384
398
398
386
382
376
386
404
376
360
352
338
336
326
340
346
358
348
334
354
350
336
330
344
328
338
344
358
358
338
348
352
350
350
334
326
344
334
334
334
336
332
336
330
320
338
326
318
312
298
310
318
308
300
300
284
298
272
230
264
340
378
366
344
238
98
92
96
110
104
102
106
110
96
90
90
98
102
106
144
266
350
394
392
382
364
364
364
372
378
376
390
368
358
372
400
404
400
374
370
380
398
398
396
380
362
382
386
388
364
370
344
334
338
346
346
320
310
290
316
350
326
314
328
340
348
354
354
362
350
360
360
352
350
338
326
336
330
348
330
344
326
338
330
316
328
332
308
308
318
308
318
298
298
294
282
290
264
264
306
364
382
384
334
222
90
106
102
108
104
102
106
94
100
90
86
90
106
90
130
260
356
386
390
372
366
360
376
382
386
376
380
368
366
390
412
416
392
370
380
392
400
398
404
384
360
366
374
394
386
388
356
354
350
346
340
278
264
248
292
328
328
338
344
356
352
370
374
358
342
354
364
358
350
340
334
342
344
340
336
332
342
328
322
312
314
294
298
316
320
322
308
306
304
288
280
286
270
298
340
374
388
394
338
186
84
98
92
102
98
96
100
92
102
92
86
84
100
92
116
250
356
382
380
378
374
366
386
374
376
368
364
370
372
406
414
404
386
366
368
382
406
400
386
374
356
342
360
380
398
390
364
358
342
332
326
246
228
220
272
314
326
342
352
368
362
368
352
332
326
350
378
378
362
348
346
354
360
340
342
320
348
322
322
316
302
302
302
306
310
308
316
312
296
280
276
284
292
326
366
380
390
390
344
154
100
102
100
98
98
96
94
118
94
84
92
100
92
110
104
232
320
368
358
370
360
370
360
362
366
370
356
376
370
402
394
406
372
352
366
386
408
404
392
364
346
336
344
376
392
394
368
356
344
338
322
238
228
222
262
308
330
350
360
376
366
358
330
320
338
362
370
360
350
348
348
350
362
360
332
318
328
326
332
314
310
300
298
302
312
314
304
304
286
284
284
294
316
356
404
394
382
378
320
128
94
102
100
100
100
100
96
98
102
80
90
88
88
106
88
188
294
352
356
382
352
362
348
358
360
368
348
374
380
374
380
382
378
350
362
360
398
408
402
372
352
344
338
360
388
392
386
366
348
340
318
240
250
246
266
314
340
348
388
382
362
342
326
322
322
354
368
368
352
344
354
358
366
358
334
330
336
308
324
326
302
304
296
316
310
324
300
314
292
268
282
318
352
386
424
392
398
384
280
112
102
100
108
100
100
100
96
94
104
100
86
98
110
102
104
148
224
318
342
358
352
352
348
362
356
374
344
376
356
370
384
382
370
344
358
354
394
410
408
394
356
338
334
348
386
398
384
368
352
340
320
260
264
266
298
324
340
372
388
366
352
326
316
320
344
358
380
360
340
344
346
356
372
354
322
328
322
316
306
314
292
284
284
298
302
316
314
310
278
268
284
334
370
412
408
392
402
398
230
98
96
104
98
104
104
102
100
98
88
82
88
94
96
98
90
110
188
250
316
328
342
338
354
350
358
370
330
360
346
360
350
386
356
328
350
360
402
418
414
398
354
338
340
324
358
384
384
366
352
338
326
288
280
286
328
346
358
362
374
360
332
314
306
320
324
370
370
352
324
324
348
348
370
360
328
326
318
316
306
314
308
292
286
290
302
304
306
316
270
262
308
368
384
418
416
400
400
384
184
102
94
114
106
108
108
106
104
110
92
90
98
98
96
110
94
94
152
188
264
290
320
326
354
362
358
348
338
352
340
348
354
378
350
336
358
360
392
414
424
408
352
320
338
324
358
382
398
382
358
342
334
300
278
288
324
342
376
374
366
350
312
306
308
328
354
370
388
338
316
320
336
354
352
344
336
336
344
314
306
312
312
300
296
302
312
306
312
294
282
262
320
378
392
406
412
396
394
348
150
104
88
108
100
100
100
98
96
92
94
110
86
90
102
100
102
94
104
152
204
236
302
332
362
374
364
340
340
340
344
358
380
374
350
344
366
368
392
406
416
410
366
318
330
322
356
376
402
382
350
332
330
302
288
314
344
356
378
390
350
318
314
308
320
334
370
388
366
328
312
330
312
334
338
342
338
326
330
318
322
324
316
308
300
310
304
290
298
294
282
280
356
406
394
402
420
396
408
342
124
100
98
106
96
102
100
98
96
88
88
102
86
86
88
100
88
88
102
102
146
168
262
320
376
382
370
350
336
346
360
372
380
372
350
344
366
380
400
398
400
388
372
330
332
324
354
368
388
402
366
332
326
298
292
326
350
378
368
376
354
306
304
318
324
356
382
390
374
320
336
328
320
320
326
320
312
314
310
330
316
308
310
314
294
310
308
292
284
284
296
332
376
414
410
422
396
382
396
318
100
88
96
92
96
94
90
86
80
114
98
96
106
102
88
122
92
96
132
88
120
132
220
306
384
392
364
354
352
368
374
372
380
356
356
362
370
370
380
380
398
384
364
324
334
342
370
378
380
394
372
330
324
304
306
336
360
364
370
370
366
314
294
314
336
372
388
374
372
330
310
332
312
306
312
308
302
294
290
328
328
310
312
318
294
306
304
284
272
292
310
364
402
418
396
396
382
370
390
266
104
92
100
94
104
94
90
82
76
102
94
94
82
90
90
110
98
88
104
104
94
108
172
280
354
370
362
358
348
352
380
376
378
356
364
370
364
360
364
360
380
394
364
326
338
336
352
372
384
384
378
332
326
314
312
330
352
374
386
368
328
304
320
316
356
376
380
372
370
324
330
334
324
314
294
290
298
290
304
320
336
318
294
298
296
306
294
282
296
314
360
404
432
428
404
384
390
350
392
214
110
90
104
98
92
90
86
78
74
96
106
112
84
98
104
94
122
98
104
116
92
104
140
232
328
360
366
352
354
362
360
364
358
362
374
376
364
356
346
350
386
386
348
320
332
350
366
384
388
380
386
340
308
330
324
352
366
382
388
370
326
306
322
322
346
362
362
360
360
336
318
344
314
304
298
296
284
296
292
340
342
322
296
302
296
286
292
300
318
330
376
434
440
430
396
388
374
360
376
172
104
100
102
94
92
84
82
76
70
106
102
102
106
94
90
116
98
94
112
90
106
108
112
200
268
340
350
348
354
354
352
360
356
350
376
376
350
344
346
346
366
364
324
320
344
352
350
358
368
374
374
334
312
326
322
336
362
380
376
362
328
308
318
316
344
342
342
354
340
318
316
330
316
308
308
310
304
302
302
332
336
316
302
302
296
294
296
308
348
384
404
434
432
426
400
396
386
370
350
136
94
90
100
98
86
82
80
76
74
114
96
92
114
100
96
136
96
102
102
90
104
106
102
154
220
292
318
336
350
348
344
356
352
374
382
364
344
348
344
342
368
370
314
314
344
350
346
340
346
376
372
340
326
338
338
336
366
358
366
356
322
310
330
326
340
336
322
326
326
320
322
328
312
306
316
322
326
314
322
334
342
314
306
300
302
316
312
324
382
402
400
418
450
448
408
388
386
368
314
124
112
96
100
106
92
80
76
76
78
92
110
98
92
110
98
106
130
106
92
112
100
108
100
120
180
230
278
304
318
324
326
344
354
370
390
366
332
340
354
356
368
346
310
334
354
340
330
324
330
354
358
332
320
340
336
332
346
334
348
350
322
314
338
330
332
318
310
304
322
318
304
322
318
312
322
328
330
316
326
320
326
306
296
294
310
332
328
338
390
412
404
416
414
438
406
410
390
390
274
110
108
94
96
98
78
78
74
76
82
104
94
96
90
98
100
102
116
92
98
106
98
106
84
100
122
172
234
254
262
284
300
328
358
358
384
368
340
348
364
370
378
336
314
348
360
334
320
316
324
338
356
334
322
354
340
334
322
322
328
336
326
320
334
320
324
316
310
300
316
318
312
324
324
324
332
338
338
332
334
324
322
310
300
310
338
358
354
362
398
398
396
400
418
424
402
394
366
370
226
114
108
100
100
94
80
80
76
76
80
128
86
100
112
98
110
130
100
102
114
104
106
106
98
100
108
118
180
198
210
244
270
308
350
368
374
356
348
362
370
374
376
346
328
350
360
332
310
308
318
326
350
332
324
356
334
324
298
312
318
332
328
324
340
324
324
326
318
312
308
320
342
328
322
308
322
326
326
326
324
320
316
308
308
330
360
368
362
372
390
402
380
372
404
404
390
384
356
296
164
114
104
94
86
74
74
78
76
76
78
94
96
100
92
96
92
98
110
102
102
104
96
98
100
90
108
92
130
144
164
192
220
274
322
350
362
346
334
348
366
368
346
334
342
366
366
328
304
306
314
334
350
330
328
354
332
312
300
312
320
338
330
328
350
336
332
320
330
330
318
322
346
324
316
302
322
318
318
314
314
320
320
326
340
360
380
386
378
380
388
400
374
382
374
406
392
396
312
246
134
100
92
88
84
68
70
72
74
78
82
112
104
108
92
104
108
100
116
102
100
116
104
112
94
94
114
94
104
106
122
138
168
238
290
328
338
340
346
348
346
350
342
346
362
368
354
330
326
334
328
348
348
328
330
348
328
302
312
326
322
338
340
336
348
336
340
332
344
330
334
346
354
330
300
288
316
306
308
302
308
328
340
342
364
374
386
396
388
380
382
398
378
364
382
390
396
366
264
178
104
92
96
86
80
68
78
76
80
82
82
122
96
104
114
98
94
122
102
104
104
92
116
108
94
102
92
106
92
98
102
106
130
186
246
290
310
330
346
332
334
338
338
338
370
382
360
336
336
340
340
350
354
322
346
354
334
316
318
328
326
342
340
336
338
334
348
350
334
344
328
342
344
324
300
296
310
308
300
304
328
352
372
368
368
392
404
394
392
398
404
406
370
372
388
394
394
330
220
124
102
96
74
74
82
64
78
70
72
74
74
118
102
94
110
92
94
108
100
94
98
96
112
96
90
90
92
98
90
100
94
90
100
140
194
234
260
304
302
312
322
334
334
340
360
364
368
342
342
352
350
346
348
322
334
362
332
326
336
338
342
346
348
330
340
328
344
334
326
334
328
332
334
312
298
290
300
336
326
318
340
386
374
376
390
380
390
390
400
384
408
404
364
376
416
392
344
274
162
96
92
80
78
80
76
76
72
74
76
78
76
114
124
110
102
118
96
104
122
90
98
106
106
112
102
102
112
90
100
98
94
96
104
104
158
190
220
252
262
280
274
308
316
320
340
342
356
332
342
352
330
334
346
314
344
354
342
326
348
344
348
350
344
324
332
320
332
340
330
326
316
308
308
298
302
320
310
348
356
350
366
402
382
376
372
378
378
380
390
400
416
416
368
386
400
358
296
194
106
78
72
76
76
74
76
70
66
72
74
74
72
104
96
98
94
102
82
106
104
90
94
94
100
94
92
94
92
98
98
100
92
96
100
88
114
142
164
204
220
234
248
262
298
288
314
330
340
332
342
342
320
332
338
324
336
348
332
332
344
336
336
344
326
320
316
316
320
314
310
314
308
304
300
300
314
342
350
372
384
372
372
386
392
380
372
380
376
386
386
400
420
406
374
364
344
296
226
130
88
86
74
82
84
78
80
74
74
78
78
76
74
124
88
102
130
92
102
132
98
104
104
94
124
86
96
106
92
108
90
108
92
102
96
98
96
100
136
148
166
174
184
212
226
246
268
304
316
332
330
322
328
322
324
318
324
324
322
332
332
330
330
332
316
316
314
322
326
316
308
306
292
300
302
328
352
366
380
388
392
392
392
380
372
390
372
380
392
382
404
408
398
366
354
300
284
222
134
98
86
80
76
66
82
78
66
80
72
74
74
72
70
98
102
100
110
98
88
98
102
90
104
94
106
104
90
106
108
96
106
98
96
106
108
96
112
96
98
118
116
128
144
164
192
194
220
262
266
296
298
292
306
294
308
306
324
312
326
320
318
310
310
304
300
296
308
318
326
324
324
328
316
332
328
348
362
386
386
412
410
398
378
390
384
380
398
390
374
394
400
378
372
320
296
236
208
142
90
84
76
86
74
72
80
80
74
74
76
78
78
76
74
88
122
106
100
116
90
86
116
90
102
98
94
114
86
94
104
92
112
82
92
98
102
82
100
102
94
86
96
94
92
114
128
144
172
208
214
240
252
254
258
256
274
286
290
304
296
292
288
284
286
286
298
310
326
342
354
346
352
350
340
358
364
378
386
414
382
396
408
406
388
394
378
380
378
382
350
356
340
324
296
248
212
164
134
92
88
78
74
82
66
76
66
72
82
60
72
74
72
70
68
110
100
98
130
94
106
114
104
112
98
98
126
98
108
104
100
114
98
98
100
106
96
114
88
94
94
88
108
88
104
94
96
108
124
154
180
196
204
212
216
212
238
230
238
250
252
236
252
240
244
268
286
324
338
368
376
370
386
382
384
398
406
404
402
406
386
386
402
400
396
380
356
350
328
320
310
298
284
252
224
164
146
94
96
88
78
70
82
76
76
72
66
76
84
76
76
78
76
74
70
100
100
88
114
100
96
104
104
102
106
96
94
98
94
108
94
96
104
90
98
84
102
92
102
88
94
92
100
88
84
84
88
92
98
110
130
152
152
166
162
178
184
182
198
190
200
204
208
204
194
230
260
270
304
338
342
356
382
392
386
388
386
370
358
364
342
332
348
344
344
346
304
296
274
260
258
232
210
178
150
112
98
88
88
88
88
84
80
76
84
66
80
80
74
80
70
76
74
72
72
102
108
108
102
110
94
102
116
102
100
102
98
118
96
102
116
90
104
92
90
98
102
90
104
86
92
100
92
98
100
80
100
90
82
100
96
108
116
112
118
126
126
146
148
138
152
142
158
156
158
180
204
238
266
274
296
318
334
350
346
332
328
318
300
300
280
266
270
282
274
270
236
216
202
188
184
162
134
106
96
86
80
78
82
82
82
78
74
78
74
72
74
70
76
66
70
72
72
72
74
100
96
104
102
96
96
96
98
108
88
88
106
104
96
88
100
98
96
100
94
96
94
100
98
90
90
94
96
94
90
94
84
92
88
88
86
92
90
98
96
94
96
100
108
108
110
108
112
110
130
134
162
198
204
218
238
240
252
278
284
262
254
248
224
240
212
206
204
212
204
208
168
160
134
118
118
100
90
88
90
78
84
80
80
90
84
74
80
82
76
82
78
74
82
70
78
78
74
72
72
110
98
104
114
96
100
104
100
112
94
92
110
100
102
96
90
104
90
98
92
90
88
102
92
90
86
86
92
86
80
98
72
104
98
86
88
90
76
86
82
92
88
80
84
88
80
82
76
88
84
94
106
112
124
142
158
158
170
196
202
182
172
168
154
154
148
132
122
144
132
124
112
100
76
78
94
78
80
82
70
82
82
80
80
80
80
78
76
74
76
72
76
70
72
68
68
74
70
68
70
106
106
104
104
106
86
104
110
94
94
98
94
114
88
104
102
98
98
94
90
98
96
98
102
92
88
94
84
96
96
94
92
104
84
90
86
94
90
88
102
96
86
94
86
90
90
78
92
108
78
102
92
80
88
76
86
98
108
114
112
102
92
90
94
100
88
86
86
82
84
88
74
76
78
82
94
88
88
78
68
86
70
76
80
70
78
86
72
78
80
74
76
72
74
70
66
84
78
72
68
94
94
90
112
102
88
100
96
94
86
88
96
106
80
100
92
90
88
86
88
92
90
88
88
82
84
80
80
84
84
94
90
110
88
82
82
86
76
76
84
82
78
80
82
90
90
76
86
72
80
84
90
88
80
78
82
78
90
88
82
84
78
74
86
80
86
78
76
82
84
78
84
68
90
80
76
82
80
72
88
78
80
74
72
80
82
76
76
78
74
80
78
76
88
74
78
86
80
74
70
100
94
92
132
96
108
100
88
116
90
90
114
98
92
98
84
100
92
96
98
98
96
96
90
92
98
80
96
86
78
102
90
106
98
82
88
94
80
92
86
88
90
70
84
90
84
74
74
76
98
78
78
82
68
80
86
68
80
78
76
82
80
76
84
80
70
76
76
74
76
82
74
64
82
80
78
78
78
72
86
74
86
74
66
84
80
66
76
68
68
70
70
68
80
74
76
82
76
68
66
96
94
98
108
90
96
86
90
100
86
92
94
98
88
86
84
92
96
90
84
106
96
90
98
90
100
84
86
86
84
80
96
106
92
92
84
90
90
80
76
90
86
82
86
86
94
72
92
84
80
94
80
86
94
72
80
84
88
84
78
80
80
80
82
84
74
82
74
84
80
82
74
82
78
84
94
76
78
82
76
82
72
78
80
72
80
88
74
76
90
72
80
74
72
84
76
80
76
74
76
102
104
98
108
106
102
110
104
98
98
104
92
112
92
96
96
80
112
98
92
106
94
90
104
90
98
96
88
84
82
88
90
90
92
88
78
82
86
78
80
84
76
84
80
90
86
78
82
78
80
72
80
86
84
88
84
80
78
76
72
78
72
74
72
72
72
72
70
78
74
76
78
72
82
76
78
82
82
78
78
74
76
72
68
76
80
74
76
74
74
72
68
72
76
72
72
86
82
70
70
100
104
86
108
90
102
98
96
98
94
96
104
94
92
94
88
96
96
104
108
88
88
108
92
92
98
96
90
84
80
82
88
90
94
92
84
88
94
86
86
84
86
84
88
96
86
88
86
82
84
80
84
86
82
86
82
80
80
80
78
86
78
78
78
80
78
78
74
84
82
82
82
78
84
80
82
86
88
84
82
84
84
82
80
84
88
84
82
78
78
76
72
76
80
78
80
84
82
72
70
104
106
84
106
88
102
98
98
98
96
92
104
92
92
90
86
94
100
102
102
86
86
102
94
94
96
96
92
88
80
80
90
74
80
80
74
80
86
78
80
72
76
78
80
88
78
80
78
78
80
80
82
78
74
78
74
74
72
74
74
84
76
74
74
72
70
70
66
76
74
74
72
78
82
78
76
82
82
78
78
82
74
80
78
76
82
78
74
80
80
76
74
76
76
76
80
76
78
74
76
106
104
94
100
100
98
106
102
98
106
96
92
108
90
90
90
84
110
96
88
96
88
88
102
96
94
96
96
92
84
82
94
76
82
84
80
88
94
86
86
80
74
94
86
92
92
80
88
80
80
84
86
80
78
80
74
74
70
76
76
84
78
76
78
78
76
74
72
84
82
80
78
84
82
82
76
80
80
78
76
82
70
78
76
70
76
76
68
80
82
76
74
74
70
70
74
66
72
66
68
