84
86
82
82
86
78
80
70
80
82
76
74
98
88
98
90
76
90
72
86
86
74
94
84
80
86
96
78
92
86
68
96
58
88
74
68
78
64
58
70
64
74
76
68
68
66
62
60
56
56
50
56
50
56
56
50
58
54
64
54
46
56
58
56
68
60
76
78
78
70
72
80
70
64
82
60
82
80
80
78
88
84
86
92
72
82
92
78
84
82
76
80
80
80
88
72
78
80
80
76
80
72
82
74
80
82
74
76
80
74
76
72
80
92
78
86
86
78
96
78
84
96
86
88
92
80
74
92
78
86
72
92
86
76
72
64
68
70
54
54
62
70
72
70
64
50
48
58
56
52
42
52
50
52
50
44
56
58
48
52
50
50
64
50
58
70
64
88
74
66
72
72
74
76
76
76
86
78
92
86
82
94
86
92
84
84
92
78
92
90
72
100
90
84
90
84
80
82
84
84
88
82
92
82
86
88
84
86
90
80
86
78
84
96
82
92
86
84
96
76
90
96
94
82
96
78
78
86
84
76
82
84
86
68
68
64
60
62
52
52
62
62
54
52
58
48
36
40
48
46
38
48
44
46
44
42
38
38
44
40
36
42
44
44
50
52
68
72
68
62
64
68
70
62
74
74
72
76
80
84
80
88
92
80
82
94
74
80
84
78
76
92
74
92
74
78
86
86
86
86
80
88
84
82
82
70
82
74
84
76
80
72
88
82
88
88
82
90
86
82
94
90
100
78
88
80
92
72
92
70
78
76
70
74
62
66
66
50
54
62
50
62
56
46
48
46
42
50
42
48
42
46
40
40
44
48
40
40
56
48
44
48
42
48
48
44
68
58
58
56
58
66
72
58
80
76
72
84
84
90
86
88
94
76
80
98
76
86
82
76
80
88
70
92
70
74
86
82
80
82
76
88
84
84
78
64
78
72
80
74
78
74
88
80
90
86
82
80
90
84
90
98
88
88
84
74
84
78
78
80
66
74
66
62
48
52
54
42
44
46
38
46
44
38
46
54
60
72
66
76
66
62
52
54
58
64
58
66
58
62
62
54
54
40
40
50
40
56
42
42
50
48
54
54
62
66
70
70
88
76
82
90
78
82
78
84
92
80
86
84
74
96
86
74
82
78
80
74
74
80
78
84
92
86
84
78
82
84
86
76
82
84
82
90
86
90
84
76
88
86
86
96
82
88
94
60
72
82
70
80
66
70
80
52
54
52
42
46
44
42
52
42
40
56
80
94
106
120
112
120
102
92
82
80
80
86
100
108
102
96
92
84
72
60
50
48
46
54
50
48
50
48
52
50
64
60
70
76
86
76
76
78
78
84
74
84
92
80
84
84
84
88
84
76
86
78
78
76
74
78
76
78
82
78
80
76
80
80
84
74
74
80
78
80
84
82
82
84
80
86
90
84
88
80
90
56
72
68
76
66
68
64
62
42
46
48
46
54
56
60
60
54
66
92
114
138
164
180
168
174
154
142
124
112
112
130
150
158
168
148
140
132
102
94
70
44
54
44
54
50
42
42
48
42
60
54
62
78
70
78
78
66
86
82
74
96
84
92
82
78
100
80
78
90
84
80
76
78
80
78
82
92
78
84
88
74
90
76
92
90
78
86
94
76
104
86
88
88
86
82
94
82
90
76
74
70
74
58
78
58
60
60
50
58
46
60
84
88
94
102
98
88
102
132
168
206
230
228
220
228
214
202
174
152
158
190
202
222
216
210
206
186
156
126
106
86
60
70
64
58
54
48
40
46
42
56
58
64
66
74
70
64
74
74
72
86
80
92
80
74
90
86
80
84
82
82
68
78
84
82
82
84
88
90
90
76
90
88
78
76
88
72
80
96
72
96
94
78
94
74
86
100
80
84
70
56
66
70
56
60
48
48
52
58
66
100
132
152
146
148
134
134
144
178
230
244
282
278
252
270
266
240
226
212
214
246
262
272
266
260
248
234
210
170
136
116
98
96
90
86
82
66
58
50
48
44
58
64
68
58
66
66
72
82
78
84
76
86
92
78
92
94
82
82
86
82
80
84
74
90
76
88
84
86
88
76
84
90
82
74
86
80
76
90
86
88
92
84
94
80
86
94
84
80
74
60
60
58
50
50
46
46
66
98
124
160
188
196
194
200
194
186
194
244
272
292
304
294
272
292
298
282
264
248
254
288
288
304
286
294
276
286
250
214
184
156
154
160
138
128
128
98
78
62
46
40
42
54
60
58
64
56
76
74
72
88
70
88
82
86
80
70
78
90
90
82
76
78
88
70
96
90
84
96
88
86
94
84
88
96
84
92
88
84
106
86
84
96
86
90
88
80
96
70
62
58
56
50
44
40
50
70
104
148
180
214
246
250
258
264
258
228
240
272
300
310
320
300
286
296
310
306
290
278
284
312
314
320
306
296
302
312
294
256
226
218
206
210
210
192
172
156
114
92
64
58
46
52
52
58
60
54
76
72
72
88
72
88
76
80
102
76
72
92
74
84
76
82
96
76
94
88
78
92
84
86
90
78
78
96
84
82
90
84
96
90
80
90
88
90
80
76
90
66
52
48
52
46
50
50
66
104
148
196
232
264
300
294
292
286
288
262
280
296
322
324
314
292
278
282
304
322
320
316
316
330
318
324
300
304
304
332
310
290
274
256
250
258
252
246
234
204
168
134
98
78
54
44
40
44
48
54
62
66
70
76
76
78
94
88
80
88
74
74
92
74
70
82
76
90
80
102
84
86
94
88
84
100
82
82
100
82
90
98
92
102
92
86
104
90
76
88
76
72
60
48
58
64
82
92
98
144
202
250
284
302
322
308
304
298
308
306
304
314
322
334
302
294
290
294
316
340
336
332
318
320
304
306
292
302
306
328
310
308
306
300
294
292
282
282
276
250
224
182
138
102
78
56
54
54
42
48
54
60
68
74
78
76
90
82
68
88
74
74
92
78
70
80
74
86
78
98
84
84
90
82
82
92
88
82
96
92
84
80
100
86
84
88
86
82
66
66
66
58
60
64
86
108
124
140
144
188
246
286
322
322
314
302
306
316
322
328
320
312
318
326
304
304
294
302
316
334
328
336
330
334
308
298
298
292
308
306
306
314
312
330
322
310
306
298
296
296
254
214
172
128
100
70
60
50
50
42
54
50
62
76
72
80
70
70
82
78
72
88
70
86
76
78
92
74
94
92
94
98
88
84
98
84
98
96
94
102
94
76
108
84
86
100
74
82
70
58
70
58
70
108
136
176
180
196
208
240
274
304
342
338
312
304
298
314
326
334
342
332
336
332
324
320
328
336
334
334
322
338
334
342
322
320
314
316
314
314
302
322
322
322
326
322
300
298
316
312
294
264
222
178
142
112
90
72
64
46
50
42
54
62
64
74
80
84
60
70
72
84
84
78
72
74
88
76
84
90
96
94
88
78
98
90
96
84
98
88
96
88
90
92
82
78
72
66
54
60
46
56
110
168
192
246
244
258
274
284
316
324
348
338
308
310
300
312
332
340
340
350
334
348
348
350
350
358
350
344
332
350
342
346
322
324
338
328
340
318
308
316
324
328
316
310
304
296
308
322
312
288
244
208
174
162
140
124
86
70
52
46
56
52
70
70
76
74
66
88
70
78
86
72
72
76
72
96
74
84
100
88
100
86
88
96
92
72
96
88
88
94
84
92
80
74
68
66
58
66
50
100
156
216
264
302
292
300
304
304
322
326
346
326
318
308
322
336
336
346
344
344
358
364
364
370
362
372
376
350
328
336
352
364
350
358
362
352
356
310
304
320
338
334
314
310
304
312
300
330
326
308
278
254
226
212
194
180
130
104
74
40
52
50
56
68
66
68
72
80
64
88
68
86
78
82
90
80
82
94
78
94
86
90
80
86
106
92
84
100
88
72
100
78
78
74
54
62
58
54
74
134
212
266
298
320
306
316
322
328
328
330
342
336
324
336
336
354
360
352
340
354
370
370
378
388
390
392
392
348
328
344
348
372
362
378
376
370
356
316
328
344
336
320
298
298
316
306
300
306
314
310
318
290
288
260
248
218
180
142
102
56
56
46
52
64
62
68
70
60
74
76
64
78
82
82
88
76
96
82
80
102
82
82
98
74
100
94
82
84
88
76
84
78
72
70
56
62
64
62
110
182
266
318
342
346
330
330
334
340
340
340
364
342
344
340
352
366
386
350
340
366
364
368
398
396
400
406
390
336
326
346
350
380
380
388
380
380
352
316
338
348
346
328
332
322
342
330
308
316
310
318
326
304
298
288
282
264
242
180
140
90
58
40
52
50
66
62
72
68
76
76
86
78
80
80
88
78
84
90
92
88
106
80
90
88
88
86
90
72
86
86
66
78
72
66
68
56
64
84
148
232
302
344
366
350
340
328
332
336
336
352
360
360
350
354
368
380
380
362
336
356
372
372
402
414
398
412
372
326
328
342
360
386
388
388
382
386
350
330
350
362
350
348
332
342
358
342
318
296
314
330
332
320
304
300
292
288
280
234
178
120
94
54
42
52
60
60
64
80
70
80
90
74
76
76
86
80
82
88
90
92
94
88
80
90
96
92
90
88
84
68
70
66
72
74
84
84
102
122
192
268
328
352
366
336
334
322
330
336
344
362
352
360
358
366
386
384
390
356
336
366
372
374
410
408
404
408
360
322
334
350
372
396
398
396
392
376
334
338
354
376
366
360
364
352
356
352
312
300
322
334
338
326
316
302
302
310
308
260
216
158
114
66
48
44
52
66
60
76
76
80
78
74
78
74
80
72
98
80
90
100
74
88
90
78
102
94
86
88
84
54
58
70
76
82
80
118
154
164
240
292
338
348
352
330
332
330
334
340
360
374
366
360
366
366
398
392
384
354
332
366
390
380
388
400
394
378
346
318
336
364
376
404
412
402
382
346
316
338
352
372
372
384
382
360
348
322
322
310
334
334
318
314
300
298
298
320
318
300
252
186
158
94
52
56
50
56
60
70
82
78
82
74
78
72
76
66
92
98
92
86
92
88
84
82
94
80
86
70
76
62
48
82
84
84
74
128
184
210
278
310
334
336
336
340
336
354
348
354
362
382
372
376
358
382
392
402
372
334
342
384
386
382
396
384
374
346
328
326
350
376
386
406
412
392
354
330
326
340
354
382
394
390
394
364
344
330
320
328
342
340
312
316
300
304
292
312
310
290
272
218
172
116
78
56
52
40
52
62
78
72
84
70
72
68
76
72
84
102
92
92
96
88
90
86
86
70
88
68
62
72
68
80
82
84
96
158
228
270
304
314
332
330
322
346
338
376
364
374
376
380
384
370
366
382
378
380
370
344
366
396
382
380
386
368
362
340
320
346
372
384
406
406
404
378
338
334
340
324
340
384
386
398
392
380
334
322
320
344
358
342
320
306
316
306
302
312
306
300
296
250
208
152
110
80
60
56
50
54
82
76
70
74
68
66
76
74
106
100
84
104
88
88
86
84
96
94
62
70
66
76
66
84
92
90
114
196
278
300
332
330
334
332
334
342
356
366
386
390
380
394
368
378
366
356
360
374
364
352
364
392
388
374
344
346
340
332
328
370
392
404
406
398
380
348
346
334
338
332
352
384
402
404
396
366
312
320
330
352
372
336
326
332
338
318
322
292
302
300
302
284
252
200
172
110
76
66
54
60
72
84
70
66
66
76
66
68
100
100
80
112
84
84
100
74
82
84
66
72
72
84
86
112
112
124
158
238
304
302
330
328
334
328
346
350
354
374
366
388
380
396
366
376
368
364
370
362
348
356
380
396
388
364
338
338
328
328
346
384
384
396
406
392
372
358
334
360
330
332
344
392
406
400
382
340
300
320
340
374
370
350
348
354
360
336
328
300
312
312
314
306
270
242
210
160
114
82
62
54
68
80
70
70
74
78
68
76
86
114
84
92
108
92
100
94
80
74
64
72
78
90
96
128
134
178
210
260
304
306
330
308
314
338
344
360
388
350
388
378
378
384
360
376
362
348
356
354
342
356
356
384
372
374
338
342
346
358
382
398
402
400
378
374
346
346
362
368
350
328
346
392
414
404
390
338
310
320
330
362
388
360
374
376
360
344
344
312
306
310
332
328
300
284
252
210
166
108
78
52
66
74
72
72
68
72
68
74
100
106
90
92
90
90
90
86
96
76
70
80
94
100
98
134
164
228
258
302
308
292
316
318
312
328
356
368
384
376
372
388
390
380
364
374
358
344
344
350
352
360
362
362
360
350
342
352
356
388
380
394
400
378
368
352
336
346
368
354
326
344
342
396
412
400
382
326
318
330
342
382
398
390
388
374
360
342
338
328
322
302
322
308
312
312
292
250
210
140
102
56
64
70
72
68
70
72
72
74
102
106
84
100
82
92
86
84
92
76
78
88
100
98
90
140
194
264
290
332
320
302
310
314
314
344
346
376
386
372
382
386
388
372
360
348
340
346
338
336
352
354
330
352
352
370
358
376
402
396
402
386
370
364
352
344
352
366
394
360
346
356
352
384
424
414
384
322
322
326
336
382
406
392
396
380
346
334
342
324
322
302
322
304
304
314
314
296
246
176
128
70
60
66
74
64
74
70
70
74
96
94
86
104
96
84
108
76
78
82
92
96
102
100
86
148
218
292
310
330
314
312
316
318
324
348
366
382
398
378
386
380
390
372
358
342
338
346
344
352
358
360
352
342
344
342
368
392
394
372
382
362
358
362
346
348
364
390
384
358
328
336
350
388
404
410
378
332
344
336
340
390
400
408
382
356
342
330
334
332
310
302
322
312
294
310
320
322
272
212
154
94
54
60
74
66
68
66
72
68
86
110
90
82
112
76
84
64
82
98
102
102
120
134
102
158
244
306
334
336
314
304
328
364
342
358
376
386
382
386
376
380
382
372
350
340
340
336
348
362
368
364
346
344
344
358
380
392
382
380
354
358
368
344
354
340
336
368
384
356
348
330
356
382
406
418
374
334
348
334
344
402
406
406
364
342
330
330
348
338
326
302
304
300
292
314
326
326
290
242
176
126
56
54
72
68
68
70
80
68
90
108
92
96
92
94
78
62
86
98
92
94
132
166
116
154
258
314
340
318
318
324
348
366
368
366
380
362
366
358
376
376
386
390
352
340
348
350
366
360
374
374
368
354
360
360
382
374
376
338
356
342
334
340
342
350
300
340
348
348
334
360
350
378
414
428
374
338
348
326
336
398
404
414
356
334
338
338
352
344
318
300
318
310
304
304
326
324
298
260
192
150
60
52
68
70
72
70
78
64
86
88
90
84
86
94
74
50
74
104
96
114
148
172
148
200
274
336
346
320
332
322
352
366
362
358
370
356
344
346
348
380
386
374
340
342
354
370
370
362
360
376
342
360
356
374
376
372
356
344
332
330
334
342
356
350
284
280
318
330
328
352
348
372
390
420
384
338
344
322
334
388
418
388
340
328
338
346
378
356
342
332
326
316
310
306
312
312
298
268
202
170
70
46
56
76
76
72
78
72
84
110
96
88
98
86
70
62
88
102
100
142
176
194
194
252
314
362
342
332
338
340
366
374
362
364
356
360
354
346
358
374
396
372
342
352
366
370
368
362
352
368
362
380
372
374
380
368
348
344
342
352
344
358
348
342
246
238
278
320
332
354
340
344
380
416
398
354
348
334
338
382
402
374
340
334
340
348
384
378
344
350
346
346
322
292
302
306
306
272
208
168
90
56
56
70
68
74
86
72
82
88
102
86
86
90
68
72
96
96
122
196
226
214
244
300
332
364
334
332
340
344
378
388
372
366
368
364
364
364
366
384
396
374
354
362
374
370
370
368
374
386
392
394
386
378
390
362
344
344
366
364
358
354
342
334
240
220
244
306
326
352
352
356
362
402
404
370
350
342
336
370
406
364
336
340
356
368
390
386
386
354
346
338
326
316
304
322
308
282
230
178
114
68
52
70
68
76
86
74
96
90
104
88
84
92
72
78
98
96
160
254
274
218
276
330
346
354
334
328
340
338
374
384
372
370
380
368
370
380
382
400
388
374
368
362
368
364
372
370
358
378
392
392
402
396
392
352
360
356
350
376
366
380
350
334
274
240
242
314
334
354
350
336
346
380
402
384
356
356
350
376
386
350
342
352
360
368
386
396
378
350
346
338
326
318
302
328
316
302
256
200
144
90
56
70
68
66
78
76
90
110
90
86
94
84
86
92
104
110
204
298
304
222
310
356
358
338
330
332
344
350
372
386
374
392
384
386
392
396
410
402
380
366
366
362
366
364
374
374
368
390
392
392
406
394
374
350
370
374
378
384
380
360
364
346
288
270
278
340
346
352
360
352
330
362
392
376
344
352
346
352
360
334
338
356
362
376
388
400
366
362
332
342
334
314
310
308
334
326
280
226
174
122
70
68
68
68
82
82
82
98
92
88
86
86
100
106
108
144
252
330
324
248
340
368
350
324
322
340
336
356
366
394
396
410
404
402
408
410
404
384
368
350
358
370
378
378
384
390
388
404
398
400
408
390
374
378
374
380
368
394
380
364
360
344
332
324
332
362
348
338
358
360
338
368
392
366
342
356
352
334
348
330
334
354
360
374
378
378
354
368
344
340
316
304
306
316
336
342
306
256
202
146
92
72
64
76
90
78
98
88
108
96
80
96
100
102
118
190
294
348
328
278
356
354
346
318
320
350
336
348
362
392
412
412
414
404
402
398
370
354
348
342
362
384
384
392
392
398
398
412
410
404
398
372
358
360
354
356
370
378
380
346
370
366
350
346
354
368
366
354
368
358
348
362
372
350
338
354
360
336
326
332
342
352
340
350
358
358
356
352
336
324
316
324
298
306
322
342
330
284
232
168
120
78
62
72
86
74
92
92
96
90
88
100
100
96
136
226
314
348
318
294
358
336
344
310
318
354
356
356
380
396
412
422
408
406
398
372
362
342
332
346
378
392
380
390
388
388
390
402
404
384
374
362
362
356
366
350
360
366
372
352
366
370
354
366
384
380
366
352
376
380
380
370
366
348
342
346
360
344
320
330
336
348
340
356
364
350
362
364
338
328
316
320
308
318
312
336
342
304
264
192
144
78
72
72
86
84
84
100
96
108
100
98
100
94
170
266
330
334
328
286
350
354
350
334
340
368
370
372
374
388
400
398
388
380
372
350
344
322
334
358
376
386
408
380
380
376
386
398
388
392
364
352
348
360
386
370
378
374
388
374
382
384
370
358
382
380
378
364
378
384
386
372
348
332
340
346
376
352
330
348
350
340
334
348
346
354
364
358
340
348
322
318
316
308
312
332
342
324
282
206
166
88
74
86
86
88
92
88
104
90
98
102
100
118
204
320
338
334
294
294
364
350
346
324
364
370
370
376
366
372
374
376
364
366
336
328
330
338
354
370
386
406
384
370
360
356
386
382
384
384
364
358
336
364
372
378
378
382
384
376
398
386
382
366
362
360
372
354
366
382
402
366
354
342
352
354
372
364
362
376
358
338
328
344
354
366
372
362
358
332
334
336
314
318
314
326
330
318
298
222
184
80
70
84
96
84
96
80
102
90
102
100
94
150
264
334
354
322
282
308
354
352
356
346
340
360
354
360
388
366
364
348
342
344
342
334
342
348
378
384
402
400
372
354
346
346
364
388
368
376
372
366
366
372
378
388
386
398
404
418
416
376
382
356
346
350
356
348
372
374
398
368
358
342
362
368
394
378
364
380
368
358
348
348
356
364
352
334
330
326
348
338
336
342
312
330
322
322
284
228
186
80
86
78
96
94
90
88
96
98
100
102
108
192
314
362
364
332
286
296
348
336
372
368
342
368
352
372
382
366
360
348
354
350
348
336
356
372
390
394
396
370
356
344
336
346
356
376
376
376
382
382
360
372
378
372
392
408
414
424
408
390
370
366
348
346
360
356
376
374
394
366
356
370
388
358
384
364
366
380
368
370
364
352
364
374
368
352
344
340
336
346
344
318
332
320
316
298
284
224
186
70
86
68
82
92
86
94
100
92
92
102
136
248
330
382
382
336
274
316
366
362
362
362
344
364
356
370
366
372
358
352
342
358
354
368
380
392
400
402
378
358
336
358
344
352
346
358
368
384
392
374
350
370
372
388
404
378
398
434
430
398
386
360
356
366
354
362
394
366
366
362
364
364
382
376
394
360
372
388
376
374
370
360
376
386
366
328
342
348
344
352
340
340
334
314
306
300
264
230
168
78
82
80
90
96
94
84
106
92
96
94
152
304
390
410
412
322
270
332
368
372
356
344
332
338
352
356
360
376
354
364
366
382
382
384
404
408
398
384
372
356
340
366
374
358
352
368
360
378
386
366
370
382
386
390
380
356
388
388
406
404
394
366
348
360
366
368
380
372
378
352
372
376
386
382
372
364
364
390
390
378
378
372
382
380
362
358
358
346
356
358
360
348
324
308
326
298
266
214
158
80
82
80
82
96
94
86
100
100
102
92
184
356
424
432
406
314
286
338
388
370
364
330
344
336
352
366
352
376
392
392
390
402
416
394
404
378
376
360
362
346
350
360
386
364
378
374
378
364
366
376
370
388
380
404
388
332
344
332
368
410
392
362
354
368
370
374
378
372
358
344
380
384
392
410
380
364
366
388
398
382
382
374
376
376
380
376
352
356
346
322
344
336
324
320
322
308
266
224
150
68
96
82
84
96
86
106
90
98
92
106
232
394
434
442
418
322
280
362
376
366
348
338
324
348
348
356
386
392
400
414
400
424
408
386
392
378
364
364
352
350
354
364
380
376
372
372
366
370
372
366
376
384
378
390
368
288
296
296
328
402
382
380
372
374
386
384
370
376
372
350
364
378
386
400
382
378
374
388
408
402
398
374
362
366
398
384
366
364
318
322
336
326
318
332
340
314
272
216
156
74
86
82
90
82
86
90
106
108
88
106
274
412
430
452
416
318
282
342
378
374
342
322
348
354
342
362
378
396
408
422
410
408
390
360
368
356
352
358
354
362
322
330
340
360
372
366
376
368
368
374
372
366
354
384
358
262
268
252
306
400
386
356
368
392
386
374
370
366
360
364
362
378
390
408
386
398
392
404
408
408
404
368
356
364
370
382
368
364
336
330
330
332
316
322
356
332
290
218
170
100
92
82
84
90
92
86
110
100
102
108
304
424
418
438
412
334
304
360
366
362
340
320
346
346
362
350
380
398
408
398
376
386
370
350
340
338
346
354
364
368
318
276
288
320
362
352
378
374
374
374
382
366
354
360
354
284
272
238
288
366
360
354
364
368
362
366
368
398
382
354
344
378
400
410
388
404
398
396
408
412
406
376
358
354
368
376
360
358
340
322
322
312
318
330
360
346
300
220
182
116
90
86
92
92
94
90
100
100
104
124
334
428
404
424
404
344
296
344
340
358
332
340
346
358
364
362
372
380
374
368
372
360
364
350
346
338
338
340
372
360
296
244
238
306
366
362
384
376
394
386
386
368
346
354
346
286
280
248
284
344
336
346
356
372
358
366
380
382
380
356
348
370
386
408
394
396
400
394
396
402
416
384
350
344
350
356
354
344
328
314
314
306
316
314
356
350
312
246
186
122
78
80
86
84
86
96
98
104
98
130
358
430
396
420
410
378
302
332
336
352
336
346
356
360
372
368
374
368
380
366
346
352
332
328
324
342
346
362
364
358
284
224
220
282
352
366
364
352
392
378
360
354
350
344
338
304
290
290
322
344
336
344
374
366
336
360
368
384
364
358
358
358
368
410
402
382
382
368
374
400
408
386
374
350
332
330
342
326
316
328
322
322
324
324
338
350
324
260
208
124
84
84
88
82
88
96
106
106
102
122
382
448
404
412
400
398
314
326
340
338
344
344
346
374
362
384
372
376
368
364
348
330
344
348
366
350
362
358
372
352
292
246
208
264
336
366
356
346
386
378
354
354
344
356
328
318
336
338
334
360
342
372
364
350
338
350
368
382
364
352
352
354
374
416
406
374
368
380
366
386
410
376
362
352
330
326
322
322
320
348
344
332
332
320
332
326
302
262
190
120
86
82
84
82
102
94
90
110
108
128
396
468
430
426
412
422
338
318
340
336
344
338
364
360
372
374
378
362
366
366
348
366
368
374
372
366
362
358
354
350
330
272
256
274
318
352
352
344
362
362
352
342
348
358
336
332
342
360
354
350
360
364
374
352
352
372
368
376
368
358
360
356
378
418
404
368
356
352
344
374
404
392
390
364
346
348
324
336
326
342
348
326
330
332
316
322
308
260
188
104
94
88
88
88
106
96
84
106
106
132
402
474
440
432
436
448
364
302
310
322
338
360
360
360
356
368
364
348
374
382
392
384
394
400
408
400
380
370
374
360
356
326
300
300
318
354
352
332
354
354
350
336
352
378
354
334
352
366
362
354
366
370
382
366
358
356
380
380
364
370
374
358
370
410
402
370
356
354
332
344
402
408
390
386
370
356
344
348
332
336
338
328
324
318
306
308
298
256
158
88
90
86
86
78
96
96
108
98
110
120
410
472
464
448
454
458
382
300
300
334
348
374
346
350
344
346
350
354
374
380
402
408
408
412
402
410
388
402
392
388
380
368
342
314
322
364
350
316
362
358
350
342
368
378
374
362
368
364
376
366
368
372
382
360
374
362
360
368
362
368
374
358
372
406
404
382
352
344
336
334
384
408
398
412
390
346
356
348
340
350
334
342
328
328
302
304
286
234
148
90
86
88
92
82
104
88
110
102
108
122
378
476
486
462
468
464
430
304
288
340
356
380
350
348
342
344
358
356
368
384
392
408
424
414
424
408
404
394
400
400
398
380
388
350
358
358
354
360
384
364
362
358
376
392
386
384
394
360
392
380
376
372
388
382
370
370
338
362
382
368
376
374
374
392
414
392
354
350
326
330
364
398
398
410
386
368
350
340
342
336
350
346
322
328
300
280
268
214
102
92
92
88
88
94
108
92
114
98
112
104
338
474
496
482
468
468
442
304
294
350
382
382
356
350
320
342
344
344
360
394
410
412
412
390
396
402
388
392
384
396
388
398
396
366
364
374
390
386
382
380
350
358
376
396
388
394
378
362
382
382
372
352
392
376
392
352
320
336
362
354
362
362
360
394
418
412
374
338
320
328
354
400
416
408
372
352
346
340
344
342
342
340
322
322
296
284
250
194
98
84
90
86
84
88
100
84
104
84
114
100
294
470
490
490
494
486
456
314
276
356
364
378
356
332
342
342
338
354
372
374
386
390
390
386
388
378
370
368
356
386
380
384
386
390
394
392
394
390
384
358
358
366
376
374
378
380
388
370
384
374
348
352
386
394
384
352
270
278
336
346
360
368
358
386
406
410
382
358
334
326
354
382
394
400
376
350
346
338
342
346
346
354
342
346
312
260
258
160
88
92
94
90
90
92
98
96
120
96
112
104
262
480
488
498
478
494
484
344
278
334
370
376
358
334
342
332
366
368
364
368
368
360
370
366
350
360
352
354
350
354
368
374
386
384
374
390
394
380
380
360
374
358
362
364
368
384
372
374
362
360
342
348
378
372
370
332
250
252
316
344
354
364
356
372
406
418
394
358
354
340
336
358
388
386
352
336
336
338
340
342
348
364
350
336
314
246
242
128
100
96
90
88
88
88
106
94
106
94
98
100
204
446
502
496
492
496
490
396
286
346
346
360
352
356
358
360
376
380
366
358
372
368
354
356
348
348
354
350
346
340
364
368
382
380
396
382
392
388
366
366
366
388
344
348
358
382
384
398
376
372
366
366
372
374
352
310
226
236
296
338
346
360
362
354
400
412
414
374
362
342
332
350
374
368
354
344
332
332
324
326
354
376
356
348
316
250
218
110
82
82
90
92
92
94
116
96
98
104
108
106
168
432
486
502
488
496
482
400
308
334
352
352
350
338
358
364
362
378
372
372
364
358
364
366
350
366
360
352
350
358
362
356
368
390
384
380
386
372
362
368
376
366
358
356
364
370
396
402
384
372
360
366
376
366
360
320
262
254
286
328
336
356
366
346
382
396
416
398
376
352
352
354
352
358
342
348
350
366
354
342
350
354
342
344
312
234
210
108
90
104
84
86
88
88
98
102
108
112
110
100
140
430
496
502
496
498
496
442
350
336
334
316
348
348
354
360
374
366
380
372
364
364
354
362
368
380
382
380
378
380
370
372
376
394
396
372
366
366
378
376
412
400
348
368
362
368
370
392
382
394
382
400
384
374
356
352
310
294
302
326
322
336
352
344
370
400
408
392
390
380
360
360
358
354
342
344
348
366
362
358
350
348
344
328
314
230
174
90
94
94
90
90
92
90
94
104
98
92
112
102
116
396
484
500
492
496
502
448
392
350
328
338
342
356
348
354
368
374
376
372
358
368
376
388
390
402
432
400
394
410
410
392
390
408
378
362
374
376
372
394
406
400
374
386
376
356
374
384
388
398
406
408
410
386
402
368
356
328
324
334
326
336
348
346
346
384
410
412
394
378
370
362
342
356
364
350
352
360
356
362
340
334
330
336
306
232
158
92
72
90
88
90
88
86
118
86
100
112
98
108
116
368
480
500
496
506
498
484
428
376
350
324
342
334
342
350
376
376
356
360
356
370
366
382
398
410
434
414
422
410
412
402
408
406
376
364
358
392
382
394
406
402
390
388
396
374
368
380
398
410
388
416
400
414
396
392
380
382
356
342
348
344
356
346
354
368
392
398
404
388
366
376
340
344
354
344
362
356
352
344
338
348
330
314
286
196
130
94
74
86
90
82
92
80
96
100
106
104
110
100
112
316
476
502
502
504
498
492
464
414
364
334
332
330
342
356
378
384
372
362
348
366
360
378
406
438
438
430
412
398
396
392
388
410
380
374
400
404
410
394
394
370
390
390
402
402
386
384
394
388
400
400
396
410
420
406
406
392
392
374
350
354
358
364
352
366
384
412
396
384
370
344
354
334
342
356
356
346
342
342
332
328
312
302
238
176
104
88
82
92
98
88
96
94
100
108
108
100
106
102
112
260
456
494
502
506
506
494
484
436
396
352
334
316
362
356
386
382
360
354
332
368
358
384
392
420
418
402
396
392
380
376
384
404
384
364
414
400
406
410
384
388
394
394
386
404
408
390
384
384
370
398
386
392
404
408
406
410
404
404
382
360
374
386
368
356
358
392
388
382
358
344
344
334
348
354
352
354
332
334
328
306
290
260
202
148
92
96
78
92
86
74
80
82
116
96
102
104
88
108
108
210
444
494
494
502
508
498
494
468
416
378
320
318
364
382
390
386
362
346
346
348
368
372
398
400
398
376
388
382
378
368
390
404
394
390
404
418
414
388
376
368
384
392
394
392
386
404
402
366
370
380
366
380
372
402
406
404
428
418
400
376
388
376
362
368
356
370
374
362
340
346
338
352
346
366
358
346
338
330
308
300
268
210
170
116
94
96
78
84
98
88
90
90
116
98
108
112
94
110
108
174
394
486
494
500
508
506
498
486
446
408
334
310
362
384
386
376
348
356
358
378
374
380
384
388
384
376
376
362
376
370
386
412
406
398
400
410
414
386
394
390
380
396
404
404
418
414
390
384
370
372
350
358
372
372
370
392
398
416
414
414
408
394
358
360
362
370
364
356
356
334
354
350
352
362
380
350
330
334
316
280
244
180
128
98
102
86
94
90
90
86
88
84
104
112
114
102
104
100
110
146
316
454
496
504
506
510
496
488
484
442
376
302
360
360
376
362
372
368
370
382
386
378
386
388
374
368
366
366
376
392
404
422
418
398
420
422
412
424
394
400
380
386
410
402
412
422
406
378
378
368
356
362
348
350
350
358
376
408
424
406
412
406
382
364
354
366
358
366
372
352
364
354
358
374
388
352
350
338
298
276
194
130
96
86
90
86
84
86
88
86
86
82
104
106
110
92
100
96
102
118
250
398
480
496
498
506
506
504
492
474
398
330
332
354
356
372
372
376
374
402
396
396
382
372
370
362
372
382
392
422
436
434
424
406
402
424
406
432
418
422
408
406
406
394
418
404
404
410
402
402
378
366
366
366
342
342
372
384
420
408
422
382
370
360
360
364
362
360
364
378
372
374
372
370
378
366
348
328
284
246
156
102
98
94
96
104
86
94
98
94
88
86
124
96
114
108
100
116
98
104
188
330
450
490
500
504
508
504
494
488
418
346
320
338
338
372
360
366
376
372
384
382
390
372
368
370
378
368
406
426
436
434
420
384
408
422
422
430
414
418
410
418
414
380
380
366
402
408
422
414
416
382
382
350
352
352
364
376
402
392
392
368
364
366
364
368
380
360
376
378
378
366
364
376
364
356
340
318
264
212
124
92
88
90
96
88
92
84
98
86
78
80
98
108
100
90
104
98
102
104
130
260
396
468
502
486
490
498
500
480
462
394
338
352
344
348
356
358
352
366
370
388
384
366
368
376
356
386
392
430
428
398
400
396
408
416
432
410
420
418
414
420
416
376
374
372
392
402
422
434
424
412
404
368
358
358
364
366
386
364
366
380
358
354
372
374
376
378
358
362
370
368
370
362
360
352
340
306
238
186
106
94
88
114
88
80
102
94
82
102
92
82
106
108
102
90
110
88
98
90
100
190
320
416
468
464
482
492
492
486
478
438
366
386
358
372
344
344
354
360
380
388
400
380
364
362
360
386
390
402
406
400
396
396
398
398
420
410
412
386
422
426
418
386
370
360
374
396
402
440
434
442
414
388
364
364
374
368
354
354
344
364
354
340
352
370
388
384
372
362
362
358
352
354
346
338
320
276
208
144
90
92
94
98
82
92
82
88
90
78
88
82
106
92
100
94
106
112
88
102
100
132
234
350
424
440
466
474
472
482
482
470
416
406
396
384
364
352
338
348
370
396
402
382
356
358
378
396
402
384
382
384
388
396
396
396
398
384
400
396
402
424
424
404
376
362
360
374
380
428
430
440
406
388
370
374
358
352
360
354
344
348
358
342
362
384
396
374
366
350
352
358
354
344
326
320
286
220
164
116
90
96
102
102
82
104
84
90
98
84
90
86
108
92
102
98
96
118
84
102
84
104
176
282
346
380
424
462
456
458
488
474
450
444
424
410
376
358
338
352
376
404
398
368
366
372
394
394
400
384
384
388
384
388
388
402
404
386
388
384
384
420
422
396
372
370
370
372
372
404
424
412
396
376
370
378
382
360
366
336
338
350
356
354
360
386
396
380
378
360
352
366
340
328
304
272
230
184
134
90
92
90
94
104
78
90
94
86
82
96
82
80
102
102
98
92
100
94
100
92
98
106
124
206
274
338
382
430
436
462
468
482
464
460
458
434
420
384
358
338
366
380
400
374
368
380
398
396
396
392
396
406
394
388
374
380
384
386
386
384
380
416
414
384
372
374
380
372
364
376
410
390
386
366
354
366
354
366
362
348
344
370
364
376
374
392
394
386
380
364
336
346
314
278
258
222
182
150
104
80
86
84
94
94
80
86
94
84
70
84
72
70
96
100
100
96
100
98
108
102
90
108
102
144
196
266
328
396
426
450
480
474
466
470
456
460
442
410
380
354
366
372
384
360
364
378
392
400
394
390
400
412
380
372
372
386
380
384
376
388
388
406
394
374
370
368
378
372
368
372
398
384
374
366
350
362
354
388
372
358
348
360
374
388
384
384
380
378
374
374
342
342
280
222
208
182
140
106
82
98
84
92
108
88
94
98
90
90
92
74
86
88
102
98
108
102
96
106
96
102
98
106
92
106
152
210
274
336
386
426
454
462
462
456
454
466
454
430
394
366
356
366
378
368
372
376
378
382
380
384
410
416
388
360
358
376
380
394
376
394
394
398
368
360
356
364
380
388
360
366
370
358
348
348
348
354
358
380
370
370
374
378
384
378
402
392
390
380
372
362
316
284
220
182
166
132
98
92
90
98
82
94
102
92
96
96
86
90
82
64
76
84
98
92
104
96
106
88
102
94
100
110
102
92
110
136
202
262
328
376
404
440
432
454
426
462
450
440
430
384
368
348
370
360
362
368
370
376
386
394
420
404
376
362
370
378
380
408
374
380
380
388
358
364
360
376
384
392
364
376
372
356
352
348
368
364
380
386
372
374
348
378
374
388
404
386
386
360
348
330
274
218
172
136
114
100
88
94
94
84
88
92
86
106
92
80
92
84
76
82
68
72
96
110
106
104
110
86
104
104
98
104
110
86
96
104
134
210
258
308
360
388
408
414
412
454
444
448
448
398
380
350
382
368
342
348
358
354
360
406
402
412
388
380
392
392
394
388
354
386
396
380
352
358
364
372
370
386
370
372
374
368
376
372
374
362
382
382
382
378
368
374
372
382
400
382
364
346
310
270
226
176
132
102
92
88
84
88
90
98
86
92
96
94
100
98
88
88
72
76
82
86
98
92
118
94
106
108
92
102
94
102
90
94
98
104
100
134
192
232
290
326
356
384
406
428
420
436
446
430
382
340
396
384
368
374
338
354
344
396
386
392
386
384
396
404
386
384
354
388
386
376
362
368
370
372
372
390
380
382
376
374
376
370
384
396
398
398
368
378
358
356
362
366
374
372
344
298
252
220
180
124
98
104
96
96
94
92
82
98
84
88
94
98
98
88
80
92
74
76
78
76
96
92
108
92
104
106
94
94
92
104
100
98
102
90
94
102
132
160
204
262
320
318
334
362
388
434
428
438
406
356
410
402
366
382
364
356
344
376
386
408
390
376
386
392
382
384
366
386
402
390
374
382
386
388
378
382
378
384
366
364
376
386
388
390
388
380
364
376
356
354
330
336
330
322
296
254
206
166
130
88
90
100
92
98
82
92
88
86
90
84
96
104
94
88
88
92
86
88
88
86
106
112
104
102
108
100
110
98
100
104
102
94
104
98
104
98
102
124
142
180
252
256
284
308
320
380
372
402
404
376
428
422
370
398
396
376
332
360
350
388
378
374
394
386
384
372
372
394
384
386
380
394
384
388
382
396
356
380
370
368
374
384
380
380
376
366
370
372
352
338
290
282
288
266
230
192
144
110
100
92
94
96
88
94
78
86
94
84
88
88
90
88
90
94
86
86
78
82
84
84
104
98
106
98
98
98
96
104
96
102
100
100
94
104
92
94
104
100
106
130
182
190
238
252
258
306
324
356
358
348
412
414
378
392
404
372
354
364
350
360
364
360
364
362
382
370
358
362
384
392
384
400
374
384
374
388
364
378
368
374
380
382
374
380
362
360
352
346
324
288
252
224
222
218
190
150
108
88
88
84
84
100
92
92
92
84
86
92
88
100
90
78
96
94
80
94
78
82
84
80
104
98
112
108
102
104
100
110
96
102
106
102
98
100
94
100
112
104
100
112
148
128
156
174
192
232
256
282
294
292
342
372
346
370
358
384
350
380
358
362
344
350
346
356
352
354
348
358
358
364
360
384
368
384
374
380
364
366
344
340
354
366
360
352
340
328
326
300
278
240
200
174
176
168
136
104
86
86
96
94
94
96
92
90
90
84
86
88
98
88
94
96
90
86
86
94
90
94
92
86
98
104
98
108
100
94
106
94
108
102
96
92
114
104
106
102
102
120
106
88
116
102
112
124
130
170
178
210
246
262
286
322
292
304
314
348
328
336
320
318
310
300
290
312
302
320
316
306
328
338
352
368
356
360
360
362
340
348
332
312
318
330
336
320
304
280
284
252
226
196
138
124
116
112
96
92
94
90
90
88
102
88
88
90
80
88
86
80
92
76
90
98
82
82
88
84
86
88
88
82
102
110
98
106
98
94
106
88
90
104
86
102
102
92
98
108
100
102
104
96
106
92
102
110
100
128
124
156
174
206
220
226
238
224
258
306
304
314
276
274
262
248
260
280
260
268
276
246
280
282
302
320
330
332
330
320
304
294
278
268
280
282
278
256
248
230
216
204
180
148
106
92
88
98
96
96
90
84
88
92
84
92
92
90
82
92
78
90
80
92
88
84
100
98
80
88
82
88
88
82
98
94
120
90
112
94
98
108
96
102
88
110
100
104
100
104
118
100
120
94
104
114
82
104
108
104
118
128
124
132
152
160
176
178
184
220
258
268
254
224
222
208
220
220
212
212
218
196
222
242
256
278
282
276
286
274
262
250
220
214
230
228
226
226
194
200
162
150
128
106
106
88
90
102
96
92
82
86
84
96
82
100
84
86
90
84
84
96
76
88
84
84
96
96
88
94
84
86
86
80
100
100
98
104
100
86
106
90
100
96
92
96
100
96
102
104
102
108
86
100
110
82
100
100
100
112
110
114
118
112
116
128
136
142
152
164
194
206
198
192
196
190
176
176
170
172
164
160
182
190
210
228
230
240
230
226
210
192
186
154
166
176
170
174
170
140
122
118
94
116
94
84
96
82
106
108
88
88
106
82
100
98
88
96
88
88
94
88
90
88
88
90
84
86
90
80
86
82
78
72
106
108
96
114
104
88
108
92
104
96
100
92
104
96
100
104
106
114
100
102
110
94
106
106
100
114
104
106
118
110
114
126
120
116
134
120
128
142
140
140
140
136
138
136
132
126
130
134
142
148
160
182
180
194
182
178
160
132
136
106
116
128
120
118
122
106
86
102
86
102
96
82
94
90
106
98
84
80
94
88
86
94
84
90
84
80
86
88
72
84
82
88
92
86
86
78
82
82
80
72
102
106
106
102
106
88
90
102
98
94
98
92
100
98
90
98
106
96
118
92
96
108
88
104
104
108
102
108
108
104
114
114
122
110
130
114
112
126
132
122
136
118
140
132
126
110
136
130
124
132
126
148
138
140
140
124
124
106
108
98
100
106
106
94
106
114
86
102
108
96
102
96
80
102
100
96
92
90
80
96
86
100
92
98
92
88
92
98
74
90
86
90
96
88
84
78
78
82
84
80
102
100
108
100
102
92
84
104
98
96
102
92
104
98
90
100
100
94
106
102
106
98
96
108
100
104
100
102
102
98
104
102
106
106
114
104
108
116
118
110
138
110
124
116
114
102
128
120
112
116
112
124
114
108
118
100
100
102
106
104
88
98
100
92
110
98
88
84
96
102
80
90
96
96
92
92
82
88
84
82
92
88
84
96
82
82
88
74
88
88
86
88
80
80
88
76
80
82
84
84
110
104
98
112
98
100
100
96
100
100
108
88
110
94
98
104
98
104
104
108
110
98
110
106
100
108
98
92
102
102
100
116
100
118
110
100
114
118
106
118
122
114
114
114
112
108
114
122
116
106
118
116
104
108
112
104
96
98
108
100
80
104
94
88
114
96
96
102
90
114
82
88
104
92
94
84
78
78
90
82
92
96
86
96
88
82
82
76
82
88
86
82
84
84
82
84
82
86
88
88
104
102
94
108
98
96
104
94
96
100
100
86
108
92
98
102
96
94
110
92
92
100
98
98
104
106
106
92
96
100
94
112
96
102
102
98
102
118
100
116
108
112
114
118
106
100
102
110
116
108
116
116
94
100
102
94
102
98
96
100
90
102
94
88
94
106
92
110
92
96
92
84
86
96
102
94
98
90
94
96
84
102
86
90
94
86
80
90
82
100
96
82
100
96
72
90
78
86
92
90
96
102
106
96
108
94
102
106
96
110
98
100
108
100
100
106
110
86
116
96
96
110
94
114
98
90
114
110
98
106
100
100
116
92
108
108
86
116
96
96
108
92
104
106
94
94
108
100
98
102
96
114
90
96
108
94
100
96
86
110
106
86
98
96
88
116
90
94
100
86
94
94
94
102
94
94
88
92
84
88
90
94
80
90
92
90
90
86
82
86
92
80
88
92
74
90
74
82
88
90
108
100
102
106
106
98
108
102
104
100
98
98
108
94
106
106
94
106
102
104
104
104
108
108
94
114
102
104
102
104
94
110
98
106
108
98
108
108
88
108
86
106
104
96
106
114
92
116
100
92
108
108
104
106
96
106
96
88
116
92
90
108
80
96
102
98
96
96
88
102
88
94
96
90
100
88
90
92
96
84
94
80
94
88
82
94
90
84
102
84
80
92
88
96
94
82
94
88
90
98
112
104
104
106
108
100
106
100
104
104
100
100
106
96
104
108
96
106
100
102
102
100
108
108
104
116
100
100
94
100
96
112
104
104
104
96
106
110
96
110
98
102
110
98
104
110
102
110
106
96
110
108
104
106
98
108
96
96
106
104
90
96
100
88
98
108
86
102
94
94
100
92
88
90
92
94
80
94
88
84
88
84
88
86
84
86
84
86
74
80
86
96
86
84
80
82
90
84
86
88
110
104
102
104
106
98
104
98
104
108
100
104
102
98
100
110
100
104
104
102
102
102
108
108
108
116
108
110
100
104
98
108
110
100
100
96
106
110
100
106
106
96
110
100
102
108
108
106
112
100
110
106
102
106
100
108
98
98
104
112
88
90
112
82
96
110
84
102
94
92
102
90
86
88
90
98
82
94
84
84
86
90
84
86
86
78
80
90
76
86
84
88
88
86
80
88
88
82
80
82
106
100
98
100
106
96
102
98
100
110
98
104
98
100
94
108
98
100
106
108
108
102
104
102
100
106
108
112
98
102
92
96
108
96
98
98
106
106
98
94
104
94
102
98
100
108
110
106
114
100
108
102
98
104
98
108
102
92
112
110
86
96
104
86
96
98
92
98
90
100
90
92
92
84
98
92
94
86
88
82
84
92
82
86
84
74
86
88
86
82
72
76
78
84
78
80
88
80
78
80
