104
90
106
98
88
114
92
96
92
88
90
114
100
114
92
104
102
92
90
116
94
108
86
90
98
104
100
104
98
84
90
82
96
84
96
88
82
86
70
76
68
62
76
72
62
66
64
64
60
56
64
62
60
46
52
52
48
58
54
54
56
52
52
56
60
44
72
72
64
80
72
76
66
80
78
74
80
86
82
94
88
78
82
82
86
96
92
92
90
82
92
82
80
78
82
88
100
104
78
78
86
102
92
88
96
88
96
82
84
92
100
96
106
100
86
102
82
102
90
96
100
92
92
98
88
116
92
80
94
84
76
98
80
84
98
74
82
72
58
70
58
64
66
56
60
60
48
60
54
56
66
66
66
56
54
56
48
54
52
54
60
58
56
58
56
52
68
68
56
64
74
78
74
70
84
88
86
88
96
92
100
82
92
84
90
106
92
96
92
90
98
94
84
88
86
92
102
92
80
94
82
114
96
88
108
92
102
96
86
96
102
98
106
106
90
104
80
102
94
86
100
88
94
104
94
98
78
82
86
84
72
84
86
76
76
70
56
72
54
54
54
54
58
46
44
54
50
56
54
60
70
64
68
62
54
58
54
58
58
60
66
68
68
72
62
54
48
52
50
54
66
52
58
54
76
82
80
78
94
88
86
92
76
88
90
86
104
92
86
90
94
94
82
88
84
86
96
108
90
90
92
106
102
86
94
98
82
98
94
92
90
112
92
116
94
96
104
94
100
94
100
100
92
106
108
90
80
108
90
88
88
80
88
68
66
72
54
70
50
40
54
50
60
54
52
72
82
90
100
106
110
94
98
102
92
100
92
90
92
82
80
72
70
72
64
64
60
56
48
46
64
54
54
54
62
60
78
76
90
86
78
90
82
90
86
82
100
94
82
88
92
92
82
86
84
82
84
108
86
80
96
96
100
92
96
98
88
100
100
86
90
106
90
104
86
84
102
88
98
88
100
98
90
100
82
90
74
94
78
70
76
76
70
58
64
48
62
52
58
76
92
102
110
102
112
128
132
154
164
166
164
136
140
160
152
166
158
150
156
142
136
122
110
102
86
76
76
56
50
52
64
64
66
60
54
48
70
76
90
78
96
78
112
90
86
110
82
102
92
96
100
94
92
90
96
90
104
104
92
100
98
100
96
102
114
86
110
96
104
94
112
98
118
100
96
96
94
102
106
82
116
100
104
106
84
106
94
98
86
82
80
72
60
58
72
74
92
92
118
152
158
162
178
178
178
188
192
204
212
210
208
178
182
218
212
224
204
190
204
196
200
186
166
148
146
118
108
76
72
68
68
68
76
64
62
56
52
58
86
70
82
76
86
84
86
98
90
86
86
88
92
86
86
80
90
84
90
96
78
78
98
100
100
94
106
80
96
86
90
82
98
86
106
94
90
86
88
94
100
78
106
94
96
94
80
80
90
84
66
70
64
48
58
72
94
132
144
164
178
204
212
198
226
234
218
228
236
232
246
242
250
226
230
278
270
276
254
242
260
254
262
252
236
218
210
184
172
130
110
86
74
76
84
80
74
72
56
48
72
70
78
96
76
96
100
94
116
92
94
96
98
100
96
90
96
92
90
112
88
82
102
94
112
92
102
110
96
116
100
90
94
110
92
116
96
82
112
86
104
96
98
106
92
92
88
68
92
82
60
64
62
70
104
130
142
162
200
216
228
266
262
250
264
264
252
250
246
246
254
252
270
250
256
308
296
298
282
272
298
292
302
298
294
286
288
258
240
206
190
148
120
102
88
90
68
72
74
54
54
64
74
70
92
80
80
98
88
94
84
90
86
98
88
84
86
84
94
96
82
90
90
102
88
98
108
90
104
96
94
94
94
86
102
82
88
90
86
102
92
90
116
90
110
88
72
80
80
62
58
70
86
122
156
176
190
200
236
246
264
288
298
274
296
270
254
236
238
228
226
232
242
234
256
286
284
286
260
246
288
284
300
324
340
348
354
334
304
290
258
210
184
152
136
102
80
84
80
62
52
50
58
68
76
84
86
100
88
98
96
82
104
100
98
90
78
92
90
90
92
90
86
110
94
102
100
108
108
98
102
100
98
84
112
84
100
94
94
96
88
86
106
86
96
86
68
68
80
58
78
106
138
168
194
210
220
222
248
248
258
280
286
246
232
240
222
222
204
208
206
194
212
220
226
248
254
246
220
218
248
260
264
294
320
350
382
380
372
340
322
272
256
216
194
144
104
84
86
82
62
60
52
58
54
74
78
88
112
80
100
98
100
104
100
88
96
92
92
92
92
90
94
94
106
96
102
108
98
104
94
90
90
96
94
116
82
102
104
88
102
86
96
104
86
88
70
54
74
82
120
150
178
196
216
236
230
210
222
228
222
218
244
222
214
206
210
222
216
210
200
204
192
186
202
210
208
218
204
206
222
228
228
244
278
320
358
394
392
384
358
342
312
274
258
208
156
106
94
90
64
68
56
58
56
56
64
86
88
84
90
92
92
96
90
80
96
82
88
86
88
90
94
94
102
92
100
92
96
96
92
78
100
84
98
106
80
96
94
88
98
84
88
108
88
74
52
52
76
120
160
198
218
214
208
214
208
204
208
198
188
194
200
198
200
224
226
246
238
256
240
226
206
198
188
194
210
218
222
224
230
216
220
210
240
266
300
342
364
362
372
368
360
334
310
278
220
156
120
98
78
84
62
56
62
54
56
94
80
110
94
90
106
104
94
92
100
90
96
92
94
96
92
120
96
108
96
96
116
96
102
102
108
86
116
88
102
98
90
104
90
96
96
100
98
64
62
94
116
150
180
216
234
194
176
204
210
204
206
210
202
194
184
198
216
248
272
290
286
294
280
262
240
234
212
216
234
252
248
260
260
240
236
210
218
226
260
290
310
312
322
326
338
342
362
352
296
230
172
120
96
88
84
78
66
60
48
64
90
82
82
78
94
94
82
78
88
80
90
86
88
90
88
96
96
96
90
92
100
98
84
100
92
100
100
96
86
90
86
86
86
84
84
88
74
66
86
116
142
162
198
214
230
178
180
196
210
234
244
242
226
224
206
228
262
274
314
318
324
310
300
312
284
258
246
266
272
292
280
300
300
284
260
236
216
208
210
236
250
274
268
288
302
334
342
368
350
310
244
172
132
104
90
100
92
68
70
58
104
88
90
94
98
100
90
80
100
88
92
88
90
96
102
82
112
98
98
96
92
108
88
94
100
100
106
114
88
96
88
82
96
76
80
92
78
94
132
140
162
166
186
186
196
172
202
234
254
270
282
298
284
266
254
264
284
324
330
320
310
314
314
322
320
298
272
310
320
316
304
318
324
314
298
274
240
220
198
210
234
242
240
238
256
272
316
366
388
370
312
238
172
116
100
106
108
76
74
56
66
80
78
86
90
84
84
80
90
78
92
86
88
92
90
96
98
104
90
90
96
94
100
102
88
88
104
104
96
94
76
96
88
74
82
86
108
116
144
156
174
162
152
172
190
206
238
278
302
310
304
314
308
306
288
292
314
336
342
320
308
296
308
320
326
326
318
336
324
342
310
310
328
322
332
310
276
244
226
230
238
250
232
240
238
246
288
338
386
390
364
316
238
168
122
100
106
110
84
72
66
80
76
80
100
82
86
98
86
82
98
92
94
98
102
98
94
106
102
90
112
96
96
100
92
90
112
84
104
94
86
104
76
82
86
104
132
132
156
178
176
160
154
180
196
244
286
308
320
316
304
316
322
334
320
320
334
330
332
316
300
300
302
318
330
338
342
356
350
326
292
312
320
326
336
302
302
278
262
268
280
266
262
260
236
228
240
278
340
388
396
378
312
216
158
122
108
112
102
74
62
56
72
66
84
94
80
102
100
88
88
98
90
104
96
98
110
100
104
100
84
120
94
106
102
86
90
122
92
94
80
80
90
76
104
118
132
156
176
194
198
198
198
220
226
272
320
324
322
314
310
312
312
332
326
346
336
330
322
312
308
300
308
322
324
336
348
352
348
312
300
306
300
322
328
328
318
314
292
308
312
302
296
290
268
234
212
240
278
340
370
378
334
280
208
160
122
110
92
86
70
58
60
62
74
82
96
98
90
80
90
84
96
86
106
96
98
102
98
86
84
96
104
90
100
90
90
112
102
86
66
72
82
72
124
138
154
182
192
220
238
248
242
250
256
302
328
328
324
308
302
298
308
336
332
338
322
334
334
322
314
320
318
326
338
330
348
360
342
312
328
310
310
318
334
336
326
326
318
326
314
320
320
316
308
256
236
218
242
288
330
336
338
310
256
220
168
138
96
98
82
70
60
58
58
74
92
96
96
94
104
96
104
92
112
100
90
114
114
92
124
98
118
86
106
96
108
102
110
88
62
76
58
78
124
170
164
202
244
270
284
296
296
306
298
318
320
320
328
308
298
298
320
338
348
342
336
330
346
362
338
340
338
344
334
350
360
348
350
334
336
330
346
332
334
324
336
350
346
334
314
324
322
324
334
298
250
220
206
230
286
284
300
320
284
278
232
184
118
98
98
82
58
54
50
84
74
86
88
80
90
94
84
94
98
102
98
88
108
82
88
92
98
96
102
82
98
110
86
86
72
48
78
56
148
168
182
228
270
310
324
322
308
318
314
326
328
314
332
328
316
316
334
338
358
342
340
328
356
376
364
364
362
356
350
350
346
368
358
356
366
354
346
338
338
348
354
352
338
322
312
310
302
318
342
326
292
244
204
228
222
232
250
278
296
318
286
228
152
94
108
94
76
66
54
80
76
92
96
90
100
106
96
108
94
106
104
90
120
98
98
114
98
106
98
92
98
108
94
82
60
46
68
80
154
172
212
272
314
332
324
318
318
338
328
324
330
310
336
354
340
332
344
352
354
338
332
338
364
370
380
380
380
378
340
350
338
364
378
366
378
376
376
354
340
348
360
356
334
322
320
310
308
334
350
332
306
278
228
226
224
218
220
250
282
330
332
280
204
100
106
102
90
76
54
46
78
84
92
92
92
86
98
90
106
102
88
102
106
90
102
88
104
88
88
98
98
84
98
64
52
62
78
110
170
186
262
310
332
334
312
308
306
324
326
330
326
316
340
368
362
354
358
374
364
354
348
342
356
386
398
388
406
364
340
354
338
354
370
390
392
380
386
356
344
360
360
356
346
338
336
326
318
332
338
316
326
300
280
262
254
232
232
218
250
308
352
322
258
130
104
106
108
94
80
56
86
86
86
80
94
88
102
92
116
100
84
116
104
98
110
92
108
84
96
92
94
94
80
64
62
82
104
136
176
222
286
330
346
324
288
292
300
320
322
328
332
332
342
370
384
384
372
384
382
344
336
334
348
398
404
418
400
376
352
346
326
352
388
390
408
394
386
364
320
364
344
362
354
356
358
352
332
328
340
334
340
336
322
310
296
276
248
218
232
282
342
334
292
164
106
110
112
94
90
64
68
88
98
94
92
102
94
106
102
108
100
98
122
96
102
104
94
112
102
94
96
84
64
82
82
106
156
176
222
246
302
332
342
318
308
282
304
304
318
336
342
326
342
350
384
398
404
396
384
344
346
338
330
378
408
404
410
390
356
346
330
346
376
390
400
406
384
364
340
354
354
370
368
376
374
378
358
328
330
340
354
348
340
342
340
316
300
246
220
226
306
344
316
206
108
108
108
98
110
66
64
90
82
88
88
86
88
86
98
102
88
96
108
88
90
92
102
86
88
88
84
68
74
90
126
160
210
226
264
292
324
320
324
314
312
314
314
320
326
334
354
346
342
336
382
402
408
410
396
348
334
342
322
370
406
420
420
390
356
342
334
330
372
404
396
410
392
352
330
348
338
368
386
398
398
380
362
336
344
336
334
338
336
332
334
336
330
276
234
216
264
334
334
250
128
102
116
100
92
88
58
94
72
80
90
86
106
86
114
102
96
114
112
94
104
98
116
90
100
92
84
66
94
124
184
224
268
276
298
324
338
320
330
312
336
344
356
328
346
342
364
336
348
344
370
408
422
400
394
350
340
354
328
358
404
428
418
406
378
358
338
326
350
384
406
394
400
378
344
348
338
386
400
416
398
382
344
344
344
332
330
328
332
324
330
358
360
318
268
220
224
312
334
290
156
102
110
108
114
98
62
76
80
80
80
90
82
92
102
92
84
98
104
82
92
90
104
96
102
84
72
66
106
164
236
280
310
314
320
332
336
334
318
322
338
368
376
368
378
378
382
354
348
336
370
412
428
424
386
342
344
350
336
336
390
408
414
416
384
370
338
334
340
380
390
406
402
364
344
338
318
366
420
418
402
370
352
346
362
342
338
318
318
312
314
338
342
318
288
234
204
274
304
294
176
96
112
110
118
92
82
68
82
78
90
98
80
98
106
112
86
102
114
96
92
106
102
98
100
86
66
88
142
220
272
318
328
322
326
326
320
338
326
342
346
364
384
392
396
390
390
350
340
330
354
400
420
424
396
348
352
358
348
324
372
404
412
410
388
384
356
332
324
364
392
404
404
380
346
338
342
358
414
414
378
366
334
360
366
352
338
320
330
328
322
340
348
344
312
262
210
240
274
288
202
98
106
110
100
100
88
58
60
86
94
82
106
80
102
102
78
106
90
94
90
92
108
86
84
86
56
110
176
256
308
338
328
306
312
316
316
334
332
334
340
352
398
406
416
418
410
348
348
344
350
402
430
424
404
340
326
354
364
336
344
368
408
410
408
384
372
332
316
330
358
390
392
392
378
350
352
372
398
400
374
348
342
364
382
358
354
354
362
350
324
328
330
336
322
276
212
198
230
256
206
90
92
114
102
102
88
54
52
86
86
82
102
82
108
106
92
110
96
100
104
90
110
90
82
82
66
142
208
286
334
342
324
298
302
312
322
334
350
342
334
358
382
418
418
426
408
354
338
328
350
404
422
434
382
344
352
368
378
340
336
368
388
398
408
376
374
348
336
332
338
378
404
404
374
356
370
358
390
402
372
370
358
388
392
382
368
374
376
362
332
328
332
346
336
306
246
208
216
230
208
98
96
110
106
92
100
74
66
68
90
100
94
106
100
120
100
88
122
100
98
96
94
102
90
76
80
168
228
308
334
326
316
300
296
302
318
328
346
338
342
336
368
426
442
422
400
340
342
346
356
414
432
424
390
344
350
350
400
370
350
350
366
380
402
392
390
364
340
336
336
368
394
400
370
340
356
364
376
382
362
370
368
380
386
386
382
382
370
362
342
332
336
356
338
332
290
246
224
216
200
102
92
102
108
102
100
74
66
66
86
88
96
98
98
100
88
98
114
96
96
86
94
96
76
80
92
188
238
320
330
322
312
300
342
322
332
330
356
356
336
328
354
414
434
424
396
326
322
354
354
408
440
412
386
334
372
376
396
394
356
336
346
368
374
398
396
378
362
350
358
350
362
380
360
352
364
354
362
362
362
374
376
386
378
378
386
376
384
380
344
342
354
370
356
336
328
302
256
224
196
116
86
104
92
108
100
94
72
80
90
88
122
96
116
92
104
108
112
106
100
88
112
90
96
86
124
204
264
322
320
332
322
326
336
340
348
358
368
364
352
328
350
404
432
420
394
338
342
338
370
428
418
388
356
356
366
360
408
380
348
352
356
348
358
386
390
394
394
372
358
350
354
356
340
352
364
350
352
348
354
376
396
378
378
378
380
388
380
378
348
356
360
356
344
356
360
346
300
246
214
140
90
102
88
106
108
100
80
66
90
90
94
106
104
98
90
100
120
94
98
88
92
100
94
114
176
228
284
320
322
316
338
344
356
362
382
358
386
362
334
352
344
394
416
436
378
322
360
354
368
404
406
380
354
356
372
382
362
374
338
360
362
346
350
364
382
396
400
398
376
348
340
346
330
344
352
354
338
348
340
392
402
396
382
388
384
378
372
372
354
366
348
356
352
346
360
360
346
304
236
164
98
110
106
114
112
98
94
74
104
104
98
120
102
108
90
100
130
94
102
92
88
110
116
160
226
264
312
330
326
340
342
346
356
372
384
398
408
380
348
348
346
374
418
412
358
324
340
348
394
402
392
378
344
376
376
346
334
336
296
366
364
334
348
350
356
374
392
394
378
356
348
340
330
360
362
354
340
348
346
372
392
392
384
380
396
398
370
384
370
350
344
342
324
340
352
374
354
306
268
206
128
106
108
108
114
108
104
80
98
96
102
100
110
96
98
104
116
98
96
88
110
94
166
204
262
306
340
336
330
334
344
346
350
360
384
406
416
388
350
352
362
372
430
406
362
350
354
360
404
410
372
340
360
382
366
340
278
286
304
360
346
342
340
324
352
364
364
392
366
352
354
352
352
382
382
372
358
360
360
368
382
404
394
398
404
404
402
390
382
364
342
344
334
316
344
366
360
344
284
222
150
94
110
102
108
104
98
84
94
92
100
98
100
104
90
100
112
92
94
86
102
104
192
254
308
342
344
332
316
332
344
332
374
354
362
398
428
402
356
374
366
362
408
386
360
352
384
390
400
402
354
328
362
370
344
312
224
252
276
342
346
346
354
340
346
360
366
388
360
348
358
372
380
388
392
390
374
370
362
374
364
406
390
406
424
426
402
394
386
348
352
346
348
338
342
370
360
344
308
238
166
88
116
108
104
102
94
88
100
100
92
116
96
124
86
104
120
96
100
96
86
138
222
302
356
356
334
324
320
334
338
350
352
358
356
394
400
388
374
362
362
350
394
364
352
356
372
390
418
396
344
350
372
362
356
296
240
252
276
340
346
366
372
360
362
366
362
380
356
362
378
378
388
394
406
386
400
390
390
382
370
390
390
390
402
390
378
378
380
368
372
378
366
350
354
358
350
352
304
258
184
84
102
106
110
116
102
80
92
90
88
98
96
106
86
100
98
94
88
84
94
142
264
318
368
342
320
310
318
322
324
338
362
366
344
358
386
374
364
372
346
334
350
350
372
372
376
404
408
366
352
350
368
370
352
324
262
270
300
344
352
362
374
378
368
376
364
356
364
366
382
390
402
388
404
394
388
396
386
390
358
388
386
378
382
388
368
372
376
380
384
366
366
364
350
352
354
354
306
260
176
80
94
102
102
110
106
80
94
86
116
86
118
100
112
90
92
112
86
90
96
166
296
340
358
334
306
300
318
320
332
340
370
380
356
358
360
364
338
372
356
336
346
338
366
370
368
368
394
364
348
382
392
376
348
344
326
314
326
344
374
382
390
368
390
382
370
378
374
390
398
394
388
392
388
382
396
394
394
394
370
390
386
378
360
374
358
354
374
368
382
372
368
360
348
358
358
352
310
250
186
84
90
102
104
110
96
68
92
84
86
94
96
110
92
98
98
90
100
82
84
184
296
346
356
346
314
320
330
336
346
356
378
384
368
366
348
344
324
352
350
354
358
356
374
356
362
348
382
368
378
382
376
370
358
346
330
348
338
372
380
388
394
372
394
364
384
378
380
396
402
396
400
392
386
374
378
408
390
400
394
398
390
362
370
366
356
366
366
372
390
376
366
372
354
346
370
346
314
266
192
110
92
98
110
110
98
68
102
88
86
100
96
108
104
104
102
98
104
94
94
210
302
328
346
330
318
330
348
352
358
366
374
382
382
380
350
332
322
344
354
368
358
364
366
354
346
336
356
376
382
370
372
376
366
352
356
350
364
398
384
380
400
386
378
374
362
376
390
404
396
398
408
404
398
390
404
384
378
402
404
418
414
400
392
380
370
356
376
368
386
382
366
364
352
360
370
376
312
264
214
148
104
94
112
104
96
64
88
88
90
88
102
108
108
104
100
100
104
102
88
208
292
318
338
318
318
324
338
346
352
358
360
370
384
382
344
332
340
372
388
390
364
366
384
384
352
326
342
382
384
382
374
378
360
344
364
360
378
406
368
356
374
368
366
352
374
372
392
402
396
396
424
414
416
408
400
386
394
400
386
410
418
414
416
410
384
374
372
376
370
376
360
358
340
348
374
374
350
294
246
178
128
98
110
98
94
64
86
90
94
88
102
94
108
92
90
102
88
98
112
220
274
318
312
322
328
338
336
344
356
362
360
370
386
384
358
356
352
368
382
386
378
380
396
394
372
336
358
386
390
376
372
374
352
336
350
406
390
416
384
364
380
376
368
354
372
360
380
384
396
388
434
410
416
404
404
414
390
388
382
380
400
406
424
408
416
392
390
384
396
370
354
356
350
328
360
374
344
336
280
198
158
110
106
102
98
74
106
94
94
106
100
118
96
110
108
92
114
96
120
224
290
344
336
334
330
320
356
360
372
370
366
378
390
392
360
380
382
388
396
394
386
374
386
382
378
370
368
394
382
356
366
364
350
342
352
402
402
424
386
354
374
376
354
374
372
374
368
372
378
388
408
406
400
402
424
420
394
382
370
358
378
406
416
426
426
426
406
402
392
364
348
356
330
330
336
356
350
342
312
222
190
124
108
108
102
82
96
86
86
94
90
98
94
98
98
96
100
96
140
240
306
342
340
334
330
318
354
360
376
376
376
390
392
394
354
376
382
384
392
386
378
372
390
390
376
386
366
392
376
372
368
354
354
356
368
380
404
418
418
388
384
370
360
354
396
384
370
372
372
388
384
400
384
400
404
422
430
390
354
344
352
378
404
424
432
424
420
388
378
350
358
332
336
312
322
346
360
358
332
248
214
132
114
114
106
84
96
98
100
92
102
92
112
100
102
116
102
116
176
284
326
358
336
342
322
320
332
346
380
388
398
412
400
400
372
384
396
402
408
388
368
370
386
398
388
384
380
378
364
384
388
358
372
376
378
412
408
418
420
392
400
390
362
372
382
380
382
370
394
386
392
384
376
386
402
432
412
394
386
348
344
364
370
386
404
422
406
384
390
356
354
354
346
334
330
344
346
356
334
262
220
132
120
120
112
88
98
92
88
88
102
102
96
98
98
94
114
114
212
306
360
360
328
318
320
318
344
356
376
388
408
400
396
366
368
392
408
406
400
384
370
376
406
408
396
402
370
364
376
394
386
364
362
384
398
414
422
396
412
380
386
384
380
376
374
394
394
394
390
376
368
376
362
362
380
420
428
414
396
358
338
354
362
368
380
396
384
394
380
376
372
370
380
362
332
346
346
354
320
270
196
138
126
118
110
82
102
96
98
88
102
96
88
116
96
96
124
126
234
328
374
378
338
312
328
336
350
348
372
400
416
388
380
368
384
412
414
414
390
402
398
412
410
406
400
404
362
370
380
402
386
370
380
386
386
414
396
390
414
364
372
390
378
370
382
378
374
398
406
392
370
362
366
366
374
394
424
426
416
370
364
346
344
346
360
380
378
388
376
374
374
380
380
366
344
340
350
340
316
266
174
122
110
110
116
102
96
88
88
80
102
84
106
106
90
122
90
146
254
342
370
366
324
298
320
332
342
342
364
386
396
368
364
360
382
420
434
416
396
402
406
408
424
406
404
394
360
370
374
384
396
388
394
400
400
428
370
358
402
348
334
404
358
378
392
380
370
404
410
392
372
380
392
368
364
384
408
412
412
396
400
364
356
342
342
354
358
364
362
364
364
368
374
356
346
338
350
334
322
268
148
116
112
110
108
88
88
82
88
82
90
102
98
98
90
108
90
134
262
342
360
350
326
324
346
356
360
356
358
352
360
352
372
386
412
430
418
394
410
430
430
412
414
400
398
382
376
380
388
388
384
384
378
388
398
412
340
310
342
308
316
400
368
372
400
370
378
382
378
382
364
374
384
382
356
372
390
420
412
396
398
414
382
356
344
346
356
362
364
372
374
364
384
346
350
346
346
336
298
246
118
106
112
108
100
76
92
90
98
88
96
110
94
110
94
96
112
128
256
322
346
336
328
342
352
368
358
358
366
358
366
360
378
398
418
438
400
386
396
432
432
428
398
402
386
378
386
398
406
404
380
378
382
380
392
394
330
304
318
310
326
390
368
362
394
366
372
390
392
380
356
394
398
392
382
366
360
388
404
414
410
428
402
378
366
364
372
368
360
362
364
354
374
332
346
342
342
328
276
234
126
110
110
102
104
94
84
90
96
80
96
82
96
94
90
100
86
132
254
314
346
342
338
344
344
368
362
366
370
348
364
376
398
414
432
428
384
380
404
438
438
422
392
398
364
370
378
406
402
392
372
358
388
372
376
374
314
300
324
332
338
376
356
362
392
384
374
374
378
386
370
388
368
364
366
368
366
358
370
400
428
432
422
408
394
390
386
378
354
350
358
358
364
336
360
350
360
330
260
222
140
106
98
86
90
86
80
84
92
78
100
94
96
96
102
104
88
134
226
292
328
336
338
344
346
368
362
372
382
366
392
408
418
422
424
394
368
366
382
408
446
432
380
378
366
366
370
398
398
376
368
350
386
378
372
366
322
308
308
318
350
356
372
366
402
398
380
376
376
382
372
352
314
290
336
366
358
364
374
380
406
408
422
424
416
414
406
400
370
362
364
362
362
334
366
360
362
326
268
218
160
106
104
94
92
84
92
90
94
86
102
94
92
100
88
96
98
116
204
282
310
322
336
348
356
366
374
368
378
380
414
418
422
436
440
386
354
376
368
410
448
428
376
372
404
378
370
380
398
374
364
352
378
384
368
358
348
336
322
330
352
360
366
378
402
406
398
386
388
396
368
286
250
246
312
396
364
364
364
366
382
394
410
424
424
426
416
412
376
364
372
358
366
334
374
384
372
344
286
226
174
102
100
90
90
80
92
82
88
86
106
92
94
86
86
88
86
116
188
244
306
318
356
350
354
350
358
360
376
402
422
420
438
438
406
352
358
364
376
408
440
418
362
386
392
386
384
376
380
376
366
362
388
382
374
360
364
354
344
346
358
360
384
376
396
418
406
408
386
386
362
270
210
208
290
384
364
356
346
354
354
366
392
406
412
420
426
398
386
362
382
366
358
352
352
400
370
342
292
234
196
96
108
78
96
94
90
90
92
92
98
98
114
96
100
104
94
124
162
244
318
346
368
366
360
356
356
360
384
390
422
428
452
434
382
348
360
376
382
414
432
394
372
390
392
396
392
390
388
380
370
372
400
386
376
380
388
366
356
350
356
368
392
394
402
396
402
398
394
376
350
236
192
192
292
372
366
354
350
346
350
348
376
390
396
422
412
390
374
374
374
358
366
364
362
380
368
358
320
254
194
114
108
86
84
88
90
84
84
86
104
90
98
94
92
92
106
106
162
230
326
366
388
350
348
358
366
360
364
392
404
428
432
410
374
352
356
382
394
430
434
368
350
382
400
402
370
362
370
376
366
384
400
376
382
384
382
366
362
352
360
392
376
372
394
408
396
386
386
378
338
250
222
238
310
360
362
348
352
342
346
326
344
366
376
400
390
390
376
382
388
382
392
368
370
376
368
334
322
262
206
108
106
84
98
98
94
84
84
96
122
86
106
96
94
98
100
118
174
254
356
378
396
356
354
350
356
336
354
370
402
414
424
390
342
352
370
392
396
418
426
356
344
404
396
366
368
352
346
386
382
384
408
396
390
388
392
368
378
372
390
386
374
374
418
406
396
384
384
390
348
302
286
310
344
362
362
352
362
360
366
334
348
360
368
376
378
384
374
376
390
390
406
384
374
356
360
338
316
262
182
106
82
80
86
100
82
74
80
96
92
100
94
94
106
86
92
118
160
258
352
384
374
352
342
340
362
354
376
368
386
394
400
360
342
370
398
412
412
404
400
326
362
392
374
306
294
302
344
386
364
384
396
378
394
386
374
368
372
394
408
400
360
376
408
402
388
376
392
390
370
346
344
362
368
370
368
362
368
376
380
356
370
366
366
374
376
378
372
382
382
386
400
382
368
356
356
338
328
246
150
106
90
86
82
104
84
80
86
94
96
100
104
94
102
104
88
114
160
260
356
386
364
346
348
362
368
370
386
386
374
380
378
364
370
394
414
422
426
398
382
316
346
384
380
288
256
256
312
362
362
378
396
374
382
388
388
368
406
412
410
406
384
400
404
406
386
380
398
396
376
378
380
400
402
404
404
398
396
400
402
394
382
392
378
380
368
380
376
386
380
382
390
368
360
366
356
326
316
226
138
96
104
92
92
102
94
92
94
96
110
102
90
102
92
98
98
96
140
254
356
366
346
350
366
370
384
372
390
384
376
360
362
364
376
410
430
432
416
380
370
348
370
370
356
268
220
240
308
340
358
388
390
356
378
392
392
388
398
408
426
372
392
384
406
414
412
404
418
412
396
406
402
420
422
424
426
416
416
416
414
420
406
422
400
384
368
376
378
370
378
360
380
372
360
346
338
338
266
206
118
96
84
92
82
94
92
86
86
88
110
100
90
106
94
98
84
100
116
230
324
370
340
354
356
372
366
366
364
378
362
382
368
376
402
434
446
444
416
374
356
354
364
370
344
264
236
258
298
334
362
380
382
352
374
394
406
406
400
394
388
376
394
396
384
422
430
410
444
422
438
426
426
426
430
428
430
420
434
432
430
438
424
428
408
388
386
372
382
366
380
354
372
354
352
342
326
316
228
168
106
92
98
88
90
106
100
92
90
96
94
106
100
88
114
110
86
114
106
204
296
354
350
348
356
342
360
374
380
376
368
364
380
400
406
450
444
428
396
360
344
358
360
350
340
294
284
304
348
360
358
380
390
368
374
400
408
406
384
382
382
364
380
384
378
390
428
428
434
432
428
420
406
404
412
402
400
402
424
410
428
432
424
428
392
384
392
364
384
374
378
376
390
360
372
340
318
282
188
128
100
82
86
92
82
92
94
88
86
84
98
98
90
96
100
98
86
98
96
156
252
328
338
352
352
336
356
382
378
366
368
372
394
396
416
448
448
412
392
352
350
356
358
350
336
346
346
366
364
376
382
396
394
398
396
424
412
402
390
366
370
372
370
374
376
388
410
416
432
428
406
392
388
396
380
384
380
384
386
392
394
400
432
426
390
364
366
362
374
382
378
398
396
386
362
318
292
262
150
100
102
100
90
98
92
88
112
86
90
104
100
96
90
100
104
94
96
100
112
114
192
294
314
328
354
336
356
364
374
366
372
366
370
390
426
448
444
396
374
352
368
376
370
360
364
376
374
404
418
398
400
410
422
428
406
410
396
394
378
382
380
388
394
386
362
392
404
392
406
414
400
388
380
372
374
368
366
372
368
376
374
398
394
400
374
364
368
360
360
366
368
400
388
398
368
312
286
254
100
84
96
94
88
92
88
100
90
88
88
88
94
94
92
88
110
96
96
102
98
118
156
230
290
324
384
352
378
386
378
386
390
354
376
398
406
426
420
380
352
356
378
390
382
376
400
418
416
420
436
422
426
414
426
432
418
402
386
376
398
398
402
404
404
408
396
394
390
378
400
412
390
376
372
366
380
362
368
366
368
368
364
392
390
392
384
380
392
378
372
378
380
402
396
394
372
302
276
230
96
96
102
96
94
98
92
108
78
90
86
82
100
96
96
88
102
102
88
98
88
108
114
170
282
308
374
384
396
392
388
368
370
368
374
394
388
404
400
376
362
380
398
404
398
434
430
428
438
448
440
430
428
408
418
428
418
402
388
382
400
410
420
418
430
432
414
388
392
380
398
408
388
376
380
384
390
382
394
380
378
382
362
370
380
366
392
366
392
400
382
392
380
394
398
384
364
302
274
222
102
94
100
102
88
98
92
88
104
92
88
102
108
94
94
102
90
108
88
94
98
102
112
128
242
314
394
402
410
408
378
374
380
384
396
386
382
382
382
364
374
396
412
414
422
442
446
452
458
426
410
406
396
396
406
422
396
392
386
402
404
428
426
404
424
424
418
420
414
392
392
400
406
408
408
414
420
416
422
416
402
404
374
382
370
382
388
374
400
394
414
382
394
392
386
376
346
306
256
190
88
92
92
94
82
92
86
92
88
90
78
84
108
92
90
100
96
100
88
94
96
82
90
102
200
294
388
414
422
398
382
392
394
408
398
392
390
390
386
382
394
420
426
434
438
446
444
420
406
388
402
378
376
376
382
402
398
406
394
406
404
426
438
422
408
418
430
422
420
408
396
398
412
420
422
442
434
434
440
434
418
406
384
394
398
376
410
372
380
396
390
382
384
370
360
362
330
300
242
160
88
104
96
96
96
102
92
110
80
106
90
84
116
108
96
96
122
94
90
104
86
124
100
92
194
288
378
412
428
408
384
404
400
412
410
398
380
396
394
410
406
436
424
440
430
446
416
402
376
382
382
368
366
364
376
392
414
422
416
418
410
444
432
410
406
428
428
424
424
412
390
386
410
416
412
432
426
438
462
434
426
402
388
380
392
378
392
390
386
382
400
384
384
366
356
356
314
266
210
120
96
92
86
98
94
106
90
84
96
98
86
92
118
98
100
92
98
106
86
92
88
100
92
100
138
262
358
396
400
394
382
396
392
400
404
378
388
400
394
402
402
416
434
442
412
408
388
374
362
368
374
370
372
382
390
404
412
432
432
420
426
428
418
404
402
424
428
428
422
410
396
366
396
396
404
400
418
424
444
442
412
402
374
370
364
368
394
384
406
382
386
378
358
352
336
328
270
232
166
108
90
90
100
84
92
98
90
84
96
82
94
74
112
94
100
100
100
108
98
96
98
90
108
104
108
216
312
386
394
394
380
380
380
392
402
374
384
408
406
396
396
414
428
428
394
394
370
358
374
376
376
380
396
418
422
434
438
428
416
424
422
438
426
418
408
416
430
436
438
420
428
362
362
398
382
376
404
406
424
434
408
388
358
350
376
366
382
396
410
384
378
346
348
350
318
278
228
200
144
94
94
106
86
100
96
92
100
96
100
100
92
92
106
118
98
102
116
104
100
100
86
100
96
100
108
168
256
348
368
384
382
378
380
394
410
394
390
400
396
380
392
402
406
412
376
370
356
360
394
400
410
418
432
454
432
428
432
410
402
434
436
452
452
428
422
444
442
452
450
426
428
420
396
380
380
376
374
388
412
422
396
376
362
358
352
356
378
416
412
382
388
354
336
332
284
224
186
152
112
92
92
104
82
100
96
84
100
98
92
92
82
84
102
110
100
94
106
100
84
92
86
112
92
94
106
130
194
276
334
354
364
366
378
394
412
406
404
394
384
372
396
400
392
400
382
370
374
398
414
422
436
436
444
462
426
416
420
400
392
420
440
456
430
424
432
448
454
444
436
440
458
422
398
408
392
372
374
378
396
396
390
396
386
378
374
366
362
394
402
378
388
340
326
298
240
172
142
114
100
104
94
98
104
94
98
94
98
100
106
92
106
88
114
88
118
102
94
116
94
100
106
110
114
104
94
108
150
222
302
330
348
360
380
408
426
420
404
396
390
380
406
406
388
386
382
380
388
422
418
428
434
436
450
446
414
406
404
394
396
420
454
436
418
410
424
446
428
426
426
436
454
440
440
426
404
392
378
378
404
390
378
390
392
406
394
394
384
390
398
368
368
320
304
246
182
114
98
94
98
98
92
88
104
86
90
92
84
92
96
82
94
76
104
92
106
102
96
106
100
98
96
104
104
104
94
84
110
158
226
270
314
348
372
418
436
432
404
402
406
412
422
404
384
388
390
398
386
410
410
426
430
450
442
412
386
388
380
386
408
446
448
440
408
406
418
440
440
414
406
408
432
440
460
432
394
396
396
376
390
386
388
392
394
404
394
386
380
378
394
376
354
292
282
202
144
108
106
104
102
100
100
98
94
98
92
94
86
98
94
94
88
88
100
116
100
102
110
102
102
102
98
122
104
108
110
88
102
114
164
200
258
328
364
420
436
440
418
416
416
434
428
404
394
406
418
416
390
398
398
418
430
446
412
380
374
384
386
398
414
450
432
412
400
400
412
446
438
420
420
422
396
440
456
406
400
394
388
380
390
396
392
380
396
404
402
390
396
382
370
364
340
292
226
150
110
102
106
98
86
92
92
94
84
90
88
90
82
86
82
86
84
88
104
100
110
98
104
112
96
104
92
100
108
96
86
96
108
96
146
148
190
290
344
404
416
424
418
424
414
422
410
404
406
406
418
398
384
388
382
404
422
414
402
378
380
388
398
420
420
444
446
402
384
412
418
420
418
408
410
404
392
426
434
414
386
382
384
388
384
394
396
378
402
388
392
364
380
378
354
354
302
236
182
132
102
88
94
96
84
98
86
86
94
78
90
94
84
76
88
80
100
82
102
100
100
94
100
110
92
114
98
110
106
100
98
108
102
96
116
112
132
238
278
364
412
416
408
402
426
418
396
394
416
414
410
394
364
372
390
388
412
398
384
394
390
380
416
410
416
432
434
392
400
414
410
406
392
406
414
406
384
400
416
390
382
390
374
356
384
406
410
392
380
380
374
354
358
360
328
304
254
208
144
118
104
98
102
84
102
94
92
92
90
100
96
96
88
88
78
98
86
96
100
112
104
102
112
106
102
106
96
118
94
106
120
108
106
110
100
122
108
170
252
340
378
398
404
400
400
394
400
410
420
424
418
378
376
386
390
398
390
396
396
390
404
392
390
400
398
422
418
394
406
412
398
400
400
396
394
402
410
390
398
416
400
402
386
384
380
392
408
384
368
348
360
344
330
310
284
262
214
166
108
94
100
94
92
88
84
90
88
84
88
86
92
86
86
84
80
80
96
80
90
96
106
90
104
104
92
98
88
92
94
94
100
110
98
98
106
110
102
126
210
254
338
372
384
392
402
402
388
406
430
436
404
414
374
396
414
404
398
380
392
406
404
388
400
398
406
384
402
410
416
408
398
394
398
398
392
404
412
400
392
398
398
402
398
378
392
414
402
380
380
346
354
304
284
266
232
202
162
110
98
98
102
98
94
100
90
98
88
88
92
84
90
86
90
88
88
78
102
80
98
100
114
92
102
114
96
106
102
96
112
104
100
120
104
106
118
106
106
110
146
226
276
322
344
360
376
386
384
414
430
418
424
392
406
418
422
424
386
386
404
420
412
368
380
394
388
390
396
398
420
412
384
382
396
390
390
408
420
410
390
400
408
408
410
396
414
410
396
378
358
344
304
258
224
198
184
148
114
96
94
102
88
90
92
88
90
88
82
90
88
88
80
88
86
88
84
82
92
86
98
112
104
96
92
100
98
94
92
102
94
102
106
100
94
108
98
116
92
100
122
164
202
260
282
322
330
348
382
422
424
414
412
416
410
420
442
414
390
390
420
420
392
388
386
410
376
382
394
410
434
406
400
400
398
414
400
396
424
416
394
408
398
416
408
402
410
388
378
376
350
308
250
202
178
146
118
108
110
94
98
104
94
96
100
88
92
92
80
90
90
90
80
86
84
86
86
82
92
84
102
112
110
102
94
108
100
98
92
100
104
106
98
102
102
108
96
108
102
96
122
102
138
194
212
262
278
298
336
382
410
410
410
406
412
416
426
418
408
374
418
426
404
406
380
400
416
420
396
400
436
406
394
410
418
418
416
406
416
424
402
398
390
406
418
406
406
394
366
340
314
242
186
156
126
106
104
98
94
98
96
92
100
90
88
86
86
100
84
88
96
88
88
80
86
86
92
80
102
78
104
102
116
96
94
114
98
106
96
100
116
110
90
110
110
104
118
98
116
100
100
130
102
134
172
202
216
238
284
338
388
392
398
390
390
406
420
408
390
382
410
406
428
402
400
422
424
422
400
410
428
402
410
416
422
428
416
430
414
420
400
400
398
386
390
392
376
364
348
294
246
206
132
98
90
102
98
100
98
98
96
96
102
94
82
94
92
102
86
86
92
84
84
76
82
86
88
84
94
76
106
108
110
94
96
100
106
102
88
108
98
106
98
92
100
98
110
96
94
104
106
100
98
104
112
146
150
166
228
274
334
366
364
384
386
402
390
388
398
380
402
418
414
402
400
398
402
412
408
402
412
404
410
404
420
422
430
420
408
414
394
386
368
374
380
358
352
318
282
244
194
156
110
106
104
104
96
104
98
106
92
104
96
108
90
100
98
86
94
94
90
94
82
84
84
94
84
98
80
86
120
112
102
108
100
94
128
106
108
108
92
124
116
96
112
114
108
108
104
102
126
104
104
106
108
132
106
114
160
218
260
318
316
338
358
376
376
364
368
366
396
410
418
414
404
420
418
420
420
400
400
408
408
408
424
404
408
420
404
382
380
370
334
308
310
284
282
262
218
194
150
100
104
98
96
96
98
96
98
102
94
100
88
84
86
94
88
94
88
84
88
82
86
74
90
88
90
88
84
84
108
110
110
98
100
100
106
112
100
94
96
106
102
104
102
108
106
108
102
104
114
104
90
102
112
108
106
100
118
154
202
262
274
290
302
320
316
314
324
334
356
394
404
404
402
408
406
412
406
398
378
400
396
388
416
400
396
390
396
358
342
306
282
256
254
260
232
216
172
130
116
100
98
110
100
96
104
104
96
108
98
90
100
82
92
86
82
92
84
96
90
80
92
74
74
80
84
84
82
80
112
114
114
100
108
108
102
108
106
98
102
106
102
110
102
106
98
108
98
104
110
98
92
102
112
108
100
112
94
120
156
188
218
232
244
266
258
256
262
276
312
356
372
374
392
402
384
394
384
356
332
352
364
374
378
380
370
358
340
308
272
240
196
196
190
180
162
152
118
100
98
98
102
104
94
96
94
104
94
88
96
98
84
94
92
80
86
82
78
80
78
80
84
80
88
90
80
84
88
86
112
112
108
106
102
100
106
96
112
108
104
116
114
106
108
108
102
118
104
108
120
96
108
110
104
126
118
98
108
130
106
148
150
164
178
208
202
204
202
218
256
290
322
322
348
366
338
348
324
300
290
296
310
324
320
336
328
288
298
264
220
180
148
128
132
120
110
110
98
110
104
96
108
102
94
102
92
108
98
84
88
98
82
98
86
80
90
84
92
86
80
82
74
74
80
76
74
80
84
82
106
110
112
112
98
96
106
104
98
96
98
108
108
98
104
102
96
110
102
96
106
92
96
102
100
118
112
84
100
96
110
108
112
114
120
144
138
142
140
158
188
222
262
274
290
300
286
282
264
242
216
228
260
268
268
254
258
236
236
194
166
130
102
102
96
118
92
106
108
104
102
102
100
108
96
102
96
102
90
98
94
88
110
92
92
94
90
96
82
92
82
84
94
88
84
90
84
88
88
80
104
106
108
106
104
106
96
114
104
100
114
108
108
108
106
106
98
110
108
100
98
114
92
110
118
102
116
102
100
110
118
110
114
104
100
110
104
106
102
116
132
164
192
222
240
234
238
210
188
172
166
158
180
196
202
202
202
168
158
140
102
108
102
98
102
108
100
122
112
108
92
104
104
102
94
100
92
96
90
90
88
82
90
80
84
92
82
80
86
86
80
78
84
78
78
78
78
80
80
76
106
100
92
102
104
104
96
102
104
100
106
104
104
100
102
98
92
110
102
98
98
118
100
108
92
126
86
102
114
112
98
114
112
100
102
106
106
106
102
114
106
114
130
150
172
170
168
144
138
112
120
106
124
154
140
148
146
124
124
104
118
106
106
100
116
90
104
126
114
130
96
100
112
98
98
102
92
102
104
84
92
100
78
92
92
94
88
82
98
88
86
84
84
80
92
84
80
82
82
84
114
106
92
120
102
92
112
96
108
104
94
110
116
92
114
106
90
120
98
98
110
108
114
98
94
122
102
108
104
102
102
116
110
98
102
102
104
104
102
114
108
94
112
100
116
122
104
108
98
98
104
108
104
116
106
106
116
104
104
104
100
100
100
96
108
100
94
120
128
142
104
96
94
98
98
92
96
104
104
94
86
92
94
88
94
80
80
90
84
86
84
74
92
76
80
80
84
82
84
86
98
118
104
102
108
98
88
108
100
102
108
94
104
116
102
104
104
100
124
104
96
120
102
100
100
96
108
106
108
106
120
98
138
96
110
110
98
104
114
98
120
102
110
116
116
106
118
100
108
114
110
114
108
104
114
110
110
106
106
108
100
108
98
96
108
122
92
112
140
138
100
100
98
102
102
94
94
98
94
96
88
94
90
96
84
92
84
88
82
84
88
84
84
74
78
78
80
76
76
82
104
108
98
104
102
98
92
96
104
94
94
98
102
98
94
100
94
108
106
100
92
98
106
90
92
106
100
94
108
102
100
98
112
100
104
96
102
98
94
104
100
92
98
102
112
102
112
106
102
102
106
104
100
102
104
104
106
98
110
96
102
92
96
88
112
98
96
110
138
150
98
92
98
104
106
96
94
100
96
100
92
92
88
96
88
98
86
86
84
88
86
90
86
82
82
84
78
78
82
86
118
108
104
116
108
112
110
96
118
102
98
114
112
98
104
108
100
120
106
104
100
98
120
98
98
120
106
100
112
108
100
108
108
108
108
100
116
108
96
114
108
106
108
106
120
106
114
116
108
102
112
106
102
110
104
108
106
98
114
96
102
90
98
92
110
92
110
116
130
136
98
92
92
100
104
94
88
92
90
96
90
90
88
96
88
98
84
86
80
86
80
86
80
80
80
78
80
82
82
82
108
96
94
110
102
108
108
88
110
96
96
106
98
96
102
100
96
106
102
90
92
100
108
96
96
102
102
100
94
96
106
98
106
88
96
98
108
106
100
98
112
106
106
102
110
96
104
102
108
102
108
104
102
108
104
104
102
104
110
106
96
98
100
104
106
108
116
122
126
108
104
96
96
106
112
98
90
92
92
100
86
90
96
98
84
92
82
92
86
92
82
88
84
82
82
76
78
82
84
78
