82
76
96
72
86
90
80
112
90
86
100
80
104
80
82
98
88
78
84
88
74
80
72
82
82
70
78
76
88
78
84
70
84
72
74
78
74
78
84
72
74
72
66
80
58
68
74
66
70
70
64
62
64
66
68
62
62
74
68
76
68
74
80
72
66
70
72
82
70
78
80
70
72
84
74
84
66
84
76
78
72
74
84
76
80
80
78
72
80
70
70
70
78
68
70
72
78
70
74
72
86
78
76
96
78
98
88
86
110
80
96
102
84
98
84
82
102
82
82
92
88
68
86
74
86
74
74
94
82
80
78
76
86
72
66
82
78
62
86
72
80
78
68
78
56
66
74
68
74
68
68
62
62
70
64
64
72
74
76
86
70
70
94
70
74
68
68
80
72
74
70
70
86
76
82
82
76
80
94
74
84
74
86
84
72
64
78
76
84
84
74
80
82
70
80
78
74
78
66
76
74
86
78
80
82
82
78
86
88
86
86
92
94
78
88
82
86
88
86
82
78
80
76
80
78
82
80
86
94
80
74
90
78
84
72
78
74
88
68
88
78
74
66
72
52
60
68
64
70
60
66
56
56
66
54
60
64
58
80
66
66
74
70
70
62
66
68
68
72
86
78
78
86
76
96
72
82
78
82
82
80
82
78
78
82
68
72
74
82
76
84
78
72
80
70
82
78
72
72
70
70
94
98
74
98
90
82
114
86
102
98
84
116
76
92
102
82
82
96
70
84
78
82
80
72
84
84
76
88
80
72
86
70
80
70
68
64
92
52
82
74
68
62
66
52
58
60
58
64
56
60
52
52
58
50
52
54
48
70
52
58
70
52
64
62
68
70
56
62
76
62
64
76
84
88
76
78
72
72
82
70
88
74
70
84
70
72
68
74
70
78
72
64
80
66
78
78
70
76
66
76
84
86
92
74
92
76
86
102
88
96
80
92
88
76
86
92
78
64
98
72
74
86
66
86
82
84
94
70
88
78
80
88
70
76
80
74
72
74
68
70
60
56
56
50
54
52
52
58
56
52
50
50
48
46
44
52
50
48
60
50
56
66
52
52
52
58
52
66
70
58
74
76
84
72
88
76
68
86
72
82
90
86
80
74
66
84
76
78
90
74
84
80
78
88
80
72
80
70
76
88
88
80
102
70
92
88
84
106
90
90
88
94
96
86
88
88
78
76
86
78
70
84
68
84
70
76
82
76
78
70
76
76
60
72
70
62
68
66
58
60
50
46
44
40
44
42
46
48
48
42
46
46
42
46
44
46
50
38
48
44
50
54
48
48
50
56
48
60
60
54
66
70
70
82
78
78
74
72
80
76
78
76
78
78
64
72
72
76
82
70
76
74
72
80
74
76
80
78
78
78
82
84
82
88
92
96
112
88
98
86
84
108
82
94
90
76
98
90
78
76
84
76
88
82
78
86
72
98
84
70
86
66
66
72
62
54
78
52
60
50
42
46
46
48
50
46
52
52
48
52
56
62
68
72
78
68
70
62
48
52
52
38
52
38
44
44
38
50
54
58
60
62
66
84
68
74
72
56
88
78
82
82
84
94
80
74
78
84
76
84
76
78
82
76
82
84
78
86
74
80
76
94
74
92
94
74
104
86
96
88
80
100
78
78
78
78
96
78
72
82
64
80
78
74
78
80
68
78
80
60
66
68
62
60
62
52
46
52
46
46
44
58
62
66
66
62
70
68
62
76
80
92
108
110
126
116
110
98
82
70
52
60
52
66
56
50
50
58
44
50
54
62
74
62
80
70
60
72
74
80
76
92
84
72
74
80
70
78
74
78
74
80
74
78
80
80
84
76
76
86
84
70
98
80
96
88
88
120
84
88
96
76
92
70
78
82
78
84
84
70
76
72
68
84
78
66
84
74
74
58
62
62
58
68
54
46
42
50
52
64
60
72
98
114
110
112
112
100
94
100
110
140
154
164
170
174
168
150
126
100
96
70
88
86
94
90
78
78
58
58
46
54
54
66
68
68
58
60
64
80
70
80
84
74
64
88
74
80
82
72
84
74
76
86
68
82
92
70
80
66
78
78
88
90
96
78
98
100
90
80
86
96
88
84
92
72
94
82
70
76
70
56
82
68
70
66
64
60
58
54
52
52
44
40
46
48
64
60
60
84
102
122
146
160
166
162
158
148
132
138
154
186
204
222
236
222
218
212
176
150
124
110
118
132
144
142
138
118
96
72
50
50
46
54
54
58
56
64
72
68
72
88
76
98
74
62
74
84
74
76
78
76
86
84
74
86
74
90
70
86
86
104
74
106
90
88
104
96
94
78
84
100
86
84
88
80
90
88
78
72
66
56
70
64
68
74
60
66
58
60
56
48
52
54
60
60
74
82
102
112
148
174
202
212
224
216
216
200
180
190
206
230
248
262
270
264
258
256
226
202
170
160
152
180
196
192
196
164
152
114
84
64
50
52
48
52
54
62
72
68
62
76
72
82
72
70
80
78
72
78
74
70
76
80
76
78
76
82
68
80
78
82
78
84
94
88
98
110
92
82
90
86
92
78
78
84
72
80
84
62
66
64
54
64
60
60
50
60
46
50
52
62
60
68
66
90
98
110
126
154
192
218
246
250
256
246
262
244
224
238
248
268
286
292
286
284
286
282
274
240
222
212
200
240
246
242
248
218
212
166
124
90
60
56
52
52
48
48
56
64
60
74
92
74
72
90
76
80
88
82
80
74
68
88
80
74
92
72
86
86
92
86
92
88
88
82
88
104
92
86
88
84
92
82
82
80
76
74
74
68
70
60
62
56
54
48
52
70
68
70
78
64
78
102
104
118
124
140
164
202
238
260
276
270
278
266
284
276
252
264
270
284
296
294
288
284
296
304
306
270
258
254
246
272
274
274
280
266
260
214
162
124
80
74
70
70
60
50
52
46
60
72
74
74
60
74
68
76
80
68
70
68
66
78
70
72
78
74
76
70
82
84
72
98
74
86
100
88
96
88
76
92
78
88
90
76
80
78
74
64
58
44
56
38
54
58
72
90
98
90
94
102
120
142
160
166
180
180
192
234
264
286
284
276
288
280
292
300
276
290
296
306
306
294
290
280
288
306
308
292
286
280
270
280
276
280
282
288
288
252
208
166
120
116
110
106
94
74
66
52
58
84
60
82
64
70
76
72
74
74
72
66
76
72
78
82
74
82
66
82
88
82
80
82
76
72
96
90
92
92
76
86
76
82
82
70
66
72
70
50
50
54
62
74
96
106
118
126
120
108
120
148
176
208
218
208
216
220
230
260
276
292
278
268
280
278
288
288
282
302
296
306
312
296
292
290
288
298
306
300
312
296
288
294
286
282
278
288
298
274
250
206
170
176
168
160
148
116
94
64
52
78
66
76
62
68
64
66
76
72
76
62
76
68
80
72
74
72
66
90
70
86
88
84
80
78
84
104
80
98
84
72
90
78
72
72
60
60
62
52
70
90
110
122
134
142
150
150
134
136
168
202
214
242
246
252
258
262
252
290
284
292
276
262
266
268
282
298
308
322
292
298
316
304
294
298
298
294
308
288
318
294
300
288
284
278
274
284
298
280
270
238
216
234
224
216
206
166
132
96
78
58
66
62
56
68
70
76
90
66
84
74
82
78
76
74
78
70
74
86
70
82
76
84
68
78
90
80
94
94
80
78
76
78
70
56
56
62
64
88
110
148
172
168
184
178
186
168
158
174
204
236
262
282
286
264
270
284
280
290
292
288
276
274
268
270
270
308
304
306
306
298
322
328
314
310
310
314
318
304
308
308
300
286
282
282
288
280
290
292
280
252
258
266
284
262
246
222
182
134
98
60
60
60
66
64
68
82
72
88
70
70
84
74
84
74
70
82
74
96
70
88
80
100
72
86
98
80
100
86
80
92
70
66
64
58
58
72
104
150
188
214
222
212
194
200
196
198
170
192
234
278
290
292
294
284
294
302
298
294
290
294
294
286
288
290
284
300
316
318
304
290
332
350
338
338
328
336
314
308
298
306
304
278
292
292
292
290
284
280
288
268
272
288
304
290
280
262
228
182
132
80
52
48
50
54
62
76
78
76
78
74
72
72
72
76
78
64
74
78
74
82
84
90
84
80
82
102
88
94
80
74
60
46
54
56
70
106
162
212
252
262
256
238
218
214
194
188
188
218
268
290
298
288
286
284
296
306
312
300
288
298
310
304
310
314
300
316
328
320
306
288
332
354
352
350
342
332
318
298
310
300
316
310
308
312
308
292
284
294
304
284
278
294
296
292
296
290
268
220
162
110
64
58
52
52
58
72
78
72
86
80
76
76
80
86
86
72
84
76
78
80
88
82
90
78
82
90
70
90
72
62
62
58
70
86
112
162
230
278
312
302
282
234
226
214
190
188
212
248
280
302
308
288
284
282
286
292
304
310
292
306
314
330
330
336
320
324
326
308
304
294
336
362
368
362
354
354
320
310
306
300
326
330
320
332
330
308
294
296
296
292
278
290
282
286
298
302
288
258
198
138
76
60
54
50
52
66
70
72
82
70
80
72
82
78
72
82
72
90
74
82
86
90
78
82
98
78
96
82
64
66
54
72
86
142
170
218
288
336
350
310
268
226
212
216
212
244
244
280
284
304
306
286
288
292
290
288
298
312
292
310
298
348
336
356
340
330
338
318
306
292
328
364
380
364
362
366
328
310
300
298
334
354
350
344
326
312
298
296
316
290
276
286
280
288
298
300
294
282
234
174
114
86
74
58
52
70
80
82
88
74
84
76
82
84
76
86
76
80
74
82
88
86
80
78
92
74
86
72
54
64
78
110
140
192
224
276
340
372
348
280
232
220
222
234
254
278
278
302
296
288
294
286
300
304
298
294
306
312
310
290
314
326
362
358
366
350
352
334
318
292
296
344
380
366
366
356
340
314
310
296
328
354
360
366
350
318
312
304
320
298
288
288
284
282
288
292
292
290
262
216
168
138
112
86
60
58
76
74
84
72
74
74
72
82
84
74
88
74
82
88
92
82
88
78
80
88
68
72
58
84
126
154
204
254
284
332
376
384
322
258
236
228
252
270
286
280
300
310
312
296
302
304
324
326
314
308
316
330
316
314
304
332
350
378
376
364
352
336
326
304
282
324
364
374
368
370
348
340
310
304
312
356
358
366
352
302
314
314
326
322
314
304
302
286
282
290
298
300
288
254
212
186
146
124
86
62
70
74
80
80
80
78
76
82
86
74
88
84
78
88
78
84
74
76
78
64
58
56
70
140
178
206
270
316
330
356
374
364
282
232
236
252
268
302
300
298
308
314
314
306
306
308
336
348
340
326
326
338
320
312
308
308
340
368
366
370
356
336
322
312
290
316
330
344
358
366
364
336
310
300
316
348
366
366
350
312
326
308
326
328
330
318
322
298
284
290
300
290
296
286
258
248
194
172
120
72
58
76
70
74
84
68
80
84
76
86
72
88
78
96
84
92
80
80
84
60
64
62
118
190
238
268
306
328
340
360
356
312
246
228
248
268
296
296
302
300
308
322
320
310
304
316
334
348
348
340
348
368
332
324
308
306
320
356
370
380
364
360
362
326
292
290
318
338
356
358
370
338
328
316
316
328
358
362
334
328
334
324
326
334
324
326
320
304
294
296
308
302
300
280
278
276
246
228
170
108
68
70
68
70
80
68
78
74
72
74
74
92
78
90
78
82
98
72
66
62
58
104
168
228
286
314
342
336
344
334
324
268
228
230
262
298
314
298
292
288
292
306
316
326
328
300
318
346
354
374
356
360
340
310
304
294
298
322
348
372
370
368
358
332
312
302
302
314
336
354
366
360
352
334
310
318
344
360
338
332
336
328
336
342
330
330
314
314
304
306
304
298
290
292
278
284
290
262
208
138
98
66
72
76
70
78
76
80
82
82
82
88
84
92
78
72
86
70
66
54
70
152
224
280
332
358
368
334
328
298
270
234
210
250
286
308
320
294
286
284
288
304
326
332
332
302
308
334
354
376
364
366
334
326
306
296
288
304
336
372
364
362
360
340
318
308
308
306
320
340
346
360
348
340
316
310
318
338
326
328
340
324
330
334
328
326
312
312
314
314
310
290
294
288
282
282
294
298
244
178
112
66
58
64
72
76
82
72
78
76
72
106
98
90
84
86
70
72
56
86
134
204
266
322
352
374
368
326
308
244
242
202
214
248
284
304
318
296
290
292
294
300
320
344
338
322
316
328
348
368
378
378
350
302
322
304
312
318
316
342
364
376
378
356
346
328
314
312
312
326
332
350
326
330
326
312
298
314
310
320
336
318
326
348
346
328
324
312
326
308
306
294
278
290
274
266
296
296
274
226
150
88
62
64
74
72
72
78
86
78
72
94
94
84
80
78
60
68
68
136
192
254
294
344
380
402
388
322
276
216
216
220
226
266
280
290
308
298
298
306
308
304
318
348
350
320
308
308
322
362
378
370
348
330
308
312
310
312
322
324
348
364
382
360
362
342
334
318
316
324
332
344
318
320
326
318
298
308
304
312
328
318
336
334
326
310
320
324
336
310
306
302
280
288
272
264
300
302
288
226
164
84
60
60
64
80
68
76
82
72
68
88
92
88
74
60
78
84
132
210
250
314
330
354
390
386
366
306
256
196
226
236
266
280
288
282
300
300
308
322
334
332
342
350
360
344
312
296
312
352
382
378
378
306
306
324
328
318
316
326
326
330
358
348
354
348
358
338
336
324
318
324
314
320
326
326
302
302
298
310
320
312
334
342
332
330
330
346
336
318
312
308
306
298
286
268
286
302
282
252
188
112
66
50
60
74
74
84
84
76
72
94
84
70
64
74
108
116
184
262
304
350
356
368
384
356
342
286
238
212
234
270
284
294
280
296
300
302
316
332
346
348
364
354
358
350
314
288
296
328
370
386
370
332
302
324
326
332
334
320
326
330
336
338
356
358
352
354
354
334
306
310
308
322
328
332
314
304
300
310
308
302
324
324
324
330
322
336
324
320
326
318
308
316
294
268
284
282
288
262
192
140
78
52
66
68
88
80
80
76
72
84
84
82
96
128
140
172
254
308
366
368
370
382
370
332
330
264
234
230
264
298
316
312
292
300
294
294
314
330
348
356
376
376
376
334
322
300
284
332
360
382
356
326
316
308
316
354
342
332
320
322
318
328
332
352
358
346
356
348
322
324
312
324
330
336
330
320
312
310
296
292
322
328
328
320
312
316
316
310
320
316
308
294
300
280
280
292
298
272
220
168
118
80
66
70
80
72
72
74
74
88
94
104
144
168
184
234
314
364
382
390
394
382
362
318
292
252
238
264
292
322
318
302
290
288
300
314
324
330
336
356
382
376
368
348
314
304
290
312
362
380
366
332
312
312
308
336
342
318
318
322
308
324
336
332
326
336
354
372
326
328
326
320
340
340
340
322
320
320
314
298
316
322
320
308
304
302
300
308
314
320
304
306
296
296
282
298
302
282
260
204
156
106
84
78
78
86
76
74
82
120
138
148
190
214
242
292
360
390
404
406
390
374
356
324
282
228
238
288
308
326
318
300
284
306
318
318
320
326
330
346
376
378
380
356
312
292
294
308
350
364
360
330
312
316
308
326
312
290
302
330
312
312
312
312
326
332
344
344
326
320
338
326
348
344
322
332
330
316
320
298
304
324
330
316
292
296
288
302
312
324
308
318
300
296
288
290
290
298
276
240
208
146
94
74
88
78
76
84
72
164
180
190
236
256
282
324
378
392
412
426
410
388
354
318
254
232
262
324
324
318
306
294
280
300
300
314
324
320
326
346
364
366
374
354
312
290
298
306
356
360
362
326
314
320
308
306
270
254
296
326
308
308
304
314
306
316
330
340
318
330
344
350
348
334
326
332
328
334
334
304
318
304
330
322
306
310
302
302
308
322
304
318
298
292
294
292
286
292
288
278
246
182
122
84
82
80
80
88
76
218
218
224
280
294
308
340
394
424
420
408
394
380
358
318
246
226
268
330
320
306
298
296
290
288
300
312
328
336
322
318
342
376
378
352
308
304
320
314
344
362
358
316
310
318
302
286
234
234
270
326
300
312
326
312
298
304
322
328
340
336
354
352
348
338
326
328
340
332
328
326
310
320
342
326
322
310
314
306
312
324
306
314
302
298
298
296
282
284
294
298
266
212
156
100
72
88
82
78
88
256
242
252
306
320
334
366
418
426
430
416
406
386
360
300
226
236
280
326
320
304
294
290
286
302
296
324
352
338
316
314
316
350
386
374
302
294
314
322
346
360
342
300
306
310
292
266
214
218
260
302
308
324
318
320
304
314
316
316
348
346
352
348
346
332
320
322
334
330
326
330
306
326
336
330
340
318
324
326
332
336
322
312
310
306
296
294
272
288
296
306
292
246
178
114
78
74
72
66
78
256
240
268
308
324
348
378
424
444
454
432
404
376
344
274
220
234
280
302
312
310
310
308
310
310
316
330
348
348
322
308
318
352
380
356
298
312
328
332
342
362
332
302
314
308
290
264
220
232
254
302
306
322
336
318
318
328
322
324
326
346
350
356
338
330
324
330
328
342
342
324
318
304
310
334
348
340
332
350
352
350
338
308
304
300
290
292
274
278
292
304
300
264
192
128
78
74
80
82
74
228
220
278
310
330
358
386
428
462
456
428
396
378
324
240
208
244
292
284
302
306
312
310
312
326
322
342
356
342
326
320
310
352
380
356
324
332
330
332
350
360
324
310
326
312
304
286
254
260
282
298
310
324
340
334
328
332
334
324
326
332
356
350
344
352
330
346
346
342
344
338
314
308
308
324
330
334
326
346
352
348
342
310
298
298
298
300
290
266
292
298
290
266
204
144
74
72
76
76
72
194
192
276
318
346
372
398
442
450
446
438
402
370
284
206
222
242
300
278
304
312
322
314
314
322
332
350
358
352
342
332
320
324
368
346
330
338
338
334
348
348
310
310
330
312
318
312
292
292
290
304
322
328
340
330
350
336
322
330
328
344
334
342
356
348
350
340
340
352
340
342
322
310
310
302
310
320
322
330
340
340
344
324
308
312
318
308
302
278
298
292
288
274
214
156
76
80
78
68
86
150
176
268
326
358
396
428
452
464
440
436
400
358
252
204
222
282
306
292
306
314
328
326
328
310
336
344
362
362
340
328
316
314
332
320
316
338
332
346
346
338
316
320
326
322
326
324
326
312
302
318
330
322
326
330
328
310
326
322
324
314
328
330
342
346
338
336
338
332
350
344
330
314
308
298
298
308
302
304
324
322
340
322
312
320
312
304
292
278
284
288
270
264
208
138
76
80
72
76
72
112
184
276
334
372
410
454
450
452
450
420
402
354
234
206
248
280
318
316
308
308
314
320
324
320
338
346
346
368
348
338
304
312
326
320
324
338
326
328
334
336
332
340
332
308
318
330
334
330
306
324
336
330
314
322
330
330
318
316
312
298
308
322
332
344
338
328
328
318
328
332
332
336
320
298
294
304
302
300
308
304
314
310
298
306
314
306
302
292
288
284
280
272
208
140
74
74
78
82
66
112
200
288
354
388
416
438
430
454
436
442
422
336
228
222
264
306
334
320
300
304
306
318
326
324
328
332
352
358
338
324
308
298
306
310
328
336
326
320
334
328
336
344
330
304
328
342
340
340
318
336
336
334
316
324
326
326
316
342
338
304
296
312
318
336
336
320
318
310
312
328
340
342
338
318
302
296
292
292
302
302
306
312
300
302
318
310
306
300
298
290
292
270
206
142
72
86
78
80
72
110
186
266
346
392
438
446
462
456
452
454
398
306
220
240
296
332
338
304
290
304
308
318
330
328
330
344
338
350
328
328
302
308
310
312
330
330
328
312
326
324
334
338
326
304
330
340
330
338
322
338
340
342
332
332
328
350
324
334
326
296
300
314
322
324
330
308
308
306
300
320
340
356
354
336
322
316
314
304
300
302
306
314
302
298
310
306
294
298
304
308
306
270
222
162
94
88
74
76
74
98
172
258
346
410
430
422
424
444
462
434
390
272
212
270
314
332
334
294
290
298
310
318
334
340
342
332
344
316
326
314
304
326
330
324
336
330
336
314
318
326
340
340
324
300
310
320
318
334
318
332
354
360
350
338
336
338
328
332
338
316
320
312
312
318
322
298
298
302
294
310
326
342
350
344
340
328
326
310
302
304
310
312
306
296
300
306
290
282
284
304
302
270
238
176
118
78
78
86
70
106
154
220
316
408
392
420
418
446
452
426
404
246
220
284
320
326
330
292
290
292
316
328
334
352
336
340
338
310
298
308
314
332
340
332
342
338
346
328
320
330
342
336
322
312
310
318
322
328
326
340
358
366
362
342
328
338
340
332
340
320
322
318
324
316
318
302
298
310
306
316
326
332
348
356
362
344
342
330
330
322
328
320
316
302
298
308
296
296
280
304
306
294
266
202
150
80
68
74
66
110
128
176
288
400
384
414
414
446
458
430
390
244
226
278
328
324
320
292
292
300
322
336
334
344
350
354
350
304
316
324
328
336
348
338
346
342
346
338
322
330
336
326
318
336
326
330
330
322
338
356
352
356
354
332
304
348
336
318
332
324
318
318
312
314
320
318
312
324
322
326
326
328
330
330
348
344
354
344
342
340
340
334
324
308
300
300
298
300
280
294
300
304
278
222
168
106
76
76
80
112
112
138
246
358
384
398
394
430
446
432
398
250
216
298
302
312
306
296
306
316
320
334
330
344
334
354
356
328
322
336
336
336
350
338
346
344
348
350
334
328
334
326
318
350
334
332
328
328
338
362
350
352
332
312
288
350
336
326
340
322
302
318
314
310
320
332
322
330
328
324
316
318
318
318
338
334
348
350
360
352
346
348
334
316
308
298
302
292
284
292
292
306
284
244
182
104
80
80
72
114
104
106
210
318
386
396
408
440
442
420
414
270
234
276
296
308
304
300
306
324
326
338
322
334
342
352
356
348
336
336
340
342
348
342
334
358
350
352
342
336
326
330
328
338
326
318
320
328
334
362
334
306
306
288
248
340
338
326
336
324
314
310
314
310
326
324
328
312
300
324
330
332
306
306
318
312
328
334
340
354
352
336
320
314
306
308
306
298
286
278
294
286
288
266
190
108
74
70
74
118
114
100
154
246
372
410
420
446
436
422
414
294
246
268
294
296
318
316
320
330
338
332
346
354
344
342
362
362
340
342
356
350
350
346
334
360
358
358
352
340
342
328
320
344
340
334
340
340
332
340
334
280
272
242
230
340
334
320
324
320
318
320
320
314
320
328
304
278
256
308
336
326
304
296
310
298
314
310
318
326
334
320
324
306
306
302
312
296
296
278
292
294
290
252
194
104
78
76
74
106
116
110
124
190
358
424
424
444
424
416
406
318
252
254
292
308
328
330
328
332
342
332
350
354
356
352
370
368
344
348
352
346
344
342
336
362
364
360
354
350
328
314
328
342
336
346
348
340
336
338
318
264
254
238
232
330
324
320
322
326
322
324
312
320
314
328
288
248
222
284
326
334
312
288
300
288
304
292
298
312
330
316
312
304
320
314
306
300
298
288
300
280
278
242
194
98
80
80
74
112
112
114
110
142
310
426
436
450
434
422
404
330
242
242
290
318
322
328
322
326
330
348
350
362
370
366
388
376
334
346
366
362
354
342
336
354
356
362
356
348
314
302
334
342
330
344
340
330
338
318
312
246
264
248
260
306
302
312
322
334
330
334
320
336
316
316
270
210
202
264
322
324
310
292
298
288
294
286
292
314
312
306
312
318
310
308
306
310
290
268
288
278
286
242
186
96
80
78
70
114
106
110
100
108
238
404
436
420
420
414
400
328
236
254
310
340
346
332
322
316
308
338
336
346
382
370
354
336
328
354
366
352
356
352
364
378
368
366
348
338
330
310
332
348
336
334
332
336
318
306
292
264
248
258
282
300
296
308
318
328
328
340
330
328
308
304
250
186
184
246
306
304
306
308
314
308
296
296
300
300
314
316
312
314
312
310
300
296
298
272
282
270
262
216
180
92
76
76
72
108
104
112
106
106
184
358
428
408
414
414
400
308
220
250
308
336
356
316
318
322
320
336
342
354
374
356
340
332
332
362
386
366
360
348
360
374
374
374
362
342
330
316
340
350
338
328
326
344
326
296
302
276
272
270
298
300
302
312
320
320
324
336
326
328
312
310
256
216
218
266
302
316
312
318
324
328
314
316
308
324
320
306
322
312
306
298
310
300
296
272
286
268
248
202
142
88
76
78
74
112
112
110
108
108
140
290
418
406
400
410
400
290
224
260
328
346
358
316
314
320
322
326
328
340
362
342
318
324
344
368
384
372
350
348
360
376
380
354
338
340
316
310
340
344
336
320
314
344
332
310
298
302
302
302
302
288
300
314
320
312
328
338
322
320
316
304
264
242
260
294
310
334
322
320
330
332
328
332
320
334
336
312
310
300
306
298
294
294
296
286
302
262
230
200
124
84
80
80
66
112
116
106
112
112
106
218
388
412
390
404
394
272
224
258
334
348
342
328
312
310
308
326
320
346
350
332
314
326
344
366
396
364
332
344
356
378
394
348
330
322
322
310
322
342
342
308
306
332
332
302
302
306
322
308
300
288
306
316
316
302
326
336
316
300
326
318
304
274
302
314
322
332
330
336
352
338
338
350
344
334
338
330
322
316
302
298
296
314
318
290
298
272
228
184
100
74
76
80
66
126
110
108
110
110
112
160
350
398
398
404
378
274
222
268
332
340
330
316
304
312
308
334
320
332
330
330
318
352
368
386
392
342
330
338
354
372
390
352
336
328
338
336
334
336
346
330
318
328
314
322
310
312
322
302
300
312
318
324
314
304
326
336
304
306
316
318
298
306
314
316
328
326
344
342
350
348
352
358
352
350
332
330
326
314
308
306
294
304
314
300
306
276
220
170
102
88
76
76
88
118
118
118
114
112
102
130
300
404
406
406
380
292
238
258
320
330
324
316
322
322
334
332
320
324
316
322
344
356
380
392
380
332
312
328
338
376
392
360
334
326
338
332
332
348
350
320
318
324
332
324
314
320
328
314
294
322
336
344
318
312
348
352
326
312
318
328
304
322
326
340
350
348
344
336
334
324
330
336
352
322
342
328
310
308
306
298
300
294
314
310
306
280
232
178
92
78
76
78
78
118
120
120
116
118
108
110
234
366
408
404
380
320
256
240
312
326
320
330
322
328
332
334
332
330
336
340
350
376
372
386
390
334
318
328
334
374
392
364
334
330
346
334
342
322
302
326
326
330
334
324
320
334
338
324
318
326
330
342
320
318
346
344
340
326
332
338
322
334
332
330
332
338
330
330
330
320
322
312
326
340
324
304
314
308
320
316
286
304
310
308
308
290
242
196
112
80
78
80
78
118
114
118
116
116
112
106
176
324
402
414
402
348
280
244
286
314
310
324
314
328
322
338
340
332
332
334
378
386
402
402
374
314
312
322
338
366
394
362
334
340
330
338
334
308
284
316
318
330
322
318
304
320
334
314
326
340
336
340
328
328
334
328
334
336
346
342
344
338
340
322
320
308
304
302
304
306
318
312
314
306
320
310
322
310
316
320
318
302
300
306
306
294
236
182
94
88
76
72
80
110
106
118
116
106
106
102
134
272
372
412
422
372
312
274
258
284
296
296
318
326
328
334
334
340
342
362
364
384
376
402
366
306
318
334
354
378
400
362
328
326
342
326
310
294
238
310
322
328
330
326
296
308
334
320
326
328
332
324
320
324
328
324
322
326
336
332
336
324
322
310
310
314
314
300
300
296
300
302
296
296
312
304
314
308
328
326
306
290
296
300
292
280
232
174
82
92
78
74
82
108
100
116
118
108
112
108
110
204
338
404
418
402
354
304
268
260
284
296
320
330
318
328
328
318
340
346
362
394
402
384
348
312
318
338
348
380
388
358
316
344
332
316
270
252
216
284
302
304
320
310
294
308
330
332
328
326
322
312
320
330
328
330
326
318
326
338
332
326
306
310
306
300
310
304
318
312
306
308
308
300
318
314
314
312
318
306
308
294
292
288
282
270
220
166
98
82
80
80
76
108
106
114
116
118
122
114
106
154
294
398
418
424
396
338
284
246
276
314
326
338
310
320
326
328
332
358
356
372
376
376
336
318
326
344
354
382
386
362
324
326
332
312
270
222
188
278
290
302
314
312
308
322
342
348
342
324
310
308
314
322
322
314
312
306
310
324
324
332
310
316
304
312
318
318
324
320
320
316
314
312
294
314
322
306
314
316
308
290
286
280
280
256
188
126
82
76
78
78
74
106
116
120
114
120
116
108
108
122
222
376
420
420
426
378
284
234
270
314
342
344
328
314
324
318
336
340
346
368
380
352
328
312
332
350
368
374
378
342
310
322
330
294
246
220
212
282
312
310
320
332
306
316
354
344
330
308
306
318
312
322
340
324
312
326
318
314
324
336
328
328
310
328
334
342
338
340
354
332
320
308
304
310
298
308
320
302
304
286
288
272
260
228
168
110
76
92
84
84
90
106
118
120
114
122
126
118
112
116
174
322
392
434
444
402
320
234
256
318
352
348
324
318
322
328
322
340
340
352
356
344
320
336
346
364
368
380
368
330
296
328
320
288
248
226
248
300
318
334
338
348
324
334
346
350
310
304
312
322
314
330
336
354
330
314
318
294
316
346
340
336
344
346
354
338
356
356
352
346
318
312
304
298
300
296
312
310
294
290
280
268
244
188
132
94
76
80
68
70
74
100
104
112
118
124
122
114
114
106
128
262
364
408
432
426
354
220
240
324
354
350
322
318
310
330
336
350
332
332
332
328
334
350
366
382
386
378
356
318
306
316
302
284
286
264
296
328
326
342
348
350
352
354
358
330
292
304
316
330
336
342
344
350
330
324
328
312
314
342
354
338
340
350
360
346
344
338
348
344
318
298
302
306
298
300
318
320
292
282
266
248
208
160
108
78
80
78
80
84
74
102
106
114
122
122
120
116
112
120
116
208
326
406
446
454
382
238
258
308
342
348
334
312
344
354
354
352
326
330
332
330
354
368
378
382
390
380
348
306
310
310
304
288
306
310
332
336
336
348
352
346
354
352
352
324
304
318
324
330
342
336
340
346
340
342
346
318
328
344
344
336
332
326
330
334
344
342
344
330
314
304
294
292
284
294
306
318
304
298
256
240
184
124
88
80
78
82
76
82
86
100
110
120
120
114
118
122
112
114
106
144
256
392
442
454
408
278
250
292
340
334
330
314
340
362
348
336
316
326
336
336
358
366
378
390
388
368
320
294
318
312
308
304
316
340
346
348
358
364
368
358
350
350
334
312
304
322
320
328
342
336
332
334
336
350
342
336
330
338
344
318
324
326
330
334
322
322
340
326
304
308
298
296
294
302
306
310
302
294
244
218
144
94
78
78
74
84
74
78
84
88
106
116
118
112
114
124
116
120
116
118
192
352
418
456
446
338
264
298
318
334
322
328
336
348
334
322
314
318
330
336
350
352
364
382
370
360
312
302
334
328
316
330
344
352
356
360
356
352
356
340
328
334
328
314
312
328
316
324
334
332
324
328
334
332
352
338
334
338
334
336
314
342
324
328
326
324
322
314
320
304
314
314
308
300
308
306
298
284
250
194
100
90
90
80
88
70
74
84
78
86
102
112
124
118
110
120
118
116
120
114
142
278
384
452
454
384
312
298
286
308
316
326
338
340
336
320
324
324
330
336
338
366
368
376
352
348
308
304
324
336
340
348
368
360
366
346
334
328
342
328
318
310
318
312
320
332
316
324
332
330
326
330
338
344
346
354
340
346
340
338
322
314
318
336
326
320
320
318
316
304
320
322
320
300
300
296
300
282
240
168
80
78
86
76
78
76
74
80
80
88
106
110
122
120
110
116
114
104
116
114
118
214
342
422
456
430
364
334
322
304
316
324
326
332
344
318
328
332
328
328
326
340
352
364
336
328
312
330
354
340
358
366
370
358
362
328
314
290
316
326
326
324
330
334
344
330
322
336
350
344
342
334
340
356
354
346
348
364
332
354
324
322
314
324
318
314
304
314
322
306
314
322
328
318
300
288
290
278
216
148
92
76
82
80
74
80
68
74
84
82
108
106
110
114
110
116
110
106
116
110
112
170
278
362
460
460
416
368
334
326
302
292
312
324
356
324
332
340
324
322
326
342
348
348
322
316
322
338
350
366
370
392
374
342
340
324
290
298
308
324
312
328
330
348
352
342
338
344
358
344
354
346
356
356
352
348
338
362
340
364
322
326
322
320
308
310
312
324
320
312
312
310
300
306
298
288
274
244
186
118
86
80
76
70
76
72
70
76
72
100
90
100
130
108
112
122
120
108
110
112
102
118
212
308
426
460
446
412
372
358
296
286
306
340
352
334
342
322
314
316
318
338
334
338
316
340
342
344
366
364
378
376
350
334
316
314
298
296
324
324
324
330
356
340
338
320
324
346
356
358
364
356
350
362
328
340
332
336
344
354
334
328
326
314
306
314
312
324
316
314
314
310
310
302
294
282
262
208
164
102
84
82
82
80
84
74
72
76
70
80
92
90
112
106
118
118
126
108
110
122
114
108
168
244
362
452
460
448
412
378
306
278
298
338
360
360
348
330
326
322
346
354
318
326
312
334
346
346
362
378
390
376
356
328
312
314
326
320
344
346
346
346
360
336
328
324
334
364
370
362
358
352
356
350
332
318
320
336
326
342
326
318
318
306
306
298
316
320
336
314
312
312
306
290
276
266
226
174
124
88
90
80
82
82
74
82
76
82
86
92
100
96
102
106
106
108
110
108
118
120
110
116
136
168
292
386
406
428
436
410
326
274
294
362
378
364
340
342
346
342
364
348
326
322
340
344
330
356
348
372
384
368
348
296
306
322
330
340
360
366
364
352
348
320
316
326
332
364
372
358
346
334
344
352
326
324
324
336
332
336
334
310
316
308
306
294
306
314
342
334
304
292
294
280
246
226
168
136
98
84
92
74
74
80
78
72
66
74
80
90
82
80
104
98
106
114
118
110
120
120
106
118
124
128
228
316
346
388
434
428
356
274
264
330
366
356
344
344
338
348
354
346
318
336
336
324
320
336
344
342
376
346
322
306
324
328
350
360
374
378
372
352
340
316
314
336
338
368
374
356
336
324
338
338
306
326
326
320
326
334
328
308
318
320
312
312
292
312
334
334
314
300
290
264
208
188
142
104
90
82
84
74
74
72
86
68
68
74
74
102
96
80
112
90
110
108
114
116
112
126
120
108
116
118
160
236
278
322
370
392
380
320
286
310
346
352
350
346
342
360
358
342
322
342
330
320
326
318
328
342
346
324
320
318
332
342
352
364
370
370
358
336
324
310
312
334
336
364
368
338
312
314
332
318
310
316
330
322
324
344
318
316
314
334
320
326
302
314
332
314
318
298
258
224
170
146
108
84
78
76
76
76
82
72
76
72
68
74
74
94
98
88
94
102
114
116
120
116
112
122
122
116
120
112
112
168
208
250
298
324
344
328
296
308
328
344
340
332
340
346
354
338
344
354
342
326
322
316
310
336
340
312
306
332
336
334
344
358
370
376
354
324
318
322
334
344
340
358
366
334
314
328
330
314
316
318
320
330
338
338
320
326
312
338
330
326
324
312
332
320
314
284
230
192
140
108
86
86
74
80
78
66
80
78
74
86
72
78
84
94
92
88
84
98
100
112
108
118
116
112
114
122
120
112
102
114
142
178
236
264
284
298
272
274
308
332
340
330
330
326
346
346
348
372
338
308
320
312
324
340
318
314
328
328
334
344
332
332
350
362
338
314
316
328
340
340
332
338
354
326
312
336
318
308
304
318
310
316
338
328
320
330
318
326
338
324
326
316
320
308
284
250
194
140
96
78
84
86
80
84
76
64
78
76
84
80
66
68
76
112
96
84
112
82
104
110
106
126
114
110
118
110
106
122
110
112
118
124
162
190
230
272
244
234
274
272
306
320
322
320
332
336
356
368
356
320
320
340
332
356
314
316
352
332
314
320
318
322
332
340
326
320
332
340
336
336
332
336
356
322
310
346
320
312
312
320
328
312
328
350
330
320
322
308
338
326
314
330
308
300
254
212
154
106
94
82
84
72
78
74
70
80
86
64
86
76
70
74
74
98
80
84
108
82
96
94
96
116
112
112
122
104
112
126
108
118
110
118
112
122
160
192
222
204
216
250
266
292
296
306
306
342
362
364
338
338
334
342
346
340
314
328
360
342
308
302
310
312
336
326
314
310
344
334
322
320
326
336
340
322
318
330
328
310
312
322
312
314
318
342
330
334
308
316
312
320
310
306
306
266
214
180
124
96
84
90
72
88
70
74
78
72
82
76
76
74
76
74
68
98
108
78
96
106
92
92
104
106
114
96
100
108
102
116
102
120
106
114
108
106
124
140
158
170
178
194
218
242
252
282
312
334
360
360
346
346
342
350
352
338
320
346
352
326
306
296
308
330
332
326
312
324
348
340
334
324
328
332
322
316
330
340
328
330
332
356
334
328
328
328
326
324
306
310
300
296
296
292
248
222
178
134
92
68
80
84
72
72
76
68
76
66
66
74
68
80
60
60
80
98
96
74
98
86
96
80
92
100
94
104
94
100
108
116
120
124
110
120
118
108
112
114
118
134
146
148
172
194
204
240
280
312
348
344
346
344
340
342
340
342
332
358
368
336
306
308
328
328
344
326
306
336
350
346
296
318
326
336
328
322
338
340
326
322
324
346
328
332
330
320
314
334
304
284
282
278
240
234
218
178
136
102
86
78
80
76
78
70
80
74
78
72
74
78
74
60
72
80
72
110
88
86
112
80
106
92
88
106
96
108
98
94
110
110
120
118
106
116
120
112
116
114
108
102
116
114
128
152
162
194
226
288
332
334
350
352
344
342
332
326
332
346
374
344
306
326
336
354
346
334
308
340
356
346
328
340
342
336
334
326
324
336
332
332
338
340
332
342
330
328
314
320
312
278
228
224
212
200
168
134
100
90
80
92
76
74
78
74
72
74
70
72
82
70
74
74
72
72
70
98
96
82
92
96
84
96
84
94
112
78
90
100
104
104
110
112
108
114
112
108
114
114
104
102
110
104
102
122
122
154
184
238
290
306
336
346
340
336
324
322
336
350
368
346
326
346
340
340
360
330
304
318
336
348
328
346
346
328
340
338
326
342
334
328
334
334
324
328
314
316
306
316
266
236
198
182
168
152
124
96
86
84
66
82
78
80
78
78
72
70
70
68
76
62
72
86
68
64
76
100
100
88
88
98
90
94
94
92
102
78
94
94
108
104
112
114
116
114
108
108
114
116
110
114
110
112
102
110
98
122
158
188
240
268
302
320
318
316
308
322
318
344
354
340
336
338
338
350
336
328
326
336
338
314
334
332
344
334
344
344
332
344
334
332
320
334
318
326
318
304
298
274
232
196
142
132
124
106
86
84
82
80
76
76
80
76
82
74
78
68
78
72
68
74
78
66
76
82
76
102
92
88
96
86
102
88
92
104
92
100
100
84
106
96
110
106
114
110
106
108
110
112
112
106
96
108
102
108
102
108
132
154
198
234
260
286
288
288
286
306
294
326
344
340
342
336
340
334
332
318
312
328
340
324
336
340
348
344
336
330
324
328
330
328
306
318
306
310
298
276
258
220
196
146
92
94
88
82
76
86
76
76
82
78
74
68
76
72
74
66
76
68
70
80
76
68
68
72
78
94
94
84
98
94
92
96
80
96
94
88
86
90
100
92
106
100
110
106
106
112
108
106
114
112
102
110
102
104
114
102
108
116
156
194
214
244
248
252
256
260
270
300
322
326
334
336
322
326
326
328
304
314
328
314
342
338
332
340
336
336
332
316
322
294
282
286
282
276
254
246
220
182
148
104
74
80
80
92
72
88
74
82
70
78
72
78
74
84
72
76
74
66
82
76
70
76
70
72
78
102
88
84
102
88
88
108
86
86
112
88
100
102
86
94
102
86
124
94
94
106
98
94
106
100
98
106
96
116
106
98
102
96
114
144
168
196
206
216
210
214
226
252
278
296
308
316
316
316
302
312
308
308
314
312
312
320
324
322
316
318
306
290
262
244
240
248
222
226
226
194
174
142
106
80
74
74
76
80
76
78
82
72
70
74
72
74
76
72
70
70
74
62
70
74
76
76
68
74
74
90
80
76
92
88
86
82
100
94
82
100
94
88
106
88
102
92
94
106
112
96
106
104
96
96
98
106
86
102
106
106
102
96
100
116
126
142
158
176
166
170
182
208
240
260
270
276
276
286
274
274
268
266
282
288
294
312
316
308
294
286
266
248
222
188
210
192
196
184
174
150
120
94
90
70
84
84
70
86
80
80
82
74
74
78
74
76
78
72
80
76
70
76
72
70
80
60
68
78
72
84
96
80
96
78
104
84
98
96
92
88
94
90
100
96
90
92
94
98
94
86
92
88
86
100
96
106
96
104
100
104
102
92
102
104
98
116
124
128
128
130
138
164
196
216
228
236
240
240
232
232
230
222
240
240
252
266
272
272
262
254
226
200
168
148
152
154
138
134
126
100
86
76
78
76
78
74
68
68
76
76
76
68
70
74
70
70
72
78
76
82
74
76
72
78
72
72
68
74
74
100
86
84
96
100
88
100
88
88
114
72
94
102
86
104
84
90
112
92
90
100
94
94
100
102
96
104
102
104
96
102
102
92
84
100
100
98
102
112
98
112
112
130
154
170
182
196
204
206
194
184
182
172
194
196
220
220
216
208
198
192
170
148
118
108
94
116
90
96
102
80
84
78
74
78
72
76
80
72
84
76
74
68
74
78
72
74
74
72
66
74
70
68
70
78
68
78
66
70
76
90
84
74
100
86
94
90
84
86
94
82
86
92
96
92
90
86
92
92
94
94
88
90
82
98
100
102
90
90
96
106
100
94
94
100
96
106
100
98
112
102
96
104
116
124
132
142
148
138
130
128
140
132
144
138
162
176
176
172
162
152
124
102
74
74
86
72
84
80
82
76
68
68
78
68
74
82
78
82
78
74
72
68
74
76
74
76
74
66
76
68
68
74
80
76
82
70
68
72
68
92
96
106
94
96
104
90
94
94
74
96
90
80
104
86
88
98
88
106
98
94
94
84
80
98
104
100
94
92
92
98
96
90
72
92
98
92
88
94
98
100
94
96
100
98
100
100
100
106
92
84
86
84
96
96
124
130
128
120
106
96
80
82
76
72
92
70
82
84
74
84
66
68
74
74
70
72
76
74
74
70
68
66
70
70
70
76
68
70
72
64
68
64
70
66
72
76
66
70
68
94
84
92
98
86
90
72
92
96
82
86
96
88
96
94
80
90
90
102
86
98
98
84
98
96
102
94
98
98
86
86
90
88
78
92
90
98
90
84
96
94
92
94
94
92
92
88
82
90
84
82
78
82
84
76
90
84
88
90
86
84
76
82
82
74
80
82
72
86
84
90
82
72
66
84
68
66
84
76
82
72
72
70
72
70
72
78
70
86
74
76
80
68
70
76
74
78
62
66
76
104
84
104
96
96
90
110
86
90
94
70
94
102
94
98
82
84
96
94
86
102
90
86
94
82
98
86
82
86
86
88
88
90
74
86
82
82
84
82
86
80
82
84
86
86
90
88
80
84
80
78
68
74
76
68
74
76
74
72
72
76
70
76
74
66
78
78
76
72
80
72
68
66
68
74
72
68
76
78
66
72
74
72
72
66
72
78
66
72
68
68
64
74
66
68
78
62
62
70
70
92
100
96
92
94
90
84
92
94
80
102
98
90
102
76
100
84
82
112
94
86
100
78
92
108
82
96
84
76
92
88
90
88
76
82
80
86
82
80
86
72
78
78
84
76
92
82
76
82
78
82
80
80
74
80
76
84
84
84
76
72
76
76
78
76
84
78
78
78
74
84
80
66
72
70
78
80
82
74
74
72
82
80
72
72
76
74
72
78
74
64
74
76
74
70
74
76
62
64
66
94
98
94
90
94
94
90
92
78
90
90
90
84
90
90
86
90
84
94
88
86
88
80
92
98
86
88
88
84
86
88
82
92
82
82
80
78
78
70
74
68
68
72
76
74
84
82
76
78
74
78
76
78
74
80
78
76
78
78
74
72
76
78
76
74
76
84
78
82
76
78
72
66
68
70
70
76
72
68
68
70
70
64
62
74
82
72
60
74
72
66
74
74
72
68
72
74
64
70
72
96
92
90
88
90
96
96
92
82
104
94
100
94
94
106
94
100
92
86
94
94
86
90
94
96
98
86
94
94
86
94
84
88
84
80
80
74
82
72
72
72
68
72
76
78
80
86
82
78
74
74
74
76
70
80
78
72
74
76
74
74
80
80
74
74
70
86
76
82
76
74
68
70
72
76
72
78
70
72
72
68
74
72
68
80
84
76
70
66
72
68
76
74
72
68
70
72
66
74
76
96
88
88
86
84
94
98
90
84
88
90
96
90
90
90
94
98
90
82
94
96
84
86
86
94
102
78
88
88
82
88
84
82
84
80
78
76
86
80
76
72
64
66
74
72
74
82
76
80
74
72
74
76
68
80
76
76
76
76
76
76
82
84
74
76
74
78
76
76
74
78
68
64
70
70
70
70
68
68
72
60
76
78
70
76
74
72
74
58
74
70
80
76
72
72
72
70
68
74
72
