72
86
84
78
84
64
86
88
74
94
78
78
88
80
84
90
72
96
74
94
82
94
72
66
64
64
58
54
56
56
80
98
124
136
164
202
224
214
226
248
248
246
228
218
226
212
238
196
170
144
96
78
70
72
84
74
64
72
74
68
58
70
70
64
70
68
74
74
70
82
78
70
66
76
78
74
82
76
70
82
78
80
82
64
82
84
82
72
80
68
82
68
80
76
74
76
66
70
72
72
90
70
88
80
82
70
82
76
96
80
78
94
68
98
70
88
86
76
98
84
78
98
62
60
68
56
48
70
66
100
138
158
174
212
252
272
296
286
296
306
326
320
314
292
302
284
300
266
242
214
150
110
112
130
136
108
74
82
86
76
68
70
70
62
74
66
64
64
70
82
78
72
68
82
84
84
70
82
82
76
88
80
84
84
74
90
92
76
90
78
82
86
82
78
96
76
80
82
76
84
94
66
88
84
82
80
76
78
94
84
78
94
76
86
82
78
76
86
80
80
68
74
42
54
54
50
72
106
130
160
208
224
238
280
326
346
368
348
356
364
386
390
406
376
386
360
372
354
326
284
208
172
190
214
208
170
94
94
96
76
76
72
80
74
66
62
64
62
66
72
70
72
60
78
78
72
82
70
78
78
78
80
86
76
74
72
84
80
78
68
76
74
78
84
80
76
64
80
84
62
78
98
74
94
92
70
88
84
78
96
86
86
96
80
96
78
74
100
68
86
66
58
58
74
58
84
128
166
220
236
276
302
322
354
376
422
412
414
402
412
408
416
434
426
450
432
434
414
408
356
272
236
262
286
266
220
166
156
148
112
106
82
80
70
70
68
72
62
62
62
64
68
62
84
80
80
96
76
84
86
84
84
90
74
84
72
88
88
74
70
80
76
80
90
72
80
60
84
88
56
78
90
86
84
80
70
74
76
78
84
90
84
82
96
80
82
78
66
74
70
54
70
96
96
110
154
196
246
292
324
356
386
404
408
442
442
442
418
430
406
430
448
456
464
478
460
466
452
454
412
344
310
338
374
356
306
238
226
214
174
166
122
104
84
86
74
74
62
68
66
64
56
58
86
78
94
72
86
84
74
90
80
76
84
70
78
90
80
76
74
78
86
74
76
90
74
70
82
68
74
96
76
106
84
82
84
82
76
100
82
90
92
82
104
86
84
78
66
68
66
70
114
134
136
170
214
278
326
366
394
426
428
440
444
458
482
454
450
450
444
454
468
470
482
484
470
480
470
478
440
404
398
418
438
418
380
314
300
288
252
244
196
170
152
100
76
78
76
80
72
68
54
54
78
70
88
72
80
74
78
76
84
80
76
74
66
80
80
74
70
78
76
72
78
88
84
66
76
66
72
80
84
80
88
82
66
90
66
88
86
72
78
82
76
90
66
60
72
48
78
112
150
170
196
234
290
370
396
440
446
470
452
480
478
476
494
472
458
452
456
472
460
462
476
496
494
494
476
458
422
418
446
462
464
452
436
394
382
366
332
316
262
230
214
152
100
94
92
94
78
76
66
66
80
76
82
90
80
74
98
74
98
92
76
94
70
82
88
78
74
92
74
84
92
84
94
68
80
86
66
82
94
88
98
84
84
70
84
74
108
78
76
90
78
90
72
62
58
60
106
160
180
220
262
292
372
428
446
474
482
490
490
490
500
488
486
486
480
474
474
482
466
488
486
494
486
488
480
458
426
432
456
462
468
466
456
448
444
436
410
394
340
306
290
230
140
106
98
100
84
88
82
64
72
72
78
64
76
72
84
76
88
74
78
84
80
80
68
74
68
82
78
78
70
82
64
70
72
70
68
84
74
106
70
90
78
62
68
90
78
78
90
74
86
66
60
58
52
64
136
184
228
276
324
376
426
468
490
484
490
494
488
488
490
482
488
480
488
476
484
478
452
462
484
482
490
474
458
446
416
438
448
448
460
476
468
452
472
452
446
440
408
378
350
288
200
168
112
100
100
92
88
74
62
72
86
80
72
82
88
90
82
78
84
78
88
88
80
82
76
80
86
74
66
84
60
76
76
76
80
86
70
102
80
80
82
82
72
84
72
90
74
60
78
54
58
56
66
60
160
230
256
284
356
406
450
478
494
492
500
496
484
488
490
488
486
482
476
478
484
456
442
456
472
470
466
456
434
432
388
430
442
430
446
446
456
474
476
462
440
444
434
404
408
356
274
238
170
130
106
102
98
82
68
66
70
62
62
72
76
76
92
76
74
86
74
86
76
74
66
88
64
88
68
78
74
72
80
76
66
84
86
86
96
76
86
96
78
80
96
78
82
76
58
76
60
70
70
78
208
252
282
316
376
422
472
494
498
496
498
494
490
488
484
478
476
486
470
478
470
440
428
446
460
462
430
432
414
394
366
396
418
402
416
432
438
454
454
440
430
418
418
424
410
414
342
284
226
192
118
90
102
94
80
72
66
62
70
82
84
84
98
82
82
96
80
90
82
72
74
86
74
86
82
74
84
76
86
82
68
78
80
82
80
76
84
80
74
84
78
74
74
72
58
56
62
80
70
118
244
260
310
360
396
424
480
498
496
492
492
486
488
482
478
470
470
480
464
470
448
422
408
388
428
426
412
390
366
360
356
358
368
356
378
400
400
426
414
404
414
398
384
404
402
402
394
354
290
244
156
120
106
94
86
78
66
58
62
72
74
94
82
80
94
86
90
88
84
78
84
78
94
78
82
80
76
70
76
78
76
98
72
112
78
96
100
86
86
102
82
88
76
68
72
54
76
80
94
164
260
288
334
364
404
422
476
490
490
492
492
480
480
470
476
466
462
454
440
440
414
388
376
356
386
378
346
338
334
316
314
318
300
304
342
340
354
362
364
358
336
342
346
340
370
378
386
390
354
290
200
164
100
92
88
84
76
62
58
64
70
78
74
74
84
76
84
84
78
80
74
84
82
86
74
78
66
68
76
76
74
82
62
84
82
80
80
84
68
86
94
70
68
60
56
80
78
80
114
202
276
316
352
358
392
416
468
486
490
490
488
478
482
476
476
458
448
426
416
400
372
356
350
314
320
330
322
308
278
270
274
270
260
272
292
290
300
306
314
306
282
284
294
296
312
348
356
374
374
336
242
190
110
92
92
90
86
76
66
68
78
70
96
88
82
92
84
98
88
86
76
98
78
100
90
78
84
80
90
86
74
86
86
78
100
88
80
94
80
80
74
70
56
56
68
88
90
90
144
242
306
334
368
376
394
416
464
482
488
482
476
470
474
478
460
436
418
390
376
354
328
316
298
250
302
282
272
246
272
256
262
258
258
258
252
260
248
272
258
260
274
260
246
264
270
290
334
356
350
342
278
228
144
84
86
88
86
80
68
62
66
60
82
76
76
88
76
88
78
76
66
80
78
78
86
64
78
62
70
68
62
88
78
96
74
96
74
76
86
88
54
72
50
62
80
86
94
122
202
288
332
344
378
388
398
428
464
474
480
476
468
454
452
450
422
402
376
342
320
302
288
266
268
252
246
258
246
248
248
256
252
276
264
252
252
250
234
242
244
264
252
246
262
258
258
254
276
298
312
326
288
248
156
74
80
86
92
94
88
76
74
78
68
72
94
88
92
86
80
90
76
84
100
78
86
86
80
76
76
78
82
84
66
94
76
90
82
74
78
90
62
56
60
62
92
90
96
172
256
322
330
350
362
420
406
434
468
464
452
458
446
436
444
416
382
360
332
296
280
270
258
244
244
232
226
240
236
246
256
266
290
288
298
260
258
244
220
234
250
272
274
268
272
268
256
244
252
254
276
274
252
226
172
74
70
80
90
88
92
94
78
70
76
70
80
82
86
82
74
80
78
82
76
90
74
80
86
66
76
78
70
86
78
74
112
78
82
108
76
62
56
68
76
72
90
90
128
224
296
342
354
354
356
412
416
436
466
470
450
442
428
412
394
370
344
314
286
272
262
252
258
266
252
238
230
240
242
262
286
298
294
310
294
286
292
274
248
246
266
298
292
282
288
276
266
252
240
218
234
246
236
216
172
100
92
82
78
82
90
92
92
72
70
66
76
92
76
88
74
86
74
96
74
84
74
68
84
68
78
78
68
80
72
74
90
76
72
90
68
66
62
70
78
82
94
98
176
288
338
364
376
366
364
410
418
436
442
446
432
414
384
374
354
332
298
276
262
256
264
270
272
290
272
266
252
260
272
288
310
308
298
320
326
314
314
282
272
278
302
310
306
296
300
306
292
276
256
218
222
236
232
222
196
134
122
92
76
84
92
94
104
84
66
66
76
84
88
76
82
92
76
82
88
82
80
82
78
78
78
76
76
86
78
92
72
94
78
76
78
68
68
76
90
100
104
102
220
346
378
398
390
370
368
390
398
422
434
426
386
364
344
334
302
294
260
252
254
254
276
290
288
298
292
304
280
278
292
304
318
304
300
296
304
312
340
324
288
300
302
316
296
290
308
304
310
298
284
244
238
252
248
238
222
188
168
128
96
88
86
86
96
84
62
58
66
70
84
68
80
84
78
74
82
86
72
78
70
74
82
78
76
78
78
76
86
84
74
88
70
64
74
90
100
106
104
108
276
364
384
420
396
374
368
382
404
414
406
384
356
332
296
284
274
254
244
240
248
272
294
296
300
296
302
324
304
290
294
302
318
312
298
300
294
306
308
322
306
294
308
304
298
290
286
300
304
312
308
272
260
274
276
266
250
244
214
172
128
96
82
82
86
84
80
60
66
82
70
92
78
78
76
94
78
100
76
74
90
66
90
90
76
82
82
78
98
86
80
96
70
70
84
100
102
104
102
110
314
394
398
430
402
374
360
364
390
392
386
348
306
280
272
264
252
244
242
254
268
288
310
310
302
300
300
320
326
324
308
302
314
298
296
302
292
302
334
326
296
296
302
318
300
284
286
284
308
316
322
302
286
292
296
294
286
278
256
222
176
128
92
76
70
72
74
54
62
72
70
84
70
72
64
76
92
76
72
78
78
68
78
72
74
82
78
88
84
90
84
80
72
76
90
108
108
110
108
108
326
400
410
424
404
372
356
360
376
376
338
294
280
252
254
260
264
258
256
278
292
294
314
314
288
296
292
308
330
344
320
306
312
312
314
308
322
302
322
318
312
300
314
312
304
294
288
296
308
314
328
322
306
302
298
298
296
298
292
266
224
174
118
78
68
78
70
60
64
64
86
74
78
86
76
68
108
72
72
86
68
84
84
72
84
78
76
84
80
88
84
78
72
88
98
110
100
102
108
116
348
398
430
432
412
360
344
350
354
326
290
258
266
246
274
292
288
272
284
296
298
306
316
302
282
280
286
296
314
330
308
308
320
318
330
314
330
324
328
346
320
310
318
322
312
316
320
310
314
324
332
328
320
314
302
292
284
296
304
280
244
208
148
102
100
86
74
62
58
72
76
84
78
72
70
80
82
92
74
80
92
66
90
82
70
94
76
76
114
72
92
90
76
94
92
102
98
104
102
152
348
406
422
430
416
348
320
326
326
294
258
242
248
272
298
294
302
288
308
316
306
306
324
312
296
292
292
292
312
336
322
322
316
334
354
336
342
338
336
334
316
318
332
348
330
316
328
312
306
322
340
334
320
308
292
284
278
282
292
304
268
246
186
150
144
128
108
88
70
60
68
86
78
70
72
76
84
96
78
68
92
72
82
84
70
74
72
84
86
76
72
66
70
92
96
106
106
100
114
184
364
414
430
430
390
328
302
300
278
264
240
250
262
302
312
302
300
306
306
316
312
318
312
318
324
316
306
298
310
334
328
326
322
338
358
354
362
348
330
328
324
320
334
362
366
344
338
322
298
318
334
340
324
302
290
280
286
282
294
308
288
264
222
198
206
166
156
114
98
58
78
76
68
82
70
84
86
70
84
94
84
80
82
80
80
76
76
100
82
88
74
68
84
90
92
100
104
108
146
236
378
420
442
426
392
304
286
272
264
242
234
260
276
332
326
314
306
302
314
322
314
312
316
336
338
338
330
324
326
334
324
322
320
360
368
364
366
356
340
330
328
322
356
352
380
346
348
316
314
324
330
346
336
312
308
290
306
298
292
296
298
284
264
246
250
228
212
186
132
86
58
68
64
80
70
82
84
84
76
76
74
78
80
78
80
78
72
84
80
74
68
66
80
102
106
104
108
136
186
280
380
418
440
410
360
264
248
232
234
230
236
268
284
338
324
308
298
294
304
310
330
312
316
334
356
354
354
346
344
338
314
320
316
340
370
386
380
358
336
320
314
318
358
376
382
376
350
322
320
332
328
340
348
334
336
316
324
320
298
294
306
302
290
278
276
274
260
240
184
124
62
66
72
92
80
84
78
110
78
78
104
72
90
86
80
84
82
82
86
76
62
64
82
94
106
104
118
186
240
336
412
426
432
402
306
244
224
228
216
232
250
284
300
336
318
296
284
282
288
298
332
316
314
330
368
370
372
352
350
340
310
326
314
360
386
400
382
356
334
328
328
314
344
390
394
374
352
326
316
328
324
342
362
350
346
336
336
320
304
306
314
308
292
294
292
308
296
282
228
168
88
70
60
78
64
78
74
86
70
74
78
64
84
78
80
74
84
82
78
82
54
62
88
108
112
106
138
234
286
358
402
426
410
364
260
218
208
226
230
252
276
298
304
320
310
298
290
284
282
298
318
318
312
324
366
376
384
368
364
338
304
320
310
358
380
392
382
360
326
316
310
314
344
374
388
352
354
314
320
314
318
356
376
362
348
346
344
320
314
318
322
310
292
296
292
294
304
306
258
208
130
94
62
78
70
88
98
90
86
84
80
76
88
78
92
80
82
90
80
82
68
78
96
108
104
106
176
288
344
382
398
430
394
324
234
206
214
238
264
278
298
308
296
300
302
310
308
310
292
302
322
326
312
308
366
376
384
386
368
332
298
310
312
362
392
394
372
340
308
322
328
310
336
372
376
378
346
318
312
306
304
362
382
378
362
350
342
328
328
322
328
314
304
294
282
294
322
320
298
232
166
94
50
64
56
72
80
92
78
82
100
74
88
74
92
98
80
94
88
70
84
92
94
108
108
126
224
326
380
398
402
422
372
298
200
212
238
276
290
300
316
324
302
302
306
328
328
322
324
322
326
318
334
308
352
380
374
382
354
322
304
310
322
362
394
388
360
336
314
330
320
314
320
360
382
378
340
328
302
306
286
356
376
388
380
352
332
320
328
314
324
308
304
284
270
282
300
320
298
274
190
122
60
64
54
86
78
104
70
84
90
64
90
78
88
72
80
82
76
82
82
94
96
106
100
174
272
388
398
416
384
388
324
246
206
240
276
314
312
310
312
320
306
300
308
318
334
342
336
348
330
330
310
300
336
366
386
364
344
316
310
322
326
372
392
380
352
336
328
332
326
320
316
364
372
370
342
336
318
298
286
348
380
386
362
348
328
318
322
330
330
334
310
308
296
286
298
320
304
274
228
170
94
72
60
68
94
92
86
90
74
78
80
84
100
82
86
88
76
90
94
90
98
104
142
212
322
390
416
408
358
324
282
218
238
278
310
312
322
328
324
312
310
302
316
326
352
358
354
350
342
316
318
316
336
380
386
362
328
314
312
322
326
370
382
372
360
316
328
338
330
310
318
362
400
382
364
332
312
296
300
350
378
384
364
354
318
316
322
336
338
336
320
316
314
300
292
302
304
286
250
202
150
108
80
62
70
98
72
74
82
70
76
62
74
86
68
86
82
86
104
104
98
112
172
264
356
384
426
392
344
284
234
218
262
312
322
322
306
310
306
314
308
324
302
316
324
346
378
372
360
326
318
308
330
378
376
352
318
316
314
332
350
380
390
364
332
332
330
342
338
318
304
344
388
384
358
330
312
290
292
350
366
366
356
338
324
320
324
346
354
342
334
322
326
304
290
292
310
302
278
234
198
166
122
76
70
102
80
78
96
76
90
80
80
96
76
88
90
90
106
108
98
112
188
286
356
374
386
380
318
252
216
224
288
318
340
328
300
300
310
304
318
324
316
314
318
344
372
388
368
330
324
330
344
378
370
338
318
318
312
336
362
388
376
338
330
318
340
356
340
346
316
338
368
384
366
358
336
308
298
312
354
372
350
342
316
318
316
350
360
354
344
324
328
316
308
294
304
296
298
272
254
212
162
96
76
76
82
74
78
70
74
76
86
84
92
80
82
102
106
100
106
120
186
320
344
360
364
344
290
218
212
240
292
332
340
320
300
296
306
288
310
316
330
320
312
326
366
372
348
348
344
322
362
376
370
324
318
322
326
350
362
378
364
336
336
332
350
374
356
332
320
332
360
380
382
360
322
318
292
314
342
360
348
326
326
308
300
346
356
362
348
326
320
314
316
296
296
286
302
296
300
266
220
142
92
70
82
78
78
86
80
80
102
78
88
74
82
98
106
104
112
120
200
316
338
346
338
324
258
208
202
256
292
326
312
314
300
318
318
310
322
338
356
342
316
332
352
364
354
334
340
314
344
366
368
334
328
328
348
368
364
350
342
328
316
344
328
356
338
346
328
324
336
366
366
364
346
324
306
288
326
362
354
340
312
312
298
344
354
360
342
322
312
304
308
288
284
274
282
286
310
296
260
186
100
70
66
72
86
72
88
78
80
96
84
86
94
90
104
108
106
116
178
302
320
328
322
282
234
204
210
262
312
304
314
314
316
338
338
324
340
328
368
352
338
346
360
356
340
330
332
316
340
352
350
348
342
340
356
358
352
340
322
320
330
318
304
334
304
330
328
330
328
364
354
360
350
334
320
308
322
346
350
336
328
322
308
342
352
348
330
316
312
316
314
286
272
260
266
276
308
310
288
230
134
68
64
76
86
72
100
92
84
90
78
82
84
86
106
98
106
116
170
290
324
338
308
262
218
206
238
290
318
320
318
312
324
332
328
342
338
332
354
360
350
336
330
340
334
336
332
334
318
330
310
338
344
354
362
348
340
318
314
324
312
314
266
306
294
322
352
328
310
322
358
372
368
350
334
304
316
334
330
326
320
324
312
336
350
334
322
314
316
320
326
302
286
278
278
278
300
318
304
266
172
60
68
80
70
80
80
84
106
78
100
86
82
92
104
104
112
108
186
306
354
340
288
234
214
234
260
308
326
340
314
328
328
336
332
338
346
326
350
352
356
348
334
324
324
344
336
328
326
316
318
340
348
352
354
336
318
316
318
316
316
288
242
260
270
308
334
326
322
322
328
356
374
366
350
308
298
314
332
318
312
316
306
330
344
340
326
332
334
336
326
304
300
294
278
280
294
308
304
280
192
74
78
70
82
74
84
76
98
84
74
84
86
82
102
100
110
110
226
326
358
322
252
214
216
250
306
332
334
316
326
334
338
356
348
346
344
338
346
368
372
356
330
308
314
344
346
332
320
324
330
336
334
358
348
330
336
316
314
326
314
298
202
232
244
292
320
326
318
318
314
340
358
350
346
336
298
320
302
312
314
316
306
318
330
342
330
330
338
340
324
328
310
300
282
264
282
282
288
276
214
94
56
80
88
72
114
76
80
100
80
92
96
86
104
102
106
108
254
348
352
294
234
204
250
300
328
342
340
324
304
318
348
352
344
358
346
346
354
358
374
362
340
314
320
346
362
354
352
344
338
328
320
352
336
322
334
330
340
330
320
292
210
232
248
288
320
334
326
316
310
320
342
364
342
322
306
300
310
316
308
316
306
304
314
342
336
326
338
340
340
328
326
320
284
284
280
288
274
272
202
102
62
78
78
68
88
76
84
82
90
80
86
90
102
104
104
138
308
360
356
268
204
220
268
320
364
350
332
310
324
320
328
334
360
358
366
360
360
362
366
350
346
332
342
354
366
360
366
352
330
314
318
346
348
342
344
356
356
324
328
296
240
240
274
294
326
336
336
318
320
316
340
340
342
328
300
290
290
310
332
318
300
294
304
332
334
320
330
336
322
322
312
310
290
280
282
282
274
276
208
122
72
72
74
78
76
82
96
84
92
82
86
92
104
108
106
174
326
384
354
240
206
236
304
346
352
328
320
314
310
306
322
340
360
382
370
364
374
356
368
354
354
342
348
354
362
358
368
374
356
328
332
348
358
350
350
338
346
338
324
322
294
288
308
316
336
346
340
330
322
314
328
342
320
320
316
304
316
334
324
332
306
300
306
318
334
328
332
340
328
332
322
314
300
292
292
284
286
262
226
160
84
80
90
74
100
74
76
100
82
92
94
86
106
102
104
206
360
394
362
226
192
258
314
360
352
334
302
314
302
314
314
338
368
384
370
374
358
366
360
358
360
354
356
356
354
354
372
362
370
338
338
352
362
354
370
354
360
360
338
338
318
300
314
320
334
346
336
348
330
332
334
332
332
326
322
326
330
334
340
344
314
310
306
300
328
334
338
324
332
326
332
312
290
294
284
296
296
272
236
188
120
82
88
70
88
80
74
86
76
82
80
78
98
94
98
232
364
408
364
232
214
270
332
342
344
320
306
298
310
310
306
334
348
380
362
364
356
358
366
348
356
368
370
362
340
340
358
364
374
350
348
352
350
344
358
360
346
332
348
342
324
304
336
342
354
348
340
344
324
328
326
340
328
344
324
330
314
340
332
340
316
314
298
286
320
330
338
328
322
332
330
304
304
282
286
280
292
310
270
224
160
84
76
80
76
92
90
90
110
92
80
90
102
98
98
266
394
422
376
248
222
274
320
336
338
332
320
330
334
338
322
320
334
350
350
342
342
354
370
370
368
370
362
352
328
336
360
364
360
356
362
356
350
354
348
338
346
326
328
334
346
334
334
332
350
328
340
332
334
336
346
350
356
350
346
330
328
326
334
340
326
324
304
292
326
332
344
342
340
324
334
310
306
294
284
286
284
298
292
266
190
116
78
72
88
76
72
100
92
92
78
92
98
100
112
274
396
426
360
246
226
282
312
314
336
336
330
334
328
334
314
318
322
334
326
340
342
348
378
376
388
366
368
360
340
334
358
376
368
368
348
354
346
340
328
344
320
318
324
332
352
338
344
314
334
340
334
322
338
316
360
362
348
348
346
340
326
334
326
350
338
324
318
300
328
328
336
352
348
346
332
324
308
296
278
272
284
298
300
280
218
134
98
72
100
78
74
104
86
92
86
88
92
96
96
266
412
436
358
234
232
270
320
310
332
328
322
320
316
326
318
322
312
322
324
342
350
368
384
392
378
370
370
368
366
358
368
366
344
346
338
346
346
354
344
340
346
336
312
356
354
356
352
312
326
338
330
318
338
316
338
352
360
362
352
340
334
330
310
322
330
330
310
302
326
326
318
326
348
342
324
298
304
290
276
266
266
292
308
292
236
148
84
72
78
80
76
94
102
88
92
102
84
96
102
250
400
440
336
224
224
266
316
320
338
334
334
326
320
326
328
326
320
334
342
360
358
376
370
360
358
372
388
380
364
368
356
350
332
338
330
330
336
356
342
326
356
332
332
368
374
370
356
326
314
330
338
330
338
318
328
342
354
358
362
352
342
332
322
322
326
334
330
334
332
322
318
310
326
334
310
310
300
296
280
282
260
280
292
278
244
166
90
90
74
82
98
84
96
78
82
98
80
80
100
222
378
412
320
208
234
272
318
336
342
334
336
326
320
326
336
334
346
358
366
382
368
376
354
368
340
372
384
386
380
366
364
358
342
336
320
330
344
360
332
330
340
350
358
380
370
384
364
344
318
320
324
328
334
314
324
330
360
362
358
354
364
354
336
318
334
340
334
348
352
330
306
306
318
316
316
316
318
304
296
288
264
280
288
276
246
166
90
78
92
72
76
104
92
98
98
98
96
84
100
184
348
388
270
220
238
302
328
356
344
326
322
320
316
330
346
350
374
374
374
392
374
372
346
340
340
362
396
398
362
356
348
346
348
340
322
330
336
356
346
334
334
366
372
366
358
360
364
348
334
320
308
324
344
328
328
326
356
358
360
360
372
362
344
326
334
326
330
354
368
344
314
304
312
308
304
306
318
308
296
286
270
280
284
282
246
150
86
84
94
72
76
78
90
84
94
84
68
74
90
134
310
330
230
208
258
312
344
366
344
328
318
324
318
334
354
374
394
384
380
390
368
350
328
330
338
376
394
382
348
336
352
326
338
344
340
342
324
344
352
330
340
364
366
356
356
310
348
350
342
328
326
338
350
322
322
320
332
340
356
362
366
364
356
344
330
312
328
356
372
360
342
314
302
308
306
320
314
310
292
290
274
272
268
276
234
130
88
96
76
78
98
80
106
90
98
90
72
86
106
108
236
276
202
218
272
330
350
366
342
332
316
328
316
336
354
380
394
388
388
376
352
332
318
312
338
358
398
378
334
330
320
330
332
346
358
358
332
342
338
334
338
368
332
352
322
272
326
358
340
330
344
336
336
308
310
318
328
336
338
346
360
376
364
350
336
314
308
336
362
374
350
342
322
316
336
324
324
310
298
288
278
278
272
274
216
110
80
76
74
74
76
96
76
88
82
68
86
74
96
110
180
236
216
224
300
350
360
376
348
340
316
328
316
342
364
372
380
382
392
360
340
332
336
326
352
372
396
358
328
340
340
318
332
358
362
338
310
340
340
334
334
354
310
306
270
228
314
354
332
322
338
322
342
332
332
346
332
332
336
340
342
372
380
368
338
316
308
332
342
372
362
358
342
342
328
308
304
310
294
300
290
292
280
264
198
98
84
82
102
76
76
92
82
94
88
68
88
88
88
114
124
204
214
242
312
348
362
362
348
348
312
320
324
342
348
366
386
362
360
346
334
316
340
344
358
384
378
352
328
340
346
332
334
352
346
330
302
322
342
336
334
344
290
298
270
216
308
350
328
334
334
322
326
334
344
336
330
326
330
332
326
338
370
368
346
318
302
312
328
356
362
356
356
340
336
324
314
298
292
288
286
288
294
270
208
102
86
84
72
74
80
92
98
76
88
82
88
74
122
102
112
200
222
250
316
342
348
346
344
340
336
334
342
346
352
348
372
340
350
322
316
326
340
346
368
382
372
344
320
342
350
340
334
340
342
330
320
334
352
330
316
332
274
290
290
232
302
328
322
338
340
318
312
326
338
334
328
308
332
328
316
352
378
370
352
330
306
296
306
346
362
370
360
352
338
340
314
308
296
298
288
308
288
292
216
126
72
92
74
88
78
86
82
82
78
76
84
72
100
98
120
178
228
252
300
354
338
336
338
346
338
352
344
354
346
340
344
334
332
334
330
366
362
368
388
366
358
330
334
354
358
354
346
346
352
334
336
332
340
336
318
326
272
274
286
258
308
328
318
324
338
330
320
324
322
318
312
322
352
340
326
330
354
384
358
334
310
296
296
326
338
358
356
342
334
322
312
300
286
284
270
292
300
300
234
148
84
86
80
78
74
98
78
104
86
80
100
84
82
106
98
174
248
270
300
328
344
328
344
336
342
340
348
350
338
346
332
342
326
348
356
378
370
376
388
350
344
320
354
350
354
342
334
340
338
328
348
350
356
340
328
324
296
278
280
294
324
324
324
330
342
330
316
328
330
336
328
334
346
336
330
324
358
370
364
348
324
304
286
304
322
350
350
342
346
328
316
302
296
282
274
286
314
296
250
160
88
82
86
74
78
92
88
86
86
80
92
70
92
84
108
162
232
252
292
322
318
334
344
338
348
344
348
348
340
338
344
342
342
354
378
376
384
364
354
346
330
336
344
324
328
318
312
338
330
332
354
354
348
336
324
324
318
298
302
320
326
332
328
326
338
336
328
334
328
320
342
332
346
352
330
320
340
362
372
356
334
328
304
302
318
330
322
334
342
336
306
306
304
276
272
290
294
294
262
184
86
84
78
76
74
88
102
88
90
96
80
76
100
86
110
114
218
246
250
304
316
340
334
344
346
354
330
332
328
330
350
338
348
376
388
390
388
356
340
320
342
334
350
284
302
280
278
334
334
352
368
358
340
338
324
334
324
300
316
320
316
326
332
336
340
336
330
332
330
320
334
320
314
340
332
316
336
356
368
348
328
338
320
306
306
308
316
328
332
326
320
318
304
296
280
286
282
288
256
168
72
80
80
68
76
86
92
102
88
98
82
80
86
94
96
110
184
226
258
272
320
342
340
342
344
334
326
314
316
338
350
350
350
384
378
376
360
348
324
332
316
354
326
278
268
266
262
330
336
350
360
352
342
342
328
336
330
304
314
316
316
332
326
326
332
342
348
332
316
310
304
302
288
330
338
310
328
342
366
368
350
346
334
328
320
302
314
312
320
310
326
320
294
296
278
272
288
282
256
154
90
78
92
64
80
92
82
96
84
88
100
66
88
102
90
90
140
190
244
254
326
358
356
368
338
342
332
334
326
342
352
370
368
374
376
350
344
314
328
332
322
338
320
262
244
226
230
318
338
350
358
352
356
336
326
324
344
326
318
328
324
322
324
334
330
334
344
328
318
278
272
266
270
324
322
312
306
316
340
356
352
350
348
342
312
318
302
304
312
318
314
314
294
292
282
278
280
268
242
136
82
76
84
68
66
88
108
82
110
96
88
72
94
84
120
90
108
178
230
262
340
372
368
376
340
332
344
336
330
340
346
352
350
360
342
344
324
326
314
316
326
328
308
244
250
238
252
296
334
342
332
326
344
342
334
330
346
336
352
346
308
324
332
338
334
322
334
324
306
254
266
230
252
298
322
318
308
310
324
354
364
368
350
362
342
326
300
314
314
304
314
308
302
298
282
278
272
254
202
122
76
84
78
70
76
80
94
86
82
86
90
78
94
84
86
98
88
126
230
276
350
376
364
370
346
338
330
330
336
328
338
346
336
338
330
326
310
314
314
328
328
312
314
278
264
276
270
296
322
342
332
324
330
336
346
318
352
362
356
352
328
328
328
322
314
316
332
306
276
230
236
230
224
284
294
314
302
304
308
334
352
360
356
356
350
326
324
308
302
312
298
308
298
288
284
274
264
232
170
98
78
80
84
78
72
92
98
104
84
90
100
78
90
112
92
110
96
108
214
286
352
370
366
368
344
342
338
348
338
332
328
336
336
332
322
314
318
340
336
334
324
326
342
326
300
310
314
314
346
324
332
314
334
350
338
340
338
366
358
340
330
324
340
334
316
316
330
306
284
246
234
234
246
286
288
296
300
306
300
318
342
360
368
356
360
328
320
296
314
294
298
310
294
282
286
264
246
202
132
80
82
84
76
66
68
90
92
94
90
86
94
66
86
76
88
78
86
108
186
284
342
366
370
366
344
354
360
372
346
334
322
326
332
330
328
322
334
354
358
344
334
344
344
338
336
344
338
336
350
342
336
324
332
344
344
322
340
334
348
344
324
332
344
332
318
324
336
310
296
282
264
264
294
298
298
282
296
302
294
298
322
348
360
348
350
332
320
314
304
318
306
300
312
298
300
274
236
184
112
84
84
92
80
68
74
92
94
90
96
90
94
82
104
80
108
94
86
104
168
260
322
358
356
352
348
358
350
364
348
332
328
332
326
332
352
350
354
372
362
348
360
382
376
368
362
360
352
348
356
354
348
338
338
346
344
334
332
332
334
342
326
340
350
336
326
332
336
314
312
304
294
312
312
312
298
292
300
308
302
294
306
334
344
348
338
332
320
310
316
306
314
280
316
308
302
278
216
150
86
80
68
78
80
74
70
86
92
90
92
92
84
82
92
88
88
106
86
90
144
214
312
342
348
352
354
350
342
352
346
334
334
338
334
348
366
374
376
376
372
378
386
372
372
384
382
370
368
350
368
354
360
342
342
334
340
330
334
318
336
308
330
340
350
346
344
344
342
326
336
336
322
336
328
332
312
312
320
314
310
292
292
306
318
334
322
330
306
312
312
302
292
292
308
314
312
288
206
128
82
88
76
86
84
76
74
90
96
94
100
94
88
80
86
94
84
98
94
96
110
164
274
322
348
358
354
344
352
356
346
328
330
338
342
358
358
380
388
410
396
388
384
358
368
370
364
370
358
338
352
364
362
348
328
308
324
320
322
318
310
320
316
330
336
338
344
352
352
334
340
350
342
344
350
350
336
328
340
338
332
318
310
300
314
322
318
320
328
312
322
308
306
288
320
306
310
276
188
106
84
84
82
88
78
68
74
98
98
88
110
92
104
86
106
88
110
94
106
122
98
148
232
298
328
342
342
334
356
352
340
318
334
346
346
360
360
388
388
390
386
370
362
342
348
336
346
334
344
322
356
342
358
338
334
322
324
344
330
308
324
326
312
312
332
348
354
344
340
332
346
328
344
354
352
354
346
342
342
352
346
338
328
296
312
308
310
324
320
332
332
308
310
298
314
308
314
264
176
98
90
76
84
80
84
80
76
88
96
84
102
84
92
86
94
86
84
98
88
92
98
108
172
260
308
332
336
348
356
342
330
324
348
338
342
348
354
378
388
364
360
340
342
320
344
334
320
334
316
318
320
348
344
344
330
330
330
342
350
324
336
338
316
324
322
324
346
338
326
330
334
316
324
342
342
352
360
348
358
356
352
352
334
326
310
306
312
324
320
334
322
316
308
296
300
288
292
250
168
110
82
90
88
82
96
78
82
92
106
98
86
104
92
92
100
98
86
108
88
100
120
96
144
212
298
322
352
358
364
356
340
332
332
340
348
324
340
376
358
350
334
318
324
314
330
328
320
316
322
314
316
340
342
334
336
328
340
348
350
332
330
328
332
308
330
328
338
340
328
316
320
312
306
316
318
324
334
340
366
380
370
350
350
330
318
298
302
324
318
326
312
310
306
298
296
280
276
218
148
88
78
76
74
84
72
84
72
94
108
90
100
84
98
88
92
88
102
86
90
104
98
100
100
172
244
326
344
378
396
364
342
330
350
336
342
340
336
338
350
336
326
322
328
328
336
336
324
330
336
324
332
342
356
344
344
352
348
342
342
332
334
338
348
332
320
330
356
338
320
320
322
310
306
314
308
306
322
338
356
370
364
342
344
324
320
300
302
300
308
320
306
300
294
292
288
280
242
190
116
76
90
76
84
88
76
88
76
92
104
86
108
78
96
84
90
82
106
82
90
98
86
100
90
108
192
312
342
372
380
370
342
342
340
336
352
342
332
324
332
334
332
328
324
328
350
358
352
362
350
344
356
344
360
358
346
350
334
336
338
326
336
342
330
330
336
340
356
354
338
318
316
312
302
308
308
302
308
320
334
340
350
340
324
314
310
310
306
310
310
312
300
310
304
294
268
248
190
144
80
72
76
74
74
74
88
70
76
94
102
104
90
112
86
90
98
98
90
114
90
92
110
82
110
96
164
302
356
360
384
362
342
368
348
354
368
350
348
342
332
318
332
338
350
354
376
378
374
384
370
366
366
350
350
356
354
346
344
350
338
324
336
352
342
344
340
336
352
358
350
330
328
340
306
306
324
320
304
312
336
328
344
338
320
310
302
304
298
310
324
328
306
298
278
280
260
220
166
116
88
94
76
88
74
76
88
72
78
92
94
94
92
102
78
80
86
92
88
102
88
88
96
80
96
84
110
258
328
352
394
368
358
366
360
356
346
352
352
336
336
338
342
342
360
368
390
396
402
386
378
364
352
356
346
346
360
342
354
346
322
322
330
346
358
370
332
330
354
354
356
358
366
356
330
324
336
332
312
310
324
322
332
322
324
314
304
300
296
308
324
326
308
302
268
258
220
182
122
96
82
82
84
74
80
88
74
86
80
106
106
92
112
94
102
94
94
94
118
92
102
102
88
108
92
90
112
204
298
342
352
372
360
368
350
360
348
352
354
348
344
332
336
342
360
382
394
392
388
372
364
344
332
348
344
346
362
352
354
354
344
350
346
352
362
356
348
336
340
354
362
352
368
368
368
360
352
344
332
324
320
318
322
314
318
322
312
314
304
300
326
336
322
310
256
236
188
142
88
86
72
74
80
68
80
88
68
80
72
90
94
86
80
102
94
94
94
86
102
92
88
86
86
96
88
86
86
138
254
316
354
362
366
362
336
356
348
358
348
344
352
328
328
334
340
376
394
394
378
360
354
342
334
338
348
362
374
368
350
356
358
356
346
364
372
368
338
328
336
328
332
332
352
372
378
364
350
340
328
324
324
326
330
326
310
330
316
332
314
314
326
326
314
310
250
216
150
120
98
88
92
102
70
94
74
92
96
76
82
96
102
114
80
122
90
108
100
92
94
114
94
96
108
86
98
96
90
116
180
268
340
360
358
348
324
356
346
360
366
362
342
326
320
332
344
360
386
370
350
348
328
332
328
340
360
370
364
362
352
378
370
362
348
362
370
370
352
334
338
326
328
330
344
366
372
370
354
344
332
316
314
322
318
316
328
330
332
330
318
312
310
310
306
286
224
166
108
94
86
90
92
82
84
86
78
82
82
68
76
104
98
84
98
94
106
98
86
98
92
94
94
102
86
108
82
96
98
82
138
218
300
332
348
342
316
344
346
366
352
336
328
320
314
328
330
346
362
356
338
340
328
320
330
348
348
366
348
364
344
360
362
364
350
352
360
372
368
342
340
318
320
312
316
344
358
362
340
320
312
306
308
308
332
324
322
314
310
320
300
314
308
304
288
250
188
140
106
84
96
100
82
90
96
74
72
96
80
90
74
104
106
88
108
102
98
114
96
88
110
84
104
98
84
106
96
96
106
88
94
170
242
292
330
328
296
336
352
364
354
344
326
340
342
332
344
326
356
338
332
328
326
328
338
354
340
362
352
358
352
362
370
366
350
344
356
366
374
364
336
336
316
320
312
332
344
352
330
310
310
306
302
302
330
332
326
322
320
320
300
302
296
288
266
218
168
112
82
90
100
86
88
90
86
90
78
82
78
70
74
94
92
114
90
114
100
104
112
94
92
120
90
96
100
88
116
90
100
106
78
124
190
226
278
298
290
324
348
376
358
344
352
342
348
350
354
348
356
348
330
332
326
342
338
342
324
336
342
342
354
362
368
352
338
328
338
346
366
366
330
342
314
326
320
320
324
332
320
310
312
306
294
306
326
352
330
316
304
292
306
300
278
258
232
182
142
96
84
98
104
86
90
90
84
100
92
88
92
74
86
82
94
90
90
102
100
96
94
92
84
104
86
84
92
98
92
88
90
92
88
86
142
154
204
278
270
322
356
362
348
350
350
358
356
350
344
342
342
346
322
336
330
338
332
328
312
328
334
338
352
346
348
338
338
324
318
336
364
352
332
326
312
312
324
314
312
318
316
312
316
312
302
304
306
320
306
308
300
284
288
270
242
220
194
138
100
76
90
88
102
102
76
86
96
72
86
86
72
82
66
102
98
104
110
100
122
92
100
92
114
88
98
92
92
114
92
104
98
98
108
94
100
126
158
230
268
316
336
356
352
344
344
348
350
330
340
336
352
358
338
322
336
332
334
312
296
338
340
344
346
332
332
328
338
332
322
332
350
344
322
320
308
306
326
324
312
308
308
316
328
322
314
304
322
328
314
306
278
274
256
226
214
192
150
104
86
80
84
90
92
98
82
84
90
74
82
82
76
76
72
92
102
90
102
104
90
94
96
92
92
114
76
92
96
88
104
94
90
100
92
94
68
100
108
188
228
292
320
336
348
350
336
340
344
338
346
358
352
358
322
322
346
344
342
296
288
338
342
342
328
314
324
322
326
334
330
328
328
336
304
314
298
302
318
330
320
308
302
316
332
326
318
310
320
314
306
306
276
262
216
194
184
150
104
86
92
100
86
102
92
84
96
86
78
94
86
78
84
66
82
92
108
88
94
124
88
94
112
98
88
110
92
84
102
96
110
96
96
106
88
98
92
92
84
160
190
248
304
334
330
330
342
332
342
318
344
340
356
356
328
336
350
360
352
302
314
352
358
342
314
302
322
326
320
332
334
334
332
334
306
306
304
292
308
330
334
326
308
316
330
328
326
318
308
306
282
270
236
214
174
152
132
104
86
84
78
88
76
92
90
82
76
78
78
74
72
78
68
74
64
100
94
92
100
100
110
78
92
96
100
96
94
94
96
112
100
106
96
86
110
86
90
114
82
114
166
204
268
284
298
312
318
324
338
310
342
348
352
336
340
346
358
358
348
318
318
364
344
328
306
308
320
324
330
328
340
330
310
324
318
312
310
292
306
332
334
318
306
304
324
320
320
302
296
280
276
248
214
170
132
106
100
102
76
108
84
88
100
90
90
92
78
80
96
72
88
84
82
80
82
108
90
98
104
98
106
92
94
88
98
76
98
84
90
104
96
94
98
80
102
90
84
92
80
94
122
164
204
254
250
282
284
300
304
314
326
346
350
330
340
352
356
350
340
312
332
374
356
324
316
312
328
316
334
322
332
324
322
328
330
320
312
310
316
338
314
322
324
310
310
312
300
312
286
268
260
208
174
136
98
98
76
88
86
80
84
96
90
96
68
74
92
78
94
96
74
84
80
78
78
94
96
98
94
114
88
104
102
88
92
94
96
92
94
96
116
94
102
94
104
106
82
94
86
104
96
142
154
196
230
220
258
274
286
314
310
326
330
320
342
352
346
340
330
308
340
364
336
328
320
334
326
332
332
330
328
324
314
312
324
332
332
322
310
326
328
318
310
284
310
298
280
270
260
232
212
164
126
88
88
92
86
88
84
80
84
86
88
96
80
82
92
82
88
86
70
80
76
74
76
94
98
94
92
114
90
92
92
82
74
90
90
82
84
90
100
84
88
88
102
92
80
92
78
86
98
94
120
142
176
182
214
216
248
282
304
318
322
318
330
340
332
340
328
314
346
364
332
332
328
336
338
330
338
326
328
316
304
320
326
330
334
320
326
324
310
312
298
286
272
262
250
226
218
202
180
124
102
86
104
88
98
94
74
100
92
86
98
82
86
94
82
84
96
80
88
80
78
76
78
120
100
98
112
102
114
90
88
94
96
84
122
84
92
116
90
92
104
94
112
94
102
104
90
90
106
102
100
120
130
148
162
164
194
238
270
296
306
308
314
332
324
340
320
314
334
356
334
332
324
332
336
332
334
322
322
312
304
322
326
324
322
314
326
332
298
286
294
242
236
220
210
188
178
158
128
96
90
76
104
90
84
88
76
88
84
84
82
84
70
82
78
78
90
86
84
76
76
76
76
100
100
88
102
104
92
100
96
68
94
84
106
80
80
96
90
80
96
90
82
96
88
92
80
92
112
108
96
104
94
108
106
130
146
204
216
250
266
280
302
316
304
314
296
308
316
332
312
324
306
326
322
338
324
322
320
322
310
300
316
324
316
314
300
308
290
274
232
202
198
194
168
170
118
122
110
74
94
100
92
102
90
94
92
88
90
88
80
104
88
84
92
88
82
96
84
84
84
84
82
94
110
96
102
122
90
112
114
74
96
106
104
90
90
90
106
90
96
102
84
108
90
102
84
96
96
112
98
92
108
84
98
94
110
160
180
210
222
242
262
274
262
264
258
282
290
308
302
304
294
302
314
312
316
302
306
302
298
286
296
300
296
296
278
252
250
222
192
162
160
134
128
116
82
96
86
82
92
88
98
84
82
88
82
92
86
82
88
84
92
82
76
84
72
82
82
76
78
78
74
112
96
100
108
98
112
86
96
98
92
94
126
76
94
102
86
94
92
94
108
94
98
102
86
96
108
92
102
102
90
100
86
98
108
110
150
170
186
204
208
236
232
224
220
234
244
276
294
290
276
294
288
296
284
278
274
264
258
260
254
258
270
260
246
220
198
178
150
118
110
100
90
82
74
104
92
96
86
76
110
90
82
100
82
104
82
90
92
80
96
98
68
78
84
78
78
78
82
84
80
118
94
106
102
96
108
100
94
94
96
96
112
82
78
94
86
84
100
94
88
100
86
98
88
86
88
96
88
94
90
84
92
88
100
94
108
128
148
162
170
174
176
184
180
174
194
224
230
246
254
256
256
260
238
224
216
202
212
222
216
214
216
200
196
182
168
122
110
84
84
82
82
90
82
88
90
88
86
80
80
90
78
94
92
84
82
88
80
86
74
78
92
80
82
82
78
76
82
82
80
92
122
94
106
114
94
118
116
90
110
92
102
104
98
94
106
96
102
106
94
106
92
106
92
100
94
114
96
98
104
90
100
92
110
104
104
98
98
110
122
136
136
138
134
130
146
170
182
200
208
210
210
216
194
182
174
154
164
178
176
176
172
154
150
124
120
94
88
82
76
78
78
78
74
84
84
82
82
80
84
88
84
92
84
86
80
78
80
88
80
80
90
80
82
80
76
72
78
78
74
88
112
86
88
100
86
90
92
92
92
76
92
88
92
88
86
90
86
94
88
88
86
92
78
84
90
92
88
86
82
92
78
86
102
92
92
86
84
90
98
86
90
92
92
96
108
128
146
158
166
166
166
172
152
142
132
110
118
132
132
134
126
112
108
90
94
84
76
92
76
82
82
84
84
94
92
84
84
86
92
82
88
88
80
92
84
80
92
82
82
80
84
80
82
76
74
74
80
82
76
118
98
104
96
100
114
96
92
120
96
88
112
88
102
106
84
108
96
98
110
86
106
96
88
86
100
92
98
94
86
112
80
92
100
82
90
90
88
92
90
92
96
90
88
90
86
90
108
118
126
124
122
128
108
98
88
78
82
90
92
94
84
78
80
80
90
82
70
94
72
78
82
78
78
88
82
72
70
74
82
84
88
86
74
84
74
68
80
74
82
76
78
78
82
74
74
72
78
78
74
