86
110
78
92
80
82
88
102
80
90
80
86
100
76
84
90
76
88
78
72
90
78
78
90
76
76
68
70
76
60
68
76
56
50
52
46
60
50
54
52
54
58
74
74
96
106
96
88
82
74
74
70
80
86
100
108
104
92
86
74
66
56
62
52
52
52
54
58
60
60
64
66
64
72
82
72
74
70
74
88
78
68
92
80
74
84
74
92
78
72
86
72
82
94
70
90
80
76
88
76
86
84
80
80
76
86
84
74
92
66
78
88
76
80
84
72
78
78
84
86
74
86
70
74
74
70
66
78
60
58
60
54
50
50
46
44
48
48
52
58
76
88
112
124
150
156
150
142
124
116
108
104
120
130
148
160
160
150
138
114
92
68
64
56
62
60
58
54
50
50
52
58
68
58
72
70
70
76
82
72
78
84
74
82
76
68
84
76
78
84
88
74
90
72
78
80
70
82
72
76
84
84
84
82
72
80
84
82
96
78
82
80
86
86
84
76
82
76
88
78
74
82
80
72
64
70
62
66
58
58
54
56
42
54
52
62
56
66
66
78
104
130
160
184
206
208
206
200
190
172
146
134
154
172
196
214
218
210
194
170
146
112
86
72
76
72
76
66
60
60
56
62
64
58
74
68
62
66
74
64
72
74
74
76
74
72
76
76
64
74
82
72
88
64
80
78
70
84
74
76
76
106
80
94
78
76
84
104
70
86
76
66
98
78
88
92
78
86
78
72
84
72
82
72
64
70
68
58
62
46
48
58
60
82
92
108
102
112
106
112
134
178
214
242
258
258
266
260
230
216
198
192
220
238
252
264
258
252
240
220
198
162
128
118
124
122
128
112
96
86
64
60
56
64
74
66
72
70
76
88
72
70
90
78
76
88
74
90
82
80
92
80
84
80
70
78
78
78
90
74
68
98
74
88
76
74
76
86
72
82
76
74
84
74
88
82
76
90
70
82
78
70
64
58
58
50
64
62
52
42
58
68
98
124
146
158
162
164
156
152
186
238
270
286
286
282
284
276
268
256
242
238
260
266
270
268
280
280
276
258
232
200
172
178
180
182
186
170
148
124
90
70
64
52
52
50
66
64
64
74
66
76
74
72
72
70
72
76
76
64
84
72
78
88
72
82
74
76
88
74
88
96
96
88
74
84
88
82
90
84
80
84
76
86
76
76
90
80
78
82
70
66
62
54
50
46
48
54
44
58
82
118
154
182
210
216
228
226
222
212
212
258
290
302
294
294
292
290
290
280
276
274
286
290
294
286
282
280
288
284
262
240
212
216
222
228
228
218
200
174
138
106
96
60
54
54
58
60
62
56
74
86
70
72
78
70
80
76
90
78
88
74
84
80
76
72
72
82
74
82
88
92
94
88
70
74
82
86
86
84
76
74
84
88
76
84
92
84
82
70
72
62
68
58
52
56
48
46
54
84
118
170
200
228
252
254
262
264
262
252
258
286
306
308
294
294
286
294
294
292
306
306
302
294
290
274
274
268
282
294
284
274
248
250
256
266
258
256
246
220
186
146
110
72
62
56
54
56
60
56
62
76
74
70
74
74
74
78
72
70
76
74
78
80
82
80
78
84
74
84
82
104
80
106
90
76
76
96
90
94
82
72
96
70
84
82
74
102
70
72
76
62
58
54
44
38
56
56
72
110
164
200
244
272
292
290
290
292
286
276
292
302
310
306
290
290
282
298
292
294
314
314
302
294
296
280
274
264
282
294
284
286
272
284
272
284
274
280
278
252
224
176
128
102
78
58
66
62
56
58
48
76
80
78
76
68
72
80
72
74
78
88
74
92
80
90
86
74
84
74
90
84
90
92
84
80
84
84
100
78
80
76
78
92
84
82
92
74
80
80
62
60
62
42
46
58
68
78
112
140
220
246
282
308
304
296
284
306
324
298
324
308
292
292
296
284
276
282
304
298
322
324
300
298
288
292
272
286
290
294
292
292
280
298
278
276
272
268
274
276
266
216
168
136
102
98
76
72
60
58
60
72
66
86
70
68
82
76
80
70
66
78
86
78
98
74
80
80
78
80
100
78
106
90
78
94
84
70
100
92
82
88
82
96
74
78
96
78
80
66
68
58
40
60
78
90
106
124
154
184
248
278
304
308
296
292
296
296
314
308
320
316
294
290
308
302
292
302
312
312
326
320
304
292
302
312
304
302
308
302
286
300
284
292
272
264
260
258
282
292
270
232
204
180
154
146
124
112
90
74
62
62
62
72
78
68
84
70
80
78
80
68
84
78
84
90
78
76
76
78
90
90
88
90
78
86
76
86
80
98
82
84
104
82
82
90
80
88
72
64
70
52
64
96
122
148
174
182
200
240
278
290
314
294
292
296
290
282
310
308
316
318
306
296
312
332
332
322
340
338
328
322
310
302
314
328
340
322
330
310
288
314
298
294
264
260
262
256
284
294
268
248
234
214
212
182
180
146
130
90
78
68
64
68
74
66
84
80
66
82
72
82
70
88
72
90
84
82
80
80
88
96
84
88
92
86
80
102
90
86
80
78
96
70
82
72
74
84
64
64
52
54
102
124
174
206
236
242
246
280
290
290
296
304
286
306
288
298
298
318
324
324
302
306
338
340
332
356
360
350
328
334
308
320
328
348
362
346
350
316
302
318
302
286
274
272
278
272
286
286
272
256
262
258
252
238
222
210
176
136
100
78
62
64
60
62
72
74
68
76
70
80
72
78
84
70
78
74
72
72
96
80
100
82
92
98
84
82
118
82
88
100
84
94
90
66
78
70
62
58
44
90
140
182
236
248
272
288
286
300
294
304
298
284
312
314
320
306
334
322
328
328
320
310
324
352
362
354
376
354
342
340
298
318
328
358
360
360
358
318
320
318
306
288
300
298
300
296
294
286
286
260
270
268
274
252
256
240
218
172
142
102
76
68
66
72
70
66
80
80
74
74
74
76
84
72
84
82
82
82
92
90
86
92
86
98
74
84
92
90
78
94
90
80
90
64
68
70
56
58
68
122
190
258
284
282
292
302
298
306
300
308
298
300
304
334
344
346
336
342
332
338
318
308
332
352
364
380
386
352
346
326
300
308
326
356
370
376
362
316
324
316
312
306
326
326
328
316
294
282
290
268
276
282
274
278
264
278
250
214
176
122
94
54
56
52
64
64
68
80
80
74
78
90
70
90
82
80
80
82
90
104
76
104
88
92
74
102
84
106
84
90
100
70
82
60
56
68
50
56
100
150
228
288
310
302
298
296
296
306
308
308
312
300
312
342
350
362
360
350
340
338
328
306
308
348
382
382
380
356
338
318
310
306
322
356
382
384
370
324
318
316
306
316
342
348
348
322
300
288
292
282
278
274
272
266
274
286
278
248
214
158
128
64
52
46
64
74
62
68
86
66
92
82
72
90
80
80
80
82
92
78
96
90
86
92
80
84
102
84
88
96
78
98
72
52
54
44
54
50
128
206
260
300
320
302
290
298
302
304
310
316
318
312
324
336
354
368
370
362
356
342
322
306
302
328
364
384
382
380
346
330
314
296
304
344
362
364
368
336
318
326
304
320
354
356
354
320
312
310
300
298
278
270
260
260
268
292
292
274
234
182
144
84
56
56
56
64
72
74
72
78
76
78
76
80
78
78
80
86
104
72
116
94
98
98
68
86
104
84
82
96
80
92
76
62
58
42
64
74
156
238
290
312
322
294
286
286
286
296
320
334
330
310
318
332
350
376
368
374
368
352
330
324
300
326
348
368
374
376
356
330
318
302
298
326
358
364
378
338
324
318
306
318
354
368
362
328
304
310
314
306
278
270
264
266
268
292
286
272
256
202
162
102
78
70
60
62
76
62
82
70
78
88
86
68
78
76
72
84
96
90
82
100
86
90
86
96
76
114
70
86
98
80
68
50
48
60
94
124
194
264
294
298
308
294
286
296
300
308
334
340
354
332
320
310
334
382
386
378
370
342
342
328
304
316
326
368
352
374
364
342
312
290
274
296
328
340
366
354
336
322
310
326
352
364
356
324
306
320
320
318
302
290
294
290
272
292
302
292
282
228
194
144
114
80
88
64
60
76
86
68
82
94
68
94
80
68
92
76
102
94
100
92
86
90
84
84
76
102
76
86
94
84
64
54
64
94
144
168
242
282
310
296
290
302
298
320
320
318
358
358
356
326
318
320
340
364
372
380
378
348
324
326
322
296
316
338
348
372
362
348
318
302
282
292
316
330
352
358
342
332
324
330
330
346
338
314
308
328
324
324
318
306
314
306
274
288
304
298
294
274
228
206
164
128
96
82
64
72
76
64
82
68
72
70
78
74
74
76
98
86
120
84
92
102
88
82
106
90
92
92
82
80
56
64
100
150
184
226
266
304
314
302
292
296
326
334
334
356
362
384
362
338
326
320
330
348
370
386
382
344
336
324
326
298
302
326
330
356
360
360
340
318
296
290
306
320
332
344
334
338
328
314
314
332
326
310
320
330
332
326
326
312
318
314
294
300
304
298
294
282
268
236
218
176
122
110
88
70
76
74
90
74
98
70
78
80
72
84
84
88
92
86
78
94
88
86
80
88
70
78
86
68
64
94
150
202
250
274
314
312
320
302
298
312
316
340
350
368
382
386
376
350
324
318
320
336
366
388
386
350
334
320
334
318
316
320
318
340
360
364
354
324
314
304
300
312
322
338
334
336
326
306
300
316
306
298
320
316
330
318
326
318
318
314
312
310
306
302
294
282
286
266
244
216
172
136
94
74
78
68
78
88
70
82
78
68
92
80
96
94
94
102
88
92
86
94
86
110
88
84
90
66
78
122
192
252
282
308
314
316
302
294
306
316
316
338
348
370
382
394
372
352
324
328
318
326
360
390
390
360
318
320
340
328
332
304
310
322
342
350
356
334
342
326
314
318
324
334
326
318
316
316
300
308
300
298
320
318
338
334
332
328
326
314
316
310
302
302
290
302
290
298
276
248
202
152
120
98
80
66
84
86
70
88
80
74
84
82
88
70
106
86
94
86
76
86
86
88
92
80
70
64
98
172
254
302
324
314
318
312
310
306
310
328
312
338
340
352
382
396
374
370
330
324
302
326
366
390
386
352
330
328
326
336
322
318
296
304
318
332
342
336
348
328
332
330
328
316
308
296
302
316
302
296
292
298
308
320
330
340
334
330
334
318
312
306
304
300
290
298
300
296
312
262
228
170
148
110
68
68
88
80
92
84
82
84
72
90
94
78
118
80
92
84
80
82
100
92
92
84
68
62
122
222
282
328
334
310
300
308
304
308
322
320
316
328
330
356
364
392
392
366
314
328
306
314
344
376
386
354
314
338
336
342
340
324
308
314
314
316
312
320
346
334
342
340
334
306
302
296
302
314
312
298
300
306
300
324
318
340
318
310
322
310
300
300
304
292
294
276
290
298
300
284
252
200
174
128
68
74
76
90
80
84
84
70
82
68
80
96
92
102
82
86
84
92
76
112
82
68
62
74
168
256
310
330
328
310
286
298
306
312
332
352
338
322
316
332
356
382
378
360
318
314
312
332
346
376
368
356
328
334
332
346
332
332
332
296
312
310
312
306
324
330
340
356
330
324
298
296
306
322
330
312
302
306
312
296
310
318
328
316
322
316
314
300
296
294
292
288
278
294
284
278
272
208
180
148
74
56
76
102
84
100
78
74
94
64
92
76
94
94
78
88
84
84
88
98
90
70
62
88
206
268
330
324
326
298
296
298
310
316
338
364
344
330
300
312
330
364
374
366
298
302
316
326
350
374
370
354
330
340
338
324
300
306
326
314
308
298
298
292
316
316
328
358
332
322
314
302
304
330
318
328
320
310
314
296
304
320
304
306
300
304
288
298
300
308
298
300
280
278
266
274
278
218
182
162
70
66
74
82
82
82
78
88
78
78
92
86
106
96
106
92
82
88
106
78
96
62
58
118
222
296
308
304
326
310
322
322
324
326
362
370
364
324
318
308
348
374
374
356
310
310
322
342
364
392
356
324
318
330
312
290
284
282
296
312
312
296
294
298
296
300
318
342
322
316
326
314
314
330
320
326
334
328
312
296
310
318
322
314
304
286
280
288
306
310
296
304
276
268
274
268
264
234
194
164
90
70
88
72
92
82
80
96
78
84
78
94
86
98
102
86
70
82
90
96
68
56
72
136
236
298
308
308
320
298
302
334
346
366
360
374
368
332
318
312
342
360
376
338
320
326
318
340
360
370
336
326
326
322
312
270
248
248
252
312
302
314
320
308
314
308
344
336
326
326
338
332
330
318
324
312
324
332
310
298
312
314
314
300
290
274
282
288
308
304
294
286
280
286
280
274
288
256
208
168
102
88
76
94
82
90
78
86
86
76
100
94
78
106
92
98
82
84
86
106
74
60
104
178
252
296
310
314
328
314
312
336
338
354
382
394
384
328
312
312
358
374
380
350
322
344
340
348
374
354
324
308
324
322
292
254
244
226
240
296
306
320
328
322
308
324
346
332
326
332
352
344
336
316
320
318
320
324
322
314
314
326
328
322
300
306
298
306
308
304
306
310
298
288
288
286
296
276
234
184
132
102
84
102
78
92
80
88
90
80
98
78
96
86
100
86
80
82
110
84
88
74
142
218
262
310
328
314
322
314
326
334
336
348
366
380
392
338
344
328
364
348
358
344
322
336
346
352
362
348
322
318
316
302
286
242
220
220
228
296
298
328
338
320
322
326
320
322
320
324
356
346
330
326
318
324
330
328
320
326
326
332
334
328
314
314
308
308
320
318
322
300
302
298
280
270
296
274
260
212
174
114
110
92
86
86
80
94
78
84
90
80
110
84
112
82
80
86
106
86
76
108
192
240
292
312
326
310
306
314
328
342
338
340
360
376
376
350
348
348
352
328
340
328
328
330
338
346
340
334
308
308
318
316
302
278
258
242
234
290
318
332
344
346
338
342
324
326
324
328
350
344
330
334
318
320
332
334
318
328
326
326
348
344
336
322
320
308
328
318
312
294
288
288
290
262
280
292
274
248
200
150
114
96
78
86
76
84
76
74
102
96
94
114
94
98
96
90
90
106
98
144
236
296
314
312
316
314
296
314
316
348
334
330
342
354
370
344
354
340
350
320
320
310
308
330
334
338
350
312
312
328
326
310
312
310
288
270
254
310
328
332
338
340
342
330
334
318
322
330
338
344
344
340
326
334
334
338
340
336
316
332
328
342
334
342
336
340
342
328
322
308
294
282
284
264
284
298
296
276
242
174
130
106
80
92
84
80
98
68
92
88
102
92
92
96
96
82
94
92
112
180
278
330
326
322
304
300
308
326
322
342
328
324
338
340
360
358
346
348
336
322
312
310
324
320
326
328
350
334
330
334
338
314
310
320
318
304
290
312
326
324
336
326
342
326
316
330
314
326
348
346
342
354
344
340
346
362
346
332
318
312
324
314
328
340
350
360
352
346
316
304
292
290
272
270
264
300
298
282
264
200
158
94
82
86
72
78
78
78
88
92
118
98
114
98
102
88
106
96
136
226
302
338
346
320
304
300
302
316
330
348
352
338
340
340
358
346
338
336
330
314
306
312
324
324
328
316
326
326
342
344
324
324
330
346
328
322
312
330
334
320
322
312
326
310
324
316
314
330
318
320
346
344
344
346
346
348
352
348
306
306
298
300
318
330
344
360
352
336
322
304
290
288
292
260
270
276
284
308
276
236
170
114
88
70
84
88
84
80
90
84
94
108
82
104
98
80
94
96
148
250
322
330
338
312
298
302
306
314
342
352
368
346
342
334
346
328
324
316
324
318
330
316
316
324
318
314
334
342
352
344
322
320
344
340
330
332
324
338
332
308
306
304
324
312
326
330
318
324
324
322
348
346
320
328
334
354
354
336
310
292
292
288
294
300
318
342
346
338
320
298
308
298
296
288
268
276
282
292
274
240
170
130
86
92
72
82
82
74
106
96
98
120
84
114
108
96
90
96
162
264
326
324
328
308
310
316
326
328
350
356
372
362
348
334
334
320
314
306
326
340
326
340
334
340
334
320
326
362
368
348
328
318
340
324
328
326
332
348
350
334
328
324
334
324
322
346
320
306
330
322
340
344
348
316
326
344
358
362
326
320
302
290
286
292
302
310
312
314
304
308
306
310
302
298
284
274
278
274
276
240
186
128
78
86
76
86
84
74
84
90
116
92
110
88
96
98
100
88
176
274
310
318
326
302
318
320
330
330
340
348
352
358
352
346
336
322
312
314
338
356
350
350
350
362
342
338
344
350
372
342
316
314
310
312
312
306
336
350
358
346
336
326
328
320
340
350
338
320
326
318
348
344
324
328
310
326
350
332
330
342
310
300
288
290
292
292
294
300
302
300
302
302
310
296
284
272
270
276
268
236
196
118
88
72
84
82
76
76
88
90
108
98
108
94
96
98
94
88
164
258
298
312
310
300
322
326
338
344
348
354
342
352
352
362
346
326
316
326
344
348
346
348
332
336
340
344
344
352
372
340
334
318
308
308
320
316
350
364
374
368
360
354
346
336
342
332
336
326
336
320
342
326
316
316
310
310
336
340
334
336
328
322
300
284
284
290
300
306
302
292
302
304
304
298
270
290
278
270
250
226
186
112
90
90
78
76
72
74
110
96
92
116
88
114
104
98
94
96
140
240
296
310
306
314
316
334
346
354
354
356
348
352
360
366
352
332
330
332
344
340
336
340
348
358
346
350
364
362
356
328
342
312
314
306
318
324
350
368
378
376
376
380
364
342
344
336
342
326
358
344
342
322
316
330
310
310
312
304
346
344
346
346
324
310
306
298
298
296
294
312
296
312
306
290
282
300
292
272
258
232
188
110
78
86
80
86
86
80
110
96
96
104
94
104
98
92
100
92
122
236
286
310
320
322
324
354
360
360
358
356
370
376
374
366
354
338
346
334
346
344
346
338
338
352
358
360
358
342
348
324
330
312
318
322
312
328
364
370
362
344
348
372
368
348
344
342
350
312
342
344
342
318
326
348
318
310
320
296
324
338
352
348
332
332
330
310
304
304
306
312
316
290
310
298
282
294
300
302
272
236
198
106
102
82
74
82
82
76
104
92
100
80
128
92
96
102
98
76
122
216
304
344
330
330
334
340
358
350
346
348
366
378
390
380
356
340
338
352
360
340
344
322
344
346
360
372
354
348
322
316
338
324
324
302
310
338
336
350
318
324
338
350
356
346
340
344
316
310
332
324
328
332
322
344
324
318
300
304
324
322
330
352
346
346
346
326
316
318
312
308
298
296
292
280
278
292
300
310
284
258
190
122
100
82
80
74
74
84
106
86
102
100
96
94
80
94
84
76
136
220
296
352
338
330
316
326
336
348
346
348
370
382
380
368
352
344
352
362
368
348
334
330
346
356
366
366
356
330
320
318
330
342
342
334
314
320
342
328
272
294
314
318
334
338
338
340
326
314
330
334
332
322
342
348
352
324
302
308
304
310
332
326
342
342
344
346
334
344
326
320
314
302
302
288
284
288
300
308
306
262
218
128
76
86
78
78
76
70
122
88
86
106
100
116
82
82
94
78
160
256
316
356
340
342
328
328
330
344
346
366
376
384
366
346
334
336
360
370
380
364
348
334
354
374
376
364
354
334
320
328
336
350
344
346
326
322
326
314
240
266
278
278
312
322
326
320
324
310
316
328
332
326
342
322
322
322
322
314
310
316
312
318
326
326
326
348
360
340
332
328
316
308
306
300
290
286
294
328
310
296
240
140
76
90
62
68
74
74
94
88
106
96
116
78
92
96
74
74
186
274
328
370
352
336
326
318
326
330
344
374
366
362
338
324
330
352
388
388
380
358
376
352
378
380
370
358
340
332
308
330
348
352
342
332
322
308
330
308
214
242
262
270
312
320
330
326
330
322
320
318
324
326
318
296
292
284
304
320
314
294
314
306
304
324
324
326
346
338
330
324
306
308
296
296
278
274
290
312
314
294
254
128
90
80
86
80
78
82
98
92
86
92
106
90
90
90
70
74
206
290
340
366
346
320
306
308
320
336
352
354
352
334
334
320
330
354
390
390
372
354
368
370
392
372
354
352
338
318
340
352
350
344
332
330
334
320
292
292
234
274
280
262
300
320
322
334
330
332
340
324
324
320
302
258
274
260
290
334
314
310
300
298
304
294
300
322
320
322
324
314
308
316
314
310
298
290
294
290
314
288
260
126
80
78
82
76
72
76
110
96
84
106
80
106
82
90
86
84
212
308
346
350
328
310
314
328
328
354
358
324
340
322
318
322
344
376
400
394
358
338
350
380
392
378
354
336
336
314
332
346
336
344
324
324
324
304
298
296
248
264
272
264
298
312
310
328
318
322
342
334
332
310
290
226
228
240
272
306
292
300
294
286
280
284
296
294
296
316
306
294
306
308
324
308
304
290
294
296
296
294
264
116
72
82
68
78
84
80
104
90
98
88
96
92
88
84
78
94
210
298
324
346
330
308
330
346
342
358
348
320
334
324
338
350
366
386
390
386
352
344
354
388
398
380
352
320
322
314
338
344
328
330
314
314
334
322
294
310
294
282
278
268
294
314
322
324
320
322
334
332
326
302
260
222
212
228
260
308
314
302
296
308
292
292
298
298
308
302
312
304
312
312
316
306
300
284
286
294
286
284
252
86
86
72
74
82
82
72
86
106
94
92
114
94
92
90
94
102
200
304
318
336
324
322
328
342
356
356
344
350
338
334
348
370
382
392
378
372
332
328
346
384
404
366
338
326
324
328
338
334
326
322
324
312
344
324
310
316
316
306
304
284
302
332
318
306
324
330
332
328
318
298
264
224
234
238
254
308
304
310
314
308
314
308
306
310
300
296
308
308
304
314
300
312
300
290
282
286
286
286
212
94
94
72
72
72
74
78
108
84
80
106
88
104
86
78
84
100
172
274
318
328
328
314
330
342
360
358
358
352
354
344
364
390
388
390
388
348
304
328
334
378
386
374
330
334
342
340
344
344
320
336
318
328
338
336
306
320
310
308
310
294
304
330
308
302
308
328
314
328
316
294
270
246
254
276
282
310
314
312
320
318
334
338
322
326
326
306
310
304
308
302
312
314
310
302
292
272
266
262
182
100
74
92
72
82
88
72
120
88
94
96
94
116
78
72
96
104
154
242
296
312
322
322
336
350
362
356
354
358
362
360
384
388
386
396
370
322
318
324
334
376
388
370
340
344
354
348
344
348
342
344
322
324
336
330
326
324
318
302
318
322
322
344
312
306
326
334
314
298
306
306
308
284
288
302
312
330
328
322
338
342
334
352
344
340
316
306
308
298
296
290
292
304
304
300
294
268
252
242
144
86
82
74
80
82
76
82
102
106
90
82
110
90
88
68
92
94
126
202
274
300
318
330
338
356
358
346
340
352
366
378
372
384
376
372
358
306
310
336
346
372
386
368
344
344
360
352
366
334
348
340
332
334
330
340
328
328
338
310
326
336
322
336
318
310
332
330
322
298
318
324
298
308
330
330
334
344
348
342
342
354
346
358
344
344
328
302
306
294
288
290
286
310
316
316
312
276
242
216
110
78
80
72
82
80
74
86
94
104
84
84
102
84
86
70
94
98
112
162
248
286
312
328
338
336
322
326
340
362
362
366
376
376
384
364
334
306
314
338
366
368
382
368
334
334
354
344
334
310
308
338
344
334
338
322
314
326
350
322
340
352
334
338
318
318
334
332
330
320
324
318
316
326
342
342
354
352
348
340
334
358
350
336
346
340
334
316
310
296
294
294
288
310
320
316
328
288
238
190
96
82
70
82
70
74
76
68
110
88
92
96
84
110
70
80
102
106
104
124
216
276
324
342
348
342
330
340
340
346
344
354
372
384
374
342
314
312
320
348
376
366
382
368
322
336
356
330
300
286
286
320
332
354
346
326
310
324
338
324
340
352
340
332
310
320
322
326
322
340
344
350
334
332
332
330
336
322
322
324
332
320
330
330
318
316
334
306
312
298
306
300
298
312
326
322
326
294
230
166
88
78
74
82
80
82
82
72
96
104
84
88
104
92
78
98
100
104
102
106
198
270
338
354
376
348
330
336
334
334
336
340
358
388
344
314
308
310
328
362
374
368
382
358
318
346
358
316
274
272
226
288
310
324
340
312
304
324
336
332
334
338
328
324
330
334
316
320
312
328
330
346
332
342
336
322
316
310
314
310
310
316
318
310
296
302
306
298
306
300
312
304
304
314
330
330
322
300
232
152
82
74
88
70
80
78
70
76
82
116
82
82
110
72
86
106
104
106
110
106
186
258
334
346
352
330
328
330
322
322
344
356
366
364
338
326
310
318
354
362
380
374
376
340
322
342
342
304
256
242
206
278
308
320
318
312
308
332
346
352
338
336
322
330
316
320
314
318
324
322
316
324
330
336
318
306
302
306
302
282
306
310
328
310
286
302
306
296
304
306
316
310
302
308
314
318
318
296
242
130
86
78
82
78
78
80
76
82
106
86
100
94
74
104
72
106
102
100
108
102
178
248
336
348
342
322
334
340
338
340
358
356
352
338
336
326
332
336
356
376
394
378
366
324
326
328
320
294
228
234
200
266
298
310
326
330
334
344
352
358
340
338
312
322
322
326
326
310
326
320
328
334
328
322
306
312
298
294
300
306
308
300
318
294
306
304
298
302
298
312
322
322
310
316
312
320
306
276
240
104
92
88
62
98
68
82
88
74
114
86
82
86
78
98
80
102
104
102
106
108
160
262
332
332
344
324
346
348
358
370
364
360
344
320
328
326
334
358
368
386
384
374
334
314
324
316
298
304
264
252
256
294
330
336
342
344
330
352
358
352
334
324
320
330
334
324
338
314
336
304
328
330
324
330
304
312
308
318
318
324
314
314
322
308
310
302
302
316
302
308
318
326
304
314
304
306
312
280
224
84
86
84
76
80
68
72
76
74
88
114
86
70
100
88
94
108
118
102
104
112
150
248
322
342
346
338
354
354
354
372
364
362
356
336
342
348
364
380
372
386
384
378
332
316
316
328
308
310
290
294
298
326
332
338
346
358
340
346
346
336
314
324
334
340
342
352
346
328
320
318
320
318
320
320
304
324
336
332
340
344
326
338
336
330
322
308
302
306
306
308
326
322
300
312
310
298
308
274
196
100
82
86
94
76
90
80
80
86
92
98
88
78
90
92
88
106
118
98
104
112
132
228
296
324
328
334
344
348
352
376
370
366
346
330
334
340
356
368
362
382
382
352
312
320
320
318
302
316
326
330
342
342
350
340
356
360
364
358
346
328
304
324
344
344
348
348
342
332
326
324
324
324
328
342
316
342
338
346
348
348
360
344
334
322
314
314
290
306
306
312
326
314
306
302
298
292
292
248
166
82
78
92
84
84
76
76
76
74
114
84
96
94
90
106
96
108
106
96
108
106
124
226
294
316
334
340
346
348
358
378
372
358
354
338
344
340
340
350
356
372
350
324
312
320
340
336
336
336
338
354
350
362
350
358
358
362
348
346
342
338
324
338
346
342
346
332
332
330
336
330
332
334
320
340
316
340
330
344
356
358
338
352
334
326
304
294
294
302
306
308
316
314
308
292
282
282
266
214
142
70
88
94
82
86
72
80
80
74
94
94
86
80
102
90
108
100
118
110
118
108
144
242
310
326
334
334
338
338
350
360
364
344
336
316
328
334
332
350
360
358
340
310
312
334
356
338
340
350
370
380
384
362
350
326
334
328
330
334
330
332
330
338
340
348
340
328
326
334
334
346
334
330
342
334
320
322
328
308
330
326
340
340
334
298
290
308
296
304
322
310
320
334
310
296
290
274
232
178
116
86
88
82
92
72
82
78
78
86
90
102
82
90
106
84
100
106
104
96
106
108
190
272
342
356
340
328
326
334
348
356
372
352
350
318
318
328
334
348
344
326
312
320
326
342
358
378
380
376
368
378
366
358
330
324
320
322
332
338
332
332
330
332
332
346
336
310
320
334
348
350
340
334
338
320
308
308
318
310
320
310
306
326
324
320
306
292
292
294
308
328
314
316
322
298
264
262
198
146
98
82
80
84
78
78
76
74
76
80
96
86
88
100
86
90
76
96
110
104
108
114
236
298
362
364
356
320
304
332
348
354
366
340
338
314
308
324
340
342
332
328
322
326
338
358
372
372
374
384
370
358
342
328
326
314
320
314
324
338
350
356
344
342
338
342
338
302
318
330
356
352
352
350
336
324
308
310
304
320
314
304
314
306
300
306
308
318
292
302
324
314
322
334
320
294
278
242
166
114
92
70
82
92
70
94
72
82
84
78
100
88
106
92
92
106
86
88
106
106
106
112
272
336
408
406
372
320
292
340
360
370
370
334
326
322
320
338
352
336
324
340
336
340
362
370
390
372
380
388
364
346
318
314
314
318
322
322
338
348
362
364
338
342
350
348
344
322
322
334
338
366
358
354
348
324
320
314
308
306
306
306
302
316
298
304
308
340
318
308
314
310
308
316
330
278
250
232
130
78
80
72
86
80
86
80
78
72
72
76
82
112
86
88
102
86
84
84
96
104
104
114
296
360
436
444
394
326
288
324
364
354
348
326
338
356
358
350
354
344
328
336
336
340
356
362
370
380
370
376
348
320
318
312
322
328
336
358
352
360
370
348
336
334
348
352
360
336
346
336
352
358
362
358
352
342
330
336
300
306
290
294
302
304
302
304
302
320
334
316
312
306
304
306
318
276
252
202
104
82
74
82
80
84
96
84
76
78
80
84
96
88
90
86
86
100
74
80
100
98
114
132
300
384
452
444
430
358
284
320
356
346
356
320
350
350
346
348
354
338
336
354
354
354
354
350
362
378
360
348
342
310
306
314
340
348
350
366
364
358
356
338
326
336
358
364
370
346
360
356
368
366
360
352
346
354
352
348
332
316
288
290
292
296
304
302
304
334
326
324
322
304
300
294
292
254
236
188
92
92
86
66
82
92
76
100
78
80
78
78
102
92
94
96
90
106
82
92
108
104
110
132
300
404
460
478
460
386
312
322
344
350
346
326
352
362
364
352
338
322
348
366
352
348
344
336
350
360
344
328
312
316
328
326
356
376
370
366
380
360
340
330
318
342
368
374
362
336
348
352
364
356
348
342
344
344
364
352
330
308
300
292
302
300
316
318
300
328
320
310
308
290
304
300
286
236
206
150
84
78
86
68
72
88
74
90
78
80
76
74
86
106
86
96
102
90
94
106
100
108
116
130
276
410
452
478
480
430
362
334
334
344
330
334
352
352
344
338
340
338
362
348
344
334
330
338
354
346
336
330
308
320
344
352
374
376
368
372
368
340
316
322
322
356
386
386
368
344
354
360
364
350
340
336
340
336
360
342
312
298
308
300
288
312
316
316
312
316
308
306
296
282
296
292
278
216
174
124
88
74
86
88
78
90
92
76
80
86
86
80
84
100
90
90
100
84
96
108
110
110
116
118
222
414
476
488
480
476
400
352
338
332
334
344
354
346
344
350
348
348
370
354
336
324
320
338
356
336
330
326
328
332
344
354
372
372
364
362
358
332
310
322
326
356
376
366
346
334
348
358
356
340
330
326
324
332
342
326
310
300
296
292
292
304
334
334
322
316
316
298
288
284
290
286
272
192
140
102
80
76
78
82
86
84
76
74
70
80
80
74
102
78
106
86
90
96
90
100
106
106
110
126
206
414
470
488
482
490
440
380
358
348
334
346
348
336
328
338
342
356
362
336
324
330
332
342
350
324
332
330
338
340
346
346
362
368
364
344
328
316
306
324
338
362
382
368
330
326
338
348
344
336
334
330
330
326
334
328
316
324
320
302
304
318
354
332
338
326
294
294
284
296
306
304
276
164
108
76
86
84
88
82
88
88
72
90
76
84
86
78
104
80
106
84
84
98
86
92
110
112
102
110
162
386
454
492
498
490
484
422
388
376
348
354
334
336
338
348
342
364
366
352
334
354
358
358
356
326
348
350
348
332
336
346
354
352
352
338
322
322
320
328
338
350
370
356
332
330
334
336
326
324
324
316
326
310
322
320
306
328
340
314
318
314
350
330
326
322
294
286
304
322
332
322
262
130
92
72
86
78
80
78
78
82
80
80
76
82
80
76
96
106
96
90
96
92
96
98
92
110
114
110
128
386
478
492
502
492
492
454
416
394
396
386
358
334
328
358
360
378
358
346
356
370
368
368
362
328
352
358
350
336
330
324
332
350
358
328
316
326
326
326
332
334
358
346
326
330
334
336
326
322
320
306
330
328
338
322
322
338
350
340
336
340
342
328
326
320
298
290
318
338
352
340
252
106
84
70
84
88
68
78
84
80
92
70
78
80
78
76
98
94
94
82
84
84
92
86
96
96
110
114
118
346
456
486
492
508
494
472
460
444
420
426
386
356
326
352
358
360
350
360
360
366
362
370
350
344
372
354
336
336
318
316
332
352
336
328
336
332
320
326
324
318
362
328
320
330
346
334
318
326
328
316
332
338
354
344
324
332
344
344
336
336
336
332
324
298
300
306
346
384
384
352
226
98
90
82
82
92
90
66
76
90
74
82
78
78
98
64
108
94
100
84
88
92
86
82
102
102
118
100
108
290
424
484
498
502
496
494
488
478
448
432
414
366
326
344
348
358
346
336
348
358
360
348
336
356
380
358
334
322
318
322
338
358
334
324
336
346
336
322
316
320
336
312
328
342
352
342
330
336
340
330
336
354
358
346
334
330
336
340
356
338
334
324
312
300
304
326
384
402
374
322
176
90
80
78
80
78
84
78
72
78
84
82
76
74
86
74
96
94
86
92
94
82
102
104
86
104
106
106
114
246
364
472
498
496
498
504
496
494
480
462
446
406
348
338
346
354
342
354
352
352
358
348
342
370
386
372
340
334
326
344
352
350
338
322
370
340
316
302
300
318
328
338
326
348
348
340
334
336
342
332
332
360
354
344
344
334
334
344
346
322
326
320
308
320
338
374
424
404
338
260
128
88
86
88
88
80
78
82
78
84
90
74
82
78
88
82
92
100
90
96
92
76
96
100
94
98
88
106
114
198
304
434
488
496
496
500
490
494
494
490
486
440
394
366
334
338
344
348
338
338
344
342
342
362
374
362
338
332
350
356
362
360
336
354
366
340
316
314
338
332
322
354
326
354
348
344
346
344
352
346
342
368
352
344
344
328
330
334
334
318
320
318
306
332
360
394
400
360
282
200
112
84
84
74
72
90
92
80
74
76
80
78
74
74
86
64
88
92
106
94
98
112
98
104
106
86
96
110
112
136
238
358
470
498
496
498
502
506
498
494
494
482
438
386
364
362
344
342
338
350
348
346
348
366
380
356
346
360
354
362
370
342
336
354
380
352
342
330
332
336
358
358
322
352
346
344
350
352
358
352
352
364
348
342
334
320
328
328
336
334
334
342
342
376
404
414
378
320
216
146
98
82
90
88
72
84
94
78
76
84
78
82
76
84
96
76
98
94
98
94
92
96
82
102
88
98
100
110
116
110
166
294
422
486
498
502
510
510
498
496
498
492
476
422
388
400
388
360
356
362
356
354
350
354
368
354
346
346
356
352
368
356
336
366
372
344
350
348
344
348
372
340
334
360
358
352
358
360
360
354
350
348
338
334
326
324
338
340
350
360
364
372
384
404
400
370
314
246
144
112
92
88
82
74
92
72
84
82
80
92
80
72
78
80
80
88
98
106
88
102
100
92
102
120
88
108
90
98
106
112
124
232
342
444
492
504
502
502
500
498
494
502
492
446
430
432
416
408
400
394
386
374
358
352
356
356
350
348
350
354
362
346
344
350
358
348
332
334
366
360
352
348
332
354
358
348
350
352
346
338
346
340
332
330
332
340
356
368
370
386
400
398
406
404
364
314
252
172
110
94
86
92
90
82
80
74
84
82
74
76
72
72
80
80
72
84
90
108
96
90
90
102
92
90
100
86
94
98
106
112
114
152
272
400
480
504
500
502
502
492
492
486
494
480
472
468
456
454
434
432
428
388
362
364
354
350
340
330
350
352
350
344
346
346
370
340
338
346
346
358
358
346
328
346
356
348
350
356
346
340
330
328
326
330
348
368
386
408
408
416
430
398
386
360
296
246
184
114
116
100
90
78
86
78
70
92
84
76
86
84
78
80
70
80
86
78
88
96
116
86
106
98
90
94
96
82
98
96
98
108
116
102
186
338
452
494
488
500
498
494
474
466
496
498
494
492
484
474
462
434
462
426
398
392
362
352
360
350
336
346
344
360
368
354
348
340
350
346
360
364
354
344
346
352
366
354
340
334
338
324
340
336
332
336
348
378
430
424
428
434
428
376
344
304
234
172
112
106
106
94
86
82
76
80
86
78
84
80
82
86
72
82
70
80
84
74
90
120
82
104
98
94
106
110
84
98
82
80
106
102
112
120
122
248
400
476
492
494
484
496
488
474
498
502
502
502
498
494
478
440
462
448
432
424
402
398
378
368
368
372
380
386
394
378
374
346
344
340
346
346
336
338
342
364
364
348
328
336
330
332
334
350
346
346
372
400
436
420
444
450
404
316
272
220
156
122
110
102
102
92
86
80
70
72
92
72
78
88
76
94
86
80
78
80
82
86
94
112
86
94
94
84
92
94
88
86
78
82
92
92
110
112
116
178
304
382
440
486
486
496
496
478
496
502
504
504
502
502
492
450
464
474
470
456
438
438
418
400
408
398
414
416
426
412
394
378
366
372
356
348
358
356
376
346
362
342
318
316
342
342
360
366
364
372
394
430
464
436
420
410
338
236
190
152
120
118
104
94
90
84
82
80
74
72
80
70
90
70
80
70
78
82
74
74
76
78
94
100
110
86
100
94
92
90
104
76
96
98
84
98
110
106
118
154
246
314
372
458
486
496
496
484
496
500
504
502
498
492
488
460
470
496
502
490
482
478
462
444
452
434
448
448
452
442
406
396
388
386
360
362
364
356
364
334
336
314
332
322
346
376
382
394
376
390
428
442
444
426
392
352
266
174
130
116
112
112
94
88
82
80
80
80
76
74
88
84
80
74
80
82
72
76
66
76
84
78
90
108
94
92
90
88
98
92
90
78
90
90
88
98
94
104
112
136
180
242
296
416
482
502
500
494
502
500
504
502
498
486
486
476
482
504
508
504
502
494
490
482
490
478
484
482
476
468
454
422
416
398
376
388
364
354
346
344
334
322
348
360
372
408
412
410
408
434
442
434
410
356
332
280
192
130
112
114
114
114
88
86
84
84
82
76
72
68
94
80
78
86
74
86
80
70
66
78
86
84
98
108
94
102
98
90
100
98
90
98
88
90
98
98
94
108
100
118
120
164
220
376
472
488
500
500
502
496
500
498
498
488
494
494
494
504
500
502
502
494
502
500
502
496
496
498
494
490
474
454
426
422
402
384
372
346
342
336
334
334
354
368
396
416
432
440
416
422
422
398
350
298
266
226
146
110
114
110
96
98
88
86
80
80
78
74
76
74
78
76
82
78
76
76
82
78
74
72
74
80
88
80
100
84
102
92
94
94
92
96
90
90
88
94
88
94
104
124
108
108
142
306
450
504
500
498
500
494
498
494
498
492
500
500
500
508
502
508
506
504
504
508
502
496
496
494
498
498
468
470
436
432
416
382
386
352
342
348
342
350
398
400
422
438
446
428
400
396
364
336
302
246
188
164
116
110
112
104
92
94
84
82
72
74
76
74
80
80
78
84
68
76
78
88
76
80
76
72
72
80
98
88
106
80
98
96
94
84
96
96
100
88
90
106
80
96
88
106
108
108
124
254
402
484
500
500
500
500
504
496
500
500
504
498
498
510
502
504
496
498
502
510
508
502
502
492
496
492
466
452
440
404
398
396
378
358
350
358
360
396
412
442
454
420
406
384
352
350
308
260
220
176
138
118
104
118
98
90
90
84
76
78
74
82
84
78
78
70
78
74
84
74
72
66
84
74
70
76
78
76
100
106
84
98
98
90
110
94
92
110
96
96
96
90
106
98
96
104
112
108
116
202
336
418
468
502
498
494
498
494
504
490
496
502
490
508
504
492
496
500
508
506
494
500
496
498
496
488
468
450
438
400
402
382
376
376
376
398
410
408
442
444
426
388
356
308
280
284
230
194
156
118
108
110
100
108
100
86
78
76
88
84
78
78
80
78
74
76
76
78
76
70
80
80
80
74
82
72
78
78
92
96
84
90
92
92
100
84
84
98
86
88
92
90
104
98
86
96
104
102
98
152
260
336
420
458
498
504
496
496
500
502
496
504
496
498
498
502
496
492
494
496
496
494
488
496
482
468
452
438
434
408
406
386
384
394
406
412
434
424
450
442
368
316
272
238
230
216
146
124
116
120
104
106
94
98
90
82
80
86
74
72
70
74
80
80
80
84
82
86
88
78
80
78
84
86
78
72
76
74
94
92
98
84
100
96
108
90
100
90
104
90
94
108
94
108
96
84
108
106
100
128
178
260
322
418
494
506
494
496
496
494
496
494
490
492
490
490
474
482
490
488
490
484
474
482
462
452
442
422
416
406
408
390
392
410
438
442
456
444
456
388
308
250
220
168
150
142
114
122
106
100
94
98
90
94
84
76
74
80
80
80
78
78
82
80
76
80
76
76
76
68
72
70
74
72
76
74
78
78
98
98
100
84
96
94
108
90
94
100
90
92
94
88
96
96
98
88
100
98
104
120
138
184
232
342
416
480
500
484
488
488
494
490
484
492
490
478
464
478
488
480
476
476
462
452
436
430
424
406
404
410
412
400
410
438
446
460
452
424
394
306
234
190
132
110
116
120
102
112
106
104
86
92
86
88
80
76
70
74
84
82
78
80
84
82
80
82
80
76
78
74
80
78
80
72
72
74
76
76
94
106
92
92
86
92
102
88
92
96
92
96
96
90
96
100
84
100
86
80
92
104
114
110
160
252
338
434
454
444
472
486
486
496
476
482
486
478
472
474
458
466
460
474
462
446
434
416
404
404
414
432
418
402
412
442
472
474
446
382
304
244
154
132
112
106
110
118
104
98
90
78
86
86
80
80
76
80
74
80
76
72
66
70
76
76
74
74
76
72
78
76
76
72
76
70
74
76
76
76
90
96
94
90
98
86
108
90
102
90
112
96
96
110
88
110
98
100
106
92
98
110
96
102
112
170
272
372
376
392
438
464
482
490
462
470
480
476
476
476
456
474
464
474
468
460
454
424
400
410
426
452
430
408
402
410
424
408
380
312
244
172
128
122
106
110
112
114
102
92
94
88
84
84
80
80
78
86
76
78
88
84
76
78
84
84
80
80
84
74
78
76
76
74
80
72
80
82
76
78
88
82
92
84
102
88
104
94
90
96
96
96
96
94
94
94
98
84
102
92
92
98
80
100
102
108
166
278
302
312
362
412
446
464
450
456
468
472
472
484
476
484
464
464
460
464
458
426
406
418
424
448
424
402
374
358
358
338
308
244
184
112
116
116
110
104
102
94
88
82
76
74
78
80
80
80
80
86
74
74
76
74
72
74
80
78
76
78
84
70
74
74
74
74
80
70
76
76
70
76
102
92
86
100
90
106
94
102
92
100
98
100
102
102
102
100
96
114
98
98
96
92
112
98
88
110
110
190
216
216
282
352
380
424
436
424
436
462
466
478
464
456
442
446
452
464
454
434
414
424
416
426
384
356
320
294
280
270
238
178
108
110
102
114
100
94
102
90
84
82
72
82
74
76
74
70
72
86
76
82
76
76
74
76
78
74
72
76
74
70
80
80
74
70
78
74
74
74
70
82
94
88
84
88
92
94
96
96
90
82
102
92
96
108
88
94
102
102
98
86
90
98
94
102
102
90
96
128
130
152
220
288
314
346
346
344
378
396
398
428
406
402
386
382
410
420
434
416
410
396
352
338
326
290
260
228
222
186
162
116
98
98
102
102
102
92
96
92
74
78
86
72
76
84
76
76
78
82
78
90
80
76
68
72
76
74
76
74
74
72
74
72
72
72
72
76
76
72
74
76
92
88
94
92
106
92
98
92
96
92
106
98
102
112
98
102
98
104
100
94
98
98
96
98
110
104
88
96
98
112
156
212
240
268
272
272
304
320
324
352
338
334
316
320
346
362
376
366
378
352
298
286
280
240
196
156
128
112
114
94
90
94
94
92
90
88
86
80
74
76
78
72
76
88
78
74
76
82
78
86
76
74
70
78
80
78
78
76
80
80
80
76
74
72
70
72
74
72
72
74
88
88
96
96
106
92
96
90
90
92
96
94
98
102
96
94
94
104
96
96
100
94
94
92
94
106
94
98
100
96
102
126
162
184
202
214
238
248
250
270
256
254
232
242
266
286
298
300
314
282
222
206
202
170
146
124
102
98
108
98
94
98
96
94
90
96
88
80
86
86
80
84
78
90
80
72
72
80
76
82
76
76
74
78
80
76
80
78
80
82
80
78
76
74
74
74
80
78
80
82
86
92
88
98
94
92
92
92
90
100
92
92
98
96
96
90
90
104
86
90
94
84
94
88
82
96
92
96
96
90
86
92
94
110
136
156
174
182
182
196
178
176
148
164
182
204
212
220
238
208
144
124
120
102
104
110
96
94
100
86
80
84
82
86
82
84
76
70
78
76
70
74
78
90
78
70
72
78
74
80
78
80
74
74
72
72
78
80
76
80
78
76
74
74
78
76
74
74
78
82
