492
496
488
488
480
490
482
470
456
468
458
454
456
446
444
452
432
416
428
424
416
412
420
418
418
404
412
406
410
402
416
408
414
398
416
404
390
396
392
394
388
384
378
364
354
344
336
324
320
316
310
310
304
300
294
298
298
298
290
284
286
270
274
272
266
266
254
240
242
242
232
218
228
226
220
214
200
198
200
192
186
186
198
198
192
176
174
166
164
162
148
152
148
142
134
138
142
150
158
150
156
160
156
152
160
162
164
158
154
160
154
158
160
156
158
150
168
176
172
172
176
184
184
184
204
218
218
224
236
248
262
272
276
284
282
242
184
122
188
248
260
316
344
160
160
160
160
160
160
160
160
160
160
160
160
160
160
160
160
160
160
504
492
496
490
482
480
484
466
468
456
466
460
454
452
454
452
436
438
420
416
430
434
418
416
412
422
420
400
404
404
396
400
400
404
398
398
394
376
376
374
384
368
358
356
350
336
316
336
322
324
318
308
316
302
298
298
306
304
300
300
280
276
274
274
268
262
252
248
244
230
232
218
234
238
222
214
212
200
190
190
194
186
190
188
178
178
176
174
168
152
156
158
150
138
136
138
154
146
148
150
158
154
158
160
148
152
150
152
156
160
150
164
152
154
158
152
164
166
170
170
172
174
178
182
192
196
200
216
228
232
256
256
272
272
294
276
226
152
124
204
266
284
336
348
160
160
160
160
160
160
160
160
160
160
160
160
160
160
160
160
160
504
494
490
492
498
494
472
478
474
466
468
464
450
450
454
452
444
428
440
412
422
426
436
414
414
404
412
408
402
390
398
398
400
384
388
382
372
374
368
368
364
364
354
352
338
334
326
324
322
326
326
322
316
316
308
314
308
322
298
296
294
280
272
252
268
268
252
234
194
180
166
180
184
202
218
210
212
208
194
202
196
200
198
190
194
190
176
164
168
158
152
148
134
144
146
148
146
156
148
146
156
154
156
152
162
160
158
152
158
156
156
162
156
152
164
156
152
168
162
164
170
176
180
176
180
190
198
188
214
226
240
246
252
264
276
294
254
190
134
132
224
252
292
336
160
160
160
160
160
160
160
160
160
160
160
160
160
160
160
160
160
510
506
502
504
494
492
482
480
476
468
462
456
456
456
452
452
438
434
430
426
422
424
412
406
412
408
404
410
410
396
398
384
388
384
380
374
374
374
370
364
356
350
342
334
342
330
332
330
332
336
330
330
332
330
314
312
310
300
292
290
288
286
278
262
272
254
216
166
190
198
152
98
114
176
160
198
206
206
204
202
200
210
204
212
192
188
182
174
162
164
156
152
154
158
156
162
162
156
158
162
160
164
162
166
172
158
164
164
164
158
160
160
154
164
164
162
158
162
168
168
166
160
178
178
180
188
188
190
198
214
236
232
248
252
266
282
296
254
170
108
160
220
238
286
322
160
160
160
160
160
160
160
160
160
160
160
160
160
160
160
160
506
502
502
496
498
496
498
488
474
458
464
456
464
462
448
442
436
432
426
434
428
406
406
392
400
416
408
394
394
390
394
380
384
380
374
370
376
368
364
350
338
336
338
338
336
338
340
332
342
332
338
334
330
320
328
314
306
304
292
294
292
288
282
278
268
260
230
180
142
134
162
216
140
124
160
114
162
202
204
208
204
202
198
206
200
190
184
174
168
150
156
154
160
162
154
162
160
164
166
172
160
164
168
162
162
168
168
156
160
160
166
164
154
160
150
162
160
160
164
152
156
170
166
180
174
182
180
194
200
194
212
218
228
252
254
272
288
288
226
154
102
166
222
234
282
332
160
160
160
160
160
160
160
160
160
160
160
160
160
160
160
510
506
506
504
494
490
482
486
478
474
464
474
460
452
428
446
444
438
434
424
410
418
406
402
394
402
398
388
384
374
380
370
380
364
372
346
352
338
340
344
334
334
338
332
332
348
344
342
342
342
342
336
328
330
322
312
304
298
294
294
294
294
284
276
272
250
216
212
224
168
122
144
180
202
134
146
174
158
188
212
212
192
202
188
182
176
180
176
168
166
162
154
158
166
172
166
160
160
160
164
164
166
168
164
164
166
166
164
158
164
164
162
156
156
160
172
166
162
160
160
152
160
162
170
172
178
184
182
188
202
206
210
222
230
240
266
282
294
266
212
132
92
180
226
226
302
332
160
160
160
160
160
160
160
160
160
160
160
160
160
160
510
508
500
500
492
492
500
498
488
474
476
470
464
458
452
454
450
436
426
424
404
414
408
396
404
400
384
392
392
378
376
378
380
366
364
338
336
330
334
330
342
344
336
340
346
352
350
360
350
348
346
338
328
322
312
308
312
310
300
304
304
288
294
280
264
238
220
174
156
210
234
202
160
160
198
132
154
166
134
206
198
190
190
184
184
180
178
180
174
162
160
164
166
164
168
164
166
164
160
170
168
162
164
168
164
168
158
154
164
158
156
158
152
160
166
168
172
158
170
162
160
162
174
170
170
174
184
186
180
196
202
216
208
222
232
252
270
292
280
266
172
98
138
226
222
246
298
160
160
160
160
160
160
160
160
160
160
160
160
160
160
504
502
504
500
482
488
490
486
482
470
460
472
476
460
456
448
436
430
416
420
406
408
400
390
398
392
390
386
372
368
372
364
364
346
340
332
336
328
334
330
342
338
344
364
354
354
358
360
346
352
342
324
318
294
288
286
294
298
300
302
298
288
274
274
246
236
238
230
176
102
150
212
230
192
156
158
180
164
172
184
180
178
196
186
188
184
194
180
182
184
172
170
168
164
174
172
166
166
170
172
166
166
168
168
168
172
166
160
160
162
164
164
164
168
164
168
160
170
154
164
164
164
170
166
178
180
176
178
190
192
190
206
212
216
226
240
238
248
262
284
240
164
80
180
236
226
242
310
160
160
160
160
160
160
160
160
160
160
160
160
160
506
508
504
492
492
488
486
488
492
482
476
474
466
456
444
430
432
430
426
408
406
400
392
394
392
388
382
368
358
356
364
352
336
338
342
342
332
334
338
346
332
346
350
348
358
366
354
348
340
346
334
314
292
280
278
288
292
302
296
298
288
288
280
258
226
202
182
176
230
238
204
106
142
222
216
184
168
190
180
190
174
142
166
188
190
194
194
194
192
184
172
168
170
174
178
172
174
166
170
168
168
176
158
166
166
164
168
156
172
168
164
152
162
160
168
164
158
164
166
160
160
168
170
166
164
180
176
180
190
186
194
200
202
216
220
226
226
244
252
244
272
232
126
104
194
220
212
258
306
160
160
160
160
160
160
160
160
160
160
160
160
510
510
508
504
506
492
496
496
490
484
476
474
462
448
436
426
416
420
408
398
398
394
390
390
386
370
366
366
360
348
354
350
342
344
336
340
338
330
330
344
356
350
346
352
356
360
358
348
348
332
308
298
286
274
280
286
288
294
302
302
294
278
290
230
236
234
186
166
132
186
224
236
218
164
184
200
198
150
178
186
182
184
196
170
182
198
202
198
182
180
190
172
174
168
178
178
174
162
178
176
174
166
164
174
180
164
170
164
170
168
170
166
172
158
162
166
164
160
164
164
164
164
158
162
162
172
180
184
186
190
200
204
200
204
210
230
230
240
254
250
274
264
198
102
106
174
242
226
266
310
160
160
160
160
160
160
160
160
160
160
160
510
506
510
506
492
508
496
490
486
478
476
458
454
460
432
420
416
412
406
402
404
392
380
380
374
364
358
354
338
346
348
342
346
348
348
348
344
350
364
358
362
364
372
358
362
360
346
332
324
312
298
276
272
270
270
286
282
288
292
294
292
294
284
216
148
124
210
252
252
224
154
166
196
218
204
172
164
170
118
148
170
168
180
194
154
134
182
196
178
178
178
186
176
172
174
176
186
174
174
178
186
172
178
182
176
176
172
162
166
168
168
168
162
166
168
168
166
166
162
158
168
178
166
168
168
178
184
192
176
188
200
200
200
208
214
216
222
230
250
250
264
268
256
154
76
82
184
232
214
254
160
160
160
160
160
160
160
160
160
160
160
496
506
510
510
506
500
508
482
490
472
462
454
444
430
430
414
408
408
416
412
390
400
378
376
372
356
350
340
346
350
340
348
350
342
342
348
356
356
364
364
364
366
376
364
360
352
336
324
316
306
282
270
282
278
278
282
286
288
286
306
300
296
282
264
240
180
158
162
190
220
228
204
180
176
182
186
176
156
134
130
148
150
160
154
158
104
90
84
70
92
108
118
126
112
114
116
122
128
128
128
122
128
116
122
130
126
130
130
138
140
156
158
162
162
170
168
168
166
162
158
162
170
176
172
170
176
176
180
178
202
190
200
214
204
212
220
226
230
238
252
256
270
276
220
130
42
124
244
222
200
272
160
160
160
160
160
160
160
160
160
160
510
506
500
504
508
506
500
478
482
468
454
454
438
438
416
412
410
408
398
408
394
396
376
372
362
350
348
358
354
350
348
352
358
340
350
346
354
352
364
368
372
364
352
352
350
338
338
322
308
302
274
274
268
276
278
284
288
294
288
300
308
282
188
136
184
242
250
240
234
188
184
200
192
168
110
92
96
92
90
76
60
72
64
56
54
14
0
2
8
8
8
32
26
22
2
10
22
48
18
8
12
4
8
30
38
32
40
42
40
28
40
24
42
78
88
88
102
108
120
138
146
164
172
182
174
178
176
178
190
190
196
202
200
208
210
222
210
230
242
232
250
264
280
272
208
94
52
190
268
208
216
290
160
160
160
160
160
160
160
160
160
510
510
508
506
498
494
486
484
482
462
452
438
440
434
426
414
414
416
400
398
396
386
374
376
368
368
356
358
368
362
364
346
358
356
356
354
348
360
362
364
362
364
342
352
348
334
332
314
288
278
274
260
272
282
282
278
290
284
290
294
296
278
254
228
204
208
186
136
158
202
214
178
124
76
22
10
26
0
10
58
48
34
48
48
26
52
54
2
2
14
50
56
60
48
20
30
0
0
0
8
8
4
0
0
18
42
66
42
0
0
24
36
48
70
64
52
68
62
40
40
40
42
68
102
120
140
148
172
184
184
186
202
202
204
220
220
220
228
230
228
248
254
272
266
260
174
74
98
248
270
180
212
302
160
160
160
160
160
160
160
160
510
510
510
508
508
498
486
480
466
456
450
442
458
430
424
424
416
410
394
392
404
388
376
376
368
370
358
362
360
366
362
364
366
370
360
360
360
368
356
364
360
368
354
336
342
332
304
294
276
282
280
276
276
280
290
286
278
288
288
278
288
274
242
194
170
150
112
82
76
38
36
16
36
6
0
0
34
52
72
78
44
0
0
0
26
50
58
76
32
44
46
66
56
48
82
74
70
44
8
18
12
16
0
0
10
6
32
58
30
40
46
34
36
70
70
54
52
36
38
46
46
30
8
20
18
14
26
54
80
128
164
190
188
208
210
214
212
210
244
242
230
266
268
272
276
246
164
66
158
266
248
176
262
160
160
160
160
160
160
160
160
510
510
510
508
504
500
478
482
460
456
452
442
438
428
426
430
412
394
396
386
380
374
376
368
372
368
356
374
372
368
368
378
372
374
372
372
364
370
364
362
362
358
356
348
334
318
296
280
272
274
272
286
282
280
280
266
274
264
238
222
188
138
108
88
40
18
8
42
48
10
26
52
6
0
0
8
40
38
68
34
6
34
22
42
50
32
82
116
88
86
112
116
88
110
112
96
128
124
84
46
36
86
74
44
28
6
20
80
98
118
96
90
86
114
104
36
38
70
70
76
50
26
0
0
0
36
28
20
50
22
42
84
128
162
196
210
226
222
240
248
258
250
280
270
276
268
232
122
64
172
274
252
198
318
160
160
160
160
160
160
160
510
508
500
508
500
488
484
478
458
452
456
448
440
430
424
404
380
378
384
386
388
380
374
380
380
368
374
376
382
376
386
380
380
388
386
374
376
372
374
380
362
362
348
354
324
310
290
282
272
270
276
272
258
230
208
172
136
100
98
96
42
54
54
72
14
0
2
36
82
86
70
64
44
18
38
36
16
14
48
66
80
68
62
62
38
80
134
138
132
116
130
146
104
116
106
110
150
168
154
90
28
72
112
36
56
66
58
106
112
126
70
86
130
66
12
30
98
90
64
96
102
82
56
68
82
58
24
36
86
56
46
42
36
44
98
164
200
224
228
236
238
260
258
268
270
256
276
200
70
76
240
296
226
218
288
160
160
160
160
160
160
510
506
508
506
496
488
462
480
462
458
454
436
420
404
396
382
396
382
398
380
376
376
386
380
370
378
386
388
382
386
390
392
390
392
386
380
368
366
376
368
360
360
340
322
318
294
274
252
228
204
156
64
64
112
106
86
76
44
80
78
104
100
104
96
62
34
48
42
82
70
98
138
118
90
100
100
2
0
34
84
136
112
62
26
38
80
78
64
72
80
138
100
14
64
88
50
114
170
184
154
88
90
52
52
76
48
72
136
102
104
96
146
142
84
64
132
156
88
54
108
124
82
66
88
112
144
136
120
102
82
64
64
46
10
2
30
50
106
178
216
242
252
266
272
268
266
270
262
158
52
126
278
304
192
202
292
160
160
160
160
160
510
506
510
496
492
496
480
464
458
462
426
412
408
410
408
400
398
394
390
398
388
386
390
392
386
392
396
404
394
396
388
384
382
390
378
376
376
368
376
364
356
346
316
258
216
122
110
90
118
120
114
114
112
82
64
98
84
12
40
58
22
52
46
126
110
18
34
44
62
88
146
152
146
92
44
42
42
32
50
94
132
124
114
44
90
106
78
44
66
108
144
124
98
100
118
124
142
148
148
158
150
148
114
126
92
26
2
22
42
118
110
134
130
122
110
122
122
100
74
60
80
74
118
122
122
144
132
124
134
124
80
76
98
74
72
52
52
24
32
42
124
186
248
272
270
276
276
272
228
144
54
156
286
276
188
260
160
160
160
160
160
506
510
510
508
492
486
488
484
466
458
440
438
434
422
416
420
410
404
408
412
408
406
396
398
400
392
402
396
398
392
390
402
390
396
388
382
384
362
326
276
190
128
90
108
116
120
130
142
138
130
96
116
162
138
124
198
138
54
38
42
76
98
120
156
114
74
152
158
142
142
152
94
92
122
38
0
66
100
116
70
70
102
112
102
98
100
100
60
70
98
116
110
110
128
72
64
130
150
144
132
90
116
126
134
92
76
128
80
64
102
104
126
126
108
86
48
84
52
46
60
64
50
94
108
78
60
48
46
106
108
88
70
104
130
118
146
166
126
76
64
34
30
90
180
250
276
284
268
282
228
92
40
186
304
250
186
270
160
160
160
160
510
510
506
510
508
506
484
472
466
450
454
464
440
436
446
432
430
424
424
424
418
426
420
414
412
416
400
392
388
384
362
352
326
320
296
238
174
148
90
30
108
136
128
144
134
118
96
122
118
136
82
158
146
196
202
212
176
126
62
62
108
100
104
162
174
148
132
166
118
124
152
72
124
138
62
88
112
108
118
70
10
38
88
102
44
80
52
14
64
66
56
82
68
112
70
84
176
134
66
106
86
112
146
146
114
116
112
22
8
50
82
86
42
72
62
20
74
80
74
72
78
72
60
60
44
42
42
30
54
74
64
70
64
66
96
118
106
116
160
198
112
82
56
58
86
178
238
278
292
298
222
70
62
226
276
220
188
268
160
160
160
510
510
510
502
470
438
414
392
366
380
358
340
360
352
362
352
368
396
408
396
386
400
384
390
388
354
292
264
228
220
214
222
116
148
142
100
110
186
170
140
126
104
148
156
134
112
68
86
116
92
94
114
90
126
176
182
182
160
84
98
114
82
64
128
128
98
56
118
120
164
162
88
64
132
128
118
70
0
62
98
54
62
74
106
110
122
94
52
54
114
132
126
96
116
130
158
148
98
62
138
120
142
134
108
98
108
96
72
116
106
102
106
76
84
98
62
68
100
80
92
76
56
54
54
26
12
26
6
14
20
20
16
16
46
78
58
18
14
34
118
94
88
76
74
42
56
124
220
270
286
270
188
58
132
234
248
200
206
160
160
160
510
510
494
438
370
322
326
310
312
324
290
312
326
316
342
350
326
330
306
314
284
264
316
312
230
234
148
216
240
242
270
250
192
192
160
130
162
162
172
188
182
180
196
148
78
88
34
88
126
94
118
146
124
150
154
58
120
150
58
30
98
86
116
138
118
90
60
102
186
210
152
76
94
162
170
156
142
124
148
156
132
138
118
140
158
160
162
112
114
144
140
144
142
160
192
172
36
48
128
136
126
130
140
112
116
126
84
86
116
70
82
58
26
94
120
104
88
102
98
98
66
48
56
48
54
30
24
2
0
2
6
46
84
92
92
70
48
24
2
42
60
66
100
104
68
64
124
96
132
196
254
244
158
80
146
254
256
202
234
160
160
510
510
466
456
458
384
364
356
340
390
392
384
384
384
332
332
346
314
284
276
280
230
218
190
204
228
192
210
220
204
168
198
200
174
162
200
184
176
192
146
136
168
156
128
124
98
20
38
78
74
120
150
202
152
150
130
162
94
124
164
212
206
218
168
128
158
118
152
214
212
158
88
138
140
108
164
178
172
190
158
136
140
164
184
144
162
176
152
86
92
104
162
168
168
176
166
82
90
130
114
112
122
144
154
142
132
118
106
98
56
38
50
88
130
144
130
146
130
122
76
76
90
58
48
74
74
60
32
4
6
56
92
126
100
92
110
90
68
4
2
14
34
18
6
8
34
132
152
116
82
128
200
230
144
96
196
284
264
210
222
160
504
508
478
462
434
362
342
318
332
350
372
400
372
340
342
334
344
348
350
308
274
228
194
176
166
198
182
230
216
108
114
204
182
176
168
146
178
158
158
108
68
88
14
80
118
80
96
108
178
198
224
208
170
170
216
226
204
178
166
170
200
214
210
180
168
196
204
208
214
184
154
162
178
204
188
190
176
170
188
134
128
152
140
158
148
112
144
168
148
130
136
144
150
158
158
136
68
130
162
140
62
60
140
148
130
128
110
82
88
106
116
114
158
190
208
188
142
134
100
32
60
112
88
52
62
74
72
56
56
68
134
170
158
114
124
88
52
28
8
2
68
112
2
0
2
2
44
96
110
114
98
106
168
182
124
124
230
294
254
216
220
496
502
502
460
416
376
372
348
318
328
362
388
396
372
344
352
360
334
326
280
284
282
240
224
250
220
212
236
194
148
170
170
146
160
46
36
142
86
86
102
168
200
192
212
222
154
190
198
222
240
224
184
64
110
196
214
212
210
196
180
166
178
218
198
216
188
206
208
192
178
140
138
130
182
202
190
172
168
194
160
152
160
148
188
178
160
136
176
200
206
196
166
160
170
160
112
104
138
158
122
80
62
94
134
124
100
100
92
90
118
152
138
146
176
202
180
132
90
56
2
0
70
76
70
104
122
124
92
76
102
150
214
200
132
174
124
62
50
42
18
92
158
90
0
0
2
26
104
94
106
128
162
136
110
104
104
142
258
278
254
210
498
494
486
484
408
414
414
378
296
268
318
370
348
322
310
336
360
362
348
326
308
304
276
204
194
148
172
216
148
136
154
184
190
138
110
166
166
100
96
98
190
204
216
210
186
116
180
198
208
192
164
180
152
132
194
198
216
216
220
186
166
174
206
198
210
210
202
186
152
156
144
116
124
176
162
130
110
156
196
156
172
220
234
242
230
212
190
226
244
226
238
184
164
168
166
146
148
174
180
162
154
128
112
148
144
148
168
158
154
176
196
188
158
140
140
132
96
66
68
38
48
96
110
86
128
158
144
132
110
112
144
236
270
214
216
134
114
82
68
64
50
114
190
84
0
4
60
112
96
94
90
130
148
126
86
64
90
174
262
266
240
486
492
470
476
472
448
430
384
330
330
326
300
258
242
272
304
326
318
348
322
282
250
238
182
170
210
160
128
102
92
158
144
92
128
166
224
218
184
218
196
210
220
218
210
206
166
186
204
184
178
200
204
186
186
216
220
208
212
198
162
192
174
182
210
182
172
182
172
168
156
174
184
192
202
194
158
152
206
238
236
242
268
260
242
218
240
260
254
252
262
254
194
210
234
228
216
210
240
238
228
224
202
180
208
202
194
204
198
198
218
224
222
220
206
172
146
136
116
140
154
138
160
162
162
152
168
172
138
118
134
196
220
310
360
246
148
132
156
114
156
110
60
108
154
104
76
86
96
78
82
54
86
114
120
80
44
50
90
162
248
252
482
482
482
476
470
458
440
400
352
354
314
280
302
320
256
212
224
226
220
272
272
280
258
196
142
146
182
170
150
90
82
114
186
206
206
220
228
214
220
232
226
224
222
232
228
200
220
244
246
250
244
240
216
206
228
234
236
230
216
176
162
170
164
204
206
188
200
222
194
182
214
224
216
244
260
268
282
274
276
266
266
262
254
174
114
226
262
242
222
274
282
254
270
274
260
260
252
252
266
258
252
240
238
234
236
234
228
234
230
234
232
238
218
216
220
218
214
210
216
232
212
174
146
222
216
176
162
136
112
116
166
224
336
340
266
152
132
132
160
174
164
146
106
54
60
56
52
94
114
120
98
58
74
80
66
36
24
48
104
174
240
488
490
470
472
468
470
460
464
454
420
388
368
312
230
174
214
218
216
248
252
282
296
300
178
144
140
144
214
240
188
176
204
214
230
190
210
252
280
272
280
284
284
278
288
268
264
264
282
284
276
272
278
266
264
268
288
298
282
262
250
196
180
176
146
152
176
172
186
206
220
242
246
254
252
278
276
304
310
304
302
282
270
254
214
188
220
266
264
252
262
264
260
266
278
272
272
278
278
270
268
264
272
260
268
266
248
232
270
254
242
244
240
232
236
236
224
212
190
194
192
178
176
198
226
246
226
196
170
150
126
218
278
298
300
240
172
140
162
188
208
222
280
320
306
308
252
228
220
198
220
202
156
94
78
46
40
54
34
72
158
202
488
484
462
468
458
452
450
464
456
450
420
354
322
272
236
224
258
260
246
284
296
292
232
200
176
198
190
242
290
300
264
250
228
270
274
304
300
304
278
310
296
306
296
286
290
284
280
278
272
270
274
276
272
274
286
292
278
276
270
272
266
250
252
226
194
186
228
246
266
272
280
268
280
272
262
268
272
292
314
320
318
322
304
272
250
244
272
278
278
274
286
284
292
294
292
282
286
292
286
296
282
278
294
288
278
268
270
286
288
276
272
262
260
264
248
254
252
232
234
236
238
238
238
216
216
248
244
208
200
202
250
292
364
372
294
226
202
212
234
264
276
346
392
378
352
354
360
302
236
222
238
234
174
116
102
106
94
76
48
174
246
482
484
464
466
458
454
456
452
456
428
426
372
318
264
210
220
234
200
250
310
284
272
188
158
146
146
172
242
306
316
246
208
174
260
282
258
278
312
318
324
302
294
302
292
292
288
284
270
276
278
272
270
268
272
276
282
274
264
258
260
260
246
262
234
238
242
220
260
308
310
292
286
288
286
276
290
284
270
296
310
304
308
284
294
302
306
318
320
312
308
304
306
308
302
312
314
312
306
298
298
304
294
296
298
292
286
294
298
286
290
288
290
288
276
276
272
274
282
292
294
284
280
264
244
236
238
252
246
228
216
212
294
434
434
360
276
232
222
260
290
326
368
326
318
302
344
380
334
270
242
232
210
186
162
168
162
152
126
96
178
248
468
464
454
454
432
452
436
434
436
430
402
358
288
258
250
250
204
258
270
246
228
224
192
162
158
154
262
314
316
328
292
290
300
328
330
328
312
308
318
326
310
298
300
300
298
296
282
284
276
282
272
252
262
278
268
270
276
276
272
260
256
266
252
256
264
290
276
304
312
268
264
262
258
242
222
252
256
266
274
256
252
274
280
276
300
324
336
328
334
334
328
332
332
330
334
326
332
322
324
326
324
320
326
322
324
314
318
316
312
304
304
310
300
298
292
278
282
290
294
288
286
282
274
270
264
226
228
252
258
252
234
242
322
392
378
302
278
294
300
286
266
258
260
268
286
298
308
302
268
232
228
224
236
220
220
208
190
182
170
236
268
468
462
452
442
448
432
430
430
422
404
358
316
276
222
280
274
270
316
298
246
220
170
196
196
212
264
314
366
374
368
358
354
354
344
328
326
328
334
326
318
318
302
308
302
294
294
292
288
290
284
262
260
270
274
268
282
268
264
262
262
248
250
258
258
270
294
316
320
252
228
232
242
238
184
210
228
242
242
252
266
272
260
260
288
300
310
308
318
326
322
320
336
336
346
342
338
340
346
350
350
352
342
342
342
340
330
334
334
332
320
324
318
316
316
308
306
294
306
298
290
296
298
292
298
288
290
278
270
276
274
262
252
252
256
266
272
266
320
362
360
328
312
284
246
228
234
244
256
244
226
224
238
230
234
244
244
222
226
240
250
262
458
450
436
436
432
422
414
428
396
370
312
208
214
266
262
262
270
278
272
214
198
208
150
140
262
330
372
380
376
366
368
364
348
358
346
342
340
334
322
324
320
324
306
306
312
306
304
294
296
296
282
282
278
264
270
268
260
264
264
254
254
242
228
266
262
294
318
270
232
232
236
232
238
234
206
208
238
230
204
218
246
258
270
288
280
274
282
286
316
346
340
312
316
306
308
306
306
298
310
296
280
282
278
282
280
280
286
278
282
262
260
264
268
266
266
254
270
272
280
280
276
284
280
282
286
290
290
288
288
284
276
282
266
256
256
256
254
262
282
296
324
330
322
280
260
268
262
240
242
240
216
206
178
204
252
286
270
246
236
258
250
454
434
426
432
426
416
402
360
268
234
260
262
210
280
294
274
258
240
220
204
228
266
290
366
380
394
390
390
386
376
376
368
364
358
350
356
342
338
344
332
334
328
324
322
312
304
302
304
296
294
278
260
264
274
270
256
208
248
256
244
238
256
250
254
250
328
278
240
230
232
238
236
242
236
232
236
236
238
248
260
258
258
262
250
264
268
262
270
280
302
328
260
248
244
238
244
240
238
252
252
246
250
250
262
262
256
254
250
242
222
226
226
214
218
210
208
228
232
222
218
224
230
238
236
256
308
312
276
252
256
260
256
244
242
214
214
224
236
244
252
262
264
260
252
252
262
258
256
238
230
208
202
156
170
220
266
258
240
240
240
232
430
438
426
422
408
386
354
326
342
284
248
282
318
286
274
306
286
272
152
148
244
346
398
402
400
408
412
406
396
390
378
382
382
374
364
362
358
350
352
334
346
340
332
338
326
320
318
308
308
294
278
258
266
272
254
248
254
268
254
222
238
240
242
248
290
292
250
240
246
238
244
234
232
238
230
242
236
242
240
234
252
254
254
244
258
254
242
250
268
274
302
258
254
254
248
246
254
256
252
252
256
260
260
242
260
262
258
238
234
228
226
214
222
222
234
230
228
232
218
212
212
210
206
202
272
372
348
292
260
268
276
274
280
268
250
234
236
268
254
258
262
258
258
242
246
248
254
250
244
236
226
224
214
210
228
236
242
240
240
226
224
448
436
422
422
412
384
382
356
292
246
184
228
304
222
194
288
290
256
212
352
418
426
422
410
414
410
412
410
402
396
390
386
376
374
382
366
372
362
352
356
346
348
346
334
334
324
322
312
310
302
294
286
276
228
246
264
270
252
222
250
262
236
244
300
312
256
246
244
250
254
238
238
244
242
240
242
250
232
234
238
244
244
246
262
256
254
248
254
250
268
300
270
248
264
264
264
272
260
264
268
264
268
266
262
266
258
264
242
236
224
242
248
204
204
250
218
202
226
224
202
200
202
186
186
264
288
300
306
306
300
318
346
332
310
240
284
294
254
238
256
250
230
214
238
250
232
242
246
252
234
246
238
240
234
220
230
230
242
238
220
198
444
430
434
402
394
384
360
278
252
304
270
254
306
310
272
224
258
358
424
434
434
434
440
430
432
420
412
402
400
396
390
394
392
388
376
380
376
368
364
354
358
350
344
346
332
332
330
320
306
316
298
272
248
246
266
280
246
238
254
248
240
260
292
308
270
252
260
240
246
252
246
240
246
242
250
248
258
254
246
254
256
234
224
250
254
252
260
256
270
264
286
270
262
264
274
272
282
264
268
270
266
272
264
266
260
268
260
250
256
250
238
216
248
254
210
234
246
210
214
198
180
212
158
168
278
302
286
306
324
330
306
286
260
294
278
244
242
256
234
210
222
234
240
228
240
252
240
242
234
238
230
234
228
220
210
200
202
228
228
226
232
440
434
426
416
392
368
360
298
242
194
288
302
268
276
218
368
440
450
448
444
452
440
434
428
428
426
408
410
404
400
406
392
398
394
378
384
382
372
366
360
354
354
346
348
340
326
328
322
320
312
274
272
262
288
286
242
244
268
274
250
250
274
292
280
266
260
248
252
250
248
258
254
250
260
266
248
252
266
258
252
252
232
234
264
250
250
260
264
266
256
260
276
272
268
270
278
274
274
266
270
280
258
270
278
260
258
266
248
236
236
244
254
218
172
240
212
172
194
198
192
202
196
140
220
288
316
344
330
304
246
278
290
264
240
248
254
226
206
228
236
238
220
222
232
234
236
228
226
226
226
230
222
228
222
212
202
206
238
160
160
160
440
440
432
404
380
352
276
276
306
294
298
280
260
398
464
468
468
466
460
452
456
446
440
440
432
414
404
418
406
416
404
402
392
396
386
384
390
374
370
372
362
362
364
362
352
338
342
330
322
324
318
300
296
268
226
252
266
278
246
252
288
312
282
266
272
266
262
270
256
266
254
264
260
254
258
264
260
258
262
256
242
254
258
256
230
238
266
238
262
238
230
274
278
282
272
272
284
282
282
276
264
276
274
284
274
266
282
266
258
270
264
222
218
250
174
92
162
174
190
188
214
132
190
288
328
310
284
242
284
274
236
222
242
248
230
222
236
236
226
218
236
228
226
218
224
242
244
220
218
222
216
224
230
230
234
246
160
160
160
160
160
428
444
438
404
350
236
280
326
314
310
310
378
462
478
470
468
478
466
462
474
462
454
440
430
426
422
420
406
414
402
416
394
390
398
380
386
400
390
364
370
368
360
362
364
356
352
342
338
330
328
330
308
284
220
206
252
282
244
246
292
302
292
278
278
272
272
266
282
268
256
272
268
272
264
262
266
274
274
280
266
248
254
266
254
238
264
262
218
252
242
270
280
280
280
278
272
270
278
268
278
278
286
292
272
278
284
254
242
266
268
250
256
260
204
134
132
132
146
166
194
144
130
278
308
272
252
286
272
240
238
240
240
220
208
248
242
238
216
230
228
230
214
218
220
216
226
236
226
228
224
222
238
244
246
258
160
160
160
160
160
160
430
440
432
394
374
372
392
392
388
444
468
474
484
480
476
470
480
476
470
484
460
452
450
438
418
428
420
424
418
410
406
402
416
404
398
398
392
386
396
388
376
366
368
368
366
360
344
334
338
330
326
290
270
244
274
296
252
260
298
300
308
288
282
290
286
278
266
274
280
286
280
258
278
274
268
278
284
280
284
284
280
274
270
258
258
286
260
260
266
264
284
276
288
296
276
280
290
282
282
282
292
288
286
276
220
262
290
276
292
324
320
270
204
182
206
180
136
188
236
168
184
246
242
254
284
254
228
242
250
238
214
218
240
242
224
234
242
230
216
220
212
212
216
204
212
222
230
234
232
238
246
252
160
160
160
160
160
160
160
160
160
466
478
482
472
476
478
474
472
480
482
490
484
486
488
484
474
480
472
464
458
450
456
442
434
436
424
430
414
410
420
420
414
410
406
402
410
402
394
392
382
384
366
376
380
366
362
356
352
340
336
336
328
296
302
282
256
258
302
312
306
306
296
290
290
298
292
280
282
286
272
282
274
278
280
292
294
282
276
274
288
292
282
274
260
286
278
252
262
278
284
282
288
284
288
290
288
284
282
290
286
292
270
238
298
290
294
302
378
324
256
302
296
262
264
262
272
270
246
224
234
240
270
270
244
232
244
246
230
204
226
240
230
222
236
228
214
212
218
220
202
212
216
208
214
228
232
232
244
264
264
160
160
160
160
160
160
160
160
160
160
160
476
486
504
494
486
490
488
492
488
488
486
482
492
478
470
486
478
474
470
466
458
460
464
442
442
440
428
436
436
422
418
420
408
400
406
400
394
398
394
394
390
380
382
378
378
382
380
364
368
350
340
346
322
286
270
278
322
328
298
314
314
306
302
302
308
298
292
296
294
304
294
288
288
288
290
284
284
292
296
298
304
302
294
304
290
282
278
300
296
286
286
280
282
292
298
292
294
298
286
248
230
282
288
296
324
374
390
350
304
302
308
318
292
296
322
318
282
246
244
268
256
232
236
246
232
210
212
240
240
226
230
238
228
216
216
218
212
212
212
210
216
210
216
232
234
254
264
288
160
160
160
160
160
160
160
160
160
160
160
160
160
486
490
496
502
486
500
494
486
500
500
488
484
490
482
474
478
476
478
468
458
456
454
448
432
440
444
436
434
430
430
416
426
416
402
396
396
396
406
390
400
396
404
400
394
382
386
396
376
384
362
354
344
338
340
332
322
326
326
328
312
318
324
310
312
310
298
306
300
302
314
308
296
294
298
304
312
308
306
310
312
314
310
314
306
302
298
300
300
302
300
286
292
286
292
290
296
290
240
294
298
290
302
366
384
384
344
322
312
312
302
310
314
322
328
294
256
274
264
260
236
236
248
222
212
218
234
230
230
234
244
228
224
218
220
210
206
214
204
208
206
204
218
228
254
278
276
160
160
160
160
160
160
160
160
160
160
160
160
160
160
160
