408
410
406
416
406
414
438
464
472
478
484
474
464
460
434
438
436
424
424
424
428
434
432
440
440
444
440
444
444
442
446
444
434
428
424
428
434
418
408
420
418
410
408
402
400
392
372
370
366
366
354
338
340
340
346
348
334
330
310
322
312
306
294
300
294
290
292
296
280
272
280
278
284
296
294
304
298
300
304
308
308
306
300
300
290
298
292
286
288
282
284
280
282
286
262
266
264
256
252
246
246
252
246
242
228
220
230
216
210
208
208
200
200
198
188
176
186
184
182
176
170
168
170
162
162
152
154
150
148
152
154
150
148
144
144
138
144
138
132
126
124
114
122
126
118
124
118
114
116
118
102
106
118
114
120
106
108
124
124
122
126
412
412
420
412
424
444
448
444
476
470
466
454
446
440
434
438
430
436
430
440
428
432
438
444
434
434
438
446
444
442
444
440
444
430
430
424
420
426
426
414
418
420
418
410
394
392
382
374
372
364
360
344
336
330
330
338
330
336
324
322
314
306
304
300
304
288
292
292
288
298
286
296
294
296
304
304
302
296
292
306
312
306
290
296
292
278
286
280
290
290
278
276
278
276
272
266
264
260
254
254
250
252
246
238
238
230
226
220
208
216
202
194
186
186
182
174
186
188
184
176
178
166
180
168
166
164
150
148
154
148
154
144
148
144
144
140
142
134
138
126
118
132
120
124
126
118
120
114
116
112
108
112
114
118
112
114
106
116
128
132
136
442
408
434
430
424
444
436
446
448
440
438
430
430
430
436
432
424
428
440
424
438
442
438
444
434
440
452
444
440
458
442
440
438
448
442
436
430
430
424
412
420
406
412
406
410
396
398
382
378
374
362
352
348
356
330
336
336
324
330
314
310
300
298
306
306
302
290
288
294
278
284
292
292
304
300
280
264
238
238
264
278
298
310
292
296
288
274
278
274
282
278
274
274
270
266
266
258
256
252
248
246
246
246
238
230
228
224
228
218
204
198
202
188
180
184
186
180
180
178
184
170
174
176
168
154
162
154
144
146
152
144
142
144
144
146
146
140
146
132
126
124
124
120
126
120
114
116
112
110
104
110
112
116
120
120
120
116
112
124
130
130
450
462
432
432
420
422
408
416
434
450
444
438
438
434
444
434
430
430
430
438
436
440
440
440
444
446
454
462
452
448
446
450
458
450
452
430
436
440
420
426
428
422
418
402
404
390
404
388
384
378
368
372
362
352
346
338
334
332
328
324
318
312
312
306
298
296
292
294
306
298
294
294
308
288
272
218
234
260
200
176
204
244
266
290
290
286
276
290
284
280
276
276
278
266
270
252
260
256
256
250
254
252
250
248
238
236
232
224
220
216
194
196
184
196
184
174
176
180
184
178
184
176
174
166
162
158
150
154
144
140
146
144
152
150
138
148
140
138
132
134
130
128
126
116
124
124
120
114
114
118
116
118
118
122
116
126
120
120
128
130
128
448
458
420
416
412
410
404
400
426
438
430
426
434
442
436
446
436
438
442
434
440
444
452
444
448
454
450
456
458
454
458
452
442
440
432
428
434
428
424
426
422
428
430
414
412
390
396
394
390
378
380
370
364
352
346
346
336
322
328
320
324
314
316
310
304
294
300
296
302
304
296
302
300
286
266
240
198
208
244
246
166
200
234
226
276
286
290
278
280
280
284
276
274
258
264
258
258
252
250
244
254
250
252
240
240
234
228
230
222
212
204
194
188
188
184
174
184
174
178
178
178
180
178
186
176
162
152
150
146
148
146
150
146
142
142
138
140
144
136
134
128
122
120
118
114
118
118
122
122
128
124
120
122
124
124
122
114
118
124
134
126
510
436
434
420
422
400
388
396
408
424
440
442
436
438
446
444
442
438
444
440
446
442
444
442
456
452
452
456
444
454
464
444
452
440
444
434
440
436
426
438
428
422
420
422
406
394
394
384
386
378
376
370
356
352
344
346
340
332
324
324
320
314
306
308
318
306
318
304
314
314
302
302
290
270
242
268
260
226
186
248
266
208
218
204
176
250
280
278
284
286
274
276
274
262
258
254
258
246
254
244
244
248
240
244
236
234
220
224
214
216
206
192
194
180
172
178
180
184
180
180
178
180
180
186
172
164
160
146
146
146
146
150
150
152
142
150
136
140
140
136
122
124
126
124
114
122
124
120
130
128
120
130
126
108
128
122
122
120
122
130
130
510
510
436
410
428
404
388
396
404
418
436
460
452
428
434
448
448
452
444
446
450
444
450
452
456
454
466
456
452
454
462
446
456
452
448
454
448
440
434
438
422
426
416
414
404
404
384
390
378
374
380
368
350
352
352
336
318
326
330
320
318
314
320
324
330
320
326
318
316
316
298
286
280
268
250
212
246
284
240
216
224
268
240
216
238
200
242
272
278
282
270
258
274
268
266
260
260
252
246
244
242
236
240
238
228
216
220
224
226
216
202
194
188
180
178
166
172
188
186
186
184
180
180
174
180
176
170
158
150
146
140
140
146
150
142
142
142
138
140
130
130
124
134
114
122
122
132
134
120
128
130
118
122
124
128
132
118
130
130
128
128
510
510
458
432
426
424
398
410
416
420
424
434
448
448
442
442
460
454
458
456
452
452
438
448
456
456
456
454
460
452
450
454
464
456
464
444
454
444
434
440
434
428
420
412
400
408
398
384
384
380
366
360
354
348
348
336
342
328
330
336
324
328
322
322
328
318
318
310
310
308
302
276
254
272
272
250
188
224
280
284
246
230
254
230
230
238
190
250
282
284
276
262
266
270
256
264
262
252
254
250
246
240
232
234
226
218
214
218
214
212
206
200
182
180
176
174
180
176
186
176
176
182
178
174
176
170
172
168
168
156
150
156
144
146
146
142
130
132
128
132
134
128
130
126
126
132
130
134
132
128
132
134
128
128
128
124
134
130
132
136
134
510
510
480
460
420
424
408
414
434
418
414
436
450
440
434
448
440
446
452
458
444
446
438
450
450
456
450
464
452
450
452
452
452
464
458
464
454
444
444
444
444
440
432
420
424
422
408
392
372
372
364
360
358
356
346
354
342
338
330
338
340
330
324
318
322
328
324
314
322
306
282
260
246
228
244
292
268
234
200
274
286
258
218
230
224
226
218
194
236
268
276
266
272
262
264
264
258
252
250
246
246
234
234
238
228
224
218
220
214
196
208
208
192
194
182
168
180
178
174
178
184
190
182
180
176
170
174
166
170
166
146
152
146
146
148
148
142
146
136
138
130
132
132
136
126
132
146
140
136
136
136
130
120
136
130
138
146
136
138
146
138
416
510
510
504
460
430
432
414
420
406
406
430
444
442
456
450
458
456
458
454
452
446
450
454
470
456
468
462
464
460
452
452
452
448
448
444
454
456
448
454
444
448
440
410
410
410
400
396
378
368
354
360
360
344
344
346
350
352
338
332
332
332
308
310
322
324
320
322
318
314
270
268
270
244
218
214
272
296
254
188
230
280
272
234
244
244
230
228
210
208
258
270
270
272
262
254
264
250
258
250
240
244
242
230
226
230
228
214
220
210
206
208
202
198
180
182
172
182
178
178
186
178
190
180
176
176
174
164
164
166
146
152
148
156
144
144
146
146
148
140
136
136
132
130
126
138
138
142
134
134
140
128
132
128
132
140
132
134
144
138
146
510
432
498
494
466
436
444
416
418
410
424
436
440
446
448
474
454
456
458
454
450
446
450
462
448
460
456
456
456
464
452
462
452
456
442
442
454
456
464
462
456
446
438
418
418
396
400
388
364
362
356
354
350
350
350
354
352
358
336
334
330
326
322
322
316
326
328
320
330
308
268
222
228
282
282
254
220
238
280
290
248
216
252
272
228
236
246
224
228
202
200
238
268
276
266
256
252
250
252
252
248
246
242
240
232
228
218
214
208
216
204
204
194
194
186
178
174
172
172
164
182
186
192
184
186
178
174
174
178
164
170
152
158
160
156
152
150
156
140
142
142
132
126
138
144
144
142
140
138
136
140
136
126
138
146
136
142
144
148
152
150
510
454
474
480
510
480
452
456
424
436
434
436
442
436
450
458
474
468
468
436
446
460
446
456
462
456
468
464
460
466
466
458
448
456
458
454
448
466
462
462
454
438
434
392
404
402
386
380
372
362
352
358
360
346
350
352
348
342
330
344
328
334
342
332
340
334
342
344
322
298
288
276
220
200
246
288
294
266
210
246
276
276
238
230
248
212
210
234
200
214
214
190
216
264
262
262
254
252
250
252
256
246
238
230
232
236
220
220
218
204
208
204
200
198
192
186
182
178
174
180
180
172
178
186
172
180
176
178
176
176
174
162
150
152
146
150
154
152
150
140
150
148
140
136
138
150
146
148
136
142
134
142
136
144
136
138
138
154
152
154
148
458
506
404
466
510
352
462
466
472
436
438
440
428
440
460
446
458
458
462
464
452
468
462
456
458
478
462
454
470
472
468
460
466
450
458
456
456
450
458
452
456
438
424
418
390
378
376
370
352
364
358
346
354
354
350
350
342
340
346
344
344
338
350
350
342
352
342
344
326
270
214
246
298
296
276
224
210
248
276
262
242
214
238
232
190
172
136
152
174
154
154
152
116
154
164
148
126
120
122
96
122
112
96
92
92
84
98
102
110
114
106
106
126
134
138
156
162
160
164
170
168
180
186
190
190
178
188
192
180
172
170
164
164
148
150
154
154
148
154
156
152
136
138
140
154
148
152
144
148
146
152
144
142
150
150
146
146
152
150
150
152
448
412
436
406
452
402
450
450
470
472
430
428
434
440
440
452
460
464
458
462
456
462
456
462
474
478
462
466
472
470
472
470
462
462
462
446
458
464
462
454
450
438
428
410
392
374
364
366
356
350
358
352
338
352
350
350
346
340
358
360
362
358
366
354
356
344
344
352
332
292
258
232
234
232
228
236
272
258
214
212
214
164
132
122
120
128
122
116
128
146
144
138
128
130
82
20
16
26
62
86
90
74
68
74
36
38
72
44
34
36
58
52
60
70
60
60
82
82
80
100
90
92
96
118
152
148
164
170
176
176
184
162
160
148
146
158
154
162
164
158
154
152
152
158
148
158
164
156
150
156
152
150
154
162
148
154
158
158
162
166
162
484
472
478
466
424
458
414
400
452
464
444
432
434
440
462
450
458
458
464
466
474
460
464
468
460
468
474
470
460
470
478
476
464
474
470
460
460
458
448
462
438
420
406
414
384
372
372
376
346
354
340
346
358
356
358
368
368
376
376
382
376
374
354
360
348
346
328
332
328
274
238
224
216
200
174
144
168
182
148
100
72
64
52
48
58
62
20
0
20
102
112
110
86
76
58
30
48
56
16
42
72
70
58
78
98
88
64
48
48
60
62
64
48
66
76
76
82
96
98
102
74
90
64
48
60
70
60
58
66
104
108
132
158
148
156
156
162
156
156
154
142
164
158
160
164
168
162
146
160
160
162
160
150
150
166
158
170
172
168
168
162
510
426
464
432
424
442
432
390
428
448
442
418
430
434
428
442
452
510
510
480
466
456
458
466
472
470
478
470
480
470
472
468
472
474
468
472
464
454
446
434
432
412
408
396
390
386
384
372
380
364
366
368
368
372
374
380
384
382
390
378
368
358
316
302
278
262
236
198
184
164
142
118
102
110
128
152
152
160
128
46
4
0
14
14
10
28
22
14
38
64
56
24
40
30
22
18
32
54
38
30
26
38
36
70
78
72
54
54
64
72
68
62
70
58
62
66
82
96
98
64
34
40
78
104
110
104
80
64
58
72
80
68
64
68
90
124
156
152
162
158
166
168
166
166
166
172
182
170
168
160
162
168
160
156
166
166
168
176
172
170
172
482
510
418
390
396
358
378
378
314
386
402
378
368
382
408
416
452
510
510
452
454
460
470
462
478
480
478
470
468
470
458
452
474
454
462
460
458
450
446
430
428
410
396
404
384
378
370
372
370
366
362
368
368
350
342
310
270
254
206
146
144
140
112
90
84
96
78
70
52
20
66
82
114
104
108
86
70
80
62
12
6
22
20
22
54
52
28
36
62
62
70
48
50
20
4
6
6
2
6
24
54
54
28
64
80
62
54
60
68
62
62
74
68
46
48
64
70
62
58
48
66
74
68
66
22
38
82
100
116
104
112
98
98
96
80
86
76
110
138
150
162
168
166
162
168
176
172
170
172
164
172
174
172
170
180
172
178
182
182
182
174
500
408
490
414
378
360
308
282
322
252
274
308
304
278
294
314
342
356
372
386
412
428
440
452
462
468
470
464
466
464
454
468
460
450
460
460
452
448
446
426
422
404
396
380
368
350
322
304
278
242
208
160
128
102
120
78
86
86
100
118
130
118
80
80
72
86
86
70
38
32
8
48
86
92
88
60
60
58
52
28
12
52
66
52
42
38
2
18
66
72
72
64
54
34
12
16
36
20
6
24
48
32
26
34
48
64
78
36
38
12
16
54
70
62
60
56
40
48
46
30
46
82
68
68
52
56
88
82
92
90
92
52
72
96
90
100
106
90
62
78
92
144
162
174
168
172
166
184
176
186
186
168
172
166
176
182
180
186
186
186
194
488
504
500
482
398
372
342
294
256
240
228
238
254
252
234
232
238
260
270
298
292
302
322
350
320
346
356
390
402
394
404
378
374
382
382
376
366
364
350
324
310
288
242
194
144
94
92
88
42
14
0
20
72
66
72
44
84
108
98
92
92
94
84
72
86
90
94
86
60
28
16
72
62
76
56
28
50
52
10
36
22
60
62
40
12
28
50
60
60
54
38
44
18
0
8
30
2
2
12
50
60
76
54
16
28
30
38
20
20
24
22
32
38
40
66
64
64
46
58
80
70
94
100
88
96
80
70
58
66
86
76
96
92
92
82
84
92
70
48
32
16
28
70
104
136
162
174
182
188
188
178
186
184
186
184
188
192
186
194
200
194
510
510
510
500
416
384
408
378
334
318
278
226
230
258
260
254
252
270
294
292
296
284
282
266
260
216
214
260
266
236
262
216
206
230
232
224
194
178
156
184
188
166
118
110
88
86
82
58
88
60
56
52
58
48
50
48
88
96
92
52
54
98
104
94
104
102
86
94
82
48
38
58
74
54
16
6
42
38
8
34
42
50
16
0
4
22
44
60
60
58
4
2
0
0
20
38
10
0
8
32
56
52
54
38
34
22
2
0
24
28
34
14
8
30
56
66
36
12
16
26
50
72
78
70
78
80
62
48
56
70
86
74
52
48
54
66
82
74
72
50
32
56
74
90
64
60
84
112
162
186
196
190
198
190
188
188
194
198
210
200
208
508
504
480
508
492
414
412
466
402
392
372
308
278
270
278
284
270
256
274
314
324
316
310
292
264
236
218
206
206
230
254
170
176
232
234
214
196
186
106
42
116
120
130
134
112
62
4
50
88
84
72
84
88
80
86
96
96
110
106
98
80
98
100
90
90
80
72
82
86
80
72
82
76
32
10
14
42
72
80
54
64
38
2
2
0
8
30
36
52
24
18
6
0
12
32
28
40
26
32
36
52
60
40
58
80
68
58
30
44
28
14
0
4
10
30
62
52
16
34
44
34
64
56
50
56
38
66
54
60
32
0
6
42
62
78
88
88
100
106
102
88
78
84
100
78
46
50
56
84
144
182
206
210
202
200
212
200
208
218
214
224
478
510
508
506
476
454
394
434
508
424
418
392
364
324
306
292
282
274
262
294
330
330
336
344
302
282
272
264
242
232
214
192
186
212
216
176
162
160
144
96
118
70
22
56
118
108
82
62
82
96
90
94
106
108
100
108
110
108
106
96
112
118
74
78
86
90
20
60
74
78
86
86
92
88
60
44
40
62
76
64
74
68
44
24
44
28
4
6
24
6
6
32
34
52
40
30
76
86
64
74
92
84
78
106
108
98
122
92
78
54
78
84
62
62
34
38
68
92
92
88
78
88
102
100
58
82
84
70
58
2
2
26
64
70
68
70
62
112
134
112
78
94
106
94
92
96
78
86
98
92
126
190
216
216
218
212
212
216
216
220
226
486
496
510
506
510
430
434
414
468
508
396
462
420
364
330
302
278
256
238
234
246
270
306
326
322
302
296
286
240
232
234
206
180
194
200
118
62
104
144
128
132
130
126
134
138
128
142
128
104
94
120
132
122
108
72
90
102
108
92
56
112
146
144
132
160
148
62
38
48
30
52
44
112
136
82
52
60
66
70
98
132
148
132
94
70
58
2
0
30
76
118
82
46
38
42
94
122
132
120
118
120
128
102
100
118
140
164
160
138
96
104
134
102
82
64
68
102
120
126
112
122
118
94
42
68
108
110
118
120
108
126
118
112
70
108
160
148
102
110
84
90
64
72
74
70
70
62
66
100
104
108
132
174
204
212
220
216
220
220
214
188
464
478
504
506
510
510
422
404
410
478
444
412
440
418
386
362
336
316
276
270
272
272
248
264
310
320
314
282
258
218
196
164
162
182
172
136
94
134
154
144
152
136
148
158
156
172
170
142
168
176
174
170
128
110
72
66
124
128
88
102
130
116
150
184
188
188
138
112
98
124
136
136
152
180
144
146
172
174
150
152
146
134
122
100
56
40
66
52
74
112
140
122
88
46
76
98
52
20
52
96
134
68
26
88
84
80
150
178
168
104
78
94
82
92
102
120
152
140
126
118
154
96
28
80
144
116
82
138
144
116
98
144
178
180
168
134
114
122
108
84
102
80
66
62
66
86
92
90
110
126
118
126
138
162
172
216
228
190
226
228
220
456
480
480
506
508
508
508
458
418
394
506
408
420
420
348
354
294
268
226
222
222
212
182
184
230
292
312
304
240
198
178
196
158
170
174
140
154
166
166
170
170
106
70
144
164
138
152
114
114
134
96
98
142
140
88
64
110
108
114
130
158
150
136
178
132
152
188
146
110
146
128
102
124
176
172
152
154
166
140
152
138
86
138
130
48
58
92
118
136
88
76
104
128
112
106
122
106
90
98
120
152
126
110
116
140
138
138
150
166
160
156
138
136
126
60
44
64
70
110
128
144
142
140
136
136
116
72
78
114
118
148
136
142
138
138
142
120
94
142
146
140
178
222
196
178
152
114
116
98
88
98
114
158
168
158
150
208
220
236
248
304
454
458
462
482
510
510
510
486
472
406
390
510
392
428
370
346
326
296
270
252
234
232
230
244
290
318
304
290
242
196
182
156
170
202
216
172
148
146
168
162
166
170
190
212
174
122
116
136
208
220
192
182
206
188
146
160
180
206
202
198
206
208
184
180
176
166
172
156
150
182
176
162
174
142
138
116
94
158
196
198
160
100
114
150
140
128
74
48
98
98
34
60
118
116
90
120
76
56
84
76
84
84
92
112
92
102
150
138
136
106
98
128
132
102
74
104
96
88
100
100
116
116
98
58
64
60
66
72
76
82
108
100
34
4
20
32
38
46
100
138
112
158
182
164
206
170
112
26
8
26
44
84
138
154
142
128
170
254
308
312
270
448
442
454
470
480
506
504
506
466
444
418
410
444
346
314
270
238
226
228
238
228
226
248
276
298
292
276
252
238
212
198
192
176
226
260
264
214
202
218
246
248
246
258
272
260
256
272
248
260
266
264
256
250
218
208
244
234
242
228
230
208
120
182
228
236
224
208
206
196
208
216
216
204
168
176
178
156
192
212
192
132
122
166
142
158
158
150
128
138
138
110
122
112
146
148
152
112
76
102
122
116
90
84
112
102
128
134
74
94
120
126
132
126
116
124
100
52
40
80
96
60
60
72
38
64
94
106
98
104
98
82
30
4
6
14
16
34
60
62
68
94
80
58
26
86
66
2
0
18
58
68
120
112
130
176
150
128
186
216
248
254
460
454
440
444
470
476
506
494
510
486
418
378
376
348
310
292
268
264
266
270
288
292
296
300
272
234
226
230
222
214
200
186
232
290
314
316
288
266
274
290
318
312
332
324
344
336
344
356
354
352
348
346
344
336
342
338
330
326
314
310
304
302
298
304
284
288
266
244
230
224
222
234
224
232
226
224
230
220
226
188
186
190
212
204
188
190
190
176
166
130
136
140
154
156
138
164
144
114
112
124
110
154
150
158
162
102
32
104
134
126
146
134
126
128
126
114
116
114
98
96
64
90
116
98
96
118
110
120
80
48
48
28
14
12
16
26
40
42
58
92
126
112
86
50
14
0
34
82
82
52
104
126
128
176
230
194
136
84
162
228
250
436
432
444
428
448
478
488
496
504
504
400
364
350
342
320
294
246
246
252
248
266
266
268
276
268
216
198
196
194
200
238
282
324
366
380
366
358
364
372
366
362
358
360
352
368
362
360
366
356
354
350
360
352
350
348
354
346
338
334
332
338
344
326
340
334
328
324
318
314
300
268
266
258
244
246
246
260
242
232
242
228
226
246
218
170
158
190
210
192
170
176
158
152
172
156
146
172
164
142
154
162
162
160
148
142
102
94
134
116
98
122
154
150
142
122
106
90
56
44
66
76
116
128
118
150
176
150
116
76
70
66
78
70
50
10
6
28
74
140
172
146
144
152
116
46
28
58
66
26
38
58
118
114
160
206
164
122
84
120
240
272
438
434
428
430
426
442
456
462
460
448
396
362
332
270
224
206
238
244
244
248
274
280
246
220
198
228
254
278
280
286
330
354
366
372
368
366
374
372
372
358
366
372
356
354
356
362
346
358
360
356
354
356
354
356
364
352
340
320
308
316
334
336
340
354
340
326
320
310
310
312
310
306
310
322
328
322
312
306
302
298
296
280
280
278
260
278
276
274
272
262
252
232
222
216
218
204
212
216
216
216
190
192
184
180
140
136
172
172
154
86
90
130
160
144
142
114
90
132
166
174
196
184
198
190
172
150
126
98
128
110
70
80
82
72
48
36
38
82
152
172
156
124
84
70
84
98
118
46
2
2
4
78
114
140
152
136
118
74
168
238
202
434
430
432
418
428
502
440
436
414
394
346
298
268
234
214
216
246
248
262
216
232
294
282
252
192
238
278
330
350
364
366
370
360
376
370
382
366
370
370
364
356
366
360
356
358
344
352
356
352
356
366
348
358
354
354
356
354
340
336
336
320
322
332
334
314
312
320
312
302
292
296
300
310
318
324
310
308
290
298
296
290
290
268
270
276
280
280
290
288
276
268
242
178
168
238
256
264
256
258
250
232
248
260
258
238
234
250
256
250
242
212
222
234
216
238
236
236
250
246
244
246
216
182
154
140
142
108
74
92
112
92
110
132
146
124
72
70
110
154
172
162
138
108
134
142
144
142
168
126
112
142
174
184
172
170
140
98
140
216
252
224
442
432
426
430
424
440
442
408
392
382
356
286
250
242
234
252
248
262
258
266
238
256
290
288
294
320
334
330
338
356
364
374
378
374
366
370
370
362
364
376
370
372
364
366
364
362
356
362
358
354
362
358
354
346
354
360
346
340
310
312
320
326
314
288
300
326
304
282
290
306
286
296
316
320
318
312
304
318
292
302
300
294
292
288
270
272
282
278
276
282
282
280
276
270
272
284
290
272
280
290
294
300
298
294
294
282
288
284
280
278
278
282
280
276
282
280
278
280
276
274
262
234
188
134
108
102
92
68
114
164
150
150
194
186
156
122
104
138
190
234
228
168
158
196
226
222
194
178
176
214
232
234
238
230
178
148
188
232
202
196
210
444
434
434
430
414
404
382
380
368
352
310
312
304
286
280
266
264
256
254
282
282
312
362
348
338
322
330
330
328
332
352
368
366
372
356
374
370
358
372
370
376
370
362
368
366
366
364
364
358
352
352
348
358
346
358
356
350
352
326
324
304
282
302
326
332
300
282
302
306
296
316
330
328
322
310
310
304
304
298
296
302
298
296
292
266
276
274
274
274
280
282
276
286
296
298
300
260
240
238
226
234
236
232
234
224
228
234
232
230
224
230
232
244
244
236
228
208
210
244
246
260
246
218
174
152
144
168
168
172
204
218
228
214
200
190
174
174
206
256
272
242
210
210
258
274
262
244
242
262
276
272
250
230
222
240
236
226
218
214
200
178
0
444
438
428
410
398
390
370
368
354
348
338
336
292
294
298
308
328
334
386
378
300
368
344
344
350
338
322
326
344
348
356
390
362
366
374
364
366
366
370
372
380
372
366
370
370
360
356
344
346
352
350
354
358
354
356
348
342
308
282
276
302
322
308
292
292
302
284
282
306
336
326
324
308
322
316
304
298
304
302
292
298
302
288
282
270
264
256
278
278
276
256
252
284
298
282
246
240
236
232
238
238
236
230
220
230
234
234
230
242
234
242
244
244
230
210
210
214
216
222
224
226
242
214
200
214
202
220
218
228
214
248
254
244
238
234
236
262
294
298
286
274
272
272
270
268
252
266
246
224
222
226
224
226
222
234
228
210
186
172
164
0
0
442
428
402
388
380
392
348
372
376
390
400
398
330
392
374
404
444
354
418
508
368
364
356
366
356
350
340
340
356
358
362
372
380
358
366
370
360
358
374
366
372
358
368
370
354
352
346
356
366
364
360
360
364
356
354
342
318
318
316
312
292
286
300
318
290
280
296
320
326
318
320
310
316
306
310
296
308
308
300
292
288
290
270
254
258
270
266
276
256
250
268
276
290
272
252
238
242
236
234
246
242
230
236
240
244
234
240
244
258
254
256
254
232
214
228
212
212
208
226
226
234
208
210
216
226
220
236
248
208
260
252
248
268
312
300
294
266
272
268
274
262
266
268
278
254
240
220
236
226
204
214
222
214
220
228
210
164
144
134
0
0
0
424
390
380
386
382
374
374
396
418
444
438
434
380
406
386
420
446
348
418
424
344
376
360
358
368
364
360
336
350
356
360
360
360
362
364
368
366
358
362
370
360
358
346
352
362
348
352
364
360
360
356
364
356
352
348
348
310
272
222
258
286
288
262
278
314
324
322
314
324
308
312
308
308
308
294
300
296
300
294
300
292
268
262
274
268
268
260
224
246
248
260
278
262
236
236
242
236
244
238
238
248
244
246
256
254
244
262
252
254
254
244
238
216
208
216
230
214
212
216
210
206
194
190
204
220
238
262
258
256
292
324
334
286
272
270
270
260
270
262
268
272
248
230
242
244
220
214
218
210
198
194
220
220
210
194
176
170
174
0
0
0
374
358
360
360
376
376
374
382
408
414
450
436
442
434
398
428
476
476
386
436
502
372
378
384
354
364
376
368
356
350
356
358
354
360
346
354
352
360
374
360
364
364
370
366
356
356
352
352
364
370
378
370
372
364
362
344
294
290
290
304
280
258
290
314
326
326
330
318
316
312
312
304
314
304
300
304
302
304
294
296
290
276
266
248
244
256
270
264
266
260
266
274
256
238
242
242
242
244
238
246
254
244
260
262
260
266
258
260
254
252
254
246
226
226
220
198
204
218
214
208
188
200
212
206
226
248
270
322
338
324
280
266
264
268
270
248
262
280
246
220
224
244
240
220
216
228
212
202
204
226
224
224
226
216
208
188
180
178
0
0
0
0
342
356
356
380
380
380
374
382
410
442
440
448
446
470
390
384
490
398
436
418
396
390
390
392
362
368
368
366
354
342
336
370
356
356
358
350
356
366
364
360
352
358
362
354
356
362
364
350
370
376
368
364
364
348
362
342
320
288
258
274
318
332
330
320
322
316
314
316
308
306
310
308
308
310
312
304
304
304
296
298
280
260
236
248
268
266
266
262
264
282
268
252
246
250
246
252
254
272
250
254
268
262
280
260
250
258
264
256
252
254
248
240
214
200
204
216
204
208
194
184
210
220
208
240
310
336
312
280
274
262
270
260
260
274
274
224
224
238
228
226
214
228
228
206
208
214
218
220
242
258
268
240
208
192
176
164
166
0
0
0
0
0
356
352
368
360
374
420
374
390
416
448
446
464
430
486
402
406
510
340
426
370
302
396
386
380
360
358
364
360
344
344
340
356
352
356
348
350
350
364
346
340
356
364
358
366
366
368
370
366
372
368
356
362
352
358
350
346
350
342
338
338
336
334
322
314
306
326
316
298
310
310
306
312
310
308
304
320
310
300
296
288
252
226
254
268
268
268
260
262
268
260
258
242
250
258
258
260
274
268
272
272
268
276
260
250
254
264
254
254
258
254
222
226
222
210
200
218
206
184
188
200
198
202
268
288
294
280
278
276
262
272
276
254
232
234
244
228
218
214
220
214
192
206
220
220
212
216
244
258
268
274
230
192
172
154
144
150
0
0
0
0
0
0
344
352
374
380
396
376
384
414
424
454
476
468
370
436
404
410
504
342
434
476
342
408
382
378
374
354
358
358
346
356
354
350
346
350
344
352
362
370
348
348
370
366
372
376
364
360
364
354
358
358
352
340
354
354
348
338
342
336
340
330
326
320
324
326
324
332
310
324
320
318
314
322
322
318
316
312
300
302
292
270
252
234
240
254
220
240
258
266
266
264
260
258
256
262
276
264
270
266
268
264
274
272
270
258
272
274
278
270
270
258
256
220
216
222
210
172
178
170
194
188
200
250
280
280
272
272
278
274
242
236
240
236
226
214
212
226
206
182
214
216
208
212
220
240
240
246
260
252
236
212
172
136
118
124
128
0
0
0
0
0
0
366
346
364
378
402
398
390
400
440
430
438
482
452
466
432
388
486
476
374
402
340
396
392
384
368
364
354
356
356
348
350
356
358
354
342
344
344
348
348
358
374
370
370
384
370
370
368
358
356
358
358
348
346
328
334
338
326
328
336
326
330
338
330
338
348
338
330
334
328
326
326
336
330
330
318
314
304
282
286
280
272
232
236
258
232
246
254
276
268
268
276
274
272
278
276
276
264
272
276
274
262
278
276
276
266
278
272
276
260
214
250
228
230
222
184
166
164
184
176
178
212
268
286
298
290
272
242
238
240
240
230
210
220
226
206
212
218
218
212
208
216
220
228
244
252
252
238
228
206
172
138
126
130
140
166
0
0
0
0
0
0
0
364
362
360
376
390
406
406
422
440
444
426
480
448
510
420
404
504
380
406
392
252
392
394
384
358
364
348
348
358
360
354
356
348
350
346
348
352
360
366
378
374
364
366
370
358
364
368
362
330
350
340
338
336
328
328
330
332
316
342
346
342
346
340
340
346
340
338
346
340
338
324
318
318
318
306
302
294
284
288
276
270
268
262
268
274
278
280
286
276
292
288
282
292
290
290
296
290
292
282
282
276
284
282
276
284
246
252
274
266
256
254
234
202
180
170
158
174
150
160
250
336
300
276
234
248
250
228
220
228
234
226
208
216
224
212
212
216
220
208
218
222
232
248
258
260
234
208
156
150
154
166
186
202
222
0
0
0
0
0
0
0
0
364
364
388
384
402
416
412
420
440
440
458
460
422
510
412
374
510
358
416
386
332
386
386
376
360
358
360
354
354
352
354
354
352
340
338
346
358
372
370
362
366
362
354
358
356
364
356
352
346
336
342
326
332
326
330
350
338
350
346
348
354
352
356
350
352
342
352
340
334
310
312
314
314
300
302
294
292
290
284
284
282
278
292
296
294
304
306
302
314
298
306
306
302
290
298
298
288
290
284
282
296
270
216
284
284
280
290
334
322
264
214
174
168
154
172
158
166
206
284
258
256
276
272
228
228
228
220
220
212
234
230
208
214
224
220
210
202
214
212
224
240
236
236
226
178
148
150
176
198
216
226
230
224
0
0
0
0
0
0
0
0
0
372
364
396
398
396
422
412
428
442
458
484
464
324
458
386
406
502
348
424
380
358
382
384
376
364
366
364
402
336
346
360
368
356
352
374
372
358
360
346
360
364
362
356
352
358
348
348
338
338
334
328
332
336
344
340
356
362
376
362
362
354
356
350
344
344
338
322
332
316
318
304
308
296
310
292
294
298
304
276
300
304
308
302
316
312
318
324
338
324
314
314
316
290
298
296
282
298
294
256
234
288
286
284
310
342
354
322
298
266
218
204
194
188
166
148
192
220
296
302
262
222
234
236
224
210
222
228
232
220
220
220
228
212
220
210
208
216
236
234
228
202
172
152
166
192
216
222
230
216
232
232
248
0
0
0
0
0
0
0
0
0
376
376
364
392
386
404
426
414
424
430
440
478
438
380
428
392
490
488
354
400
414
338
390
390
378
364
360
346
344
356
368
370
368
378
370
372
368
362
352
362
364
354
356
356
346
338
348
352
334
344
340
336
344
350
354
360
360
370
358
362
360
356
350
348
336
340
330
318
322
314
306
310
308
318
302
304
306
306
302
312
316
322
310
324
328
328
332
320
308
312
306
292
290
290
308
284
218
284
274
282
288
338
344
344
316
298
300
306
296
266
260
234
210
192
216
282
298
250
242
252
234
208
214
222
224
212
224
228
216
222
222
220
212
218
210
210
212
214
192
160
154
172
210
226
236
232
224
226
244
270
316
314
0
0
0
0
0
0
0
0
0
0
380
360
362
392
406
396
404
410
436
438
426
462
424
436
400
376
508
398
372
382
322
380
392
404
374
368
370
372
378
364
374
384
376
368
374
356
356
356
366
358
354
356
344
340
336
340
340
352
344
348
344
358
354
358
358
362
368
360
358
356
362
352
344
348
326
330
326
332
310
306
314
322
316
320
320
308
310
316
322
324
338
328
322
334
340
338
314
316
298
292
312
302
278
228
280
288
284
308
336
342
324
298
294
302
296
294
318
388
350
344
270
294
296
270
242
256
256
228
210
230
234
222
212
214
222
226
226
226
216
216
210
210
216
204
190
166
146
160
194
214
230
234
240
224
238
254
282
298
0
0
0
