458
452
442
440
438
446
440
446
448
450
458
460
458
464
452
464
470
476
468
464
460
446
464
452
448
436
426
440
420
420
414
418
426
426
416
416
418
406
398
416
410
408
410
412
414
398
398
382
384
384
390
382
380
368
374
364
370
366
368
356
356
356
372
362
360
360
350
346
354
356
362
366
368
362
370
358
360
352
356
356
350
344
346
346
340
312
334
332
330
340
338
330
332
314
324
318
320
320
330
324
308
322
314
314
302
302
300
298
296
290
290
290
264
282
276
278
272
270
276
272
270
270
270
274
280
266
274
266
268
264
256
254
256
254
240
248
242
232
232
222
224
210
196
196
190
186
182
186
182
186
180
180
178
170
174
162
162
162
158
148
148
460
448
450
440
442
432
434
438
454
450
450
474
472
460
466
466
470
458
456
458
458
456
460
466
454
446
442
426
428
428
430
424
426
414
414
412
422
416
420
422
406
412
412
420
406
396
402
392
388
396
398
400
388
378
374
382
364
356
350
354
350
362
360
358
364
358
354
354
364
370
356
356
366
350
342
338
354
350
358
360
340
346
338
342
340
342
338
334
334
336
334
326
330
332
334
324
314
316
318
314
316
318
318
318
316
314
314
312
298
294
292
300
286
280
278
282
280
276
286
278
280
266
268
278
274
280
274
266
258
258
262
262
248
252
250
248
250
242
230
232
226
218
216
212
202
198
194
188
186
192
186
178
176
182
172
172
172
162
160
156
152
448
446
448
438
432
452
440
446
458
464
464
466
464
472
466
476
462
468
456
462
446
458
462
452
462
440
438
434
438
432
434
432
428
436
422
428
430
416
408
424
430
414
426
414
412
406
408
410
390
406
400
394
384
378
380
372
368
348
358
360
356
370
360
372
358
360
360
360
364
356
360
362
356
286
244
222
284
310
350
342
354
342
348
344
336
348
320
330
330
332
336
330
324
346
334
332
334
316
322
322
322
316
320
320
312
314
310
306
302
306
298
294
294
292
290
294
292
288
286
284
288
284
272
276
282
282
276
282
276
270
276
256
254
252
250
246
246
242
228
232
234
224
216
216
222
202
204
196
198
194
188
182
180
180
180
178
170
160
158
158
146
460
448
450
444
450
450
448
464
458
442
462
470
446
476
470
484
478
448
464
458
452
446
454
460
450
444
444
446
444
440
442
432
442
440
430
424
436
432
426
430
438
420
418
420
418
410
404
396
404
400
386
384
382
380
374
352
360
366
356
362
366
360
356
370
354
354
348
354
364
354
352
342
308
260
268
172
214
242
250
318
348
352
336
332
346
340
328
350
336
326
320
324
332
338
320
326
334
334
332
326
322
324
320
324
324
322
312
314
300
300
304
296
294
296
300
288
296
286
288
274
282
292
288
298
292
296
288
286
284
286
278
264
264
258
258
258
250
246
242
234
230
234
232
228
224
220
214
208
200
206
194
196
190
192
182
182
166
162
164
164
152
450
448
440
448
456
456
458
460
452
464
474
460
474
476
468
476
482
484
464
474
464
458
458
450
446
444
452
450
458
448
448
438
446
438
450
448
444
434
436
434
444
430
418
416
410
406
402
400
404
388
382
382
368
364
364
364
364
362
364
362
356
356
358
360
356
350
352
352
356
372
354
348
308
186
234
310
224
240
216
218
320
358
352
346
346
338
346
342
346
336
332
318
336
340
342
334
330
336
332
336
332
322
314
322
320
338
318
318
316
310
294
294
300
300
304
306
306
308
308
298
302
294
272
292
288
302
298
290
292
292
282
278
278
270
264
262
258
252
248
242
244
242
246
232
224
224
212
218
214
214
208
198
190
190
182
178
180
176
166
162
162
458
452
448
452
454
462
464
460
476
480
488
476
488
482
488
478
470
474
486
476
458
468
472
462
460
466
454
450
456
462
460
456
454
450
454
442
446
440
442
432
432
426
410
420
420
402
398
380
390
386
380
378
358
356
354
358
370
368
370
364
360
364
366
372
356
360
350
356
350
356
344
340
326
268
202
254
314
254
252
272
252
318
348
342
338
326
340
350
338
340
340
342
344
348
346
340
336
334
336
322
336
330
322
318
322
328
324
322
330
314
314
308
304
306
308
308
308
300
312
312
306
304
296
302
300
308
314
298
300
296
286
278
282
276
272
274
266
266
262
256
246
244
242
244
228
232
224
234
222
214
208
208
202
188
188
188
188
178
178
176
170
468
474
466
466
466
478
480
486
478
482
482
490
488
488
474
476
478
484
492
486
490
480
480
482
480
462
452
472
462
466
474
470
454
456
456
448
448
446
436
432
430
412
426
418
400
390
396
380
376
374
374
358
358
370
358
370
360
366
372
358
356
370
362
368
360
360
350
360
354
356
354
338
246
298
326
268
256
316
268
256
252
240
316
340
332
346
340
344
340
338
340
342
338
344
340
328
352
342
348
336
334
324
328
324
326
326
324
328
324
332
332
326
320
312
322
318
314
316
306
312
316
312
314
314
306
318
306
310
304
304
306
294
290
286
280
276
280
276
272
270
250
240
246
244
244
232
232
232
232
218
224
216
206
206
202
198
198
184
172
176
172
468
468
468
476
470
476
466
472
488
492
488
496
508
492
482
492
480
502
490
496
488
490
480
490
490
478
472
470
474
462
466
464
456
450
454
458
448
438
442
432
412
412
410
404
396
388
376
382
380
366
366
360
362
370
362
374
358
346
344
368
356
358
360
352
364
356
356
354
356
358
350
308
270
194
262
338
320
260
286
278
292
278
276
286
340
344
344
346
338
342
344
350
356
346
342
344
342
348
348
344
336
336
338
340
332
340
336
326
326
324
324
322
330
328
332
336
330
330
332
338
326
322
326
324
330
320
318
318
310
324
312
310
304
294
288
282
286
280
282
270
264
260
252
250
242
246
242
234
236
220
230
212
222
218
208
202
196
186
178
178
170
470
476
464
482
486
486
494
486
490
488
494
500
490
488
490
490
488
496
498
494
494
492
490
476
490
482
496
486
470
460
460
466
460
450
446
432
424
418
396
390
394
394
394
388
386
388
384
372
380
372
354
368
366
372
360
354
364
358
358
360
360
362
356
358
362
368
356
354
360
352
298
290
334
298
216
246
324
330
298
304
306
302
288
234
286
330
342
344
340
344
348
348
340
346
344
346
342
338
342
342
342
332
334
324
328
336
328
332
326
328
336
330
324
326
326
330
340
338
336
334
336
334
330
340
328
332
328
328
320
324
328
324
314
316
308
298
302
294
268
280
278
274
260
252
250
250
254
234
238
238
236
234
220
222
208
206
202
192
186
184
182
480
474
488
488
486
494
496
500
502
510
504
506
494
478
498
494
490
490
490
488
476
480
484
494
472
476
466
462
460
444
452
442
434
430
422
406
410
400
396
382
398
380
392
374
386
382
382
378
364
374
382
392
380
372
370
370
364
364
360
360
352
356
360
360
356
358
354
364
370
344
288
210
236
324
350
282
252
310
332
298
310
324
308
286
272
256
304
348
352
332
342
352
352
340
342
342
346
338
344
346
342
344
336
342
340
336
332
336
338
344
332
334
332
336
340
348
348
334
338
350
338
342
344
338
332
338
326
328
330
324
328
324
318
316
316
308
308
302
292
296
284
278
268
266
260
258
258
250
248
246
246
248
234
220
216
202
212
198
198
182
184
470
484
486
486
486
494
496
488
494
504
502
496
496
500
490
490
486
484
484
480
484
472
472
462
468
468
464
458
452
446
428
426
432
424
408
400
400
396
394
388
390
386
376
390
374
380
386
376
364
366
366
372
378
380
378
376
372
368
356
358
364
366
362
368
364
360
364
368
372
318
292
262
250
244
292
334
326
286
302
320
286
284
306
288
300
292
250
282
340
346
350
346
336
334
344
348
342
338
338
344
346
336
340
338
338
328
330
328
344
348
340
328
342
330
346
342
342
342
344
352
348
354
344
342
340
334
344
332
336
332
330
324
320
324
312
306
310
310
298
302
292
280
278
278
274
258
266
254
252
252
244
244
230
226
224
220
210
198
200
198
194
478
492
496
486
496
498
496
492
502
504
494
494
482
498
490
482
468
480
462
456
456
458
444
452
456
458
452
436
440
428
440
428
422
428
408
402
406
396
392
394
394
390
384
392
372
372
382
378
368
366
360
364
358
364
380
374
374
364
362
370
370
370
356
372
368
366
372
370
354
246
248
332
342
324
270
288
312
328
308
268
264
242
228
240
236
258
234
154
240
296
292
322
314
326
328
334
326
326
330
338
328
340
324
322
326
330
324
328
338
336
342
336
340
346
350
344
348
354
344
336
342
340
346
342
348
344
340
338
336
336
338
324
338
310
316
316
322
304
302
298
304
298
296
282
280
274
268
268
254
252
254
242
240
236
236
232
220
216
210
206
208
484
486
494
502
490
494
500
504
500
498
504
484
480
486
480
466
474
462
462
460
452
444
462
450
458
446
446
444
430
432
426
422
424
416
420
404
412
404
402
386
390
392
384
388
382
382
382
374
380
378
364
366
370
366
368
378
380
368
376
380
382
386
378
372
372
382
376
372
358
306
274
258
260
306
326
312
280
230
250
222
228
220
222
208
192
162
126
90
118
126
114
96
100
112
150
158
142
134
148
138
142
152
164
166
158
150
170
194
202
224
256
266
278
290
302
328
332
336
334
336
336
338
338
346
354
342
344
328
344
332
336
322
324
318
326
324
316
310
300
312
304
296
288
294
288
282
272
276
264
262
268
256
252
248
250
240
240
226
220
220
212
492
490
496
506
498
500
496
504
494
494
492
490
484
482
480
468
464
454
458
452
462
458
452
448
448
448
438
438
440
434
446
434
414
430
424
420
404
404
418
412
394
392
392
392
394
378
372
376
370
372
376
378
384
386
384
402
396
396
394
406
398
384
376
376
378
374
386
350
262
304
298
312
336
334
308
248
202
160
144
126
128
100
92
138
120
104
128
122
126
104
106
132
126
122
130
120
90
104
116
90
84
114
124
102
78
58
54
56
62
70
70
86
84
98
112
150
178
202
218
240
266
286
316
324
334
338
348
342
348
334
332
328
334
324
324
316
320
306
316
308
308
296
302
294
288
282
278
280
278
270
266
260
250
254
254
250
240
238
238
232
218
500
498
504
504
508
508
510
504
488
498
494
496
486
470
480
484
478
472
466
462
468
458
464
464
454
456
460
448
442
442
440
444
422
430
438
422
418
410
406
408
398
400
390
394
392
384
376
386
380
380
394
390
386
400
400
406
408
420
408
402
392
380
368
378
364
382
388
354
262
284
266
246
250
226
150
60
72
114
126
150
150
128
108
114
84
90
110
90
104
106
110
94
106
134
108
48
56
122
126
122
114
136
130
80
72
58
40
46
92
76
66
70
76
64
70
88
88
78
76
88
108
132
174
214
248
278
310
320
328
336
342
330
334
330
328
318
328
318
322
316
318
292
304
300
298
290
294
284
278
272
276
270
264
256
252
248
246
238
232
228
244
484
496
502
498
492
504
510
502
498
494
504
496
490
492
488
486
488
480
476
488
482
464
464
466
462
462
454
456
460
444
444
428
440
430
434
426
424
418
410
412
406
394
390
388
390
388
388
396
396
400
416
412
402
412
426
420
416
418
422
402
394
384
352
360
340
338
304
282
236
176
120
94
92
110
110
64
52
102
126
144
142
126
90
44
4
68
120
58
60
88
70
34
70
116
84
48
84
118
128
124
76
54
52
14
22
36
54
68
78
74
88
88
84
82
68
48
28
28
32
42
54
48
40
58
82
100
110
158
202
242
276
310
324
326
322
320
322
326
332
318
318
312
304
306
296
306
306
298
292
286
282
274
264
272
262
250
254
252
240
236
230
488
490
490
498
498
488
490
486
498
496
490
488
496
498
498
502
494
476
480
494
482
480
478
482
476
474
470
476
458
446
440
438
436
448
438
436
424
430
424
424
412
406
412
404
402
410
410
416
428
434
424
434
440
428
414
398
370
338
308
274
260
214
184
118
92
102
172
184
104
66
28
64
94
152
146
56
6
54
138
152
124
72
0
22
84
128
120
48
48
62
34
48
114
132
148
146
132
144
142
116
62
34
50
66
82
72
84
102
112
106
98
92
90
90
70
14
0
22
34
30
26
32
28
38
32
20
22
30
42
66
110
178
234
282
310
320
318
318
322
314
320
316
310
310
304
296
296
302
298
288
280
278
280
282
274
270
264
254
246
246
240
484
476
490
496
502
500
488
480
488
496
502
502
506
506
498
494
486
494
500
500
502
486
494
498
500
488
486
462
456
444
444
444
442
438
440
432
428
430
426
420
412
418
418
424
418
430
430
430
420
390
372
338
282
192
158
160
186
174
184
138
122
168
162
28
24
86
138
78
38
74
122
154
172
166
130
40
52
120
148
156
124
44
32
98
146
138
144
138
98
44
70
66
94
138
164
170
168
168
166
120
72
90
106
112
122
130
122
122
138
140
128
126
116
126
114
44
8
46
66
46
48
50
44
30
34
38
28
32
32
42
44
40
66
128
190
248
288
306
306
320
320
304
306
306
306
300
308
288
294
284
300
292
288
274
274
272
272
262
264
248
250
484
476
486
490
476
482
480
470
476
472
504
484
490
498
508
502
500
502
496
506
502
504
494
500
496
482
462
452
452
438
448
446
432
426
424
424
426
422
426
426
420
408
388
376
364
316
278
238
166
176
184
144
130
164
146
166
142
160
142
110
130
150
120
54
66
146
134
18
64
130
172
156
128
142
146
130
138
144
156
168
124
98
150
168
146
148
166
162
142
98
102
86
62
62
136
144
142
142
168
130
76
90
124
130
130
130
100
30
58
120
146
142
140
150
156
118
96
96
78
56
40
38
70
76
72
86
84
80
92
88
64
60
56
54
56
74
116
164
222
256
280
296
314
306
306
302
300
298
298
300
300
296
288
290
280
280
278
272
272
250
244
486
472
462
466
444
450
432
438
426
434
444
440
442
452
462
478
484
484
490
496
490
488
488
500
490
468
448
428
430
420
418
412
410
398
394
394
384
384
370
344
304
260
262
212
188
178
190
208
194
170
152
140
176
182
150
154
152
90
64
136
156
114
52
98
102
140
136
100
124
126
94
84
50
52
94
158
176
174
174
144
68
60
136
168
122
156
168
162
142
118
100
90
98
78
104
74
82
82
122
132
84
50
90
126
112
94
62
30
12
48
80
74
102
138
154
156
138
106
84
54
36
44
78
106
90
112
130
118
108
86
72
62
56
62
58
42
14
24
72
114
194
240
266
302
306
314
300
304
298
306
300
298
292
290
286
284
284
270
270
254
236
466
460
442
418
392
352
348
340
334
354
356
342
352
356
372
380
386
388
398
422
416
392
394
390
414
380
372
358
280
282
302
268
268
278
252
234
218
200
230
208
210
204
154
130
158
150
170
218
206
124
128
182
224
220
218
180
72
72
106
164
186
78
72
152
168
184
190
206
178
154
134
178
172
98
44
72
118
128
136
82
28
28
50
118
132
158
152
144
148
128
86
108
142
136
110
70
90
70
62
84
68
50
64
96
84
74
100
88
38
16
0
0
32
94
108
104
98
104
72
54
60
78
110
110
88
98
108
94
100
98
92
74
78
84
78
60
38
28
22
32
52
82
130
212
262
300
314
326
310
312
298
308
300
300
296
292
286
264
256
246
238
464
454
414
388
358
320
296
294
286
316
342
356
372
364
350
340
354
352
350
348
348
328
276
314
352
304
296
252
232
284
298
204
170
240
240
174
112
120
200
202
200
160
96
50
102
194
220
224
174
6
4
102
236
240
222
184
82
66
84
164
174
162
154
88
104
136
130
136
170
188
178
176
182
88
44
36
58
110
120
90
66
48
18
58
108
132
96
70
120
114
94
130
142
132
112
138
104
56
44
70
76
54
90
76
96
102
102
98
100
92
48
34
64
88
56
30
58
86
76
44
40
72
94
108
94
90
76
98
124
118
86
80
118
126
122
118
110
88
62
64
44
30
30
66
120
206
258
296
310
306
302
302
310
298
292
288
272
256
252
244
246
444
440
434
402
392
372
358
348
340
356
390
404
406
388
382
362
356
372
360
338
352
314
288
254
252
262
260
228
268
300
270
272
214
214
232
152
108
114
114
142
180
148
196
230
222
166
120
196
146
80
98
130
228
198
142
144
94
66
88
152
130
156
154
64
68
108
140
110
88
130
138
140
172
166
122
50
84
92
30
2
32
62
78
96
88
108
94
86
128
90
86
114
128
88
84
130
110
98
90
90
84
56
66
90
110
122
98
86
58
40
28
42
78
64
18
16
46
64
48
26
20
34
62
72
62
50
52
76
78
58
52
70
74
106
126
142
154
140
128
136
116
84
52
28
36
66
136
208
260
294
320
314
314
290
290
284
278
256
252
260
270
422
440
434
410
404
402
404
394
378
366
384
416
408
394
368
384
388
384
382
364
350
294
256
246
222
254
256
238
274
258
206
202
264
266
236
182
150
144
130
142
188
216
208
234
218
84
136
228
214
164
164
166
220
184
96
96
144
140
102
134
168
186
198
94
36
48
130
132
114
148
180
206
202
204
180
146
158
172
132
66
74
122
154
148
144
134
100
112
124
70
30
82
104
88
100
104
66
52
36
72
74
64
74
98
118
116
102
78
62
34
28
38
86
72
32
28
32
32
50
46
34
32
22
32
32
24
32
32
30
28
20
18
20
42
72
94
112
122
136
146
134
110
56
16
8
16
54
98
154
224
282
296
306
304
288
280
272
268
268
276
242
424
418
428
426
410
398
394
368
332
338
376
414
412
390
354
364
390
398
374
360
340
334
326
300
224
288
302
306
266
200
110
182
268
192
162
172
172
160
146
142
226
254
182
192
202
148
148
236
226
222
200
188
198
202
174
162
138
96
36
126
206
250
234
152
72
68
152
152
166
216
216
206
208
212
168
180
198
190
176
156
158
162
174
162
114
102
94
144
176
144
122
106
134
172
180
146
110
60
64
108
130
120
106
88
98
108
94
94
68
60
80
92
88
80
70
28
24
24
34
38
28
18
12
16
10
2
2
4
2
10
4
6
4
18
34
36
64
58
64
88
96
74
24
2
4
10
38
52
62
88
160
226
274
286
290
282
272
290
284
230
264
448
438
412
416
418
398
394
386
380
364
376
414
412
392
352
362
380
400
378
388
364
332
322
302
170
190
260
260
238
240
216
198
246
198
164
200
210
198
154
194
214
214
136
118
116
202
234
258
266
292
268
244
266
240
178
122
138
180
170
204
248
254
254
216
136
150
190
202
226
242
222
196
156
206
178
158
184
170
162
172
190
188
194
146
130
114
110
162
172
134
152
166
182
194
178
170
180
160
142
132
152
148
110
60
70
90
84
80
78
82
104
92
54
40
44
36
38
34
32
20
18
16
26
36
14
2
0
0
4
20
14
30
34
30
34
42
44
30
8
28
58
48
6
2
2
44
68
76
72
80
78
118
178
224
260
284
296
278
226
290
278
442
448
438
412
410
422
408
406
394
394
382
362
332
322
300
268
290
298
314
352
342
348
314
286
202
136
214
248
196
214
244
248
186
190
204
198
200
174
236
258
268
248
186
158
228
266
244
256
254
248
234
236
252
238
238
234
246
254
242
254
246
242
268
240
202
192
218
214
226
216
212
222
220
222
198
184
194
180
168
162
158
114
116
170
148
128
146
158
144
86
130
172
176
146
156
174
186
168
158
146
128
118
96
76
102
108
94
92
106
112
102
72
56
90
106
100
98
68
48
28
42
54
48
46
24
10
4
2
4
30
64
96
78
74
68
76
40
32
2
22
60
30
2
0
0
8
60
72
100
114
112
104
112
142
206
268
262
232
284
278
282
444
450
452
450
426
408
416
416
404
384
362
338
322
294
268
240
262
298
284
286
302
318
312
288
180
86
200
242
228
236
204
268
226
220
260
260
282
252
266
280
266
254
234
190
212
242
172
168
208
194
166
198
238
232
214
220
250
222
206
228
232
234
248
216
214
224
222
220
210
220
214
202
172
186
194
190
194
190
196
180
164
158
158
182
140
162
198
224
204
174
164
130
92
76
138
160
156
132
142
154
144
92
44
68
86
76
80
84
116
124
112
116
160
194
192
166
130
96
34
2
26
66
64
58
52
56
36
8
18
56
92
124
106
90
102
72
46
24
16
34
74
42
4
0
2
0
26
78
102
110
118
124
138
142
156
158
192
262
274
282
284
440
492
458
456
442
424
400
414
408
400
394
378
332
304
248
230
240
240
210
204
226
316
344
322
224
170
206
226
258
272
234
196
198
252
304
290
274
264
256
238
240
244
234
220
228
244
216
226
242
230
220
228
226
208
228
222
214
216
214
220
216
214
218
192
198
234
228
222
224
208
200
196
156
172
176
162
204
218
238
234
232
224
220
226
242
232
252
252
250
252
230
192
184
166
184
182
166
142
124
118
126
86
48
60
116
118
120
136
146
156
160
174
204
206
196
156
144
96
48
0
8
36
58
74
94
118
106
56
40
58
94
122
108
126
126
92
64
34
22
38
66
50
6
2
2
0
4
56
80
86
106
128
150
152
140
136
148
204
246
282
298
464
474
426
444
460
460
442
404
400
404
408
392
310
244
190
172
214
266
244
254
308
340
334
308
202
186
206
202
294
328
332
218
230
258
276
258
288
276
296
298
266
268
270
268
272
290
282
262
256
260
276
270
270
238
260
268
252
274
268
258
232
198
186
178
196
252
250
206
240
262
206
174
176
206
234
226
234
234
244
254
240
254
250
266
274
252
262
262
266
274
280
278
266
248
242
240
224
204
168
138
116
128
126
136
180
184
184
194
202
206
212
212
230
216
178
130
128
94
36
26
52
82
94
128
150
164
148
108
70
58
82
100
118
168
162
90
68
64
54
42
32
48
54
22
4
4
2
14
56
72
98
102
122
144
144
108
92
126
194
270
286
418
460
482
510
448
460
462
440
404
392
384
358
326
272
258
284
288
272
246
290
330
308
288
244
220
198
206
198
230
332
364
316
286
290
310
332
322
322
332
340
344
356
376
382
382
384
394
368
374
392
388
382
384
380
382
376
370
370
360
328
290
240
230
202
170
180
208
210
214
248
242
230
234
252
272
276
276
254
258
268
270
276
252
236
218
238
266
260
266
284
288
286
278
282
276
262
256
264
250
234
232
226
224
220
222
248
240
236
250
248
242
238
248
224
170
104
90
90
70
82
128
150
164
172
182
152
110
98
80
68
60
88
136
180
148
84
72
104
96
68
48
54
68
76
70
48
18
24
58
92
92
92
104
114
94
92
74
70
104
210
252
472
430
460
446
476
510
438
444
440
424
370
344
296
274
270
280
284
272
276
280
262
250
240
242
226
212
194
208
248
326
366
350
308
306
318
380
364
386
392
406
408
410
396
412
412
400
392
406
400
394
390
396
392
384
390
392
400
398
394
380
378
352
308
294
254
214
214
228
238
256
262
268
274
274
300
310
316
308
300
304
296
282
246
232
198
238
284
262
276
286
292
274
272
284
282
270
270
284
274
256
256
256
244
238
230
242
250
242
248
248
232
226
210
188
146
92
110
162
166
158
152
166
194
204
186
140
84
78
76
76
80
128
184
198
160
114
108
132
132
108
114
118
134
164
170
154
140
130
132
140
158
124
100
74
56
40
36
42
46
110
198
480
502
438
436
456
494
458
414
404
382
348
312
262
250
270
268
276
280
294
280
248
202
200
200
210
244
278
346
400
418
414
424
426
444
450
422
408
410
406
402
402
402
398
394
394
400
398
380
388
364
378
378
360
362
384
388
400
390
392
392
370
388
386
368
342
312
272
236
270
296
292
294
294
298
296
300
316
318
320
338
344
320
306
286
252
242
260
270
274
296
284
276
272
276
270
272
268
262
250
248
234
222
210
224
220
212
196
206
194
184
166
146
134
134
158
194
216
214
196
178
182
196
218
218
204
170
104
88
90
108
122
174
202
202
178
136
108
120
138
150
186
198
206
248
288
304
298
250
208
180
184
164
128
94
72
56
56
56
44
50
132
412
436
498
452
414
442
454
438
364
348
324
286
262
238
262
244
246
252
248
254
226
194
204
228
188
240
318
370
424
426
438
470
458
450
432
426
414
412
402
396
390
404
404
400
394
400
384
386
382
384
378
362
352
372
376
390
396
390
386
392
392
392
380
382
360
352
332
332
342
338
326
336
328
330
332
322
322
328
336
334
320
316
310
304
306
308
316
302
284
286
278
280
278
282
276
258
250
238
208
200
186
178
192
194
192
180
170
172
156
138
128
134
158
196
228
250
240
212
220
222
242
232
230
232
224
200
148
126
118
138
148
200
218
212
184
152
130
128
136
158
184
184
190
222
260
314
322
280
224
200
196
188
162
148
116
116
106
88
68
62
146
430
410
404
480
474
424
470
406
348
334
312
296
266
238
248
234
252
230
212
198
218
244
274
294
324
378
416
418
432
442
458
460
466
434
410
412
392
406
414
392
394
400
406
424
398
392
382
370
376
378
376
378
370
372
374
358
374
382
374
368
374
390
388
370
370
380
382
388
382
376
360
344
338
324
324
326
320
310
334
334
330
312
326
342
350
342
352
342
336
322
320
332
330
316
292
264
248
224
208
196
186
184
198
186
192
184
180
184
184
196
214
238
258
280
282
274
278
282
282
284
278
268
256
236
222
210
208
192
182
180
196
224
244
234
212
196
174
178
168
170
180
188
188
200
224
250
274
256
230
228
210
200
184
176
170
186
186
158
146
160
210
464
486
426
416
438
474
434
372
310
266
244
224
238
266
208
238
276
272
254
140
174
266
330
360
386
402
442
432
440
456
470
444
428
430
418
414
398
398
404
380
410
416
402
392
380
382
380
366
366
380
370
362
342
346
370
380
356
340
342
382
390
368
356
368
360
352
382
392
402
378
374
374
368
360
346
334
332
320
330
320
318
332
356
370
364
352
366
386
370
364
356
362
372
360
334
322
326
324
308
314
306
298
290
276
280
284
284
294
300
316
322
328
326
326
324
318
318
308
316
310
296
300
298
280
250
234
234
234
238
230
238
232
244
246
240
228
226
216
218
218
218
216
214
210
220
228
238
242
234
226
220
202
200
214
224
238
228
218
216
234
246
496
480
510
462
432
412
390
334
276
242
224
248
290
280
254
246
270
272
238
258
308
328
354
360
358
370
396
420
466
460
454
430
422
410
410
402
394
392
400
406
406
400
396
396
394
380
384
374
368
370
382
372
368
352
358
330
336
356
378
358
338
354
372
352
358
374
396
416
406
410
412
396
392
378
368
368
368
368
362
338
356
378
392
390
372
368
368
358
362
342
338
362
372
374
374
370
364
370
360
352
354
352
346
342
344
338
344
336
342
346
338
350
346
338
322
302
300
304
298
302
294
298
300
304
298
284
274
270
266
264
260
250
252
248
246
240
246
254
250
256
252
252
242
232
232
230
232
238
238
230
204
210
212
208
224
242
252
262
272
260
246
478
462
488
508
440
384
338
300
280
248
230
258
302
310
302
270
228
276
308
350
360
352
346
348
356
366
382
416
442
446
426
410
414
408
392
406
396
410
398
398
386
378
392
392
384
394
386
384
384
372
386
378
360
324
308
324
360
366
350
328
352
368
358
364
384
404
404
406
408
410
410
414
406
410
406
392
400
394
394
396
402
390
396
390
386
386
366
346
358
328
334
336
358
374
368
372
362
370
366
360
358
344
346
346
342
344
334
338
338
336
340
346
344
344
332
290
284
280
274
310
286
290
298
292
298
284
280
272
276
262
276
282
272
262
260
254
256
260
264
262
264
264
262
256
254
254
252
252
248
246
230
210
196
168
174
222
256
282
270
262
242
504
502
446
434
402
408
340
268
264
272
274
280
274
246
282
278
332
356
358
378
374
374
354
344
346
362
398
406
410
400
408
404
412
408
398
406
398
396
384
378
370
398
390
390
384
382
396
398
392
378
358
334
314
318
348
354
346
334
342
368
354
340
374
396
404
404
398
404
408
418
428
420
418
420
422
408
412
408
408
398
394
390
390
386
378
378
334
328
358
330
346
318
360
370
376
366
368
366
362
354
346
352
358
348
356
344
352
338
334
334
338
334
342
344
336
322
290
290
308
260
246
294
272
280
276
260
246
254
242
234
272
318
322
308
308
302
284
288
288
282
288
276
270
290
282
282
288
290
280
260
262
250
216
196
198
228
250
262
266
268
134
134
134
486
408
372
316
292
324
322
320
294
272
268
302
394
504
434
432
392
378
376
362
362
376
378
378
396
386
380
364
374
372
420
428
394
388
388
388
386
392
390
394
406
400
396
404
410
410
388
398
380
356
360
364
362
336
322
362
364
326
330
370
392
406
400
396
402
404
418
424
420
422
414
432
428
424
410
412
398
398
388
390
394
390
394
394
362
322
352
336
356
334
352
368
374
366
366
368
360
354
358
336
346
350
360
352
346
348
340
346
348
342
338
344
340
332
328
308
282
260
296
268
240
286
254
248
238
242
236
230
254
302
328
326
324
332
336
330
342
336
280
262
338
304
292
300
298
300
294
306
336
328
308
298
276
272
262
256
266
134
134
134
134
134
408
378
352
354
372
346
296
336
378
452
454
398
506
498
510
510
450
390
394
380
368
408
410
390
364
358
354
360
372
380
460
408
390
386
398
392
392
416
410
408
402
408
406
416
410
410
412
392
382
346
292
292
334
366
350
326
344
366
384
390
396
392
396
406
414
428
410
424
420
424
430
434
424
414
404
398
408
392
384
382
388
386
392
388
370
340
338
354
330
352
366
364
364
362
356
350
354
352
348
350
348
356
350
348
334
352
338
336
328
324
332
332
338
322
314
300
310
300
252
272
258
192
210
220
240
236
214
230
308
322
328
338
342
340
342
312
278
286
340
304
298
306
318
306
294
314
356
366
352
318
306
296
284
266
134
134
134
134
134
134
134
134
134
420
400
428
446
424
438
474
476
498
508
428
448
446
510
510
510
400
412
446
388
396
382
372
344
342
348
352
358
384
374
446
416
392
378
388
404
402
408
406
402
410
420
414
410
400
394
356
318
302
342
356
308
310
346
378
382
390
390
392
396
410
406
416
422
438
424
418
426
420
430
426
418
414
386
396
386
390
390
396
396
406
378
382
370
336
326
292
326
344
366
354
354
352
346
344
346
350
356
348
354
344
340
342
336
334
326
322
322
326
326
318
324
328
324
312
298
286
280
226
192
186
208
230
216
200
206
290
320
330
332
336
342
308
262
304
314
298
300
306
318
298
298
356
376
358
340
328
318
296
292
284
134
134
134
134
134
134
134
134
134
134
134
442
428
462
490
434
436
450
446
510
510
470
452
510
510
510
510
416
418
438
390
368
374
362
356
344
358
340
352
360
382
408
420
388
392
398
400
398
396
400
386
406
398
404
408
380
356
362
370
362
322
338
368
380
384
384
390
394
394
396
404
416
406
418
426
416
430
432
428
424
426
408
406
408
400
394
390
386
392
382
392
386
374
372
374
350
308
318
326
356
360
352
360
350
350
352
350
354
346
340
336
340
330
316
324
316
328
320
322
330
326
328
322
318
320
310
310
288
254
240
202
250
224
194
202
206
292
334
330
338
342
310
268
330
322
288
310
310
316
318
310
354
384
370
350
326
310
302
298
296
134
134
134
134
134
134
134
134
134
134
134
134
134
424
446
498
494
410
484
426
426
448
494
510
412
510
464
510
480
462
422
412
392
376
364
362
362
358
356
352
358
372
396
384
436
428
382
370
392
392
390
396
396
396
400
406
404
382
362
334
336
356
390
390
398
378
390
388
390
392
396
404
422
418
420
428
422
414
426
426
424
426
412
412
396
406
400
398
396
396
396
386
384
378
376
366
378
356
358
364
366
342
352
352
350
352
344
342
336
342
328
330
328
322
316
312
318
314
316
318
318
316
308
330
320
318
314
320
308
312
288
286
290
256
260
254
274
320
318
336
332
300
244
334
302
292
304
310
324
314
316
388
392
372
344
332
322
312
306
300
134
134
134
134
134
134
134
134
134
134
134
134
134
134
134
134
464
506
498
424
504
466
428
424
508
510
492
448
510
510
508
430
416
410
422
466
366
366
366
382
364
366
364
392
378
380
404
426
404
388
396
390
396
394
402
414
416
416
414
396
384
392
410
404
390
390
378
388
392
404
404
404
406
408
414
422
430
426
422
422
420
422
424
424
404
406
394
410
404
398
404
392
388
380
380
376
374
372
364
372
362
354
350
346
350
346
342
348
346
334
330
332
328
328
318
306
312
310
308
304
308
302
302
304
316
326
322
322
326
324
326
318
314
300
312
314
314
318
314
330
302
280
244
334
300
296
314
322
318
310
334
390
394
374
330
330
318
318
308
312
134
134
134
134
134
134
134
134
134
134
134
134
134
134
134
134
134
134
506
504
506
506
510
510
440
432
458
510
510
406
492
486
510
510
510
440
432
408
418
368
376
380
386
374
372
364
370
408
376
504
422
382
384
382
402
412
410
426
426
424
428
418
414
412
416
406
404
398
396
396
398
406
402
396
412
400
422
422
424
422
424
406
418
422
422
422
404
406
410
404
400
406
400
382
384
382
374
374
382
354
362
350
356
354
356
346
346
340
338
326
332
322
320
318
310
304
306
304
304
304
294
296
298
308
294
314
308
312
318
322
316
314
312
312
312
326
322
316
326
320
306
252
262
328
280
298
312
330
322
312
324
396
388
356
334
324
328
328
318
316
134
134
134
134
134
134
134
134
134
