358
358
356
364
362
362
356
362
374
376
380
368
374
382
376
376
366
372
376
380
386
366
384
392
380
364
364
374
356
356
360
352
348
348
342
348
346
354
340
346
344
340
326
324
330
324
330
320
312
316
310
304
302
306
296
290
292
286
284
286
276
282
284
274
272
280
274
270
268
264
270
258
266
256
256
256
252
256
258
256
252
262
258
258
252
256
266
272
256
256
252
246
248
250
254
246
234
236
246
248
242
240
238
228
230
226
230
220
216
226
224
222
222
224
214
206
212
214
204
204
212
210
206
204
204
208
196
200
202
200
198
196
194
192
196
196
186
182
180
174
168
162
162
162
156
154
152
148
140
136
138
134
134
132
122
124
118
114
112
118
120
364
362
360
364
368
364
370
374
378
382
380
382
382
380
386
390
380
378
374
378
384
386
376
382
374
372
368
354
366
362
358
348
356
356
352
342
344
338
344
338
334
318
322
336
334
328
322
322
316
312
316
312
302
306
298
286
292
288
292
290
284
282
284
282
282
280
272
268
274
274
266
264
272
268
268
266
256
254
258
266
266
262
264
264
250
248
256
256
254
244
250
248
246
250
242
248
244
236
250
248
232
238
240
232
230
230
232
224
218
222
226
226
230
226
220
218
216
206
208
214
214
224
214
214
214
214
208
206
206
202
208
202
206
198
194
194
198
190
174
172
176
162
170
166
162
156
152
154
150
158
146
146
140
138
132
124
128
122
122
118
118
364
358
372
354
368
380
374
376
380
376
374
370
376
374
378
380
384
366
378
378
382
366
368
376
366
370
368
366
372
364
364
352
358
356
346
348
342
336
340
332
332
310
328
328
330
326
324
326
318
322
314
306
310
308
298
302
296
284
280
288
290
280
280
284
272
278
278
278
282
280
274
274
262
268
264
262
266
260
260
258
262
248
244
222
194
206
228
238
254
258
254
256
246
242
244
260
248
242
242
242
234
240
250
240
242
238
234
234
224
228
220
228
230
226
212
224
218
220
222
218
222
224
224
220
218
222
216
212
208
210
208
208
206
206
212
208
194
198
186
184
184
180
178
174
162
166
162
154
152
156
158
150
142
138
138
132
132
130
130
122
124
364
368
372
360
366
372
376
376
380
378
396
378
368
370
378
380
380
376
370
378
372
372
368
362
368
374
370
374
370
366
352
358
370
352
356
354
350
340
342
346
344
338
338
338
320
328
326
322
326
324
312
302
304
310
310
314
310
294
296
294
296
294
286
282
274
280
288
276
280
276
290
272
270
262
268
266
264
260
266
260
238
200
178
238
222
138
158
212
212
246
266
250
248
244
254
244
248
252
240
240
240
238
240
240
240
240
232
230
232
238
228
236
226
224
220
224
230
224
222
220
224
232
228
220
222
212
214
218
218
218
216
214
218
220
208
216
212
202
200
194
198
184
182
180
182
170
174
176
166
160
162
156
154
154
148
150
132
130
128
126
128
364
372
380
386
386
376
380
370
366
376
376
370
378
382
384
372
384
380
380
378
374
372
364
370
378
378
372
368
368
366
368
356
364
356
354
348
350
334
336
332
334
340
334
338
332
336
334
318
326
324
326
308
308
304
302
308
316
304
308
302
302
296
294
290
286
288
288
284
278
276
278
280
276
272
272
262
260
260
258
250
246
198
174
180
244
232
180
156
228
216
238
256
254
252
242
244
256
246
242
240
240
228
236
242
242
238
240
238
236
236
236
236
232
228
230
230
224
228
236
230
232
236
242
234
234
234
236
228
230
222
222
226
208
212
212
210
218
214
208
198
198
190
192
200
194
184
180
176
164
168
164
170
158
150
152
152
144
144
136
134
132
374
360
384
380
382
376
382
378
366
374
380
384
388
384
388
398
382
378
384
376
368
372
374
376
376
372
372
368
364
368
352
364
360
368
358
342
350
336
342
334
328
336
332
336
338
342
328
336
322
312
314
312
318
306
304
308
304
304
308
304
300
298
302
294
294
288
278
286
284
276
284
276
280
278
268
270
262
252
244
228
224
248
202
182
178
232
222
158
210
210
176
248
248
256
244
260
240
244
252
234
240
250
240
242
232
236
238
232
236
238
234
234
232
226
236
236
226
228
230
228
230
234
244
238
240
234
234
228
238
236
234
238
228
226
222
212
222
222
216
212
204
202
202
188
194
188
186
182
180
168
172
164
156
154
156
152
150
146
152
144
128
370
370
376
376
376
366
386
382
374
384
384
390
390
380
388
390
392
390
376
380
378
376
368
376
376
388
374
376
368
362
370
376
368
364
350
346
350
346
344
342
346
338
344
336
330
320
348
326
332
322
320
312
312
312
308
306
310
310
306
306
302
300
294
296
304
292
290
288
290
286
274
282
270
270
262
262
258
234
218
224
178
222
252
204
174
202
236
222
198
228
146
190
250
250
248
250
254
250
242
244
246
244
240
244
236
246
244
240
246
238
238
236
228
236
238
242
232
232
240
240
242
246
246
240
234
238
244
248
250
240
240
230
234
216
228
226
220
226
220
214
212
208
208
202
204
194
182
182
178
178
172
166
170
156
164
164
152
148
148
142
144
370
378
374
374
358
364
366
384
382
390
382
384
388
384
376
384
390
380
380
382
380
386
378
366
374
374
362
364
370
364
372
372
362
360
356
350
346
360
338
338
348
348
338
336
334
334
334
332
322
330
328
332
322
322
318
320
304
316
306
306
304
310
302
298
288
304
294
290
284
292
276
280
268
276
276
260
228
232
240
206
208
168
230
250
222
198
210
244
198
192
224
178
224
254
252
242
246
248
250
246
250
254
244
250
246
240
242
250
236
236
248
244
240
246
244
248
248
234
244
246
248
246
242
248
242
244
242
244
244
242
236
228
236
232
224
234
228
228
234
224
212
212
210
206
204
208
196
196
198
182
184
184
176
168
162
172
158
158
156
150
148
358
366
366
376
376
380
370
368
380
374
400
390
396
388
382
376
382
378
380
380
374
382
376
378
368
362
374
368
384
374
362
360
360
356
358
346
354
346
348
340
348
348
336
334
332
334
326
330
332
330
332
322
324
330
322
314
318
310
320
308
310
312
304
300
300
292
296
298
284
288
286
280
276
258
244
240
224
192
230
236
228
168
176
232
258
244
208
244
232
186
218
190
198
224
246
242
242
242
244
248
254
256
248
250
248
248
244
246
246
252
244
248
250
234
234
240
240
248
242
252
250
254
246
242
236
236
238
236
244
246
238
240
246
238
236
238
230
238
226
230
216
222
214
208
210
210
196
198
200
196
192
188
180
180
184
164
170
170
164
152
156
370
362
372
366
382
380
374
372
378
388
388
380
382
378
386
376
368
378
386
376
386
372
376
378
372
370
366
368
372
364
370
356
362
352
354
350
360
352
358
348
344
336
350
334
342
348
324
338
340
348
344
336
328
326
324
322
316
320
308
308
312
310
298
298
304
294
292
288
280
278
268
260
258
248
218
198
206
208
172
208
252
234
198
192
254
256
224
212
212
186
214
194
172
232
238
256
252
246
250
240
248
254
252
244
240
252
250
250
246
258
250
246
246
240
244
246
244
244
252
254
244
250
246
244
252
238
240
244
242
244
248
246
240
242
240
242
232
234
228
226
224
224
220
212
214
206
208
204
200
198
194
190
182
176
180
176
180
166
162
164
162
362
362
358
362
370
382
376
370
380
382
378
386
378
370
368
364
366
362
360
366
368
366
370
364
380
372
368
364
368
368
368
360
364
352
344
360
354
356
352
348
344
350
352
348
344
340
340
338
336
340
334
336
326
326
324
328
320
318
316
312
308
306
302
298
294
282
284
270
260
260
254
248
240
242
218
230
240
204
186
178
208
248
246
144
196
248
248
222
220
228
212
218
206
194
246
254
254
250
256
250
250
254
254
248
254
250
254
256
260
264
260
260
250
262
254
254
256
250
258
264
266
260
250
250
242
240
246
252
244
252
246
248
248
250
244
248
232
234
236
236
232
226
224
216
218
220
210
214
204
204
202
198
192
186
182
178
176
180
176
170
164
360
358
364
352
356
378
370
374
370
374
372
378
380
370
358
362
360
344
344
352
346
352
346
350
354
356
350
356
356
356
352
358
346
348
352
358
356
352
350
348
354
354
352
348
344
338
340
348
334
334
328
324
324
312
318
312
308
306
286
296
288
296
280
282
272
262
266
260
258
230
236
232
240
224
192
168
190
240
234
200
186
236
254
246
204
224
256
238
218
234
230
218
202
168
220
242
252
260
258
260
256
256
256
258
252
248
256
252
258
268
264
266
262
258
256
250
250
252
260
248
254
256
258
254
258
244
242
242
246
242
246
246
252
248
250
242
238
234
230
238
234
224
222
226
224
222
224
220
212
212
200
196
198
192
188
190
178
180
176
176
172
334
348
340
350
354
356
510
378
376
380
386
376
376
372
382
354
360
356
360
354
350
340
334
338
330
318
324
326
328
330
340
332
328
338
344
340
344
340
348
348
348
338
342
342
344
342
334
330
324
326
322
314
312
304
296
306
290
286
280
272
270
266
276
264
262
266
254
244
236
232
234
236
240
234
230
186
126
184
238
248
236
196
222
252
234
212
236
248
222
224
226
218
218
190
186
244
254
256
262
252
258
264
266
264
264
250
270
258
272
272
268
270
264
264
252
258
258
252
248
252
252
258
256
262
256
260
252
250
244
248
248
248
254
254
248
242
232
240
234
246
236
236
234
230
238
224
214
224
216
214
218
210
202
202
200
186
180
182
184
180
172
322
324
332
340
352
338
334
306
306
292
304
324
310
314
344
364
358
360
354
346
344
340
330
336
330
318
314
314
312
316
304
308
312
308
316
320
314
324
322
322
330
322
318
316
316
320
306
308
300
300
286
292
290
282
274
282
266
262
262
266
262
264
264
264
262
248
236
228
232
236
236
240
192
146
206
234
232
194
198
238
260
236
208
230
256
250
216
240
232
196
226
212
224
246
194
222
252
254
258
254
250
248
258
258
256
254
254
258
264
280
270
272
270
266
272
268
256
260
256
254
254
248
252
258
268
258
248
250
250
254
230
246
246
254
250
240
240
244
242
240
232
238
232
232
230
230
230
230
218
216
214
216
212
206
204
198
194
194
186
186
174
310
318
326
328
326
332
362
346
334
324
252
178
194
216
246
256
268
304
338
348
342
344
340
342
326
318
322
310
304
316
308
296
310
306
316
310
306
304
298
306
302
300
296
296
288
302
294
284
284
282
284
280
272
260
254
264
264
258
262
266
262
264
260
264
252
242
228
236
236
234
246
240
206
170
132
206
238
244
232
186
210
248
238
230
230
242
232
230
232
210
202
206
202
228
162
186
248
246
250
254
240
258
252
258
262
256
258
252
252
266
264
266
264
256
260
270
250
258
246
254
252
260
258
260
266
258
266
254
256
256
250
252
254
252
244
256
248
244
234
236
244
244
234
232
232
226
222
226
222
214
216
216
208
214
212
204
204
206
192
184
188
340
328
318
324
316
330
350
348
334
316
286
220
168
170
196
210
210
228
238
254
294
338
346
340
336
326
310
306
302
302
298
304
302
300
302
294
294
302
296
296
296
294
290
294
292
288
292
286
274
284
278
284
272
276
272
266
272
260
272
268
272
260
260
248
246
238
238
232
238
242
244
238
222
228
218
206
204
200
228
252
240
234
250
248
214
200
204
174
196
214
196
188
160
142
88
104
136
150
158
172
158
146
144
128
128
134
128
118
102
100
110
120
134
136
150
172
168
176
190
208
208
218
234
244
256
252
252
254
266
254
254
260
254
258
258
256
260
244
244
246
248
236
242
230
234
228
222
216
216
224
216
206
212
214
208
214
210
206
214
198
196
350
356
328
314
308
312
314
314
304
290
282
278
270
252
282
240
234
256
266
226
200
234
226
238
278
296
310
304
296
308
300
292
292
292
292
290
292
298
288
290
296
296
298
298
298
294
298
296
296
278
276
288
282
282
282
268
270
274
274
268
262
258
250
238
236
238
238
242
244
246
248
242
234
220
202
204
212
222
212
228
260
260
224
200
174
156
134
112
88
84
92
96
92
106
102
90
114
110
70
56
96
118
114
104
114
98
58
62
52
46
76
78
78
80
94
64
68
72
62
50
40
60
64
66
80
102
130
158
180
206
222
242
262
254
258
258
250
254
246
248
252
236
240
234
236
234
234
232
228
232
230
228
224
214
212
218
214
210
210
204
204
350
346
350
332
302
292
296
292
304
292
272
250
226
214
208
240
240
272
282
254
244
246
236
256
244
230
242
282
298
310
306
294
288
294
296
294
290
296
280
282
290
284
292
292
296
296
292
302
292
288
286
290
282
284
286
280
280
282
274
280
274
262
258
252
252
262
254
256
248
254
256
250
250
242
248
224
222
208
192
184
160
112
92
122
130
126
104
78
38
64
112
58
84
86
58
62
102
108
70
90
120
126
96
52
60
48
36
56
68
86
80
88
98
94
94
80
46
12
10
34
36
36
40
20
32
34
36
20
32
48
54
94
146
204
240
248
262
252
252
252
246
240
244
244
236
242
238
238
234
230
230
232
226
220
220
218
214
214
210
212
204
370
326
354
352
340
308
284
294
304
292
286
280
280
236
164
126
146
226
246
236
240
266
246
248
246
236
234
230
238
220
228
266
292
300
296
300
294
302
296
290
298
290
286
290
286
286
290
288
292
294
286
292
292
290
286
298
286
286
290
288
282
274
272
268
262
256
238
244
240
226
196
184
174
182
170
132
96
88
98
128
128
32
58
134
144
100
10
48
112
132
110
52
60
60
62
94
132
146
138
134
140
124
82
84
84
98
112
108
94
108
114
112
102
98
102
102
60
20
44
60
54
58
46
38
32
44
46
38
42
58
52
46
40
38
76
134
194
224
242
248
242
232
236
236
240
240
246
238
234
230
226
228
224
216
216
222
216
216
214
214
202
358
406
364
356
334
338
314
292
298
294
282
276
256
260
240
216
244
274
260
202
192
244
264
258
268
248
228
232
224
196
220
260
252
206
246
240
218
242
264
266
280
284
296
300
286
288
288
282
282
274
280
276
270
260
260
262
238
238
230
202
166
156
128
156
160
158
170
96
142
160
40
54
116
114
72
94
138
158
168
154
82
88
142
164
136
78
90
136
148
158
160
122
76
78
68
74
130
140
142
138
142
118
72
116
116
110
114
100
38
26
80
100
110
106
110
114
92
76
72
54
42
26
44
74
66
76
84
66
70
56
52
40
46
50
36
34
32
44
84
136
178
214
234
238
238
236
240
232
236
242
240
234
228
228
222
212
208
212
210
198
176
306
360
406
328
324
350
336
318
308
290
290
290
272
264
252
246
252
240
216
182
142
208
260
252
236
252
258
242
218
216
204
186
204
230
182
178
190
248
246
186
178
246
214
192
184
166
206
184
186
186
190
184
158
142
160
170
176
162
126
128
146
152
140
140
132
118
126
136
142
110
66
138
162
56
92
156
158
132
140
160
154
156
170
164
130
116
166
146
146
174
164
146
118
110
114
82
88
94
96
78
108
114
72
72
104
102
84
80
50
18
10
14
14
60
94
104
104
86
74
54
50
58
88
84
76
84
70
62
62
72
58
48
58
56
52
44
30
10
14
14
16
54
118
170
208
230
234
242
234
242
238
240
234
224
226
210
216
216
204
194
192
352
292
350
360
356
282
314
326
334
332
300
280
280
280
250
244
230
206
186
146
152
222
270
284
276
272
264
234
226
200
198
188
202
196
156
182
232
246
230
190
70
184
192
136
64
150
176
168
190
142
94
58
140
142
190
210
164
116
174
200
208
188
166
130
76
126
166
144
68
118
156
186
192
156
170
112
102
122
80
94
152
162
154
96
68
70
148
142
162
162
154
146
122
110
138
134
124
94
90
50
52
84
66
64
80
86
88
100
86
56
32
4
8
40
54
28
42
62
64
42
42
72
90
94
62
60
66
86
78
60
48
60
70
76
74
74
66
54
60
46
24
8
10
22
64
134
188
228
240
242
234
236
232
224
224
226
218
208
208
200
204
342
388
322
324
338
320
284
302
320
332
332
312
280
268
256
240
224
224
212
178
168
176
208
228
262
272
264
246
240
240
208
170
254
224
234
230
240
186
168
218
248
230
188
140
130
134
114
178
170
146
182
154
196
198
226
226
92
30
132
234
232
230
172
102
112
170
230
190
168
168
204
206
224
220
204
192
210
186
90
84
100
142
140
100
70
22
92
132
136
88
102
140
114
128
148
126
132
126
110
80
86
86
76
74
82
90
98
86
78
70
52
32
58
68
32
20
40
56
48
36
24
52
70
60
44
44
48
50
30
32
26
30
28
50
58
64
62
60
70
60
28
0
0
0
0
4
46
118
174
206
234
238
234
224
218
224
214
206
214
216
214
284
320
396
352
320
350
314
376
282
308
310
318
284
262
266
254
224
200
172
162
118
130
146
174
204
232
244
254
236
244
208
182
210
216
220
196
168
114
156
252
202
204
206
188
182
182
188
194
244
234
246
228
132
102
216
208
126
156
182
242
202
186
166
92
104
164
156
176
170
102
138
156
148
134
170
178
180
178
122
58
102
84
38
52
84
92
108
112
116
82
128
102
82
112
114
80
94
108
104
88
90
70
52
68
94
100
100
86
56
40
22
10
52
58
20
10
28
44
48
48
38
28
32
22
24
20
14
22
10
4
4
6
8
6
18
28
22
28
46
42
12
2
0
6
10
8
16
14
38
102
162
204
222
224
218
210
210
226
218
202
156
340
310
310
360
368
288
334
330
314
250
306
290
286
282
258
234
164
98
48
42
60
80
78
88
114
166
220
244
240
228
210
184
188
210
152
160
192
178
206
204
180
204
194
220
200
174
162
228
258
194
214
224
170
184
228
220
206
184
212
192
150
136
172
160
144
184
206
214
190
102
108
170
174
154
176
212
222
224
196
170
194
178
104
108
156
178
162
148
122
132
138
102
70
96
144
150
138
106
54
44
90
116
114
100
102
98
94
80
72
48
52
66
72
64
54
38
40
46
42
40
24
18
20
14
4
2
12
18
22
16
18
20
22
14
10
10
6
8
18
4
2
0
0
4
48
24
38
44
40
42
48
92
152
188
208
214
216
212
170
190
214
386
384
320
300
312
386
322
312
334
454
356
330
274
238
210
186
176
164
162
148
138
156
158
150
158
182
216
250
252
228
144
98
194
218
202
178
208
216
212
170
188
218
206
198
170
212
232
218
198
140
130
148
216
230
254
260
264
204
204
204
198
172
150
108
56
178
238
250
210
120
94
178
158
192
240
242
230
220
182
206
206
202
196
192
184
182
136
112
130
170
190
168
160
134
188
194
168
164
150
130
132
138
134
94
72
80
92
66
64
66
82
72
50
48
56
62
64
52
42
38
24
32
38
22
4
8
10
16
34
54
52
42
28
42
26
18
8
18
40
10
0
0
0
8
98
68
48
60
66
70
62
60
72
110
164
210
182
158
208
198
198
358
302
428
318
354
316
380
310
272
308
254
288
282
262
216
184
192
178
146
114
92
104
126
190
242
244
250
234
222
210
170
202
188
168
198
188
172
212
204
196
226
220
224
204
224
242
238
228
192
132
174
236
250
234
246
246
258
244
248
230
196
128
146
188
184
230
252
256
238
170
180
204
226
252
246
222
186
216
158
174
194
160
198
202
186
188
186
170
164
170
136
102
170
192
180
166
170
184
170
158
140
136
126
116
118
116
102
94
104
118
100
82
82
104
100
100
72
34
22
36
52
48
48
48
34
12
22
52
82
80
64
56
52
46
34
14
4
6
62
72
6
0
0
2
64
44
18
22
40
54
70
84
86
76
92
96
170
196
188
190
196
364
354
496
400
344
340
310
274
324
248
228
238
268
234
198
178
154
168
160
176
182
194
200
210
206
204
196
194
172
162
142
194
156
182
230
256
216
154
176
214
218
226
210
208
190
184
200
188
198
160
176
218
156
138
198
204
158
196
228
218
218
220
230
218
238
234
226
240
236
220
214
210
212
224
212
222
214
234
202
206
224
218
186
170
134
196
174
156
196
200
170
144
144
130
94
154
172
162
148
164
176
154
94
80
118
112
82
100
116
128
120
128
144
134
110
96
54
16
2
10
42
64
76
90
78
54
46
66
110
120
100
106
96
50
34
16
12
4
18
76
90
52
12
6
0
4
6
18
32
40
60
80
82
70
64
56
82
150
180
194
202
344
378
352
358
382
348
308
328
318
344
218
98
94
160
202
142
152
138
116
172
222
228
224
222
196
180
182
176
176
176
170
150
156
140
198
262
222
218
214
212
210
224
224
224
214
206
194
192
192
184
176
190
170
176
186
168
152
176
194
184
174
198
194
166
172
194
186
264
208
192
216
198
192
202
206
202
168
188
182
192
220
226
192
198
190
210
202
202
214
228
228
202
168
168
154
170
164
148
126
112
124
126
82
70
114
114
108
110
118
116
118
126
112
102
86
62
44
46
70
72
72
88
106
116
112
78
68
78
84
106
132
132
94
50
38
40
52
46
28
26
34
44
32
4
4
4
36
48
54
42
44
48
50
52
50
44
36
82
150
180
182
342
354
378
330
304
310
300
226
190
194
158
142
72
74
130
204
186
200
200
218
190
154
186
178
142
98
104
146
156
182
178
158
208
196
250
264
256
232
218
210
254
262
234
236
234
230
228
224
224
208
210
208
212
202
188
192
190
190
166
146
178
172
162
170
172
162
160
166
160
176
236
198
200
228
198
192
154
192
168
184
206
220
208
214
222
252
266
240
250
238
232
220
210
174
132
98
62
44
36
42
52
56
54
48
54
50
50
62
82
92
92
100
90
88
92
94
94
98
122
146
136
122
128
128
110
94
86
76
84
128
160
152
120
106
88
84
82
100
102
110
118
108
90
86
76
70
96
124
132
94
58
40
6
4
16
12
8
30
86
154
190
368
374
346
284
246
198
172
146
128
106
116
138
158
158
154
118
38
112
232
242
222
208
128
130
190
182
172
182
116
144
198
232
264
286
286
276
260
252
250
270
276
272
282
284
294
286
288
288
294
290
292
272
266
246
240
244
238
232
240
226
218
214
208
212
202
184
164
142
144
170
256
196
190
240
182
146
130
198
226
206
182
190
212
254
238
220
220
234
236
230
222
190
144
106
80
68
68
84
82
88
98
108
102
108
118
116
112
122
130
130
126
124
122
110
106
108
108
102
118
138
140
142
140
138
106
102
90
94
94
132
154
152
134
118
104
106
114
136
164
188
204
208
182
166
166
122
104
122
130
112
84
68
38
18
14
6
6
0
12
108
188
322
338
344
334
342
300
292
268
222
222
218
182
178
226
202
184
180
218
248
246
194
126
128
170
226
234
248
250
240
242
238
238
250
260
276
286
302
274
278
276
296
286
294
288
288
270
290
294
294
288
284
284
282
278
274
282
270
266
260
254
274
274
274
276
266
244
212
188
176
158
176
190
178
180
188
206
206
216
224
228
198
204
210
210
184
168
166
214
208
202
210
166
136
128
122
118
118
118
98
108
124
118
116
116
114
118
124
134
134
138
148
150
156
146
132
106
108
130
154
162
166
160
156
140
110
106
108
106
122
148
168
156
118
108
114
114
118
122
134
138
130
138
140
146
156
150
136
114
106
94
88
84
84
80
62
42
28
14
16
98
184
298
254
292
316
330
364
376
360
300
226
222
242
174
166
200
328
334
226
292
348
416
260
310
270
298
314
244
242
250
254
246
242
240
254
292
258
274
288
274
276
284
290
294
284
286
290
290
284
288
294
298
294
292
288
288
284
270
256
268
274
284
278
290
284
290
286
280
240
232
224
216
208
200
198
190
200
198
224
232
228
222
236
234
212
200
190
182
186
202
192
210
194
172
168
176
186
176
160
158
142
134
118
106
100
98
106
98
94
88
110
126
144
152
156
152
142
148
166
164
158
156
150
148
142
138
122
110
114
144
170
178
170
152
134
120
112
102
94
94
94
98
106
108
132
136
136
124
108
118
104
112
106
118
120
110
112
92
76
90
144
194
294
282
202
250
306
340
350
408
404
394
372
342
504
340
286
298
508
476
276
314
316
494
486
354
296
296
280
274
248
236
248
248
242
248
258
242
262
272
312
314
272
264
274
270
284
292
288
282
288
288
302
302
302
304
290
276
256
266
266
284
278
282
282
292
286
282
300
290
258
224
218
208
202
204
210
208
216
224
230
222
220
216
224
240
242
244
238
228
210
196
182
186
188
170
170
170
170
172
160
162
158
160
150
140
140
130
128
126
124
136
142
148
162
156
160
174
188
190
184
176
172
158
150
146
152
146
146
132
130
138
152
162
162
150
144
142
150
142
124
124
112
106
106
110
120
130
116
114
124
118
102
84
94
110
134
146
142
128
146
190
196
234
250
284
212
224
296
342
336
382
394
416
370
386
446
430
294
262
326
450
300
274
318
424
510
490
306
280
286
280
254
246
244
254
254
260
242
270
268
266
352
292
260
272
270
278
290
288
296
298
296
296
296
298
294
296
296
284
274
282
280
276
274
280
284
292
294
284
282
250
228
222
226
214
218
226
228
218
222
234
226
234
264
274
284
282
266
248
236
226
214
200
192
202
206
210
206
202
190
184
178
180
178
180
182
184
184
182
192
184
186
184
194
196
206
190
198
202
200
200
198
192
192
186
182
166
162
158
160
152
148
140
140
142
136
140
136
154
148
140
152
146
138
130
136
138
142
136
132
130
114
102
94
98
114
126
148
170
180
186
192
186
224
210
252
286
232
214
296
342
350
366
402
412
382
384
326
506
306
270
292
372
346
256
316
332
510
510
352
292
290
310
256
260
250
246
262
264
250
254
258
254
382
312
324
272
268
284
296
296
318
302
308
300
308
298
290
276
252
250
260
278
280
280
272
268
264
286
292
268
274
264
266
268
270
278
282
286
292
292
296
302
306
310
312
304
292
282
290
284
280
274
264
250
246
240
230
226
216
212
210
218
222
224
226
232
224
230
234
230
226
228
232
234
228
236
224
220
226
222
224
226
218
220
218
212
208
200
190
180
184
176
170
154
150
150
150
154
146
144
152
154
158
144
136
146
146
150
150
150
146
136
132
126
132
136
152
182
194
200
188
188
184
194
234
218
244
288
254
218
294
338
364
352
384
396
420
376
392
446
362
292
276
328
372
286
278
348
496
510
426
336
302
318
284
270
272
266
254
250
284
254
258
264
276
346
318
286
286
294
300
298
302
312
316
316
304
294
280
270
282
280
262
254
228
238
286
292
272
258
282
286
244
276
294
310
316
318
324
332
318
310
310
310
308
306
302
296
280
270
282
286
280
274
280
274
268
254
268
274
268
262
256
258
264
260
270
262
266
268
260
262
258
256
260
256
256
250
250
250
258
254
248
244
250
242
232
204
216
218
204
202
196
184
182
180
176
166
164
164
154
160
160
164
160
160
160
174
186
190
196
204
202
202
192
190
196
198
200
198
194
194
198
194
0
204
234
246
296
286
274
252
296
340
368
360
372
412
402
372
380
338
480
298
346
292
422
380
268
356
400
510
490
360
312
292
300
262
270
284
272
266
268
258
294
278
288
292
336
332
292
288
304
306
314
326
318
302
290
286
276
256
216
230
244
272
284
262
240
250
282
270
260
280
288
312
324
322
322
314
316
316
318
302
302
300
298
298
290
294
284
258
250
262
272
276
262
254
240
262
280
276
266
266
262
272
268
268
272
270
264
268
260
262
260
254
264
260
250
252
250
258
250
254
258
258
256
238
198
224
210
200
190
184
168
188
202
202
202
198
186
180
186
182
192
198
202
214
212
212
234
266
280
276
258
230
224
222
214
198
194
188
194
194
200
0
0
0
232
286
296
304
302
286
282
334
332
342
356
434
430
416
362
344
510
360
304
296
446
506
306
342
354
510
510
428
324
298
308
276
284
290
290
290
272
276
276
276
300
298
408
352
292
298
300
300
316
308
292
258
252
236
236
254
272
282
268
236
248
284
272
248
258
296
304
312
318
320
322
330
318
318
306
312
306
302
296
300
298
300
290
272
254
250
270
256
246
260
228
244
242
266
274
264
264
262
262
262
264
256
256
258
260
260
256
244
258
250
256
256
246
240
244
242
244
252
248
254
254
242
194
166
184
178
178
152
166
218
238
228
184
186
230
210
206
216
214
222
208
226
250
286
286
280
250
236
230
224
214
208
208
198
196
196
212
228
0
0
0
0
266
274
284
322
312
318
284
338
340
376
364
408
404
444
358
404
418
414
318
420
368
506
374
290
372
506
510
344
334
314
302
312
286
342
296
288
290
288
284
340
306
334
330
366
362
286
286
292
296
300
286
272
294
284
274
268
236
240
274
276
240
234
276
292
304
316
320
320
320
312
314
310
324
318
308
312
296
292
300
286
296
288
274
250
266
266
246
250
246
212
236
222
258
268
260
262
252
252
256
256
246
250
252
252
260
250
258
254
256
258
262
254
248
248
248
244
250
246
246
248
220
176
176
152
168
174
154
164
218
202
160
250
232
206
210
210
210
216
214
230
272
280
286
266
244
236
232
222
214
222
210
204
196
210
224
238
260
0
0
0
0
0
0
266
298
302
310
308
306
336
336
370
394
366
466
442
392
396
356
510
352
348
326
460
468
308
376
384
510
510
370
336
346
382
300
300
308
294
310
306
318
288
324
320
296
314
366
278
284
292
300
294
274
246
218
196
222
266
290
282
234
242
282
282
304
300
312
310
318
328
310
318
318
314
318
310
312
308
300
292
298
284
292
278
272
246
208
224
260
244
244
238
228
258
268
260
258
254
246
246
242
244
256
246
254
248
246
252
254
248
252
258
256
246
244
240
244
244
240
244
238
230
212
144
140
178
160
146
146
160
200
246
212
204
212
214
216
206
222
252
272
278
274
248
240
234
232
226
218
224
208
204
206
226
230
266
276
270
0
0
0
0
0
0
0
282
358
364
318
312
326
344
346
348
406
356
428
438
452
388
432
510
468
336
338
384
506
364
336
446
510
456
506
358
352
340
332
306
302
320
318
314
308
282
344
314
306
494
412
332
280
288
264
246
218
206
270
292
264
206
238
278
290
300
316
314
312
310
312
318
316
314
306
310
312
308
318
316
300
294
288
280
284
284
282
268
234
210
218
248
240
248
244
240
244
258
258
254
254
240
242
246
254
248
250
242
246
244
244
250
254
246
252
236
248
236
230
240
238
246
240
240
236
228
210
208
148
140
116
160
238
222
184
218
214
228
214
216
234
286
270
284
254
230
230
228
234
232
232
218
212
208
218
238
258
270
274
266
264
0
0
0
0
0
0
0
0
0
288
312
314
324
320
344
352
344
404
388
428
482
498
404
434
460
510
392
396
330
508
442
316
442
470
510
510
408
356
352
376
304
282
294
300
302
286
296
270
296
300
292
416
336
282
280
268
284
276
262
226
228
274
296
290
310
306
324
322
324
322
316
318
320
314
308
312
314
312
306
304
296
288
276
284
282
282
274
274
256
202
226
234
228
248
220
232
242
246
254
242
234
242
240
250
250
238
242
230
228
234
236
238
230
234
240
242
236
242
234
234
238
242
240
240
244
244
244
206
174
158
140
198
198
208
216
230
230
218
230
258
262
264
268
232
222
230
234
232
234
228
222
214
214
230
258
272
280
262
264
270
0
0
0
0
0
0
0
0
0
0
0
284
322
332
332
328
356
354
372
372
452
384
492
490
484
416
444
510
510
426
368
414
478
334
416
442
510
480
506
346
360
356
298
288
292
296
304
290
296
272
406
274
298
350
332
298
272
240
222
230
262
300
302
310
320
326
320
324
314
322
312
312
322
318
316
310
302
310
304
304
304
294
276
268
274
272
276
276
276
268
242
240
190
212
224
156
214
218
246
240
238
244
248
240
254
240
234
238
234
238
222
228
228
236
232
232
230
234
240
236
242
242
238
244
248
242
242
214
178
182
242
218
204
216
232
244
220
218
234
258
254
266
234
224
228
236
230
226
228
228
212
210
240
250
266
274
276
264
268
268
0
0
0
0
0
0
0
0
0
0
0
0
0
288
298
322
330
368
352
372
372
368
508
438
494
502
510
452
478
510
510
418
412
346
452
402
332
502
510
510
430
324
342
318
312
290
286
294
290
292
272
288
268
296
314
304
454
296
294
294
302
308
306
328
320
334
322
318
324
330
332
326
320
316
318
320
310
304
308
304
302
292
288
282
280
270
270
268
270
270
268
262
260
228
240
232
216
226
244
256
248
262
260
256
248
254
240
234
234
232
224
224
224
220
224
222
224
228
236
238
232
236
238
230
242
238
218
188
156
224
220
204
204
226
254
234
224
216
226
240
242
242
230
228
236
228
226
222
224
216
212
222
244
254
276
280
278
278
258
0
0
0
0
0
0
0
0
0
0
0
0
0
0
0
0
0
294
358
370
360
378
402
386
388
442
506
444
510
510
510
424
510
510
508
430
394
430
470
332
492
428
510
510
360
328
330
316
296
286
288
296
298
294
298
284
376
296
296
418
294
290
294
298
304
306
318
316
324
322
324
324
320
324
326
328
320
320
314
300
294
290
288
292
282
276
282
274
274
272
262
272
268
254
254
260
256
248
240
258
266
262
268
268
266
252
252
246
240
234
228
228
224
222
216
220
214
220
222
232
234
236
240
230
232
236
218
200
172
192
240
212
204
216
250
248
230
220
222
224
230
232
224
226
230
232
228
220
222
212
214
210
232
242
270
264
280
264
262
274
0
0
0
0
0
