356
384
370
364
376
368
364
370
368
364
362
358
366
368
370
360
360
344
340
328
326
322
316
314
306
306
300
298
288
286
286
288
280
284
282
278
280
286
274
284
284
284
290
268
276
282
280
282
278
284
290
284
290
286
288
280
284
280
286
290
282
284
260
280
278
288
284
286
286
286
282
286
292
282
290
290
284
286
284
282
288
284
294
288
290
292
288
282
276
266
278
272
276
264
270
270
266
262
262
264
272
288
284
294
294
292
284
292
292
296
294
288
296
284
278
280
270
272
272
270
270
260
266
278
276
278
288
290
290
286
284
284
274
270
270
262
264
268
274
282
278
282
282
278
284
288
280
272
248
254
232
244
264
272
236
234
244
240
232
222
218
368
362
364
366
376
366
372
372
370
370
358
362
366
360
362
368
360
344
338
334
324
322
316
316
312
298
298
294
292
288
282
284
276
284
284
280
282
288
296
290
298
290
284
296
286
284
284
290
290
290
298
294
296
306
294
290
294
294
288
282
286
278
284
278
284
290
292
292
288
288
282
276
272
278
274
290
284
282
286
296
292
292
298
296
298
296
290
294
274
274
278
284
270
278
268
268
274
262
258
270
280
290
294
298
292
298
308
304
298
298
302
302
292
286
286
282
284
282
276
268
272
274
272
282
290
292
292
302
296
284
286
282
280
274
276
268
266
280
270
274
280
286
288
274
284
276
278
268
252
226
236
238
284
270
222
234
276
278
236
244
210
370
372
376
370
374
368
366
366
370
372
370
368
364
360
352
358
356
348
344
334
330
318
312
318
316
318
304
298
296
292
296
290
296
296
290
292
296
280
292
298
296
300
298
294
294
294
302
302
300
302
300
308
312
312
308
300
300
300
288
278
282
278
282
284
284
282
294
288
290
282
256
252
250
224
236
268
284
292
296
296
290
298
296
308
300
304
300
298
292
288
284
282
284
284
278
284
280
268
276
290
298
298
304
304
302
304
310
300
300
308
304
302
302
298
292
296
290
290
280
280
282
272
278
290
294
294
294
282
286
276
294
282
280
280
274
270
266
280
274
278
286
294
288
274
276
280
276
260
260
156
232
246
282
246
242
238
240
224
236
240
228
354
356
366
372
370
374
372
372
368
366
370
368
362
368
366
350
348
338
336
330
326
312
308
306
304
306
308
308
292
298
298
292
292
300
298
304
302
302
294
308
310
306
300
302
304
304
294
310
314
314
306
308
314
316
312
322
316
310
306
288
290
290
282
284
282
288
292
296
288
252
236
218
270
220
176
240
262
298
310
310
304
310
312
308
308
306
312
302
300
300
294
282
280
278
278
272
276
270
280
300
296
298
300
306
310
304
302
296
308
300
308
310
292
302
286
292
296
284
288
284
288
286
290
290
298
294
292
298
286
298
292
288
280
274
272
266
276
272
272
274
278
290
290
288
292
288
276
254
260
176
234
254
280
240
234
232
242
230
232
234
244
374
378
368
372
370
368
382
376
374
376
366
366
358
360
360
354
344
348
340
324
322
320
316
318
314
308
310
306
304
292
296
296
298
298
304
304
306
314
310
304
312
312
322
314
314
312
318
320
320
332
322
322
326
326
324
322
322
324
302
292
290
288
290
296
300
296
298
306
288
290
270
222
228
286
262
198
264
270
312
316
312
316
324
314
316
312
308
298
290
296
292
288
280
280
284
276
280
286
292
302
310
330
318
314
318
310
302
310
302
302
308
306
292
304
302
302
288
286
296
286
294
296
296
302
302
300
300
292
292
290
284
284
268
270
272
266
278
284
280
280
288
294
288
292
282
290
268
252
248
250
244
276
264
234
234
246
238
248
242
222
228
372
374
378
376
370
368
364
372
368
354
356
360
356
356
356
356
340
332
334
332
334
336
320
322
312
324
316
308
310
302
308
300
304
304
312
308
312
316
308
316
298
328
326
322
326
324
326
326
326
332
330
338
330
336
326
336
334
336
316
302
300
300
282
296
292
298
298
296
284
264
292
274
234
238
302
226
250
266
232
312
318
320
324
320
320
310
308
304
296
298
302
292
288
292
282
290
282
288
300
310
316
324
318
316
304
304
306
310
308
314
304
300
302
296
314
298
300
300
294
298
306
308
300
304
308
298
298
300
298
294
294
288
288
284
286
274
280
278
282
290
286
292
300
296
290
282
270
258
200
242
258
286
248
242
236
240
228
260
244
216
216
370
374
372
382
374
366
374
368
368
352
362
354
360
346
348
344
342
340
336
336
326
332
328
324
320
310
310
318
314
310
308
306
306
310
312
312
326
324
324
320
318
326
326
328
332
338
332
332
336
340
336
334
348
340
334
338
344
336
326
312
300
298
302
298
300
304
298
286
280
272
242
310
278
230
286
306
254
292
216
248
326
328
334
322
330
312
310
310
312
300
298
294
292
294
284
288
290
292
308
316
314
324
314
310
308
302
300
306
300
304
302
308
306
304
304
300
296
302
312
304
302
314
300
312
302
300
296
300
286
292
292
284
284
288
280
270
274
282
282
294
294
290
290
292
304
276
248
262
170
246
268
280
244
238
238
238
240
248
244
240
198
386
388
382
362
376
376
374
368
368
360
360
360
346
340
336
348
342
340
338
338
338
338
328
328
320
320
322
328
326
318
314
310
316
318
320
316
330
314
324
326
324
326
324
336
340
344
342
338
348
342
342
346
360
350
346
344
342
338
324
318
320
304
316
318
308
304
284
296
306
278
256
276
324
292
258
302
304
246
306
260
304
332
326
336
332
320
320
314
310
306
292
298
300
294
292
292
292
306
312
320
326
318
310
310
304
306
304
308
304
306
308
312
308
312
298
312
300
302
308
302
312
308
306
304
302
292
294
290
276
292
286
284
282
296
284
280
286
286
288
296
296
292
294
288
296
268
256
254
232
258
282
280
240
238
244
248
250
244
226
240
218
380
378
382
374
374
380
388
370
362
360
348
360
354
340
350
342
334
340
348
352
348
340
342
344
340
326
328
336
328
330
318
318
324
316
332
328
336
326
332
332
332
332
328
340
342
342
342
338
338
334
348
350
348
346
344
346
346
340
338
336
326
322
326
316
300
296
282
272
318
318
278
224
304
334
304
280
330
288
274
286
260
312
336
338
330
326
314
320
318
310
300
298
302
292
294
294
310
310
318
322
328
324
316
320
302
304
296
300
302
306
308
306
314
312
316
310
306
312
314
304
310
308
300
292
292
298
298
300
284
290
282
286
272
282
282
282
286
284
294
294
296
290
284
286
292
274
264
214
246
262
284
260
250
242
244
242
252
248
226
234
220
386
380
372
380
362
338
312
320
342
348
356
360
356
344
340
348
350
348
346
348
342
346
340
346
354
334
346
332
334
334
326
320
330
330
332
332
328
332
332
328
330
332
338
336
324
332
346
336
340
350
350
346
356
348
356
362
344
336
330
332
328
324
322
316
308
264
266
282
262
320
334
284
266
342
346
286
298
292
272
296
242
272
340
342
330
332
320
326
314
304
310
308
306
306
300
308
312
310
326
334
326
320
312
310
304
300
304
314
304
310
312
314
314
318
308
304
308
314
310
296
314
308
302
288
292
298
288
288
284
290
288
280
286
268
288
268
290
294
284
296
288
292
292
294
280
262
276
182
258
260
280
254
246
236
252
232
248
258
248
224
218
382
380
378
386
358
328
268
226
260
282
272
296
338
340
354
344
346
348
350
342
358
354
354
348
350
348
346
348
342
326
332
332
324
332
338
328
336
340
342
342
338
330
330
336
338
340
340
342
346
346
350
348
354
354
360
354
344
342
342
332
328
332
336
334
316
308
316
284
262
274
328
342
288
278
350
344
292
316
304
282
294
256
296
322
338
338
334
326
314
314
312
306
308
302
304
306
310
324
334
340
324
314
302
302
304
302
296
304
302
306
310
310
314
308
314
312
308
308
308
312
308
288
300
294
304
298
304
294
294
276
294
284
276
278
280
286
290
286
298
302
290
294
300
292
286
266
272
236
248
268
276
264
246
252
256
246
246
246
242
208
212
378
378
384
372
372
346
314
286
206
208
210
248
258
286
328
354
348
346
346
352
354
356
360
362
358
350
348
342
346
346
338
346
332
338
332
334
334
340
332
328
338
334
334
330
338
338
350
344
354
344
350
348
350
356
354
348
352
348
336
338
344
346
348
334
320
270
288
338
308
268
294
356
356
268
308
352
322
310
336
294
298
294
254
288
338
344
330
322
318
322
312
304
304
300
304
308
320
326
338
332
322
318
302
312
314
310
308
306
310
308
310
314
314
312
310
310
310
308
310
296
298
296
294
294
296
292
296
298
292
294
290
294
288
292
286
292
284
296
292
290
298
296
294
290
284
274
250
252
254
284
256
252
242
262
236
262
248
234
238
222
232
374
374
380
372
380
384
334
312
212
208
228
212
208
234
236
282
320
354
354
360
360
354
350
358
352
350
356
352
350
346
344
346
342
338
340
338
336
338
338
334
340
340
336
334
330
340
340
336
346
340
344
350
354
348
356
352
346
348
346
350
360
350
356
356
344
284
198
276
342
342
282
300
352
350
286
302
344
322
300
328
294
304
258
252
318
338
332
332
322
316
314
308
296
304
310
320
320
330
330
330
320
326
318
312
302
314
304
300
308
314
304
306
314
314
312
306
302
310
306
310
306
294
290
302
300
308
296
302
298
292
296
288
286
286
284
292
292
294
290
298
304
298
288
292
262
280
174
256
256
278
238
242
252
272
256
264
276
246
220
222
244
364
370
368
364
366
382
350
320
286
296
182
208
274
238
212
232
242
306
352
360
362
356
350
348
348
346
342
356
350
342
346
338
340
342
342
334
344
332
328
334
338
332
334
334
336
334
344
346
348
344
350
346
354
354
356
352
350
350
350
352
362
356
360
334
334
354
316
264
306
350
344
272
308
358
348
302
314
330
276
312
314
290
282
266
282
326
340
324
326
316
320
308
300
312
312
312
322
328
322
328
324
320
322
326
314
312
306
304
302
304
312
318
312
310
312
310
310
300
306
302
292
292
292
298
296
282
302
294
296
280
286
292
280
272
284
294
298
300
298
298
300
288
300
282
264
280
192
260
262
284
252
242
254
262
254
256
244
254
212
216
232
370
352
354
358
358
364
358
340
294
268
254
226
248
262
260
234
200
226
230
296
340
362
356
348
348
332
344
350
340
340
336
336
332
340
346
340
344
338
332
338
342
338
334
332
340
342
336
342
344
340
346
348
342
348
352
360
352
350
346
354
358
356
356
312
222
290
356
350
304
296
340
338
312
316
348
352
284
312
284
250
320
294
288
308
278
282
340
328
320
318
316
308
310
324
322
320
328
324
332
338
316
306
316
318
308
298
306
306
312
304
310
308
304
312
310
314
308
306
306
314
306
300
294
300
296
292
302
290
294
294
288
292
290
292
298
290
290
306
308
302
304
298
300
286
276
236
256
262
278
270
240
246
276
256
264
256
228
260
224
220
216
354
390
432
396
362
348
348
360
348
334
276
216
196
232
266
260
240
236
256
236
240
306
324
346
336
336
340
338
340
338
342
342
342
340
332
340
336
322
336
346
336
340
340
336
342
350
342
346
342
336
338
348
356
348
342
348
342
344
352
346
362
376
370
346
342
266
290
346
352
324
284
322
356
336
296
326
330
308
288
260
258
294
260
276
278
236
288
314
304
314
320
314
316
326
328
330
334
334
330
318
314
314
304
310
306
306
310
296
302
296
308
308
308
304
306
300
294
300
312
314
306
296
300
298
294
288
298
288
296
284
294
288
286
288
292
296
286
300
302
300
308
296
298
278
278
188
266
260
280
262
260
248
262
250
264
258
244
230
224
232
232
372
316
444
506
508
488
426
374
396
474
320
296
198
166
216
224
240
258
256
260
252
256
238
284
328
334
328
326
338
336
336
340
326
326
334
330
334
352
338
342
344
338
340
336
350
362
354
352
334
336
338
346
338
340
362
354
352
350
358
356
368
374
354
318
322
360
352
278
282
342
362
314
324
348
332
272
274
276
226
268
264
252
248
236
238
204
202
250
268
280
294
310
310
316
326
320
316
322
314
314
302
294
302
298
298
302
306
300
294
298
298
302
300
300
298
304
304
304
298
300
304
296
294
294
304
298
294
300
292
280
282
286
288
288
290
296
298
292
292
302
302
300
288
268
274
202
260
266
284
248
248
250
258
252
266
260
262
224
218
246
258
380
346
380
358
378
404
382
374
356
358
402
448
280
232
242
218
212
246
258
270
238
238
226
228
222
262
308
326
330
334
340
336
330
332
324
332
340
340
340
338
336
340
344
346
356
366
358
348
342
338
338
340
346
340
352
358
346
342
350
364
364
368
370
362
354
304
306
312
330
320
334
352
340
296
282
268
242
232
228
200
174
190
196
194
174
152
136
80
80
74
88
126
138
138
130
128
134
114
122
120
108
116
122
118
116
140
146
152
166
178
190
200
206
220
232
240
252
262
268
274
282
290
292
294
298
296
290
292
284
286
280
284
290
284
300
300
308
300
294
298
292
294
278
272
270
256
260
280
274
250
248
264
264
264
270
252
260
224
230
230
264
370
358
362
356
328
440
396
368
350
358
360
372
304
292
300
244
210
206
262
288
278
274
252
226
204
260
228
242
284
302
322
326
332
328
328
330
336
330
338
342
344
350
348
346
374
368
364
346
344
342
342
344
350
346
348
356
360
356
354
354
358
362
362
374
370
352
338
336
302
302
326
314
282
244
210
152
154
140
118
80
54
118
142
114
126
98
102
78
92
100
68
66
88
82
98
128
128
120
90
120
118
122
102
118
84
96
102
100
114
114
100
84
80
90
96
88
82
100
112
128
142
160
180
200
224
236
258
268
276
270
284
278
284
286
300
292
306
298
292
296
294
292
276
278
236
262
262
288
270
260
248
294
260
274
274
240
250
228
254
232
258
362
358
364
360
358
350
366
366
352
344
342
338
332
284
214
186
198
270
278
288
252
252
218
224
214
204
226
236
218
198
206
216
252
276
304
312
332
336
330
338
340
354
358
366
376
378
364
344
340
338
338
346
344
346
350
340
346
346
346
338
342
342
352
336
336
328
330
324
316
314
280
232
152
114
114
92
102
102
80
82
100
104
102
92
94
58
42
62
56
56
60
82
90
64
88
116
100
96
98
104
88
80
104
116
84
88
96
80
86
88
58
66
100
84
88
72
60
88
98
102
104
92
100
78
88
92
94
92
128
166
222
240
272
276
290
294
290
298
298
296
290
272
258
274
174
260
266
278
246
252
250
294
270
264
266
262
234
226
250
254
260
364
362
364
360
352
356
360
362
348
344
344
342
324
318
286
282
238
232
240
274
294
294
264
250
230
210
220
230
186
208
252
252
228
208
172
216
208
212
220
222
236
254
258
264
266
260
234
236
226
230
208
220
218
204
202
190
172
158
136
126
116
86
80
82
102
144
154
152
128
118
106
114
84
110
110
88
92
84
40
92
118
120
116
112
78
52
64
74
68
50
88
94
96
64
72
82
102
102
84
82
58
58
98
88
92
104
80
84
66
82
88
82
104
102
90
90
82
78
68
76
76
84
90
88
78
66
68
72
84
76
80
78
114
176
222
256
278
296
292
294
296
276
260
260
234
270
266
272
252
254
274
294
276
274
250
264
226
234
230
258
268
360
352
350
352
354
352
346
344
336
334
340
336
330
316
272
236
226
240
220
220
250
282
268
256
244
234
212
192
206
218
248
236
240
228
108
94
190
192
180
178
134
124
112
134
112
94
100
94
102
78
128
156
140
134
136
146
142
116
132
144
156
118
88
80
124
116
128
110
72
118
82
98
86
116
114
70
88
96
114
112
120
88
86
60
16
52
70
44
48
72
102
108
108
78
64
68
56
76
72
80
72
76
62
64
90
96
78
48
54
70
72
76
100
86
80
78
84
76
66
70
62
72
66
34
36
54
66
72
80
82
78
68
48
70
64
70
126
176
218
258
268
266
260
228
252
258
250
254
252
248
304
268
282
272
250
254
238
232
242
268
272
380
382
384
380
370
356
346
332
336
336
336
338
334
326
260
232
248
262
266
224
218
272
274
264
272
252
258
236
172
204
244
238
216
212
170
152
134
110
152
178
156
66
144
154
146
154
156
140
140
132
176
154
150
94
150
170
158
148
150
148
158
140
106
110
130
122
94
66
104
102
76
100
108
100
54
68
72
98
108
118
116
68
46
32
36
78
80
58
50
72
84
100
86
80
88
94
70
66
78
66
62
46
22
56
58
72
82
48
38
52
48
58
94
70
74
66
42
70
68
62
32
0
0
60
62
60
84
70
64
96
84
76
60
78
58
66
88
86
72
80
112
162
212
162
250
254
272
248
250
244
298
270
284
272
262
250
244
244
254
268
274
396
386
392
378
372
364
372
364
358
356
364
350
332
310
264
238
212
198
178
160
188
244
250
266
244
224
228
222
206
248
234
152
140
192
198
202
160
108
132
196
176
118
148
168
148
162
164
170
154
174
172
172
168
162
144
162
144
146
116
126
138
140
138
136
136
114
82
70
98
128
132
114
114
60
36
46
76
84
88
108
88
84
60
52
76
88
64
84
68
64
72
96
88
76
110
96
98
96
78
68
64
66
46
62
64
42
64
70
76
76
70
48
80
98
84
62
70
88
84
70
32
28
40
64
50
32
94
86
90
80
80
74
58
78
60
62
88
74
62
70
60
36
72
118
170
232
264
260
250
260
288
276
278
268
262
230
248
240
254
264
270
510
510
510
510
430
394
364
356
350
348
340
312
290
260
252
200
164
154
228
200
174
206
266
240
224
232
232
180
200
218
192
136
190
230
196
174
188
210
202
176
180
194
164
130
154
184
166
146
136
170
160
154
136
148
164
114
132
126
116
74
124
136
132
144
142
136
104
92
94
128
128
114
114
92
80
94
92
82
64
76
42
52
90
80
94
70
72
110
102
88
114
110
96
106
108
104
110
126
110
78
70
100
92
76
58
46
56
90
96
106
86
98
98
84
32
40
76
78
80
94
88
92
96
104
102
82
104
92
72
78
80
60
84
74
76
66
44
38
38
44
44
42
68
82
78
86
118
164
226
280
274
266
272
252
256
228
254
238
256
264
266
468
422
504
510
510
510
486
478
420
438
332
310
286
258
222
250
248
240
228
214
256
294
294
280
258
190
196
204
174
198
196
178
198
176
188
222
206
214
222
228
238
214
230
222
226
218
184
168
140
140
150
162
90
160
194
180
160
186
136
74
70
70
70
82
102
154
110
94
80
104
96
112
150
144
124
118
92
34
16
66
90
130
104
86
70
58
122
122
122
120
108
124
112
96
104
108
124
138
140
116
80
80
108
90
86
76
74
94
102
94
44
88
84
0
4
84
80
22
66
92
80
40
88
104
116
110
94
90
84
72
84
100
90
88
110
126
118
128
126
80
84
78
76
64
64
62
60
80
118
206
244
268
266
248
238
234
246
248
262
258
266
428
422
466
430
434
452
356
356
350
262
262
258
248
226
248
270
264
262
270
268
306
294
282
256
230
180
168
188
170
194
188
206
202
204
200
180
104
160
236
226
226
214
204
236
248
202
174
170
78
130
182
160
150
178
184
206
212
216
172
148
124
116
130
102
154
170
126
98
118
128
104
150
162
180
152
120
92
52
6
42
96
140
118
90
52
66
98
82
72
78
102
124
82
62
100
82
94
130
140
124
66
58
80
66
96
82
86
118
94
90
80
118
102
50
78
100
98
84
62
74
84
82
104
106
92
80
62
84
88
66
58
80
96
72
124
162
114
162
168
120
100
48
40
68
56
46
40
72
94
118
136
186
214
236
220
232
256
250
264
264
262
442
454
458
464
408
370
360
350
344
328
300
288
242
252
278
292
298
304
326
314
290
284
270
242
230
208
196
160
222
226
178
186
202
212
216
210
200
214
224
150
198
154
154
176
138
182
194
176
120
146
184
152
152
166
116
130
200
202
200
178
136
136
146
140
156
168
164
164
184
180
166
158
158
120
118
138
62
90
108
114
126
136
134
118
70
88
116
78
60
84
112
128
80
56
96
100
102
104
116
118
120
120
102
108
102
60
14
32
30
60
86
96
94
98
76
64
60
48
28
42
60
44
76
78
44
18
6
18
52
46
38
28
22
22
34
40
12
36
80
54
36
16
0
18
62
70
60
80
86
90
108
102
110
132
192
232
226
260
258
256
260
424
402
450
410
430
438
414
372
332
296
280
300
290
304
290
282
290
278
308
300
262
262
254
240
234
200
214
208
226
272
226
192
206
218
208
220
260
270
224
158
166
166
248
240
192
206
216
168
164
150
180
166
190
176
212
208
212
148
174
204
162
132
166
132
118
162
172
164
152
166
138
158
134
98
152
134
60
92
122
138
112
90
86
114
124
128
112
118
88
86
112
124
112
112
120
96
86
106
98
108
118
84
88
98
82
42
56
74
50
56
54
52
78
64
44
14
36
28
18
48
54
68
56
38
18
8
2
16
24
20
8
4
6
24
34
12
0
4
4
2
38
46
8
40
42
62
62
52
60
94
130
142
126
114
110
180
236
258
254
262
258
510
510
510
510
510
502
404
352
354
312
280
278
304
256
286
316
302
280
284
248
242
210
234
242
236
214
144
204
242
282
298
276
264
262
254
254
248
268
252
260
248
232
256
268
262
260
266
222
216
220
260
258
258
270
260
218
220
174
208
192
150
146
176
138
158
160
160
120
100
134
168
180
174
132
130
146
130
140
100
98
102
86
46
92
120
96
100
100
48
88
78
58
74
76
106
68
24
116
110
92
84
24
68
104
82
58
82
66
8
0
34
66
38
20
40
12
0
42
54
68
60
50
36
24
10
2
6
14
4
6
2
6
20
36
34
42
36
6
4
8
62
28
6
0
0
2
44
42
58
80
120
138
132
116
114
98
158
216
236
258
258
508
502
474
504
510
510
510
472
454
404
382
384
276
226
252
310
326
272
178
270
296
274
252
202
224
268
304
328
308
296
280
244
244
222
252
244
230
254
250
240
242
252
262
246
258
244
226
208
240
244
264
266
252
250
186
220
258
274
256
196
234
240
238
242
228
186
126
156
136
158
202
214
166
84
118
166
152
142
74
48
130
120
100
112
132
146
142
132
82
78
106
106
114
66
94
92
98
120
96
22
92
94
102
98
80
70
78
80
60
66
60
62
52
36
64
52
46
52
62
62
80
40
10
16
20
18
22
24
4
2
16
48
76
72
54
58
46
16
2
2
26
48
6
0
0
0
2
38
54
78
96
122
134
128
98
68
56
70
178
254
244
510
510
484
404
342
390
434
450
476
500
510
502
386
340
294
314
316
272
238
220
266
294
288
290
314
316
344
392
402
416
390
358
296
268
286
274
288
302
300
294
308
298
288
270
264
248
244
224
232
226
246
240
210
222
148
158
236
254
242
248
226
226
240
242
238
222
188
198
178
190
226
236
182
120
148
140
130
160
166
164
168
158
140
138
138
152
148
152
142
118
126
130
124
130
122
136
136
94
50
84
104
114
104
98
82
76
96
86
76
82
58
50
30
0
52
64
64
58
78
102
98
48
14
28
38
62
44
42
8
2
22
42
62
80
54
52
34
4
4
2
6
76
82
4
4
4
18
74
64
72
86
100
114
116
110
92
66
52
122
210
194
506
486
422
408
452
484
468
464
430
392
364
310
270
188
194
330
416
444
456
510
510
460
426
404
366
374
368
356
324
408
326
380
454
448
438
424
370
366
318
306
302
370
354
364
362
358
344
316
320
304
278
276
250
232
218
210
222
234
234
230
280
230
210
220
222
214
220
196
200
214
246
248
216
184
180
168
152
158
170
172
170
150
134
160
160
160
142
150
158
110
88
106
106
142
140
140
134
106
32
80
90
98
86
102
108
110
102
72
74
66
22
2
30
60
82
86
86
100
118
126
106
52
50
32
24
42
44
38
24
30
30
28
30
50
50
60
46
6
10
10
8
42
80
106
102
108
94
70
76
88
102
98
98
94
68
70
56
72
136
210
184
472
510
510
510
510
482
412
378
412
448
456
436
454
468
428
404
426
406
412
426
470
492
414
426
432
440
506
408
364
362
342
330
358
360
394
330
348
326
372
426
432
452
456
444
402
332
290
290
318
364
350
324
304
284
296
306
298
290
266
242
224
198
216
212
210
210
210
210
212
220
228
238
214
174
142
168
180
166
166
170
168
154
146
150
116
124
146
142
152
144
120
132
144
142
128
128
126
108
60
118
118
108
32
80
112
112
110
92
66
24
34
68
74
102
110
116
126
130
126
116
74
28
50
40
28
38
56
80
56
26
14
16
22
44
56
78
78
34
24
44
62
60
50
42
32
54
80
108
126
130
146
156
144
120
108
112
118
144
218
234
194
432
422
398
380
418
462
510
510
508
486
460
430
404
408
430
474
438
436
446
472
462
438
434
434
428
438
432
408
356
374
352
472
466
428
364
382
342
320
320
322
322
340
344
370
444
480
452
454
398
376
320
312
302
290
292
304
310
312
310
300
280
256
220
208
200
236
220
194
202
246
220
208
212
190
176
190
174
146
108
140
170
150
140
170
164
178
172
162
136
160
164
162
166
144
138
130
130
84
74
128
116
102
48
48
92
118
98
62
62
66
66
76
118
126
122
124
122
128
120
110
58
4
24
64
40
50
84
78
60
50
16
22
34
54
108
140
120
54
36
56
74
78
66
66
74
102
128
146
148
144
162
168
142
138
136
148
172
206
252
240
198
502
508
470
438
424
394
388
462
510
350
376
386
424
420
404
394
400
388
426
438
444
466
478
466
430
412
412
408
422
408
420
416
416
416
400
370
356
510
402
430
372
340
336
352
350
324
322
354
360
336
332
340
324
308
312
302
310
318
308
308
300
296
284
270
250
222
216
216
220
246
236
232
232
240
222
224
218
204
198
208
210
202
196
200
216
212
192
190
198
200
184
172
180
144
132
150
146
120
120
148
148
142
142
128
98
132
132
116
136
132
122
138
146
148
150
150
138
110
78
60
44
20
46
118
118
86
102
104
94
88
72
46
48
78
132
132
124
90
74
68
78
84
84
100
104
122
152
168
170
172
182
168
160
172
186
210
218
250
258
236
210
402
382
374
386
418
430
404
440
510
398
374
376
388
394
404
418
414
420
422
426
416
408
408
404
416
424
428
452
454
412
406
414
430
430
424
434
408
408
420
418
386
346
344
382
396
406
368
360
348
372
354
368
332
308
308
320
328
324
304
304
298
296
288
290
268
256
264
240
240
268
272
268
264
270
268
260
258
250
248
250
262
250
232
224
210
200
142
178
212
208
188
198
198
166
158
178
176
174
166
164
174
166
162
156
156
160
160
154
150
152
152
160
164
158
160
166
160
130
84
50
58
78
96
104
106
126
118
122
110
104
92
82
84
110
138
144
132
112
110
116
116
122
140
152
152
148
160
170
176
182
178
168
172
186
198
202
214
248
248
226
216
466
460
408
412
406
366
356
436
366
368
358
354
366
378
380
346
380
390
400
418
406
410
394
396
390
408
400
390
388
386
388
404
428
410
452
418
404
412
404
414
418
416
412
424
422
402
400
380
344
362
362
348
330
320
300
296
300
302
306
312
302
282
278
272
290
286
290
300
304
310
308
294
302
320
292
286
276
286
274
262
282
284
286
272
246
216
182
178
212
230
196
200
204
194
192
198
210
196
178
174
188
178
178
176
172
172
182
172
170
168
164
164
160
174
174
162
142
100
78
48
76
130
138
112
110
128
152
148
148
144
130
116
118
126
148
174
168
148
142
142
150
156
166
164
164
164
172
176
192
194
188
182
164
164
172
198
224
258
240
214
220
0
0
362
346
322
348
372
432
396
348
330
358
348
346
354
370
376
368
386
510
510
510
510
510
488
428
388
400
376
372
376
378
386
396
380
388
386
384
400
394
406
410
416
426
430
388
400
386
392
382
370
342
310
288
286
292
320
304
280
284
292
304
282
284
278
304
306
296
282
290
296
310
318
320
304
294
298
298
320
316
298
300
292
288
282
270
268
252
238
240
220
218
202
210
218
228
218
198
200
196
198
194
184
190
176
168
148
154
160
158
148
132
134
140
124
104
84
68
104
166
190
198
188
188
190
188
166
176
176
174
164
162
152
166
178
186
190
184
172
182
192
188
196
204
208
224
250
252
244
242
234
238
240
258
260
254
258
262
250
238
242
0
0
0
0
0
0
0
300
294
312
288
316
336
332
336
338
356
366
368
392
392
386
380
430
496
510
388
378
384
382
374
374
382
384
380
376
378
380
402
384
378
380
386
400
402
398
388
366
362
350
372
326
310
278
264
294
286
304
292
296
284
296
308
318
312
312
290
280
280
288
300
296
308
308
302
318
296
304
306
280
280
306
292
288
264
280
290
284
288
296
298
286
276
254
246
246
250
252
256
248
240
208
182
182
178
160
152
158
156
166
154
162
140
134
126
130
122
150
218
260
282
282
274
268
278
266
260
248
232
224
226
230
224
218
218
220
218
220
216
228
230
246
232
230
232
244
296
268
256
264
252
256
260
262
258
256
268
258
256
252
252
0
0
0
0
0
0
0
0
0
0
0
0
0
0
350
338
334
352
366
454
486
494
460
394
378
388
384
406
364
354
356
362
356
362
366
384
378
376
380
382
376
378
376
372
372
372
372
372
364
366
362
310
274
230
258
280
272
268
286
298
312
328
352
358
348
342
350
314
284
310
324
328
308
300
290
274
278
290
302
322
316
274
270
314
292
294
308
312
332
294
274
270
278
284
302
308
296
286
280
272
238
204
216
188
192
176
174
178
176
148
140
128
142
142
136
142
206
272
294
292
302
294
288
290
288
304
294
296
290
282
280
278
280
282
282
260
262
246
246
252
264
270
244
236
240
236
274
268
270
260
260
254
258
256
268
264
264
264
260
260
240
0
0
0
0
0
0
0
0
0
0
0
0
0
0
0
0
0
0
0
342
342
336
342
342
362
374
356
356
356
346
364
368
360
364
368
352
360
362
364
366
368
370
370
376
374
376
380
370
364
374
340
290
248
266
268
264
312
314
322
336
348
368
348
358
354
364
360
350
364
348
356
344
324
306
284
250
300
312
320
302
302
306
300
288
298
316
310
328
340
348
364
382
356
344
308
274
264
274
270
272
228
208
170
138
150
136
122
122
128
140
146
144
152
150
188
236
268
276
268
274
270
286
288
288
282
300
298
286
290
270
276
278
290
278
280
248
260
244
246
236
266
258
236
238
254
264
278
268
266
256
258
250
258
266
270
270
278
264
258
254
238
0
0
0
0
0
0
0
0
0
0
0
0
0
0
0
0
0
0
0
0
0
0
0
0
0
346
374
352
330
320
334
342
338
346
380
380
362
378
374
376
364
360
358
362
380
408
424
390
394
398
352
338
308
306
322
320
322
332
316
320
318
320
324
346
336
340
340
344
342
344
346
354
358
338
306
270
238
276
306
328
318
308
302
312
310
310
318
304
310
308
294
294
318
294
288
310
350
392
402
358
254
162
136
140
132
140
142
158
166
166
160
178
242
294
332
380
294
274
268
272
274
268
270
276
284
286
298
298
290
288
282
278
278
280
262
254
240
234
248
252
270
240
236
234
250
290
288
256
262
254
256
252
264
268
272
264
264
260
262
252
230
0
0
0
0
0
0
0
0
0
0
0
0
0
0
0
0
0
0
0
0
0
0
0
0
0
0
0
0
0
0
0
0
326
326
358
340
334
350
376
344
340
338
350
416
360
346
346
340
340
346
344
336
344
338
324
312
318
314
296
302
300
298
300
302
306
308
316
320
324
322
330
328
350
342
322
296
318
316
298
250
282
312
306
298
334
358
324
262
280
326
358
368
318
306
310
290
294
294
274
282
248
230
232
228
268
264
258
268
260
206
162
204
252
270
270
270
278
296
304
306
306
288
282
288
278
278
286
282
272
276
284
276
276
272
252
246
240
360
264
262
262
236
228
232
240
278
264
258
252
248
244
250
262
264
270
260
266
266
262
244
226
0
0
0
0
0
0
0
0
0
0
0
0
0
0
0
0
0
0
0
0
0
0
0
0
0
0
0
0
0
0
0
0
0
0
0
0
0
346
348
326
324
328
332
344
330
336
326
328
334
336
330
322
314
306
316
304
306
306
294
294
290
292
292
294
298
294
296
296
304
308
314
316
320
318
326
300
296
294
298
306
310
292
294
330
358
380
366
374
370
364
356
348
310
256
250
314
360
332
310
300
282
268
270
282
266
278
272
320
360
388
404
398
360
246
180
138
180
242
270
284
286
274
288
302
308
342
322
302
232
208
262
268
268
260
248
240
218
370
468
262
258
234
216
260
242
290
264
262
258
244
240
248
264
264
266
266
268
268
266
236
218
0
0
0
0
0
0
0
0
0
0
0
0
0
0
0
0
0
0
0
0
0
0
0
0
0
0
0
0
0
0
0
0
0
0
0
0
0
0
0
0
0
0
0
310
316
326
322
324
340
328
316
314
308
304
300
306
306
290
284
290
292
296
284
288
292
288
294
292
298
312
424
374
308
304
304
318
330
326
322
316
322
334
340
340
340
354
348
348
338
342
354
362
364
372
366
362
360
354
362
322
288
304
344
354
332
294
288
286
278
282
268
264
250
288
324
366
384
410
388
312
234
158
152
218
272
294
304
292
288
282
286
288
270
270
256
236
232
224
268
270
250
224
224
248
274
284
270
318
310
298
266
262
254
254
262
264
262
270
252
232
224
