426
424
424
430
422
414
416
418
420
422
418
420
418
426
432
414
416
422
408
400
388
396
392
374
370
368
358
356
352
344
336
350
342
332
330
334
330
338
326
320
322
326
318
322
314
318
306
304
314
312
306
308
310
314
318
318
310
308
304
306
300
310
306
300
296
298
298
294
298
286
284
286
298
292
302
306
308
310
306
308
312
308
294
298
294
302
304
310
306
302
294
286
278
286
268
260
262
260
264
260
262
256
262
260
262
256
254
246
248
240
230
222
210
220
218
220
206
214
198
200
194
188
184
184
184
176
176
170
166
166
162
166
162
174
168
168
162
164
156
144
144
144
128
124
128
126
128
124
120
128
122
118
122
130
120
112
116
112
112
112
112
428
430
426
424
428
424
418
420
414
424
420
418
428
426
424
430
422
422
418
406
398
398
388
384
382
366
356
348
344
338
334
344
334
334
330
336
328
328
318
318
318
318
316
316
312
312
318
316
314
308
314
310
304
316
320
312
314
304
306
298
302
310
304
298
298
296
296
298
304
282
288
288
288
296
314
312
304
306
306
302
312
302
304
304
304
306
298
306
308
298
298
292
286
278
272
272
274
262
264
266
260
270
256
256
258
258
258
256
244
236
222
224
210
222
218
218
214
208
204
212
206
198
194
192
186
180
166
162
174
178
172
160
162
168
164
164
162
160
158
152
146
144
136
134
138
134
124
122
118
126
124
118
120
122
128
116
104
122
120
114
116
426
422
424
430
426
430
426
412
418
416
420
430
426
428
424
418
422
416
416
410
406
390
392
390
388
366
372
358
360
350
342
358
326
330
332
336
330
328
322
328
328
322
314
320
314
324
316
316
306
302
302
302
300
308
310
312
312
314
310
306
296
302
304
296
304
296
296
296
296
272
240
236
232
266
276
308
302
312
308
312
306
306
306
304
300
308
302
310
298
310
298
296
296
282
276
272
276
272
260
270
266
266
268
258
264
256
264
254
254
246
242
228
228
228
234
218
220
216
210
220
206
208
202
194
192
178
182
180
176
178
164
172
166
164
160
154
152
146
150
156
150
148
140
134
130
138
122
128
122
122
130
120
126
122
122
120
124
120
112
116
120
422
432
422
428
422
418
422
424
422
414
418
412
412
424
426
420
414
418
422
412
410
396
400
396
380
380
372
366
364
360
356
352
342
338
336
328
342
332
326
318
318
332
314
322
326
312
316
312
310
302
300
312
306
312
306
302
304
308
308
310
302
298
302
288
290
284
296
292
254
218
262
238
186
180
234
248
270
306
300
300
306
300
300
308
306
296
302
300
300
296
294
292
280
280
278
276
280
278
272
276
272
272
268
270
266
272
252
252
250
244
238
230
234
238
234
224
230
228
214
214
214
210
210
200
196
190
174
176
172
168
158
160
160
162
160
162
156
160
152
160
154
144
146
148
138
136
134
134
122
132
122
120
130
120
124
124
132
120
128
124
126
442
432
430
432
436
428
420
416
428
422
422
416
414
416
418
420
424
418
416
414
408
406
408
396
394
376
372
374
366
374
368
358
354
348
344
332
334
330
330
320
320
320
318
322
312
316
312
300
310
312
310
300
310
302
302
314
304
310
308
306
302
298
296
276
294
290
294
286
240
216
202
246
272
256
160
226
246
232
292
308
310
310
312
314
302
300
304
310
306
300
292
284
276
280
284
274
286
282
280
278
278
272
272
272
264
266
262
254
250
248
248
240
236
236
228
232
234
230
222
216
214
214
210
214
202
194
194
192
180
166
160
166
166
162
156
162
160
160
168
160
152
148
148
150
148
148
144
142
136
124
124
124
128
126
128
132
126
128
134
130
136
434
434
426
428
434
428
432
420
428
426
426
426
414
414
422
426
414
424
420
410
402
406
398
394
388
400
390
384
380
384
360
360
362
346
350
344
324
328
332
324
328
324
324
316
320
310
318
304
310
296
308
310
312
296
302
306
310
290
302
306
298
294
298
296
300
290
282
264
284
262
236
194
224
278
264
218
252
232
186
272
308
306
308
310
300
308
306
310
292
294
290
284
282
288
290
302
286
292
292
286
276
278
278
276
272
272
270
270
256
252
252
254
248
250
244
250
238
246
234
232
226
220
212
216
216
198
186
198
188
186
170
168
166
160
158
158
158
168
162
164
160
156
158
156
148
150
152
150
148
144
140
128
128
132
132
134
120
136
132
140
128
428
428
434
428
436
416
436
428
428
430
424
414
420
426
406
416
420
406
410
400
406
392
402
410
392
396
396
390
388
382
372
364
362
354
348
346
332
328
328
328
332
318
326
324
318
318
316
316
302
308
300
310
310
302
306
304
302
302
308
304
300
298
302
302
298
284
278
272
232
244
288
260
226
228
266
282
238
240
266
232
270
306
320
312
312
306
306
304
298
288
284
292
288
288
288
298
294
292
292
290
294
272
276
282
268
272
266
262
260
262
260
248
244
250
244
238
242
236
238
232
232
226
222
220
216
212
208
198
182
170
176
174
166
162
164
164
160
162
170
164
158
166
156
158
162
160
150
154
162
144
134
144
134
130
136
138
136
140
128
132
138
442
426
440
436
430
418
422
426
424
420
416
416
412
404
406
410
398
406
400
400
396
394
398
396
394
396
396
396
392
384
382
368
366
354
344
334
326
338
334
330
326
320
320
316
324
316
310
320
310
318
308
304
306
308
308
312
306
306
298
298
302
302
300
308
298
292
272
250
250
226
236
286
298
272
240
262
290
248
246
254
228
280
314
304
308
298
296
304
292
286
280
284
290
280
294
294
296
286
294
290
290
282
284
278
282
266
268
264
252
252
256
244
248
246
250
244
242
240
246
240
232
230
230
222
222
212
214
204
208
196
188
178
172
162
162
162
158
162
170
164
164
160
164
164
156
152
158
154
156
156
152
140
140
148
150
140
142
134
142
134
136
454
440
436
440
430
430
420
412
422
420
418
406
410
406
410
404
394
394
392
392
394
402
406
402
390
404
406
390
394
388
384
372
362
352
344
330
336
330
326
326
318
320
318
318
322
314
314
316
308
308
312
312
312
314
308
310
314
312
312
310
308
310
314
316
304
268
268
294
288
246
208
218
280
298
276
234
262
262
242
272
240
226
278
304
310
300
294
298
280
284
278
286
282
290
286
300
300
296
304
292
292
276
278
274
274
272
266
262
260
264
256
252
246
254
244
248
242
246
240
236
234
232
224
220
226
216
212
212
208
200
198
192
178
182
174
168
162
158
170
158
166
166
168
166
162
152
162
156
160
162
154
146
146
142
146
148
144
140
134
148
142
444
446
434
422
434
432
422
424
414
416
408
420
408
408
390
400
396
390
386
380
386
394
400
398
386
398
396
386
388
382
372
360
358
346
334
344
336
326
334
328
324
320
314
316
310
318
316
314
312
306
316
320
320
334
330
314
310
320
312
316
310
312
310
306
302
278
252
238
262
302
294
250
208
262
298
296
258
262
270
254
254
254
244
268
296
298
292
288
286
282
282
288
288
304
292
302
300
298
300
284
282
284
276
272
276
270
264
266
264
256
248
256
248
250
246
248
246
240
240
232
238
234
224
222
222
216
216
210
204
206
204
198
192
188
180
176
176
168
164
162
160
162
158
170
166
170
154
154
162
152
156
150
142
142
150
146
148
140
152
148
150
426
430
424
432
436
444
432
414
420
410
410
406
410
400
390
396
392
400
388
400
378
386
390
400
396
390
382
386
384
374
360
354
336
340
348
344
336
330
330
334
320
314
320
314
312
316
312
316
316
318
322
324
326
332
334
334
332
320
324
334
330
332
324
312
288
284
248
244
206
244
288
302
280
204
254
290
310
280
278
286
266
266
254
224
264
290
290
284
276
270
284
286
292
300
296
302
302
300
296
288
290
286
270
280
280
266
266
268
262
272
254
258
252
258
256
250
250
252
246
248
228
232
236
232
218
222
214
216
210
208
206
198
206
188
180
192
184
180
174
176
164
160
164
156
162
170
166
158
150
158
160
158
162
148
160
156
158
158
154
150
158
432
432
432
412
434
426
428
422
418
408
394
406
396
398
394
392
388
390
390
384
382
384
388
392
396
390
384
380
380
364
356
348
354
354
346
334
342
332
336
326
328
316
318
316
312
318
318
326
322
334
342
336
332
336
336
346
346
340
338
338
330
336
342
328
270
278
298
310
268
248
228
268
294
298
260
228
270
298
262
254
280
260
262
234
230
250
280
284
272
284
284
298
298
302
300
296
296
294
294
282
280
284
282
280
270
266
262
270
260
268
274
256
258
264
264
248
256
256
248
248
236
244
228
232
232
224
224
218
216
216
212
204
206
202
198
190
186
192
190
186
178
174
172
170
156
162
160
168
158
156
162
156
154
154
154
166
164
156
164
158
166
438
438
426
432
432
430
424
416
408
406
402
402
402
394
394
394
398
386
384
386
386
378
382
396
392
390
380
374
368
364
358
358
342
340
348
346
340
330
334
330
322
326
330
326
324
328
338
346
338
342
340
342
338
330
336
344
344
328
332
318
332
338
336
322
270
220
164
228
296
306
302
254
236
278
296
294
262
260
284
250
266
282
258
268
272
252
252
278
276
282
300
298
300
302
294
288
290
294
294
286
282
272
278
280
272
272
278
280
264
262
256
264
260
268
254
256
260
258
250
244
244
246
246
238
236
232
226
228
214
214
208
210
200
198
200
198
198
190
190
178
176
184
184
186
188
162
172
176
162
168
166
158
152
170
160
162
166
170
172
172
172
426
412
442
428
432
442
418
416
406
418
414
414
408
404
400
400
394
390
376
384
374
376
384
382
380
384
378
372
366
354
362
350
356
348
348
350
352
342
348
338
336
322
334
324
340
338
350
356
358
352
356
346
348
344
330
340
338
340
334
328
328
312
320
314
308
310
284
272
242
264
284
296
286
260
262
276
286
270
268
256
214
250
258
240
252
260
216
240
282
284
290
300
310
300
300
288
290
290
288
282
280
268
264
266
256
274
268
272
274
268
268
264
264
260
258
262
246
250
244
258
250
244
244
242
242
228
232
228
218
214
220
212
208
202
206
198
190
186
182
180
170
178
176
178
180
182
176
176
172
170
162
170
170
170
166
174
170
170
176
176
180
418
418
422
420
424
410
414
420
416
420
414
410
406
410
400
404
396
404
386
386
380
386
384
386
376
370
372
358
354
356
346
364
348
352
342
346
350
348
348
354
346
350
352
348
350
356
362
374
372
358
360
344
350
346
346
344
350
340
330
330
334
316
320
248
190
224
286
304
312
288
250
244
266
288
284
260
232
232
218
196
218
216
224
224
222
234
190
170
196
206
224
258
272
288
284
280
278
274
278
274
270
276
270
258
266
264
272
264
272
274
270
268
266
260
260
268
254
250
252
250
252
256
246
248
238
232
236
218
224
206
224
210
204
206
216
190
192
196
190
186
188
180
186
182
182
184
188
178
174
172
168
168
180
176
174
170
176
180
178
186
186
410
408
418
412
414
420
418
416
424
416
420
408
408
408
410
410
402
404
402
398
390
386
388
394
384
370
370
364
352
354
362
356
356
356
358
358
360
364
362
362
360
370
368
368
380
374
378
382
374
372
360
360
350
350
354
356
348
344
334
344
336
338
322
306
288
252
256
264
236
236
268
290
296
272
264
250
214
206
202
198
186
154
156
166
162
152
138
120
78
60
60
60
64
86
94
98
90
110
98
104
100
84
82
96
98
110
120
132
150
164
180
186
198
206
214
234
238
238
250
244
248
242
236
232
234
230
230
226
224
230
220
216
212
208
206
204
200
200
204
190
182
188
194
184
188
184
184
184
184
178
180
166
166
170
180
182
182
188
192
188
190
430
376
408
398
394
410
410
418
418
404
416
420
424
424
412
414
404
404
396
398
384
388
390
388
374
362
356
358
358
348
360
358
360
352
362
362
372
370
364
376
372
384
378
374
382
376
382
378
378
372
364
362
358
358
350
352
344
344
336
346
344
342
324
298
270
268
290
290
288
286
276
282
276
260
218
176
136
114
104
86
68
26
54
96
76
86
88
58
54
62
64
56
46
68
70
66
98
106
108
90
96
100
94
90
90
90
78
70
84
86
86
80
64
60
58
72
108
114
134
168
192
210
220
220
220
226
224
234
236
226
220
226
218
218
204
202
204
206
204
190
188
186
188
188
186
176
190
182
180
180
178
180
182
184
188
186
184
196
192
190
206
392
452
370
342
332
340
330
334
332
356
380
404
422
416
398
404
410
414
400
398
396
390
382
378
366
368
364
362
356
354
362
362
362
360
372
374
372
378
388
384
390
386
392
400
390
380
382
386
376
380
386
368
356
364
360
348
342
346
336
350
338
338
330
318
314
308
288
268
254
248
246
246
228
170
110
58
34
50
62
32
34
74
96
106
92
90
50
26
42
38
26
36
66
78
56
50
78
86
106
84
70
66
44
54
96
92
82
80
72
68
72
60
54
56
80
72
72
58
38
54
78
78
76
96
102
118
146
166
198
206
218
228
228
220
216
214
204
204
200
198
204
200
190
192
196
188
184
186
180
194
188
194
188
188
190
188
194
196
204
198
198
386
364
370
332
276
264
270
270
280
314
326
284
310
344
376
392
400
400
396
394
394
388
378
374
360
360
366
368
366
360
360
360
372
380
378
388
376
388
396
402
392
388
388
396
398
390
388
382
390
382
364
366
370
358
352
352
342
344
330
328
330
310
296
280
252
226
216
200
176
138
110
82
80
54
54
80
72
38
54
42
62
98
102
84
86
50
34
46
40
30
42
72
96
106
94
66
60
60
60
60
56
58
52
62
54
62
88
96
78
60
54
76
80
70
86
88
78
84
76
72
52
56
64
70
74
84
64
60
56
80
118
168
196
206
218
204
210
208
198
206
204
196
198
204
198
202
196
198
184
192
200
198
198
194
200
206
204
208
204
200
210
390
388
372
348
310
280
282
288
304
328
300
278
276
292
306
308
272
320
350
382
392
376
372
378
360
366
366
362
370
366
366
372
384
386
388
384
386
386
390
400
384
386
390
398
390
388
388
392
390
380
366
356
334
316
308
278
246
206
162
124
120
128
98
64
62
92
98
104
80
74
90
50
50
68
80
70
24
28
46
84
98
88
58
8
6
2
48
70
56
30
40
72
84
88
88
70
88
80
42
20
36
64
62
36
18
44
64
86
82
48
30
36
42
68
82
74
64
66
60
58
58
58
52
52
50
26
26
30
38
64
62
60
62
84
120
172
200
204
214
214
212
212
206
206
218
212
204
206
200
200
196
204
204
200
202
206
210
214
214
208
216
380
398
356
352
346
336
296
266
264
304
312
332
332
322
308
306
308
290
282
288
298
300
336
346
362
364
362
376
374
374
378
380
372
380
386
382
384
386
392
402
390
394
392
390
382
368
320
280
256
188
156
142
144
128
104
114
140
136
122
138
134
134
138
92
86
96
106
68
28
58
84
80
68
80
46
8
6
20
44
46
68
72
54
36
24
32
58
56
60
62
52
58
74
82
66
86
108
102
98
76
62
56
54
50
32
52
54
54
68
64
62
74
56
52
64
86
76
58
50
66
58
40
18
0
0
34
52
50
78
66
52
68
72
66
38
44
52
74
130
174
198
214
224
220
216
212
204
200
208
192
200
206
200
206
210
216
224
214
218
220
216
384
398
362
356
342
340
344
330
312
320
334
338
342
340
322
306
294
310
302
294
286
264
246
256
268
280
294
310
302
308
314
318
314
324
328
330
332
326
316
296
264
220
170
150
98
86
92
102
96
112
110
148
144
140
116
114
152
152
138
126
112
126
122
132
130
130
102
70
60
74
86
118
108
78
62
36
32
52
58
42
46
20
10
42
56
58
48
40
78
96
80
100
104
102
98
106
102
108
120
122
84
72
68
106
86
68
44
32
62
92
108
108
96
96
106
114
62
20
80
86
76
74
56
44
56
60
40
26
72
74
88
76
78
68
52
62
44
54
74
74
78
124
168
204
212
210
204
206
202
202
208
214
210
210
214
216
212
220
212
220
222
386
388
384
362
352
348
346
316
292
290
308
328
330
320
298
310
314
316
318
298
284
276
250
206
244
272
246
230
200
204
234
230
218
196
144
152
192
182
174
158
144
68
58
128
142
132
122
154
150
142
146
154
154
156
150
150
120
100
108
108
64
82
106
108
108
116
114
102
62
48
68
84
78
92
104
80
66
66
20
0
12
56
92
96
66
52
34
66
104
106
96
106
114
120
94
96
98
110
130
152
134
100
68
92
104
76
84
64
88
104
110
88
60
106
84
6
0
66
80
50
76
94
92
80
84
100
112
102
110
106
78
76
74
56
62
64
56
54
54
54
54
48
46
74
134
184
218
220
206
214
218
218
214
220
216
212
222
222
222
216
226
388
376
380
384
374
356
354
346
304
262
260
294
304
288
276
284
312
324
320
318
320
274
254
256
210
204
200
242
188
222
262
246
244
228
188
98
126
90
80
124
174
154
102
114
140
138
132
138
138
114
140
146
128
92
90
132
144
126
142
146
78
34
38
32
40
48
126
126
54
54
70
66
70
128
140
132
90
64
32
0
0
48
88
108
80
32
30
64
66
22
34
68
102
90
22
48
70
56
98
138
152
118
80
84
64
70
86
72
96
118
104
86
96
126
100
58
64
98
90
56
64
90
76
66
88
104
126
122
96
102
94
84
92
102
100
90
102
100
70
60
58
46
40
44
68
80
132
174
208
224
232
218
228
224
228
226
228
228
226
228
222
406
388
378
380
378
384
370
360
354
324
304
316
320
306
290
276
310
322
310
292
276
274
280
252
248
240
216
186
184
200
228
236
202
198
192
176
174
120
102
136
154
162
156
128
102
112
148
136
122
90
84
98
96
84
84
122
156
140
168
168
122
86
86
96
126
126
148
150
100
132
144
132
128
134
126
94
84
56
28
64
74
88
100
110
92
50
56
86
78
36
52
84
116
100
54
72
96
94
98
116
122
132
118
110
88
102
78
34
20
34
42
82
96
104
102
94
96
90
86
66
20
56
66
70
86
100
82
72
68
98
96
76
90
106
116
116
186
216
164
178
162
96
82
78
78
66
62
84
128
178
206
228
232
234
232
232
236
230
228
230
224
406
396
398
380
374
374
384
368
348
338
336
316
302
296
292
282
314
322
324
324
324
310
300
298
270
260
244
228
196
196
228
176
100
112
146
146
144
140
160
154
146
164
168
158
168
160
160
120
106
62
30
94
100
64
86
94
90
128
162
176
160
118
86
106
114
102
134
158
154
148
154
138
120
116
48
88
102
40
22
66
100
84
64
58
90
94
96
92
94
70
58
80
98
100
88
90
86
84
88
96
100
106
90
84
90
92
64
26
54
62
54
76
78
84
88
72
40
28
30
22
26
44
38
46
68
56
32
10
18
34
58
52
68
74
72
54
90
90
98
156
132
96
62
18
22
26
48
46
46
78
138
190
216
232
236
232
234
232
230
226
196
440
416
410
400
400
384
380
390
372
352
326
292
258
250
248
236
242
260
278
290
306
302
296
292
292
258
226
214
190
204
210
158
100
130
154
148
156
140
152
162
164
166
158
134
144
166
144
138
130
86
68
104
106
98
116
130
102
128
144
108
140
140
106
98
112
88
88
114
110
90
100
122
134
144
106
94
112
104
102
80
54
68
50
16
52
76
64
46
76
30
36
52
40
50
56
74
64
30
78
116
80
68
54
44
88
94
62
60
74
40
4
18
52
56
26
26
30
18
40
56
66
62
58
52
36
24
8
4
12
12
16
18
32
20
30
40
50
18
2
22
64
40
22
32
2
6
50
66
66
82
98
112
136
178
222
228
246
244
228
206
232
510
488
450
412
412
428
436
382
380
376
378
350
314
296
256
220
216
226
230
232
262
288
286
276
276
256
234
206
168
166
172
156
140
144
140
134
144
80
68
138
142
132
142
96
108
92
60
110
128
92
70
76
116
116
124
150
162
138
126
108
122
124
108
114
136
120
128
118
88
72
74
124
156
144
70
50
106
120
98
48
14
56
76
52
72
74
98
110
106
72
56
74
90
96
70
74
86
94
112
84
44
62
90
92
88
82
66
68
72
48
52
66
58
54
48
44
50
34
48
64
62
64
62
28
18
18
4
4
4
4
6
2
4
20
42
56
52
44
20
6
2
14
42
24
22
28
62
98
90
92
106
126
122
114
126
186
238
244
220
232
252
504
484
510
404
458
424
430
416
408
388
400
372
300
270
238
228
218
218
208
206
208
248
284
286
266
240
200
194
190
152
156
144
156
164
170
166
152
136
144
156
134
74
92
132
188
192
178
188
176
140
136
160
186
190
192
188
162
164
186
196
176
140
156
170
170
180
172
132
124
124
108
148
168
146
74
88
110
90
110
116
118
122
120
104
94
104
120
118
126
122
98
92
98
86
108
110
118
120
92
18
48
84
86
90
94
88
72
76
72
64
74
56
38
22
2
18
56
62
58
68
84
94
76
18
22
26
34
28
14
6
2
4
24
82
110
78
70
82
72
46
4
2
26
6
0
0
0
22
82
82
102
140
156
152
120
114
174
194
232
236
294
464
430
510
510
510
510
466
416
432
426
386
362
326
292
264
240
236
240
222
196
196
236
286
314
298
262
202
178
172
180
206
184
154
148
152
148
134
176
212
204
184
192
182
192
214
210
198
196
186
164
184
192
200
198
192
164
82
100
182
198
190
176
164
156
178
186
182
164
160
164
162
164
168
164
138
138
138
130
130
132
130
126
114
88
116
122
126
124
120
132
116
72
64
94
128
124
118
120
108
44
64
84
78
76
86
96
84
92
74
58
58
12
2
6
24
54
74
72
84
108
126
96
64
56
50
32
58
70
36
16
4
8
34
106
140
110
76
66
26
18
8
14
52
34
4
0
0
4
64
100
96
110
140
140
132
112
124
180
236
294
278
466
498
412
422
510
510
510
484
460
404
380
368
318
262
206
192
176
178
188
194
234
282
304
294
274
230
192
200
174
190
242
262
210
186
204
234
242
240
238
252
250
238
246
240
242
234
238
226
214
194
200
208
190
172
162
180
172
170
184
192
196
192
194
172
160
162
184
174
178
166
168
164
152
142
124
124
136
154
154
134
130
132
124
110
118
90
104
130
118
132
138
136
128
136
130
116
114
116
92
50
86
106
90
22
60
88
108
98
84
64
20
32
58
72
86
102
120
132
136
124
118
68
46
64
62
34
26
36
76
76
40
14
30
90
144
120
112
96
28
36
56
28
46
80
66
12
6
26
72
86
98
94
120
136
140
106
58
72
188
252
250
434
422
486
506
372
504
478
510
468
434
384
326
280
256
246
248
250
228
220
242
270
298
290
278
242
238
218
226
220
220
246
292
294
274
256
258
266
246
226
264
278
270
278
292
288
276
276
272
258
254
260
280
266
266
264
252
228
232
238
236
222
208
190
166
168
168
164
162
160
162
160
154
130
130
132
118
146
156
132
96
96
128
120
122
142
150
164
164
158
130
140
168
174
166
150
132
130
126
84
78
110
112
94
52
46
74
108
102
72
68
60
66
82
118
132
134
146
152
142
132
106
48
22
34
54
48
44
52
122
162
116
24
26
84
154
142
134
106
54
38
52
90
78
60
84
98
84
84
68
98
134
128
114
114
114
90
70
50
86
186
256
506
454
478
434
508
502
402
510
424
474
372
318
276
274
266
262
266
270
270
282
276
254
258
260
254
242
232
198
180
222
258
300
310
274
244
228
276
298
300
324
338
336
354
354
352
352
350
348
358
360
354
356
354
352
352
350
346
348
342
338
318
290
260
220
180
172
164
166
168
158
160
168
166
160
172
178
182
192
166
138
160
184
182
186
192
194
196
196
192
198
194
184
176
182
142
130
142
142
126
126
140
150
152
138
130
114
128
132
130
136
140
140
162
164
172
176
176
160
120
94
58
22
4
36
64
76
58
76
102
122
128
88
62
98
144
188
192
160
80
74
78
118
134
124
96
72
100
122
152
172
176
172
158
142
110
80
70
52
74
174
252
510
510
506
466
456
420
506
412
358
370
356
338
322
270
280
266
278
290
296
306
304
276
226
226
226
240
258
264
288
332
342
340
328
330
330
340
360
354
360
366
366
362
364
364
354
362
364
366
368
372
370
366
362
358
346
352
356
346
348
344
350
344
340
334
290
258
254
218
186
176
182
192
200
202
216
218
222
222
224
226
234
246
230
218
216
204
176
122
142
204
198
186
194
198
188
180
182
182
172
170
168
184
190
182
172
150
140
130
126
126
128
148
152
174
182
200
198
176
130
82
52
58
66
74
98
118
116
116
104
94
100
92
96
132
150
218
214
178
110
80
94
138
162
182
210
230
246
252
248
206
180
184
196
156
138
116
140
136
174
236
338
496
510
510
510
470
470
402
402
388
324
298
314
370
308
356
272
246
264
262
246
262
254
254
252
234
202
224
266
310
352
384
378
372
368
380
366
362
372
368
364
366
366
366
362
366
364
362
372
368
366
378
378
370
356
336
316
338
344
342
344
336
346
336
348
344
330
300
290
274
238
228
256
268
276
284
286
266
262
256
248
242
250
264
266
254
236
208
182
170
206
212
204
208
202
192
196
192
198
202
200
196
192
200
202
184
166
154
154
152
152
154
164
164
168
162
178
174
152
120
98
94
84
92
118
122
120
142
158
150
120
90
96
110
144
180
216
218
184
140
136
148
166
186
208
232
242
244
252
250
224
212
190
178
168
174
190
206
226
256
340
292
510
510
484
510
510
510
426
370
352
324
286
242
256
296
300
310
316
360
324
272
228
212
252
278
280
294
320
364
356
358
354
366
376
364
360
368
364
360
364
360
376
364
370
358
362
366
354
368
376
378
372
378
374
358
354
358
354
354
346
344
350
350
354
346
334
338
334
318
318
320
316
316
330
330
326
320
298
280
272
278
284
284
288
288
276
274
256
246
232
214
216
220
214
206
206
208
216
218
214
212
220
216
214
212
202
206
198
194
180
166
172
176
184
178
180
168
178
156
132
122
126
116
150
184
178
182
190
188
186
172
156
160
170
182
196
240
276
240
204
186
190
214
212
224
222
224
222
226
218
226
210
186
196
198
176
196
240
264
368
302
250
510
510
510
508
472
472
454
414
336
262
216
204
228
248
248
240
342
478
394
302
256
214
270
298
344
358
356
344
340
338
314
346
360
368
356
364
362
354
350
354
350
368
366
368
366
362
360
370
374
378
380
370
372
360
356
344
334
338
358
350
346
330
330
352
338
320
330
326
320
324
324
336
338
330
326
306
292
284
278
288
280
260
266
288
276
262
258
272
278
272
280
282
276
270
272
274
264
258
266
254
254
254
254
258
254
238
210
194
172
170
208
204
206
194
172
158
170
156
184
176
162
194
240
254
248
242
222
212
206
208
212
198
198
202
222
256
288
276
240
222
232
248
244
236
224
224
218
220
218
218
214
212
210
204
216
246
274
360
310
254
292
508
492
508
510
476
422
376
342
334
308
272
248
246
268
256
258
312
316
300
304
290
318
338
338
344
352
358
336
324
318
320
322
334
340
348
362
354
354
350
350
356
354
360
360
366
366
368
370
372
370
372
380
380
362
350
330
348
360
354
322
308
344
348
330
328
328
326
304
310
332
334
340
330
342
326
316
280
260
246
262
280
294
288
256
270
286
284
288
304
312
308
300
292
290
316
316
312
318
320
314
316
316
314
322
314
306
254
234
206
168
150
124
130
160
158
144
158
174
178
176
190
272
288
288
288
282
278
276
252
238
246
248
244
242
238
236
238
240
238
234
250
254
260
256
258
252
260
244
250
246
260
278
258
246
264
270
362
330
282
302
246
496
476
506
460
430
418
400
346
296
256
258
258
262
272
232
238
224
228
298
366
436
276
350
346
370
364
336
344
334
314
306
304
312
330
334
342
348
356
348
340
342
360
348
352
358
362
368
366
368
372
374
382
370
372
360
356
346
322
320
320
352
348
320
308
332
332
326
326
328
332
336
330
318
328
318
316
300
274
266
280
282
290
286
298
286
284
298
308
312
314
316
314
320
314
322
322
318
310
324
316
318
320
320
328
316
324
278
230
188
160
152
144
142
150
160
164
172
172
162
184
264
294
300
292
292
286
294
284
290
284
276
276
284
280
284
284
278
276
268
268
272
268
276
278
264
278
216
264
264
274
314
278
260
272
270
382
328
274
308
252
266
510
504
458
444
422
366
338
288
298
320
324
318
268
244
246
262
364
388
346
340
384
440
510
384
338
352
338
330
354
330
310
306
322
330
328
324
336
340
344
356
348
356
350
352
352
338
362
366
372
374
372
380
372
366
352
346
316
314
326
340
334
310
318
334
324
312
338
340
338
330
326
326
324
324
320
308
292
280
242
240
260
288
292
290
290
290
302
304
316
316
306
314
320
314
318
318
318
318
316
314
320
314
326
322
332
324
308
272
222
234
212
168
156
142
158
176
158
142
216
280
300
300
300
296
296
286
286
286
284
286
286
286
286
282
296
294
288
292
284
306
296
276
278
266
278
242
254
260
276
322
294
264
272
280
350
324
294
316
248
260
236
506
510
510
510
416
392
356
356
372
364
322
326
376
370
380
366
346
350
396
412
334
422
430
508
478
498
346
338
330
334
396
322
322
342
306
310
320
328
336
344
342
358
356
358
362
360
358
358
370
372
368
380
372
368
332
324
326
332
340
318
322
328
326
310
320
332
346
338
336
326
324
324
330
318
310
312
300
294
270
282
278
260
246
264
284
292
298
314
314
312
316
318
308
314
312
312
314
312
320
318
320
330
332
324
332
328
324
318
300
272
248
244
254
234
222
204
254
294
306
304
304
300
294
292
292
288
294
292
286
294
282
290
288
290
288
302
294
294
298
298
292
280
266
272
256
260
260
280
296
294
266
272
284
356
322
292
312
256
268
236
230
510
468
444
510
510
460
424
428
426
426
486
440
446
448
422
376
364
322
316
352
422
488
354
420
378
510
446
450
352
338
338
336
314
310
304
298
316
328
328
334
340
344
346
356
356
348
364
366
376
370
378
386
370
382
366
354
346
318
302
322
334
332
318
306
324
330
348
328
328
324
322
314
318
300
306
300
296
278
284
274
270
274
276
284
272
290
314
314
312
320
312
312
314
316
318
322
318
322
322
312
326
320
332
316
324
320
318
324
322
320
314
316
320
324
318
324
318
320
318
312
312
300
306
294
294
288
290
292
284
286
294
296
294
292
298
292
298
302
298
292
286
274
270
232
258
258
276
318
282
268
270
280
358
328
284
316
254
270
224
236
232
0
496
426
398
438
504
428
438
422
414
408
442
470
422
438
446
394
410
356
350
350
396
448
438
330
416
412
510
402
372
354
338
338
318
306
300
322
312
322
322
340
344
346
356
362
374
368
374
370
376
374
380
378
378
358
344
300
260
278
318
312
286
306
332
352
344
340
326
326
328
328
322
306
306
300
306
296
294
306
304
304
300
296
294
312
310
310
312
304
310
314
312
312
320
328
318
314
312
314
318
312
318
314
306
322
320
320
320
322
324
332
320
326
324
320
322
324
314
312
316
308
292
294
290
298
298
294
290
286
298
312
294
294
302
294
300
304
296
298
290
272
284
242
262
244
280
314
288
266
280
282
346
332
298
320
258
266
224
230
234
234
0
0
0
450
384
408
396
394
406
414
404
396
432
432
442
424
444
444
354
382
340
344
350
402
462
412
330
472
430
432
356
372
346
342
356
356
326
320
328
326
332
340
346
350
358
364
510
398
376
386
382
380
384
380
360
338
304
312
320
308
296
324
336
346
362
338
342
338
320
324
324
320
302
306
302
300
302
302
304
312
302
292
304
308
314
320
316
314
320
308
318
314
320
316
320
316
316
322
310
312
318
320
312
310
320
306
308
318
316
308
316
310
314
308
302
312
310
308
308
312
304
302
298
292
296
290
294
298
302
306
304
308
314
292
298
302
300
300
282
268
278
210
264
256
280
306
276
258
272
270
350
338
300
308
254
270
216
242
236
236
254
0
0
0
0
0
370
378
392
384
380
398
400
400
388
410
438
432
422
442
440
354
370
362
362
354
430
506
362
342
390
400
488
392
360
356
372
368
354
336
330
340
330
330
346
362
406
504
362
370
370
376
372
368
364
364
350
330
306
278
294
316
344
352
352
354
344
344
334
330
326
314
316
304
300
300
296
304
306
308
312
314
312
314
316
310
316
314
316
318
328
322
320
318
310
320
316
326
314
320
312
316
318
316
310
314
308
308
316
304
312
308
308
304
310
312
314
312
318
314
306
300
316
304
292
290
304
302
306
312
322
318
312
316
318
316
312
302
284
278
282
210
262
256
286
312
268
264
268
286
346
320
310
316
256
274
212
230
234
242
268
266
0
0
0
0
0
0
350
356
382
392
372
388
410
406
386
392
410
446
434
426
428
444
420
414
364
356
380
426
428
332
356
388
368
410
336
364
368
370
356
334
332
334
336
334
360
368
376
362
364
394
374
372
368
372
372
358
358
360
360
358
364
360
360
360
352
344
346
332
324
318
314
304
304
306
296
298
298
304
310
324
320
310
312
316
320
316
314
324
310
316
318
312
314
324
316
320
328
320
318
312
310
304
322
298
304
306
300
306
304
304
310
304
314
312
312
310
306
296
310
300
292
298
310
304
308
312
308
310
322
318
324
320
314
312
304
300
290
272
292
224
268
258
290
310
280
270
272
282
324
304
292
300
252
274
216
232
242
230
266
270
270
