440
432
440
442
438
452
444
438
460
452
438
434
442
432
438
452
440
428
440
448
438
426
440
448
434
452
440
436
450
436
452
430
428
418
448
448
308
444
444
390
410
424
438
430
432
428
442
432
446
440
432
450
442
446
448
438
450
438
438
442
432
454
440
432
444
432
452
432
436
444
446
434
434
422
440
442
444
432
440
444
448
436
442
434
424
432
430
426
440
420
428
440
438
432
422
402
416
434
426
432
434
426
428
428
436
410
432
440
438
436
438
436
434
428
434
432
420
432
442
424
436
416
422
412
420
420
390
368
392
420
436
452
434
448
440
462
444
470
484
476
472
474
478
478
478
488
488
510
510
126
98
226
218
192
360
438
266
242
248
244
220
442
442
446
440
444
452
456
448
432
448
448
430
446
436
432
446
456
428
440
440
440
420
432
436
442
432
412
436
440
444
446
440
438
444
438
412
420
422
436
432
368
436
450
440
432
442
438
442
436
444
436
424
422
396
444
446
432
432
432
448
442
434
418
440
442
438
450
424
440
432
436
438
434
440
432
426
446
448
432
412
422
426
440
428
440
440
440
420
424
436
424
416
428
428
424
426
428
428
420
420
432
434
418
406
424
432
428
430
428
436
428
422
430
428
436
424
422
422
440
424
432
426
422
428
416
426
364
418
430
442
444
418
444
456
436
460
470
462
470
458
472
470
468
476
494
478
498
510
510
166
112
238
208
196
428
504
250
224
240
242
206
444
440
346
424
436
430
458
434
444
456
436
448
464
448
436
424
448
436
440
436
442
448
446
436
436
448
430
442
438
438
446
438
432
378
356
364
362
384
450
442
448
432
446
448
444
442
444
438
450
448
424
440
444
438
436
452
440
440
446
438
438
436
436
452
444
454
436
422
420
424
438
452
432
434
414
442
418
420
440
394
396
406
382
452
412
420
378
436
432
418
430
420
430
410
416
424
428
432
414
416
428
410
426
430
430
418
418
422
432
436
420
436
432
428
408
426
424
436
426
424
412
436
414
436
424
388
400
420
438
436
434
446
440
448
442
458
456
460
456
472
456
474
484
474
490
484
470
486
480
248
106
202
182
232
178
418
378
228
226
226
206
432
442
442
442
436
438
434
436
436
420
438
442
442
448
408
428
444
448
438
430
438
416
446
450
434
436
448
434
454
434
450
432
456
388
368
374
376
388
452
448
450
442
446
454
456
436
438
410
426
444
450
450
446
448
440
440
438
434
424
444
432
428
442
434
436
434
448
432
438
426
432
442
428
432
436
400
416
406
414
414
338
344
410
286
400
392
418
424
424
426
440
422
422
420
402
430
420
380
372
408
426
432
416
424
424
432
428
432
418
418
426
432
416
424
400
428
416
434
426
416
424
432
408
424
392
440
442
440
446
434
436
444
444
444
450
446
462
460
472
470
472
470
466
494
488
480
482
504
498
510
106
98
190
182
164
436
324
210
220
244
226
436
416
444
446
444
426
442
436
452
446
432
448
448
454
424
436
452
450
440
436
436
440
438
440
428
446
438
434
444
446
440
432
444
422
386
402
470
482
494
476
484
474
456
436
446
446
456
434
426
438
426
440
438
450
442
448
446
440
438
452
378
434
432
426
438
432
432
432
442
438
434
452
436
424
436
402
394
426
360
418
416
242
260
350
232
368
346
360
358
374
416
354
422
428
434
428
440
420
460
420
478
422
424
422
434
418
420
424
422
414
440
424
420
408
398
416
430
408
428
424
426
414
404
378
420
438
428
444
440
440
434
430
442
456
444
444
450
450
474
468
476
474
468
478
480
474
492
496
488
508
104
92
180
186
178
256
212
226
206
234
194
442
448
444
444
444
438
436
446
446
436
438
442
436
436
452
450
448
426
432
442
448
440
444
444
432
436
436
440
456
420
454
438
440
438
446
444
430
446
472
456
474
464
458
474
460
448
454
442
438
446
426
432
448
440
390
430
440
420
444
398
436
432
436
432
418
432
430
408
406
448
440
432
432
428
410
430
372
332
414
340
410
352
218
356
308
154
364
358
348
344
346
416
400
416
422
420
426
418
382
418
428
432
412
424
426
420
422
426
432
432
424
420
436
416
410
422
426
394
434
406
426
426
382
422
420
420
440
424
424
422
422
444
432
442
432
446
458
460
436
474
470
478
474
482
476
494
470
494
466
492
144
80
204
248
292
448
238
244
202
250
226
450
442
460
432
442
436
434
380
450
456
440
448
448
450
436
436
434
406
444
450
436
444
436
444
440
436
420
432
436
448
438
434
434
448
442
432
440
440
440
414
442
444
434
444
440
440
442
440
440
446
440
436
440
426
408
422
444
444
444
444
442
434
440
438
436
432
428
426
428
386
424
432
398
414
392
370
404
392
280
344
358
392
252
254
354
188
370
354
334
338
350
342
410
404
406
428
418
392
400
422
432
408
422
420
408
416
416
426
418
422
426
424
416
428
422
400
416
418
426
416
420
402
416
392
428
420
418
412
430
414
428
434
436
432
446
446
442
448
468
468
474
442
470
486
472
482
494
474
464
506
304
98
230
398
334
248
296
386
244
264
216
426
428
440
442
440
450
438
442
440
450
420
436
444
436
442
440
442
450
432
446
426
440
448
414
442
382
440
448
440
454
432
440
430
436
436
438
430
440
448
442
452
448
448
452
436
436
438
454
444
444
432
436
432
432
430
444
432
430
432
428
434
426
416
436
436
428
424
424
428
398
412
416
392
368
422
326
344
416
392
262
286
358
386
172
312
270
132
354
348
342
334
334
338
412
410
396
424
426
412
402
404
410
412
406
410
404
420
420
426
424
418
428
424
412
418
418
420
434
420
416
414
426
422
416
428
426
416
412
414
422
432
424
432
436
438
448
456
458
452
482
452
478
462
482
482
490
482
470
510
510
510
130
126
186
198
190
442
312
194
234
216
438
438
442
438
442
436
448
454
442
442
440
440
434
450
428
440
436
452
446
432
412
446
440
446
450
440
442
444
436
442
442
444
436
440
410
426
428
428
432
436
436
440
440
440
426
440
428
434
432
426
444
446
432
450
424
448
436
432
422
438
422
436
436
422
422
422
426
434
426
412
400
392
412
416
358
410
302
394
388
370
188
326
344
278
194
324
138
350
342
350
336
330
314
326
388
414
362
428
422
428
406
414
410
408
408
400
408
414
420
422
416
392
396
432
422
412
404
404
408
424
424
406
410
420
418
414
414
432
424
420
430
424
440
436
444
444
432
444
460
472
468
468
478
478
474
470
478
476
482
510
510
178
134
240
200
258
422
288
240
216
228
438
442
426
448
444
436
444
450
440
438
444
440
438
436
448
448
446
438
460
428
412
424
442
438
444
434
426
442
454
432
444
450
454
432
422
428
450
428
444
450
430
418
418
434
436
442
436
440
424
432
424
444
446
442
430
440
432
420
366
352
418
434
418
448
420
426
424
400
408
398
412
368
356
422
410
298
328
284
382
366
374
268
372
350
174
348
118
332
344
338
330
320
314
296
326
400
396
418
400
412
418
398
402
396
406
406
392
396
410
408
404
410
392
408
334
408
424
404
410
424
410
410
420
412
408
404
420
412
418
440
430
428
428
434
442
430
448
450
456
456
458
464
470
478
470
478
470
472
510
510
510
256
160
246
198
300
292
180
242
254
222
440
440
440
414
442
436
428
430
460
446
448
440
452
440
432
438
446
436
442
442
428
444
438
430
440
434
440
452
412
426
428
440
428
426
412
408
426
422
434
436
418
436
434
422
460
444
436
418
436
442
436
442
428
430
408
428
404
418
390
418
428
422
428
422
416
424
428
404
418
412
352
332
402
328
402
402
366
252
318
398
374
216
304
346
272
374
254
144
348
316
320
322
312
300
298
398
396
420
412
404
378
404
416
400
406
408
410
412
422
420
408
416
402
382
358
368
410
410
400
412
414
412
402
424
414
416
436
398
422
408
424
432
424
438
444
430
454
454
450
454
456
468
442
466
472
460
478
482
510
510
510
192
112
202
202
214
256
264
440
238
282
446
452
448
442
440
422
446
448
450
446
444
444
426
440
446
420
432
438
436
444
440
432
446
426
428
440
422
436
430
450
428
448
440
440
436
444
422
442
432
424
426
432
430
424
436
424
436
436
444
440
406
422
416
404
426
418
428
426
424
426
420
420
418
422
424
384
404
392
396
412
410
402
262
362
276
384
382
372
232
366
384
368
200
350
318
244
318
212
270
326
330
316
298
290
296
348
392
398
400
420
388
368
396
404
416
404
398
400
396
410
412
420
408
408
406
396
372
412
422
398
414
414
414
406
412
400
414
404
406
402
428
424
428
440
430
428
436
440
446
450
464
456
452
476
478
484
470
482
490
510
510
510
168
202
206
202
404
326
510
228
258
430
440
454
452
440
448
432
428
438
446
436
444
436
436
414
408
440
436
442
440
424
436
434
436
430
438
436
444
444
428
452
436
434
436
424
432
442
428
432
88
8
272
426
412
432
418
448
424
432
432
434
418
426
408
424
414
426
428
422
412
436
424
432
384
416
412
394
346
396
332
298
394
388
366
228
250
388
356
354
216
370
358
360
302
344
168
346
158
160
330
328
312
298
294
288
288
390
386
408
408
392
400
396
406
396
406
394
396
402
404
394
392
398
402
394
408
394
402
402
402
410
406
410
396
404
412
406
422
412
432
418
440
412
436
426
444
446
444
452
448
464
462
450
462
488
488
486
476
500
474
510
510
202
148
200
290
354
422
506
228
256
420
444
448
448
440
422
442
416
440
450
448
436
444
442
454
446
440
438
436
438
432
438
436
400
418
428
436
428
432
444
440
438
438
438
432
430
436
416
230
4
4
6
422
440
428
428
432
416
434
428
430
430
414
418
418
434
420
420
440
422
418
408
394
412
374
370
358
398
402
378
306
238
370
386
362
360
252
384
366
338
378
360
272
224
374
310
286
184
182
332
338
314
296
300
280
294
344
394
394
400
388
388
394
394
408
376
392
402
398
412
406
406
408
396
398
398
412
406
406
412
404
410
404
404
408
418
414
422
400
430
414
412
418
422
428
436
444
444
440
436
448
440
462
470
468
456
488
488
474
490
478
502
154
160
198
184
342
422
398
238
216
434
452
448
448
440
448
446
454
438
448
448
444
456
444
440
436
436
448
430
438
432
442
428
412
408
432
434
420
432
432
436
438
432
412
414
420
422
422
398
36
4
4
394
418
432
422
424
430
434
430
420
444
426
420
426
410
416
428
398
408
418
416
412
408
386
342
334
350
282
384
362
386
308
234
352
362
352
234
374
372
348
258
348
352
124
316
146
284
216
132
322
322
290
274
266
264
282
380
382
396
392
396
378
396
394
396
390
392
386
396
400
392
402
412
396
390
398
388
408
400
394
392
396
406
400
406
414
416
406
400
410
412
422
426
426
436
434
432
434
440
444
468
460
472
478
466
478
490
478
480
510
510
258
134
224
216
206
300
262
276
256
446
452
448
444
422
438
438
446
446
444
438
438
446
440
432
440
442
438
428
436
432
438
416
406
418
412
432
428
432
436
432
440
436
422
442
428
418
426
418
34
12
90
408
420
432
424
422
436
430
436
428
448
436
416
428
422
426
424
430
416
416
390
366
354
392
394
414
384
392
220
254
360
356
360
316
306
366
336
322
346
358
330
314
300
280
316
252
300
140
200
160
310
284
276
256
248
272
314
370
378
380
394
384
390
370
386
372
396
390
400
394
398
400
394
392
392
392
402
400
392
396
388
398
396
406
396
396
406
406
418
396
404
410
424
418
422
426
426
424
450
456
448
456
460
452
454
482
474
484
498
510
510
510
140
230
224
202
202
466
436
242
440
416
392
372
390
322
438
446
446
456
446
448
440
444
434
426
426
440
440
444
432
436
436
436
408
426
422
422
440
430
436
430
442
424
432
420
430
432
414
432
428
432
424
432
428
410
424
424
430
422
430
400
426
426
414
436
408
418
426
410
400
416
388
356
318
322
290
258
372
376
362
344
232
336
338
332
304
356
318
272
180
226
152
204
186
94
162
134
120
92
46
44
100
156
182
206
226
230
346
366
370
378
378
380
366
396
372
370
400
390
382
388
386
382
396
390
392
406
394
334
412
396
412
402
406
392
418
408
402
402
394
406
418
432
418
430
424
416
438
436
440
460
452
468
474
474
474
466
470
498
506
510
510
140
202
220
204
186
244
504
268
430
422
404
362
376
380
310
306
380
180
420
428
424
448
446
456
422
436
444
452
432
444
440
438
436
432
422
428
414
416
418
426
432
440
414
444
432
422
426
432
416
432
420
424
442
418
414
446
424
410
416
426
412
416
422
426
418
428
412
420
394
374
344
368
408
390
378
374
346
326
290
244
350
338
288
160
238
194
84
114
118
112
114
86
96
60
82
62
56
38
54
78
76
76
86
106
114
72
118
104
94
104
118
110
114
106
108
132
148
144
170
204
302
380
372
372
366
360
394
388
382
392
392
394
384
394
400
394
400
402
416
394
396
408
410
404
434
420
424
434
428
440
462
454
466
480
478
478
478
478
498
510
510
142
112
230
220
206
264
504
256
418
404
402
382
364
362
374
332
292
348
348
302
200
372
432
444
440
450
438
456
444
450
444
452
424
420
412
428
436
422
430
426
426
428
428
432
420
436
432
420
432
408
416
424
416
436
420
416
416
412
394
406
410
416
410
412
420
422
412
396
396
386
366
340
304
286
274
248
246
246
230
152
192
194
128
108
100
68
94
162
70
66
82
72
64
42
66
48
30
82
72
72
76
58
46
88
86
60
78
60
52
48
60
104
76
86
86
88
70
68
44
60
66
22
44
0
34
94
100
170
204
348
388
378
366
376
396
384
390
400
398
394
410
396
402
400
420
420
410
426
408
446
448
460
466
470
456
486
486
482
486
508
510
214
140
232
200
204
324
164
284
408
410
382
392
378
378
346
346
356
310
346
262
338
318
286
198
334
432
444
436
440
444
444
446
434
440
394
404
424
396
420
410
440
426
436
422
414
382
436
438
424
432
422
410
424
412
424
416
414
420
404
424
414
416
412
410
400
404
400
378
396
394
386
390
388
274
182
164
134
126
76
106
98
82
74
66
44
84
72
46
72
56
52
78
96
48
72
48
44
66
70
62
62
70
60
60
76
44
48
128
56
62
76
58
92
70
56
46
46
70
68
74
66
0
8
6
34
84
70
88
92
66
90
88
120
142
136
186
342
390
378
384
386
398
406
398
414
414
418
424
434
436
448
456
462
458
462
470
486
482
498
490
472
494
156
250
212
190
302
216
396
432
414
424
406
392
356
346
348
356
350
298
354
346
296
312
306
270
290
230
322
356
382
428
426
432
436
436
432
390
448
432
442
422
424
426
428
394
394
384
426
420
416
414
414
404
418
404
404
418
424
408
366
410
396
344
236
172
146
146
134
98
100
98
72
96
114
72
76
82
84
46
72
74
62
62
86
48
76
48
38
56
62
60
80
58
68
44
50
54
62
46
64
48
54
80
62
46
50
28
36
46
42
52
70
58
48
44
56
38
30
34
40
36
34
28
8
46
38
74
46
94
62
72
38
76
48
102
72
78
60
84
100
112
202
368
384
388
394
410
396
400
426
432
430
456
460
458
472
478
486
486
492
484
510
238
288
234
204
258
218
372
432
412
412
388
386
362
368
356
354
346
390
364
330
344
312
284
264
284
268
196
216
262
208
332
346
418
418
430
428
424
438
432
418
418
426
426
420
396
378
404
416
408
406
414
406
394
262
180
170
122
138
178
136
92
112
74
100
84
106
84
58
84
182
80
88
92
72
96
98
94
44
84
116
62
68
38
58
120
90
40
72
82
190
82
34
68
52
64
64
68
14
44
162
246
24
76
86
78
70
110
60
46
56
84
62
48
26
32
16
32
36
66
64
50
22
30
56
28
46
4
30
40
32
32
34
52
32
34
44
28
44
52
38
10
106
134
160
306
398
400
424
424
436
444
440
452
460
468
482
478
488
480
510
510
228
214
250
354
226
256
210
444
432
420
420
426
418
404
360
380
388
322
344
332
322
324
260
318
270
272
220
214
256
136
202
252
266
204
188
270
326
374
416
430
404
416
420
404
390
356
296
182
152
130
98
36
60
86
74
68
64
88
58
78
66
78
60
84
60
48
80
70
80
90
78
74
96
74
62
98
72
104
104
56
58
126
38
70
150
92
144
132
42
120
92
144
178
50
146
118
96
84
74
106
70
52
76
76
76
52
86
44
50
48
90
74
12
78
50
38
84
104
36
80
50
36
74
102
28
74
64
18
44
2
22
68
56
24
44
28
26
36
8
8
12
54
28
32
88
106
118
160
330
356
414
436
444
456
450
466
478
474
486
510
510
264
200
278
278
198
246
302
452
444
440
426
410
416
402
398
384
406
362
350
308
310
326
300
296
300
280
266
220
212
230
204
254
152
228
226
204
208
138
140
108
104
78
56
70
86
100
70
86
92
58
34
52
60
46
52
52
78
58
34
40
56
96
100
92
62
90
66
64
116
80
160
136
78
74
58
108
56
80
80
52
54
74
88
80
96
132
114
90
76
78
116
116
146
134
92
106
94
100
110
126
120
100
112
58
44
92
58
14
6
38
72
68
30
8
36
4
0
0
6
34
34
10
22
34
28
50
44
0
48
30
48
68
54
50
68
84
78
88
38
52
56
60
82
54
56
30
38
66
90
100
166
176
416
420
446
460
468
466
476
494
510
510
186
276
262
234
324
326
436
444
426
446
444
422
418
400
384
386
376
362
342
316
290
312
318
302
294
288
274
282
240
234
176
200
212
176
118
132
128
142
114
96
86
82
36
46
94
86
82
70
76
40
52
44
30
14
74
98
162
120
98
58
80
94
28
72
66
56
60
66
112
92
138
154
90
48
62
40
92
82
144
116
80
76
44
92
76
94
98
100
106
48
70
112
120
88
86
56
84
58
92
70
70
4
22
18
40
24
30
18
22
44
28
16
2
10
0
0
4
0
0
22
28
20
26
50
36
24
6
46
14
30
40
8
40
34
10
48
92
36
24
86
90
90
100
76
78
62
56
104
76
66
72
122
146
182
274
460
458
468
470
510
506
256
268
258
234
246
308
436
428
428
440
440
440
434
418
396
404
392
358
364
342
344
318
294
310
304
278
292
312
304
278
274
250
180
154
148
158
208
202
220
218
132
108
134
128
58
148
110
84
150
104
76
84
84
106
106
142
114
132
116
50
66
38
82
42
88
106
66
52
0
62
118
132
148
86
58
60
56
20
52
58
84
68
306
62
132
80
106
70
90
68
68
86
124
68
40
72
84
18
60
10
44
14
30
40
32
26
0
22
62
36
12
16
0
0
0
0
0
14
6
10
16
2
0
0
20
24
6
22
32
62
42
76
52
8
32
104
54
46
42
26
66
66
86
48
54
52
76
8
66
74
58
90
104
76
114
106
154
164
332
466
394
196
230
280
218
182
298
444
440
456
448
440
390
432
424
392
408
396
384
376
362
336
326
312
286
290
284
296
262
286
272
272
260
182
162
120
100
144
108
184
152
126
130
116
102
80
72
108
80
106
84
58
76
98
100
126
96
108
114
86
74
52
92
52
22
62
72
44
76
94
94
84
86
140
106
84
130
108
84
48
116
106
60
60
102
92
116
104
108
136
74
104
94
104
132
112
86
82
72
60
50
86
50
40
62
42
64
38
20
52
66
4
26
38
6
0
48
4
22
40
40
26
20
0
22
44
24
34
8
6
36
36
28
52
8
68
66
36
90
30
8
24
24
66
20
44
2
28
4
2
44
38
14
116
152
138
134
118
94
74
110
186
180
160
226
164
200
394
426
444
430
436
452
440
428
436
446
448
436
398
378
348
330
322
304
246
214
218
258
246
176
174
184
178
112
152
122
64
126
104
128
92
100
120
84
82
90
104
124
114
90
88
96
82
84
126
148
156
122
130
90
132
84
108
108
126
104
140
84
90
146
126
122
116
120
140
108
142
110
80
112
118
142
108
120
130
122
124
118
124
110
92
88
78
94
62
48
50
34
24
58
52
48
50
90
50
50
18
36
50
48
44
22
28
14
24
34
8
60
44
30
22
56
22
86
50
40
38
6
10
46
26
58
68
50
68
44
46
28
52
6
0
4
0
2
46
34
22
68
2
64
34
44
0
60
0
0
2
104
58
24
26
94
94
112
206
156
120
234
438
440
440
436
450
438
436
438
440
436
434
412
392
354
360
284
274
174
230
240
232
138
122
154
174
256
136
76
134
78
58
68
150
114
150
140
84
70
62
100
80
124
128
136
78
142
116
142
104
162
162
148
100
112
110
130
142
132
142
156
158
116
126
120
152
156
114
156
146
174
104
118
164
136
114
124
106
120
116
112
130
132
124
144
144
128
120
130
76
64
72
64
128
114
106
120
96
94
106
108
96
88
138
66
66
42
70
48
36
88
102
56
40
72
82
80
64
50
32
104
92
108
56
86
80
92
76
90
104
70
70
60
2
74
94
16
138
44
40
94
60
52
190
38
46
106
6
202
184
172
22
2
32
54
76
86
114
130
144
172
186
436
444
428
428
436
436
426
436
440
440
436
434
420
404
402
380
382
386
340
244
204
212
200
154
192
246
138
74
100
38
76
106
154
188
182
140
130
138
138
140
140
146
192
192
166
188
184
190
136
146
172
142
160
56
122
124
166
154
150
132
126
130
116
140
152
100
102
100
146
128
152
122
138
146
132
150
132
126
100
178
158
168
190
168
156
178
184
106
128
132
108
116
112
146
134
144
132
94
128
146
110
128
106
102
114
88
98
88
96
144
80
118
116
112
132
114
82
106
136
104
124
114
72
98
82
98
110
118
140
114
50
2
0
58
132
106
16
96
98
122
98
72
100
130
28
72
114
98
96
102
154
136
140
118
152
84
66
114
150
164
202
442
440
440
444
426
442
440
436
448
440
428
402
366
344
354
354
394
388
412
404
390
224
222
196
180
274
122
118
88
106
122
154
166
214
174
152
122
130
148
142
196
150
182
138
202
194
210
170
166
222
158
182
192
156
166
150
138
170
124
196
152
140
172
136
144
118
108
132
130
172
100
118
156
160
182
162
138
154
200
158
186
174
156
138
174
164
158
168
174
138
144
132
150
102
68
118
86
128
136
162
128
134
168
122
126
118
76
26
116
128
120
82
102
116
102
144
58
84
102
94
92
114
110
100
114
136
144
72
54
4
0
4
20
66
60
148
138
76
96
110
120
150
92
138
72
114
124
118
140
132
124
180
196
204
184
166
164
176
156
274
264
440
444
440
442
446
420
448
448
442
418
412
388
340
320
296
212
232
264
384
392
402
242
238
214
254
132
138
102
86
102
110
160
194
196
200
178
164
218
158
210
174
144
172
122
168
140
164
190
204
180
192
218
218
210
206
206
218
204
232
216
208
196
180
216
204
168
204
136
156
162
176
136
180
186
168
178
164
152
150
186
214
184
156
180
182
206
182
180
194
202
138
120
144
152
172
128
128
158
86
138
134
104
110
140
144
116
122
116
128
124
124
102
120
130
114
126
126
122
134
124
86
152
136
126
168
142
110
58
0
0
0
40
134
144
104
64
122
186
180
150
142
194
134
172
188
206
242
268
256
296
274
308
328
248
224
224
244
256
314
306
310
444
440
440
446
438
440
434
428
404
382
370
358
360
342
304
256
292
258
358
376
256
262
214
186
184
170
178
138
92
120
164
190
180
168
130
120
142
160
156
204
218
192
208
202
212
202
238
210
222
222
224
246
264
236
242
244
224
248
240
232
302
274
264
266
256
270
244
232
230
238
236
206
236
188
216
204
226
218
188
206
204
192
182
168
188
198
212
174
200
178
198
202
180
222
226
174
178
200
138
168
184
166
152
166
182
162
164
162
170
182
158
188
176
162
124
148
156
164
156
146
136
154
126
126
118
94
24
38
38
52
64
128
172
194
218
182
126
194
226
222
262
292
226
236
292
276
302
288
288
268
252
202
240
226
272
294
214
282
272
306
334
428
428
420
436
444
448
432
408
384
360
344
310
296
294
244
252
236
346
344
302
284
186
260
162
226
128
206
150
148
232
236
296
304
314
304
294
278
278
272
274
266
288
288
266
274
282
278
286
286
278
268
270
264
260
264
258
264
284
258
246
250
240
240
218
214
206
258
304
258
250
224
260
298
274
264
238
196
234
242
240
230
226
256
258
264
266
262
256
238
202
256
240
222
210
216
188
216
222
176
224
256
244
224
250
248
220
222
230
194
200
220
180
186
178
182
158
162
170
92
20
56
54
52
54
68
72
82
98
158
204
190
196
230
290
278
280
254
220
242
278
304
288
278
262
260
258
256
236
236
232
208
258
316
326
336
288
350
328
374
422
402
434
438
436
436
440
400
374
330
334
332
358
360
292
326
274
294
258
324
226
250
174
256
246
212
192
226
218
228
262
312
336
336
326
320
310
312
292
298
302
290
288
300
288
302
296
286
292
302
312
300
296
296
300
304
284
290
278
298
302
304
294
276
202
286
274
244
260
244
226
222
168
218
234
238
220
222
218
228
242
236
248
248
236
236
224
226
220
200
184
194
184
164
224
230
224
244
256
240
232
258
310
346
354
314
298
272
270
266
270
240
222
234
226
170
120
142
38
62
54
48
48
86
102
124
152
180
190
228
254
208
300
288
294
288
272
262
256
232
220
226
220
242
248
210
184
200
292
324
322
370
334
300
352
284
310
358
360
362
364
368
360
452
452
448
444
404
406
396
370
382
338
322
324
362
324
280
224
282
300
194
244
214
256
138
240
216
222
314
344
336
350
342
346
344
340
328
326
316
316
314
302
316
300
314
312
320
320
326
344
350
348
344
330
342
334
352
344
334
298
286
326
314
316
276
248
310
298
148
276
248
240
254
254
216
272
262
242
250
234
234
232
228
220
224
226
202
222
228
240
230
224
228
226
210
206
224
262
268
276
272
262
274
308
294
298
328
284
270
308
304
256
234
130
134
120
114
66
108
60
78
88
104
126
174
192
204
212
244
248
254
242
242
224
226
224
222
192
190
228
214
306
316
394
310
324
348
344
302
312
348
360
362
366
378
350
352
356
362
384
406
370
370
420
444
442
418
428
404
372
344
344
304
336
296
268
202
334
312
270
264
244
228
204
194
174
248
342
350
344
350
346
336
344
344
348
342
338
332
320
332
330
330
326
338
358
374
420
422
428
414
406
406
388
394
388
388
380
346
384
364
366
344
260
294
342
330
200
310
288
260
230
304
304
306
314
308
308
302
292
286
260
244
236
228
226
202
198
180
196
196
190
140
160
178
204
264
286
290
262
226
232
218
242
234
242
238
246
246
246
240
228
200
208
130
108
186
86
100
124
138
136
154
180
196
186
202
234
254
202
202
202
190
220
274
390
386
322
284
304
394
344
276
494
342
328
318
394
354
348
350
338
346
350
350
354
364
354
356
368
404
412
364
360
428
444
440
416
390
382
354
352
330
332
372
278
320
302
224
194
276
234
234
228
180
340
358
348
360
356
350
344
344
348
352
354
344
350
352
346
342
358
370
420
430
430
442
408
420
444
420
416
416
404
406
406
416
422
414
420
388
334
296
360
366
340
248
246
308
204
298
252
308
358
356
350
330
312
318
318
296
302
274
272
226
244
200
232
202
170
162
124
130
180
136
252
304
328
320
322
328
332
322
324
334
324
320
306
244
176
190
184
180
152
174
112
140
160
150
172
190
204
224
226
210
214
274
244
232
408
270
272
250
320
276
266
294
292
300
306
304
306
310
320
316
304
302
320
318
332
324
326
340
342
322
346
352
346
356
340
358
376
388
350
358
448
470
448
416
384
362
362
374
366
326
308
298
318
280
250
208
220
228
262
366
376
362
360
358
354
356
342
358
356
344
346
342
352
360
372
384
448
258
436
444
440
422
436
430
432
428
428
436
420
416
408
432
422
410
388
386
324
400
390
392
216
270
342
316
212
274
254
342
384
384
370
370
352
340
342
328
322
286
296
244
244
206
194
170
152
174
102
134
182
180
172
128
146
170
208
330
204
130
174
148
150
142
158
142
186
188
192
190
188
188
180
166
218
178
182
178
294
254
264
282
244
236
274
260
286
306
272
258
260
270
286
300
298
284
290
334
294
316
298
322
300
288
314
344
344
332
332
280
292
312
320
328
330
316
310
300
334
352
348
342
330
460
470
434
412
406
392
360
404
410
360
336
366
216
234
246
150
326
388
368
366
372
372
366
368
356
362
348
348
350
362
356
350
358
420
444
452
448
452
454
436
454
442
440
440
428
440
440
456
436
424
424
420
404
406
378
422
410
410
326
276
378
342
282
294
272
298
362
388
386
378
364
366
366
344
338
328
322
298
280
240
234
210
174
156
144
146
174
234
362
204
182
164
162
194
182
136
144
144
202
254
200
208
208
216
258
238
270
336
296
284
254
274
256
312
262
276
258
260
292
268
262
244
266
272
266
242
242
226
280
270
268
270
276
300
292
290
290
268
274
276
286
324
302
310
328
338
346
342
312
318
286
276
318
276
292
340
306
342
372
340
344
460
462
460
436
408
414
378
404
398
330
286
296
342
310
402
388
386
380
370
380
372
378
362
372
362
350
364
366
378
366
382
380
434
440
456
448
456
456
448
436
436
446
440
444
450
440
448
436
440
436
432
420
422
436
426
398
376
282
346
368
326
318
320
292
356
396
388
378
380
374
374
362
350
358
334
308
298
248
242
230
204
200
168
152
182
178
246
244
248
210
210
182
176
186
210
230
256
278
322
358
310
316
382
260
274
358
300
294
278
284
290
294
304
302
268
248
260
238
234
228
260
232
238
242
238
254
288
326
280
260
252
274
272
272
282
312
288
306
278
326
364
354
334
354
356
352
350
338
342
342
356
346
354
354
334
362
348
322
310
294
280
456
460
452
448
448
404
416
398
348
282
432
446
464
450
400
402
396
392
390
376
376
386
380
372
374
378
378
370
394
446
452
450
436
464
438
452
436
436
440
446
448
452
438
446
444
432
448
442
448
452
408
428
424
398
386
374
342
380
308
246
282
304
282
386
394
382
350
382
358
362
236
136
200
182
156
200
226
252
232
228
224
210
230
218
250
262
198
310
274
300
246
204
230
262
264
310
228
270
300
328
374
292
298
308
302
280
288
332
280
274
264
272
276
286
254
262
314
312
280
262
276
252
250
278
270
272
264
262
278
308
302
186
346
286
326
320
308
332
350
318
324
318
322
334
334
358
362
350
352
292
282
254
258
244
220
226
192
204
180
186
186
468
448
458
454
462
458
448
452
476
456
470
470
482
440
394
390
378
390
380
376
374
376
372
376
388
374
420
460
444
438
452
448
452
456
462
458
456
448
464
442
456
456
460
466
436
444
450
452
448
444
422
404
390
390
368
382
318
306
336
286
304
312
168
180
210
186
162
178
170
162
144
190
242
206
232
238
242
294
294
298
278
304
316
320
264
284
272
274
302
308
276
358
288
288
294
280
276
258
294
294
294
294
340
312
304
268
298
298
302
292
284
266
262
272
266
254
254
270
258
260
256
286
350
284
260
326
298
298
286
292
254
278
306
296
306
324
316
316
340
362
422
444
412
358
344
338
328
312
290
246
224
222
222
248
264
264
242
218
204
206
230
460
464
468
462
464
462
464
470
464
456
460
470
456
468
402
404
396
390
378
378
382
376
378
392
448
456
448
452
474
454
458
460
466
466
464
462
464
460
440
444
462
444
442
468
418
420
444
444
432
442
408
372
340
352
322
298
256
274
278
290
166
166
178
212
190
216
202
248
258
264
266
386
286
336
300
310
284
306
268
268
314
256
284
294
276
284
286
250
266
312
340
312
296
288
266
248
252
266
292
290
314
318
324
330
320
300
282
306
304
300
290
268
292
346
294
318
284
268
288
330
296
304
324
294
296
290
298
328
336
350
382
306
250
290
324
336
316
316
326
384
440
438
446
408
344
338
346
296
268
222
202
228
262
306
322
318
294
250
232
224
214
446
474
462
460
470
476
464
462
474
470
464
468
470
470
456
408
396
400
396
394
400
440
466
462
470
440
464
456
458
456
460
466
470
478
464
470
466
460
440
448
444
438
454
422
190
186
214
212
206
190
156
168
246
286
296
288
252
256
288
266
282
282
272
322
330
330
330
302
296
322
276
262
284
350
374
310
326
300
292
256
250
286
282
298
276
274
268
262
262
264
266
274
288
300
296
280
256
292
314
344
384
336
346
344
288
292
288
288
314
296
284
296
284
266
300
320
294
306
318
320
352
334
342
278
258
264
258
254
246
220
236
248
238
248
254
264
226
176
108
182
298
340
342
336
300
322
310
278
232
196
188
242
284
324
330
308
266
200
146
124
100
468
468
466
402
468
460
472
464
478
472
446
470
468
482
478
462
464
454
472
448
444
452
462
470
452
450
464
466
448
462
462
448
454
452
198
190
232
184
214
232
212
198
176
156
160
154
188
240
280
298
290
292
302
338
308
320
352
314
284
294
288
316
388
342
314
268
286
280
258
264
260
272
246
288
274
280
290
274
290
300
298
280
280
286
334
270
276
260
276
286
252
256
290
362
320
280
278
286
300
326
312
316
306
316
288
278
276
258
302
338
318
310
334
330
410
256
160
134
148
178
188
202
204
194
216
212
210
204
212
200
198
178
186
182
180
166
150
132
114
80
108
146
170
154
176
214
208
192
176
158
176
224
254
260
240
208
160
94
44
14
26
