350
360
344
366
348
348
360
356
354
354
338
348
348
352
352
348
352
346
342
340
346
358
346
354
342
336
348
342
356
348
354
354
346
352
340
342
358
354
344
338
334
330
340
348
342
344
350
338
328
338
322
334
334
336
342
338
336
338
324
340
340
338
338
354
338
338
332
338
346
344
346
334
342
328
336
342
344
330
328
330
334
340
330
316
324
324
336
330
344
334
338
340
336
342
338
338
342
342
346
350
338
342
342
358
354
340
352
340
350
348
344
352
356
354
358
348
358
346
360
356
350
354
348
348
360
364
358
356
368
366
366
364
356
368
362
362
368
366
374
374
376
378
382
376
374
372
374
386
372
376
368
372
380
384
380
372
382
386
384
378
376
356
364
354
364
360
354
354
354
356
354
348
356
360
350
334
348
344
352
354
346
342
344
348
346
358
346
342
342
354
352
334
344
344
352
346
348
346
338
346
342
350
342
340
326
334
338
340
334
342
342
342
334
354
340
342
346
340
338
338
338
334
340
338
330
330
344
342
342
338
328
350
336
342
334
340
330
336
320
276
268
324
324
328
316
338
320
346
322
334
332
330
336
334
332
330
356
338
326
332
346
350
338
342
342
338
356
352
338
352
356
348
346
348
352
348
340
364
346
352
346
342
344
358
350
358
358
332
352
358
358
362
356
364
364
350
372
374
368
374
372
362
386
372
352
368
368
374
378
370
374
372
380
382
372
376
374
368
380
382
386
388
362
366
366
348
346
362
348
358
354
354
354
354
354
354
364
358
358
350
346
336
334
344
344
354
354
356
342
346
348
340
338
352
338
354
342
348
332
346
346
344
342
340
342
342
336
328
338
340
338
336
338
336
346
340
338
348
334
330
348
332
340
336
340
334
336
330
342
322
336
332
342
326
336
342
320
332
250
288
254
242
256
316
318
330
336
332
330
340
324
318
336
322
334
342
330
330
326
340
338
334
336
256
328
340
334
340
346
342
346
354
338
326
346
340
350
344
354
352
342
338
324
346
342
350
352
350
354
368
346
348
356
364
362
360
362
364
366
360
364
386
370
372
378
368
374
370
360
386
364
378
384
378
378
382
388
376
378
384
384
390
390
368
368
364
360
354
340
358
364
356
352
346
354
354
348
358
360
354
342
336
348
340
354
346
338
354
350
356
352
350
340
352
338
348
344
348
338
348
342
346
344
352
342
334
344
328
348
338
348
350
342
334
332
342
334
340
328
328
332
336
334
332
322
326
344
324
330
330
346
330
338
326
332
328
332
334
304
254
248
288
248
240
138
288
320
320
320
322
328
338
324
322
348
340
322
338
328
342
314
334
332
320
330
322
324
326
324
342
332
338
332
346
336
346
356
346
342
338
342
338
356
348
340
354
340
344
346
338
346
358
354
360
348
348
352
362
358
368
366
364
366
372
374
374
380
374
372
368
372
370
376
376
384
372
376
388
380
378
378
388
370
394
364
348
352
362
354
358
360
358
358
354
358
346
358
358
348
344
356
352
344
346
346
320
346
348
348
338
348
348
344
340
344
350
334
340
346
344
340
338
352
336
340
336
322
328
352
324
340
340
342
330
338
344
322
344
318
350
338
342
328
334
328
346
320
326
330
338
318
338
330
322
324
336
326
320
324
258
228
242
262
272
246
294
196
312
320
310
314
318
328
326
322
328
318
338
310
314
330
340
338
318
326
330
324
338
338
322
338
322
334
322
332
344
342
338
348
346
348
348
336
346
342
342
346
352
352
346
348
328
356
364
344
348
342
364
364
360
368
358
350
370
368
366
372
366
368
378
380
382
384
382
368
372
374
374
364
392
376
382
382
386
378
360
346
358
348
354
362
350
350
356
350
358
354
358
358
344
352
350
362
346
346
356
340
344
340
346
350
342
340
340
340
340
338
348
346
334
336
346
346
328
350
338
344
348
338
342
340
340
342
340
334
338
316
332
324
334
344
336
328
336
272
328
330
336
326
316
324
328
330
314
318
316
312
316
342
326
232
254
202
262
286
250
226
280
232
324
298
328
314
316
318
320
306
322
316
316
322
310
322
328
308
320
326
314
326
320
338
346
330
330
338
326
334
328
334
336
336
338
342
342
342
340
334
348
344
332
336
344
346
354
338
364
356
356
354
352
358
358
356
366
364
356
356
384
372
374
368
372
370
370
376
374
378
370
376
370
388
370
382
372
382
380
364
362
358
366
360
358
358
356
352
352
352
356
350
350
352
354
352
344
352
350
348
336
340
350
324
350
336
346
338
334
340
348
344
342
346
340
338
340
318
336
340
340
334
336
334
326
336
336
322
334
340
344
334
338
330
330
324
330
320
324
320
334
324
334
326
336
322
330
324
334
326
326
330
312
284
254
242
252
236
212
280
274
206
278
174
302
290
308
310
312
306
316
312
316
322
322
308
312
316
310
318
308
314
338
316
324
322
330
338
324
328
336
318
336
334
316
342
328
322
324
330
340
338
348
332
338
350
344
350
348
348
318
348
358
356
360
362
354
356
368
366
354
360
360
360
380
372
378
364
382
378
378
386
384
378
384
388
382
390
374
402
364
358
358
350
354
354
364
358
360
348
368
350
356
352
352
336
360
352
350
354
352
350
348
358
342
336
342
336
344
336
348
336
344
344
342
336
334
332
332
336
332
330
336
326
330
330
328
334
338
340
328
320
330
330
322
332
326
330
326
322
328
322
326
320
320
320
324
322
320
320
326
318
318
282
266
250
250
208
270
198
224
264
212
266
262
194
296
314
308
312
312
306
306
312
310
310
308
312
304
306
302
310
300
312
320
310
320
326
318
324
306
318
306
322
326
332
326
334
324
332
330
326
338
334
330
342
342
340
348
356
342
362
356
344
344
350
354
354
360
358
360
364
360
362
372
372
350
364
376
374
380
386
372
382
382
378
382
380
400
386
388
374
344
356
356
344
356
350
356
372
364
358
356
352
360
350
340
342
350
356
352
356
334
340
352
350
330
336
342
330
340
342
344
338
344
326
336
336
342
326
330
332
320
328
330
328
328
338
330
334
326
318
326
332
324
330
332
322
320
300
344
312
324
310
320
322
318
304
300
320
318
308
312
294
252
246
258
206
234
204
262
220
204
256
180
232
210
208
302
294
288
304
300
304
302
298
298
284
300
296
298
288
306
304
310
298
298
318
304
324
314
322
314
310
320
328
318
322
324
328
324
328
328
332
334
340
336
338
328
330
338
340
344
356
354
346
350
340
350
358
356
352
358
356
372
358
364
364
372
368
372
376
374
376
370
384
378
378
378
388
396
392
368
368
370
362
356
350
362
356
294
278
280
370
360
352
350
358
356
342
346
332
318
332
344
342
338
338
348
348
338
342
328
332
320
330
318
346
328
332
336
322
332
334
322
326
334
326
326
332
336
318
330
326
314
322
328
330
318
326
310
326
324
320
308
316
310
304
308
316
308
296
308
290
264
252
248
172
238
190
220
260
266
186
260
250
204
266
188
232
252
286
292
292
284
272
270
280
290
296
282
290
292
288
296
288
278
304
310
304
300
292
302
308
308
308
312
320
324
322
324
308
312
320
318
310
334
324
326
324
332
336
336
334
344
332
340
340
336
350
336
348
354
360
352
372
358
368
370
370
358
376
372
368
378
388
370
390
382
386
378
388
386
366
362
362
354
356
364
360
352
312
290
262
230
332
350
350
338
338
344
346
348
324
316
340
342
346
346
344
334
330
330
340
332
338
332
334
336
326
328
330
326
324
320
324
324
308
312
332
330
324
328
324
314
314
310
320
312
314
320
322
308
322
314
300
300
308
308
298
308
300
304
298
268
270
246
220
198
236
240
224
206
262
256
196
274
246
138
238
148
188
278
284
286
274
286
288
276
298
290
286
286
296
290
292
304
290
292
292
302
300
284
302
290
306
308
304
310
308
318
304
322
310
312
316
312
326
314
330
314
322
320
336
334
338
342
334
332
332
364
346
346
352
354
342
360
360
354
356
364
364
370
362
358
98
372
374
376
380
374
384
374
390
366
372
358
356
356
346
356
316
312
280
266
268
260
250
348
340
314
348
332
328
322
336
350
316
334
340
336
340
344
336
332
336
328
334
336
322
330
332
330
328
328
312
336
320
332
324
320
324
316
332
310
322
326
318
314
320
318
326
320
294
316
304
304
306
312
308
298
298
296
300
260
258
246
256
246
196
180
232
222
194
178
248
246
190
256
192
236
158
180
194
280
282
278
284
280
282
280
266
288
286
272
274
290
288
288
290
282
294
294
296
300
298
290
302
302
300
318
312
308
306
324
314
306
290
326
316
308
314
328
322
312
308
320
324
336
324
324
340
348
344
348
350
336
348
356
358
362
368
364
354
362
372
376
372
378
372
376
384
388
370
390
350
362
366
366
354
352
352
334
320
300
300
286
250
250
262
308
350
342
346
342
314
334
330
334
328
342
344
346
328
328
334
340
330
338
332
324
328
320
322
322
332
318
326
322
328
312
338
316
314
316
320
316
310
310
308
310
314
304
318
304
310
304
294
296
296
306
284
300
302
256
266
254
246
228
238
240
228
154
228
220
198
182
242
244
138
140
124
226
166
142
266
278
260
260
270
262
254
274
284
278
274
272
280
278
270
282
290
282
276
282
286
294
296
290
288
294
302
300
296
306
308
300
298
306
308
304
320
312
324
312
320
310
314
312
324
334
328
328
334
348
338
346
334
334
340
346
358
368
366
352
368
370
376
366
380
370
372
386
380
390
376
358
356
360
370
358
356
358
332
314
298
312
272
246
290
244
284
218
346
350
354
348
336
322
334
324
310
312
338
330
336
324
324
338
318
334
332
336
330
328
328
326
326
320
318
318
314
312
324
314
320
310
304
298
324
304
318
310
300
302
300
298
300
294
300
294
282
288
294
248
260
250
240
218
216
208
228
222
226
146
210
210
212
160
232
236
194
186
162
222
190
172
254
256
252
254
250
264
270
260
258
262
280
280
276
264
266
258
288
286
278
262
278
286
278
278
288
282
294
288
292
300
282
294
292
292
296
286
306
298
310
310
306
314
312
304
320
346
314
326
330
326
336
324
336
342
344
354
358
358
370
368
372
376
374
368
374
378
386
380
388
400
358
348
356
374
366
364
368
350
328
314
282
278
250
254
316
262
244
260
290
350
346
344
336
344
340
346
336
338
332
338
346
334
332
320
326
328
328
324
326
322
314
322
316
316
310
322
314
304
312
304
300
308
306
296
304
296
306
304
294
296
288
300
294
288
286
286
284
250
266
248
246
196
250
236
232
176
202
220
212
154
186
218
242
222
228
234
234
218
246
136
174
156
236
238
256
250
260
258
238
272
256
256
256
252
280
264
258
278
270
278
262
268
278
272
282
280
264
296
292
280
298
296
284
294
286
282
304
286
300
324
298
310
304
306
316
312
310
314
328
316
338
328
342
346
350
352
352
350
370
354
358
354
374
370
370
370
378
376
390
382
368
352
354
348
366
374
374
354
352
324
344
288
316
242
316
278
260
276
230
268
250
340
348
338
342
346
350
340
332
336
332
338
330
318
326
336
328
326
312
322
308
322
304
318
304
310
312
302
304
300
308
306
292
310
310
308
308
298
292
300
294
292
292
296
292
290
268
258
252
256
242
230
222
208
214
234
216
208
114
210
214
178
192
214
226
218
216
210
230
132
230
182
148
196
230
232
246
234
232
236
244
258
250
252
246
266
266
252
248
250
274
266
254
266
266
270
272
280
270
268
266
272
274
276
278
288
280
284
290
310
292
298
294
302
308
298
318
308
314
322
330
316
328
320
336
348
344
356
370
342
364
370
352
368
374
368
368
384
390
380
386
396
364
356
354
352
372
364
360
368
356
348
324
330
304
286
276
302
200
286
278
236
258
202
360
336
344
332
346
334
334
342
340
336
336
340
334
332
342
322
324
316
332
334
312
310
314
322
300
312
308
304
314
296
302
304
294
298
290
292
294
294
286
284
282
296
284
256
254
266
234
242
256
248
240
208
140
214
220
210
176
186
204
188
174
192
198
192
176
140
164
120
90
108
76
94
122
196
220
222
228
238
232
232
238
236
240
254
248
246
254
254
266
248
256
262
250
272
260
250
278
270
276
266
264
280
280
276
274
280
300
288
276
294
306
288
298
296
298
292
310
324
318
324
320
336
338
304
332
342
350
346
340
340
368
370
370
382
378
388
368
392
400
368
366
358
364
358
364
372
364
334
324
330
314
292
202
296
268
266
274
280
278
270
244
252
324
340
344
344
346
324
338
350
340
344
340
314
322
328
316
320
332
318
316
296
320
316
308
306
312
302
300
292
306
300
298
290
296
292
294
292
280
276
258
286
292
242
260
258
250
236
236
212
194
208
224
220
208
154
190
204
174
136
138
144
144
134
100
82
66
68
50
42
36
20
16
6
18
36
32
36
18
44
56
70
60
56
36
40
58
46
84
88
90
102
138
178
220
246
252
250
244
250
254
258
264
268
260
266
272
276
274
274
280
296
290
278
286
284
296
306
310
302
300
312
328
318
300
336
334
330
346
344
336
368
368
346
374
376
382
390
392
392
368
368
376
364
360
358
348
374
364
342
320
320
328
314
292
226
330
258
274
224
266
206
242
252
218
340
342
342
334
334
342
334
340
338
322
312
308
302
316
324
318
314
324
312
316
318
324
306
306
304
308
310
306
304
304
288
284
292
284
296
282
274
278
266
252
264
264
246
248
236
214
222
228
212
196
130
158
98
112
62
62
4
40
16
24
2
0
6
4
16
6
2
2
16
14
26
10
22
20
38
22
30
40
34
34
26
38
30
22
32
30
38
46
38
12
24
24
44
44
34
64
74
98
96
100
130
174
248
250
260
260
262
272
274
276
290
288
264
292
296
292
308
294
310
308
322
306
318
336
346
356
356
356
368
360
382
370
388
390
394
390
374
372
378
374
368
358
360
358
374
346
342
350
304
294
334
236
294
282
326
284
292
260
234
222
272
238
202
334
344
344
344
332
338
342
334
340
334
326
326
316
324
324
314
312
304
310
306
310
312
304
300
290
298
300
298
290
290
292
286
280
274
282
266
252
240
258
238
232
232
232
212
218
208
200
206
188
158
134
42
18
0
4
0
8
6
0
32
30
10
20
28
28
10
10
16
16
14
10
6
134
0
14
68
42
34
26
32
24
16
24
64
20
56
34
34
34
16
28
14
10
14
10
16
4
10
48
34
72
54
60
78
118
250
268
258
278
274
276
276
268
286
290
306
284
288
298
308
316
346
318
326
358
358
352
358
364
386
382
380
382
364
378
376
384
374
372
366
372
358
366
342
332
340
356
286
226
316
280
342
290
234
290
286
222
250
268
194
274
276
252
258
340
344
328
340
332
336
314
324
322
324
318
322
320
320
304
314
306
300
300
296
290
306
300
326
290
272
266
280
270
280
274
274
254
256
232
236
220
230
222
198
144
84
48
50
28
14
32
4
16
6
4
36
0
36
46
2
14
82
16
10
14
54
18
4
20
0
14
2
16
16
0
10
8
20
22
52
16
8
4
42
72
100
20
14
68
14
24
24
6
18
2
16
60
24
10
0
14
6
0
2
10
50
42
58
70
124
256
254
242
268
266
278
294
296
310
314
322
308
326
332
352
352
354
342
358
382
378
376
384
392
384
274
368
366
374
374
384
370
368
364
354
352
330
354
350
308
308
352
318
252
266
320
272
284
242
222
196
214
274
250
284
252
234
230
296
326
322
322
334
328
326
314
316
314
310
320
296
306
304
294
300
292
290
274
286
282
276
282
120
202
152
124
90
74
82
28
42
10
42
44
44
26
8
42
4
78
0
14
32
26
58
6
2
18
0
16
14
18
38
42
6
6
2
4
6
0
2
76
0
0
8
0
2
30
48
30
6
4
96
46
54
32
34
12
56
12
52
42
28
24
38
62
4
12
8
24
2
18
0
4
20
32
16
24
16
22
22
58
50
60
76
130
248
258
276
296
292
300
318
314
316
330
338
336
364
368
358
376
396
390
392
404
384
388
382
382
380
380
378
370
372
372
348
326
338
338
322
354
300
252
306
306
332
304
274
280
234
236
218
222
230
254
164
92
98
84
58
42
50
50
88
128
236
260
262
240
204
162
104
106
122
78
86
86
106
56
48
20
20
26
14
30
22
34
28
32
36
24
6
20
48
86
106
30
8
12
10
34
8
68
26
16
0
0
2
22
10
26
24
4
52
18
14
32
70
28
26
12
28
12
36
36
8
16
72
38
34
72
60
38
78
36
46
78
10
60
60
22
26
14
70
16
68
92
0
0
20
12
94
58
64
54
52
60
0
14
30
62
28
0
10
12
72
56
68
80
118
276
298
288
304
328
310
336
358
352
368
358
368
376
376
388
400
382
386
380
386
384
378
380
372
376
370
366
342
334
332
306
302
306
284
298
346
330
272
288
292
266
244
212
198
150
162
112
106
102
48
36
26
58
44
56
26
38
52
46
50
48
44
44
32
44
44
16
42
14
32
12
12
6
64
32
10
18
34
2
40
4
14
24
12
30
8
24
20
30
24
36
34
8
24
72
76
76
32
22
48
16
16
48
16
40
70
80
62
48
44
82
54
40
30
22
30
12
54
36
52
102
120
64
90
76
82
76
98
44
86
96
52
28
50
106
74
2
46
98
2
122
52
24
46
96
144
64
64
8
0
20
38
6
8
28
10
4
34
54
52
50
56
76
90
168
300
314
334
332
348
352
372
380
378
374
384
404
380
386
378
368
382
388
380
390
378
366
368
358
322
312
310
314
294
276
350
330
288
278
310
310
298
290
246
204
148
142
122
90
86
78
46
66
42
70
58
48
48
28
54
32
46
56
24
34
14
22
28
18
34
22
32
18
16
48
34
24
42
66
54
22
66
50
48
42
38
40
52
48
54
64
30
68
52
56
84
70
130
62
76
72
54
34
36
82
68
80
88
52
72
64
26
34
44
42
58
60
68
24
18
24
66
92
82
112
92
88
56
72
106
64
86
124
64
50
58
74
86
78
56
0
98
112
76
110
128
190
154
56
22
36
54
6
16
36
32
32
30
42
34
34
8
24
50
38
80
104
136
276
346
350
368
348
366
382
392
402
398
376
392
390
384
384
378
380
374
376
370
380
348
326
306
308
306
280
246
328
282
226
278
284
302
300
314
252
220
192
136
184
116
106
98
88
66
92
92
82
80
66
64
70
56
66
70
80
40
46
76
70
92
82
80
100
66
78
86
54
84
96
50
60
40
66
52
92
72
52
50
78
42
50
58
58
74
54
86
102
78
82
110
104
122
142
100
92
108
78
136
140
104
118
104
38
48
106
60
86
24
0
4
54
34
46
16
114
90
78
82
110
78
102
114
48
134
84
108
92
56
178
98
58
6
72
148
200
250
188
174
70
64
52
162
84
154
168
188
172
182
182
138
154
16
34
48
10
62
90
88
80
114
106
118
344
366
378
386
382
390
398
386
388
388
384
380
368
340
320
304
330
266
296
310
272
270
316
310
278
340
286
200
246
258
318
286
244
236
198
184
140
196
154
102
136
116
96
98
110
70
66
36
38
66
56
62
54
48
80
48
92
106
64
96
68
92
146
92
116
100
68
116
104
10
98
130
144
136
104
132
108
76
110
104
112
140
106
100
130
130
98
102
58
108
128
130
130
130
116
114
102
128
98
118
64
64
66
112
94
44
56
74
84
98
68
78
126
98
126
94
102
118
110
86
110
66
138
110
74
106
74
68
112
150
146
132
80
176
150
220
66
92
46
100
76
106
102
92
106
24
158
154
170
188
24
98
174
102
44
98
144
40
42
116
150
134
328
378
372
386
406
422
390
382
388
376
358
340
242
328
302
318
294
252
294
282
222
248
268
302
294
234
236
242
256
296
270
208
132
164
138
94
118
126
104
136
124
106
144
118
104
114
108
104
118
112
112
88
98
90
64
102
88
132
118
98
124
122
72
106
122
100
110
112
122
128
78
126
136
132
156
138
116
134
140
112
148
122
108
110
112
70
102
122
128
114
102
106
132
80
128
104
114
140
122
132
78
104
96
100
60
76
50
108
90
102
84
78
82
94
80
134
112
126
90
110
128
104
124
116
130
102
96
92
78
146
144
152
154
222
122
64
0
102
120
84
130
18
42
22
176
134
84
136
0
158
160
122
0
196
238
170
90
48
80
82
106
124
386
390
390
386
400
374
348
354
348
300
300
266
316
294
282
248
268
262
248
224
256
206
222
156
218
222
250
280
252
236
224
158
184
146
106
74
44
54
94
126
100
76
74
108
94
86
102
116
144
90
98
126
104
130
136
126
118
126
124
124
142
116
138
106
136
98
102
124
134
112
110
146
158
164
178
156
152
164
150
152
142
114
128
118
138
152
160
142
144
100
132
148
150
130
134
146
150
120
124
122
112
124
92
56
88
90
76
70
144
144
98
112
94
166
130
140
110
102
102
160
120
122
120
146
64
84
96
108
150
100
188
194
162
30
64
96
118
114
134
118
98
126
80
54
126
120
144
80
262
282
0
0
0
318
264
94
114
122
86
100
184
172
390
408
422
406
342
312
298
300
296
298
282
268
264
270
260
268
264
254
296
250
274
260
172
254
282
244
252
228
196
214
146
198
180
102
130
78
58
146
120
122
128
150
132
128
120
128
134
168
164
118
180
154
154
156
146
144
132
174
178
132
132
122
156
164
132
154
178
162
176
176
174
156
160
156
178
170
160
156
150
132
172
138
164
164
140
134
186
170
126
138
142
144
98
118
114
104
128
96
98
114
100
102
126
116
114
124
82
132
152
114
130
96
112
132
84
88
96
98
108
114
94
138
136
114
84
110
114
136
214
184
180
124
38
54
132
188
152
116
176
174
198
160
86
166
124
158
212
86
264
302
0
296
328
146
144
148
140
134
136
186
152
110
298
430
422
324
316
316
296
290
268
236
300
248
262
252
236
260
238
236
270
258
258
236
242
226
262
262
262
270
250
204
170
172
136
162
114
152
186
160
158
170
170
186
168
150
190
156
218
188
186
174
194
206
174
232
164
196
208
200
208
160
222
206
218
214
188
230
192
204
194
196
206
196
168
150
196
206
204
196
184
194
200
168
194
208
196
192
146
186
178
190
134
140
158
162
166
164
146
150
114
118
158
112
144
202
122
118
148
104
106
174
164
180
190
116
138
104
124
214
114
148
148
122
136
116
118
144
174
256
222
184
60
70
78
96
180
144
170
178
154
204
236
164
156
260
176
182
178
108
74
132
148
122
232
208
266
278
214
200
156
188
182
186
414
376
456
374
340
320
294
296
250
238
258
276
256
212
256
262
246
256
256
246
246
242
224
232
204
236
240
218
210
196
160
204
224
250
228
212
214
174
180
224
214
236
208
218
228
222
204
242
224
224
236
296
214
230
164
230
242
232
260
244
256
264
236
248
226
208
230
230
234
250
228
232
242
212
248
202
238
242
234
224
230
258
220
220
212
202
224
240
206
204
238
194
176
210
204
220
170
222
202
186
218
160
164
210
196
218
188
224
190
178
222
190
176
152
118
212
188
158
178
158
170
148
162
194
204
190
178
150
124
102
38
48
102
170
196
188
208
262
340
354
206
196
256
272
194
278
316
278
362
310
400
302
242
308
354
372
318
282
214
216
294
428
420
414
432
510
440
458
510
272
278
236
272
252
240
224
224
238
190
210
262
222
254
240
282
208
232
226
222
248
220
252
244
254
232
218
226
220
226
266
322
256
216
236
206
204
250
228
286
262
310
268
266
312
268
254
286
290
294
278
288
304
256
268
278
274
254
274
268
294
248
268
286
258
292
258
266
264
228
254
250
248
246
222
224
270
272
252
252
212
262
232
226
224
226
244
204
234
226
220
192
228
226
236
198
204
252
214
226
266
216
232
248
222
176
204
216
242
220
236
164
144
222
230
284
170
164
112
104
46
6
72
46
96
194
218
248
208
232
322
414
222
314
310
262
300
288
346
354
376
394
370
378
354
402
386
420
354
330
378
306
300
422
454
424
422
410
452
420
424
438
500
490
310
348
348
264
254
262
282
280
252
246
186
260
242
276
268
274
310
286
298
314
298
300
276
204
206
244
274
294
292
280
278
280
244
246
230
288
288
252
290
248
320
256
332
308
356
348
336
354
360
380
326
306
340
330
370
322
360
346
354
352
328
320
330
342
328
298
298
274
268
256
290
236
250
306
256
274
252
248
222
240
262
222
248
222
220
240
232
246
256
228
250
262
266
256
294
254
278
278
226
210
216
206
188
198
196
194
224
232
226
270
310
306
212
156
144
124
92
68
84
170
86
124
218
270
248
242
282
320
386
404
390
316
354
332
358
388
392
464
440
498
478
488
456
478
416
368
372
316
348
358
398
450
424
420
418
444
418
410
426
430
412
506
470
344
356
510
326
358
444
340
360
392
356
368
364
348
344
314
330
320
312
314
322
336
300
290
296
320
334
316
314
300
318
326
332
314
302
322
320
294
288
290
278
302
358
282
296
294
290
264
294
282
336
336
330
370
352
368
354
376
386
338
350
372
350
340
334
336
332
302
328
306
286
276
282
302
222
290
268
282
268
256
254
226
272
278
218
254
280
266
260
252
296
272
270
314
314
264
228
224
238
208
196
212
172
184
190
194
190
210
224
224
238
164
94
66
56
42
182
162
80
324
310
132
238
316
342
348
368
412
390
416
412
344
392
396
458
506
506
502
508
504
504
488
364
370
366
384
386
426
460
450
458
424
422
418
422
416
424
414
426
416
428
408
410
408
510
510
422
396
420
378
510
384
332
382
374
326
362
358
364
352
324
278
280
278
286
270
292
318
320
316
292
328
328
322
290
318
362
346
332
308
204
322
334
332
312
306
384
376
310
296
300
308
298
262
248
250
246
316
242
286
392
360
364
362
356
360
372
352
356
354
358
358
340
328
332
314
316
312
308
310
338
300
290
326
336
328
336
342
300
318
338
314
316
380
308
252
216
220
220
192
160
172
178
190
190
188
186
180
182
194
190
184
142
112
130
114
124
160
216
258
370
446
408
156
288
366
384
422
446
506
510
456
450
406
432
464
446
424
414
402
398
418
396
384
396
402
392
428
464
460
462
460
422
430
438
434
440
430
426
426
420
416
420
412
422
410
418
406
414
418
416
428
424
450
428
510
212
364
412
416
458
374
406
446
396
402
474
288
292
300
272
264
244
238
280
288
326
326
334
298
290
142
114
326
330
338
316
320
328
312
304
314
308
306
278
314
294
308
260
256
208
230
256
314
380
378
390
394
362
362
362
368
358
362
376
386
394
372
374
362
346
296
274
274
318
330
302
276
348
344
378
324
342
370
280
274
278
224
242
224
222
206
162
168
192
226
216
204
192
192
200
210
212
204
196
166
172
200
190
260
382
448
474
482
448
386
438
470
490
504
506
500
492
454
436
434
496
492
452
432
412
456
476
438
422
450
450
450
464
456
464
462
474
424
422
424
424
432
422
428
418
422
416
420
422
420
410
410
416
410
410
410
422
426
412
424
438
504
418
434
510
478
326
390
410
410
418
412
354
510
410
412
316
314
288
246
224
258
318
274
340
290
172
194
318
338
316
306
310
320
310
314
310
304
278
274
288
290
300
306
364
300
280
284
292
352
364
354
348
346
342
350
350
360
354
370
374
362
358
358
358
346
332
238
236
274
288
284
344
340
376
412
378
408
344
344
310
298
316
266
252
234
178
110
156
230
238
226
222
200
212
232
242
270
266
232
250
240
220
328
378
436
502
508
510
504
484
462
452
506
502
510
510
504
504
504
472
468
470
442
446
474
468
466
464
468
470
476
460
470
456
476
468
450
428
422
424
430
434
432
430
422
414
414
412
420
414
422
416
410
412
418
420
420
410
406
408
414
388
420
408
386
384
392
386
370
424
426
410
334
370
408
408
430
462
414
502
506
334
352
320
404
410
326
336
354
332
364
326
306
278
306
298
298
288
290
290
292
324
298
292
332
336
326
358
354
318
352
350
346
330
342
342
330
306
330
334
326
340
322
328
322
334
306
308
334
324
326
360
432
428
448
436
454
390
392
384
366
350
354
328
292
276
230
208
240
284
276
278
250
250
290
294
272
254
346
334
330
350
286
426
450
482
454
506
508
506
502
480
476
468
454
468
478
478
468
456
456
448
456
462
466
462
472
474
472
476
444
474
474
468
478
474
464
474
422
418
422
414
440
422
414
422
414
436
412
406
418
412
422
420
416
416
414
410
404
398
406
410
382
418
420
406
392
402
400
382
404
394
408
428
438
418
410
410
412
390
420
416
414
410
508
412
402
328
354
316
366
350
340
334
328
308
322
320
312
320
314
342
346
342
314
356
290
304
270
332
340
350
354
328
342
334
326
332
322
322
322
316
316
288
326
330
330
338
340
356
354
366
378
394
278
378
396
410
408
362
388
368
362
374
374
348
326
330
262
294
326
350
208
260
206
184
296
124
358
378
372
354
404
426
432
444
438
450
452
336
434
422
436
424
424
436
432
442
446
460
462
470
466
460
478
466
468
478
478
482
474
460
476
480
480
472
480
478
472
414
424
426
408
420
420
422
422
436
426
414
404
410
416
408
420
416
416
396
402
418
418
414
420
408
400
418
410
410
404
400
388
394
400
410
394
396
422
404
410
392
406
418
422
510
426
426
422
420
428
452
394
506
422
364
398
320
370
290
330
334
328
296
296
316
290
274
232
302
260
332
326
272
322
308
354
342
338
356
340
308
308
314
328
320
338
350
356
354
376
370
382
380
378
386
390
392
380
370
388
388
388
376
344
320
292
318
316
298
310
294
98
238
280
316
342
320
4
304
372
374
368
388
384
398
404
402
410
428
428
432
442
438
452
450
448
446
460
442
456
454
468
464
460
458
460
454
474
484
476
478
478
484
466
478
472
486
472
466
482
486
406
428
424
410
420
428
422
410
418
414
414
418
410
424
430
410
412
396
410
416
424
414
420
424
410
410
412
402
400
410
412
402
392
392
404
404
408
404
414
422
406
404
422
422
412
404
412
432
510
428
492
442
504
370
434
436
402
422
368
430
412
412
406
324
434
386
318
358
250
256
376
244
316
306
312
326
316
314
308
294
316
318
306
374
358
348
362
332
360
362
364
374
386
382
382
380
390
386
394
378
396
388
378
366
340
356
312
348
320
348
306
310
336
368
358
366
390
386
390
386
404
398
410
422
420
432
442
434
444
436
450
446
452
448
464
446
448
458
450
466
448
466
462
460
458
466
462
476
484
484
474
478
484
488
482
480
488
458
480
480
490
452
438
418
392
402
392
406
410
406
404
410
422
450
412
420
426
420
410
390
418
418
412
416
410
420
420
418
414
410
412
400
408
404
444
414
406
408
406
422
404
414
412
406
400
420
422
426
434
410
406
398
356
366
406
426
396
412
398
400
418
402
420
438
504
420
510
392
416
384
338
356
338
326
312
318
304
344
306
312
258
304
292
282
294
306
258
324
284
340
354
362
376
282
378
370
400
390
398
394
392
394
396
372
376
366
372
344
358
304
334
358
404
398
394
406
430
404
408
396
404
420
406
430
432
428
428
428
438
436
444
444
444
460
456
464
452
466
464
464
460
458
462
464
460
474
478
458
466
482
488
476
482
484
482
492
480
498
488
482
498
498
470
478
470
446
460
444
432
414
404
406
400
400
402
404
400
422
448
430
404
410
412
412
410
414
408
418
418
414
410
416
416
404
408
394
408
396
406
382
418
392
410
402
406
416
418
414
422
420
438
444
438
382
386
396
392
426
400
404
430
414
394
406
436
510
416
492
382
406
426
426
434
506
350
400
376
396
306
306
320
284
310
248
252
260
290
314
264
110
110
304
286
280
318
344
352
406
404
404
366
380
400
400
404
386
378
384
330
366
410
420
410
406
418
408
412
424
418
418
406
416
424
426
430
428
432
432
450
446
442
442
444
454
440
466
444
450
454
458
456
468
460
454
454
466
472
472
472
472
482
470
488
492
484
494
498
494
494
494
498
498
486
506
504
504
502
502
488
490
476
466
486
450
450
410
400
414
382
406
406
418
404
400
408
404
414
404
414
424
424
408
406
414
408
408
404
404
404
410
408
418
398
412
416
408
422
442
406
402
414
424
418
422
414
390
404
372
396
394
364
384
386
392
396
398
392
406
414
424
424
412
412
406
444
460
432
396
420
388
420
368
382
402
330
268
292
284
276
276
66
140
266
186
188
290
310
326
322
324
336
340
334
340
364
400
374
388
370
412
416
410
406
414
422
408
418
400
422
414
420
416
420
428
428
436
438
440
436
440
448
440
448
444
456
450
456
470
454
460
454
462
470
474
472
468
478
472
470
478
472
478
484
496
486
500
488
494
490
498
498
498
492
498
498
504
490
492
488
496
496
502
500
498
498
472
470
500
498
494
464
462
426
396
402
386
396
394
392
400
408
428
406
402
398
404
404
408
414
414
418
404
412
406
414
440
418
408
416
412
428
418
414
412
408
402
402
396
404
400
376
380
374
392
400
388
394
384
406
406
396
412
406
400
406
412
414
402
426
412
476
424
414
352
428
424
412
374
360
358
360
318
470
410
378
320
270
276
318
310
280
266
286
326
330
280
298
328
324
326
378
398
408
386
412
420
420
420
422
424
412
420
422
422
422
428
414
418
454
448
438
446
456
452
442
448
466
458
448
460
456
456
464
468
474
466
486
472
476
486
474
486
488
490
484
478
480
484
502
502
504
506
500
500
504
