326
320
312
312
318
300
306
300
298
298
298
292
290
296
300
290
292
292
292
292
300
288
296
298
290
290
296
298
296
288
290
294
300
298
290
294
300
286
290
300
288
294
288
288
290
284
296
298
292
294
292
300
298
298
284
300
286
292
298
292
296
316
304
306
296
298
296
296
294
284
294
302
288
286
300
292
298
304
294
276
314
304
302
304
288
302
298
304
298
298
296
290
308
296
308
308
306
314
328
306
316
306
316
316
314
290
280
282
296
292
278
282
286
296
290
294
290
294
292
310
306
310
330
326
326
346
332
326
336
336
338
342
334
350
340
354
340
374
336
336
360
394
400
364
354
366
362
350
370
362
384
370
390
408
386
510
384
130
106
92
232
330
308
314
316
310
308
306
290
304
300
294
304
304
294
292
290
288
298
292
290
290
298
302
290
282
284
294
298
292
294
298
308
292
294
294
296
288
298
300
296
304
298
304
292
292
300
286
300
286
294
292
288
292
288
294
292
294
298
300
302
292
308
298
304
296
304
298
306
300
286
294
286
290
290
294
308
288
314
296
296
288
300
286
298
308
292
292
296
302
290
308
306
304
312
304
312
310
322
316
320
320
320
300
278
292
286
270
292
280
288
292
280
282
286
292
282
288
300
306
312
310
320
310
344
332
336
328
320
376
328
322
334
330
336
338
330
368
344
344
352
326
398
344
344
342
374
348
360
368
374
348
368
336
398
370
348
478
92
82
72
222
324
330
326
306
308
300
300
292
300
292
300
298
294
302
310
300
300
290
288
294
288
292
298
300
294
292
294
292
280
298
294
292
292
304
294
300
292
304
296
288
300
292
302
292
300
296
292
286
292
280
290
284
290
286
296
286
302
294
312
300
294
292
310
306
308
312
304
290
278
274
272
266
312
286
300
296
288
288
286
280
302
290
296
296
294
282
300
302
292
290
286
296
290
310
308
316
322
318
320
320
304
296
298
280
278
278
286
276
292
274
290
292
284
300
284
290
296
298
296
298
320
322
326
322
324
330
348
340
314
332
318
334
362
324
342
330
354
376
372
376
352
328
360
342
364
388
338
374
342
356
386
352
356
384
394
338
434
120
100
142
206
324
320
318
312
310
306
300
298
296
298
296
304
300
298
298
284
292
284
292
294
296
304
294
298
294
292
292
304
298
292
296
294
294
286
300
296
294
290
314
288
282
304
296
292
292
296
296
296
300
302
298
294
302
292
288
304
292
292
294
310
310
308
322
316
314
302
302
298
288
264
274
240
286
252
318
276
290
290
280
292
280
290
292
290
290
296
292
298
298
296
298
300
308
306
310
312
312
312
318
304
286
292
288
290
280
274
272
276
276
286
276
290
284
296
272
294
284
290
290
288
312
326
310
342
308
334
328
306
340
308
376
316
336
322
322
322
324
348
338
354
354
398
370
402
354
358
364
372
364
336
376
384
366
366
342
342
494
96
114
148
164
320
322
314
306
300
306
296
304
300
298
286
286
286
294
302
306
292
298
296
298
288
290
290
296
290
290
292
292
302
302
286
278
300
296
302
296
300
296
310
302
290
298
300
294
278
294
294
288
302
298
300
276
292
286
290
300
290
296
290
302
302
310
320
314
328
316
308
302
280
298
258
230
252
274
234
224
286
288
286
284
284
292
292
300
296
284
280
296
296
300
292
278
304
300
306
308
314
312
310
304
294
292
284
280
266
272
274
292
282
276
284
280
304
286
296
292
292
298
302
280
318
308
328
310
324
346
338
326
326
362
334
348
338
356
350
340
344
316
350
352
356
374
328
352
354
350
336
376
382
372
356
368
374
410
398
382
430
104
118
174
208
326
326
324
304
302
304
298
302
290
298
296
292
290
294
296
302
284
298
292
284
294
300
292
294
314
296
292
280
294
296
298
296
302
304
284
304
296
294
300
304
298
296
290
288
290
308
304
294
290
292
292
296
296
290
294
290
300
294
300
304
308
328
320
326
332
326
308
296
278
274
244
284
226
226
202
234
188
286
288
280
286
290
300
292
302
294
286
298
276
290
294
290
296
292
300
314
314
304
298
292
286
288
286
272
280
274
284
276
282
290
296
298
280
302
286
284
282
290
296
302
298
312
320
366
346
324
322
338
330
340
322
362
322
332
336
326
344
364
374
358
374
362
338
356
348
380
368
392
372
342
380
370
362
360
394
510
440
100
94
176
246
352
324
316
312
296
304
296
294
294
284
296
298
298
302
296
294
294
286
296
290
282
280
288
284
290
290
304
300
300
292
290
294
302
300
296
300
290
280
294
294
284
290
278
286
290
296
292
290
290
296
296
290
296
290
294
296
300
308
302
298
316
316
324
324
314
330
314
308
268
282
248
246
236
274
186
216
250
220
308
268
286
272
284
274
292
280
272
292
286
292
286
290
290
302
296
294
304
298
306
294
292
284
268
278
272
274
284
282
274
266
288
278
280
278
290
274
296
292
298
302
306
318
318
318
328
330
352
320
320
344
378
334
322
352
326
320
370
368
356
310
350
342
380
338
328
352
350
360
378
394
370
390
398
374
416
476
306
84
100
190
366
326
320
314
304
290
288
296
288
290
280
290
300
296
294
294
294
286
294
300
294
300
288
294
294
290
290
284
276
292
296
294
302
286
290
294
290
298
294
282
296
286
284
290
290
300
290
298
288
294
300
296
296
288
296
294
298
298
290
308
298
310
318
322
318
336
332
304
286
288
298
280
240
224
206
270
210
218
240
186
236
272
274
268
272
274
274
284
284
282
292
280
298
292
298
304
292
314
302
298
290
286
276
278
274
284
284
284
284
276
298
284
276
274
282
278
280
296
296
302
306
300
316
316
328
312
338
308
326
326
322
406
322
330
324
324
348
340
346
332
364
324
360
378
342
344
380
356
342
336
376
380
354
386
340
412
510
224
74
116
266
284
328
308
312
298
294
294
302
290
284
292
294
286
298
292
296
286
280
276
278
288
286
298
280
296
274
286
294
286
296
290
284
302
300
290
288
290
290
290
288
292
276
282
290
276
284
288
298
282
294
294
300
290
292
292
290
298
302
300
304
304
306
318
326
328
312
320
298
272
274
242
258
268
262
178
176
256
250
230
234
238
218
260
264
270
282
274
274
284
290
280
278
298
292
296
296
294
296
282
292
280
282
274
278
268
278
274
276
264
268
280
276
272
284
286
282
284
282
296
292
322
304
306
316
318
314
320
338
332
298
330
320
368
328
326
342
362
336
338
334
332
348
350
314
338
364
348
344
362
346
382
392
404
394
364
418
500
160
104
128
240
372
318
314
314
294
298
292
302
290
294
298
290
290
288
292
298
290
298
296
304
300
286
290
294
282
286
280
296
292
288
284
290
288
290
286
270
292
280
292
290
286
288
288
278
292
284
296
286
284
278
292
290
286
278
290
276
288
284
298
304
298
302
322
324
322
326
318
308
278
244
246
218
218
190
266
252
140
202
240
194
182
222
204
290
276
266
264
272
282
266
292
278
286
304
302
296
288
294
292
292
272
272
270
268
282
260
274
272
284
274
272
274
266
280
304
276
274
278
284
302
300
302
304
312
322
312
318
320
322
324
320
328
336
348
326
350
338
332
348
326
340
346
368
338
366
334
352
370
352
352
356
368
410
336
374
376
498
170
120
126
190
330
314
320
304
284
264
260
270
270
240
292
292
298
282
288
302
286
288
292
292
284
286
290
290
292
284
292
296
290
290
286
292
288
290
282
290
294
294
284
288
288
294
284
294
294
282
286
288
280
286
292
290
290
290
290
294
296
290
308
312
296
310
332
330
314
328
320
290
286
288
282
274
212
230
196
190
252
234
192
226
232
216
238
250
212
252
264
274
264
276
264
278
278
292
288
284
266
278
286
286
268
262
272
274
286
268
266
262
264
272
272
274
272
284
278
276
290
274
288
302
294
298
308
324
314
316
310
318
344
326
322
348
332
312
342
340
362
326
344
328
336
326
350
378
350
350
388
354
344
380
348
396
362
380
342
364
476
148
130
88
258
284
326
316
288
292
276
256
266
252
236
252
248
198
270
284
290
292
296
296
294
298
292
294
292
286
296
298
298
292
278
290
286
276
286
286
282
278
296
282
290
288
286
290
292
284
286
268
284
286
296
306
292
290
274
296
294
280
300
292
286
292
310
310
320
308
314
296
278
282
260
264
238
230
248
236
196
200
208
232
216
192
246
232
182
192
180
194
266
248
254
266
264
280
268
272
272
274
276
268
268
264
250
252
258
268
260
266
260
262
272
268
276
274
268
274
282
278
270
278
292
298
302
306
304
314
320
332
324
328
314
318
312
320
342
322
340
340
322
352
352
352
382
336
332
392
342
356
348
342
364
344
376
370
368
366
388
398
130
128
80
188
248
312
308
306
262
262
252
254
250
222
236
242
254
220
214
262
276
282
274
286
298
290
294
286
292
282
284
290
284
284
298
284
282
286
292
286
284
272
280
278
284
292
270
294
282
276
276
288
284
274
290
288
292
284
286
272
284
296
300
294
306
280
312
326
312
306
280
270
282
276
250
210
196
180
202
256
238
182
192
212
212
182
154
228
180
226
212
192
234
254
262
258
260
260
266
260
266
264
268
258
260
256
272
238
250
256
258
262
260
258
260
266
268
274
272
274
266
272
276
284
278
286
298
298
296
308
322
320
320
322
320
308
314
320
340
336
388
336
352
350
386
334
338
336
366
408
352
350
338
348
396
382
386
376
376
360
458
128
164
88
308
216
310
308
300
280
262
256
244
250
270
214
222
208
238
256
254
192
276
278
282
278
272
296
288
280
288
286
286
292
286
282
276
288
290
282
276
286
276
272
280
284
290
282
274
280
276
276
280
284
278
274
280
280
278
272
282
284
300
298
298
308
306
310
310
306
290
272
280
228
224
230
248
248
234
170
172
178
240
212
178
134
226
206
174
204
222
200
196
192
180
258
262
262
262
266
262
266
268
244
272
266
264
264
242
272
256
262
252
260
264
262
272
272
276
280
280
286
270
274
304
280
294
286
282
312
308
320
320
316
314
320
318
328
310
326
332
332
344
380
334
360
328
368
366
368
364
366
382
330
360
352
402
382
386
382
382
350
102
152
110
296
296
320
302
288
296
276
272
248
260
244
256
228
264
202
226
256
240
226
222
284
280
284
286
276
284
284
284
278
274
288
286
280
266
278
272
278
278
286
282
274
274
276
272
254
270
290
280
274
272
268
268
272
276
272
284
278
274
300
292
314
298
308
292
304
282
276
280
274
246
220
214
228
194
192
228
222
222
168
154
212
216
192
120
202
168
150
196
206
240
222
252
212
234
240
256
248
258
262
266
262
258
258
260
248
250
262
254
246
272
268
272
268
274
284
288
284
292
286
292
304
304
300
310
310
314
312
328
322
320
322
320
316
308
308
322
328
338
338
338
334
388
334
342
336
364
358
350
370
370
374
364
358
372
382
344
346
364
104
172
130
202
376
308
300
306
284
274
258
246
260
270
240
244
208
246
256
174
228
228
252
284
218
282
272
270
274
260
272
272
284
274
264
274
266
276
278
284
272
280
268
278
266
272
286
274
262
272
268
268
280
274
274
260
286
284
276
270
278
282
294
300
302
288
300
276
276
274
254
220
224
208
236
230
224
212
170
184
154
198
206
182
112
148
178
152
138
154
170
132
182
218
220
284
248
146
178
186
194
194
218
194
190
208
206
206
204
210
222
222
256
226
216
214
232
228
220
232
242
238
228
252
244
260
260
266
298
296
326
322
330
324
314
306
306
324
342
332
314
330
320
350
330
332
374
342
340
350
356
384
388
376
346
344
358
364
378
376
492
70
162
118
284
228
316
296
298
284
276
286
262
260
240
256
240
268
224
212
248
242
184
236
212
204
258
298
268
276
272
268
278
280
268
272
266
272
264
268
266
266
270
272
256
280
264
252
264
270
286
260
262
266
268
262
258
250
252
270
274
268
280
272
280
298
276
288
260
272
262
250
222
196
200
190
156
156
186
204
206
200
184
146
98
156
140
112
90
98
74
92
94
106
148
164
166
152
134
132
132
142
158
178
164
148
146
156
162
156
160
162
184
194
188
204
188
176
168
164
184
190
194
172
188
198
216
228
230
240
230
240
264
270
292
286
306
312
318
322
302
324
322
322
322
346
336
342
354
358
352
366
352
376
358
366
376
350
362
368
354
452
120
126
94
254
208
308
304
306
298
276
264
260
242
242
244
236
248
230
220
264
202
220
226
194
252
228
274
232
234
268
262
274
274
252
256
258
268
264
264
268
252
266
256
256
260
252
248
262
244
246
256
252
246
264
262
242
250
260
254
264
250
264
278
258
292
280
278
258
258
266
244
230
224
214
218
212
212
204
190
170
146
106
58
68
78
26
40
44
86
82
80
60
66
90
78
78
88
98
90
76
104
124
106
96
114
122
120
132
104
128
110
128
106
122
144
128
142
146
110
142
156
146
178
152
158
178
192
206
216
196
210
234
222
216
200
184
208
300
342
324
324
330
346
348
330
330
332
370
396
348
362
350
338
370
376
340
356
356
380
370
510
134
138
162
328
226
314
306
304
298
288
264
242
248
246
276
268
234
168
218
222
214
252
230
236
212
216
212
200
250
236
254
258
258
250
260
256
246
252
244
240
246
240
242
252
238
250
240
254
258
256
238
238
238
250
242
248
242
240
260
236
254
248
262
268
270
260
272
264
256
244
224
220
212
206
216
204
198
176
140
136
114
92
48
14
32
28
34
24
22
34
44
46
36
48
62
62
70
88
74
76
56
114
94
92
90
80
92
96
92
104
106
100
102
108
132
102
108
134
112
118
114
144
146
168
174
160
188
224
210
212
236
196
236
202
234
254
214
222
212
224
306
332
378
358
334
342
334
404
338
378
354
324
352
346
360
350
368
348
394
356
416
210
136
136
258
258
312
294
304
298
300
294
290
268
268
250
248
244
240
232
260
238
212
230
198
206
230
178
228
186
244
228
236
210
260
260
232
250
242
228
232
260
248
236
230
236
238
228
234
234
226
226
234
228
232
234
228
240
234
226
228
240
228
258
264
260
256
252
214
240
228
196
162
116
116
96
76
68
62
72
82
78
82
38
8
16
28
0
14
40
30
16
34
70
34
64
54
78
60
58
64
80
92
80
106
118
88
100
100
102
90
106
104
82
114
138
108
106
84
102
130
98
180
108
158
148
152
170
150
218
178
308
216
242
208
216
210
246
234
312
330
360
304
268
320
314
272
280
304
362
348
362
388
362
356
380
364
382
362
384
368
510
238
234
190
290
328
314
298
318
310
288
292
280
256
254
260
244
244
250
248
232
238
242
246
218
228
202
182
220
164
218
198
218
230
238
238
222
236
236
236
236
224
256
240
230
244
232
234
230
222
210
232
218
222
214
224
214
210
212
224
212
220
204
152
156
108
102
100
88
100
80
100
78
90
74
90
76
52
42
54
28
46
14
20
14
38
10
6
18
44
20
26
46
78
66
52
72
48
44
40
60
58
82
68
66
66
80
70
80
106
74
72
74
78
114
96
74
74
76
92
112
106
172
134
130
136
190
126
134
182
202
186
210
184
216
186
240
220
230
282
266
340
322
178
254
266
296
290
286
274
268
274
280
336
382
358
364
354
358
350
468
370
324
274
340
334
368
308
314
302
306
300
302
272
268
268
254
252
248
248
224
244
260
242
238
218
196
196
210
206
184
190
170
154
182
200
202
232
194
196
166
166
186
198
204
210
224
220
216
228
226
216
194
174
128
96
72
68
44
70
78
74
78
82
104
64
76
80
78
68
76
64
68
62
70
32
56
52
42
28
36
40
12
12
2
8
20
30
6
4
72
10
12
18
38
74
66
62
72
40
50
110
54
34
98
58
58
50
72
56
70
30
62
62
66
94
70
80
68
74
96
142
94
124
126
130
140
114
144
124
154
170
182
232
186
184
158
250
198
202
300
288
278
232
224
256
216
326
316
288
270
240
238
310
270
278
278
288
328
394
386
510
420
288
266
340
412
390
308
300
302
294
302
302
290
292
278
260
256
242
242
252
230
238
238
240
214
224
220
214
192
130
190
126
178
152
140
180
92
118
90
70
58
60
50
74
50
62
82
82
60
70
80
62
28
26
60
54
42
50
56
32
22
50
32
46
34
46
44
42
38
38
18
32
24
38
28
26
24
56
30
22
22
30
60
22
0
0
4
0
8
12
8
12
14
10
18
42
52
18
18
42
30
56
24
20
30
56
64
28
52
62
10
40
52
60
74
2
46
52
82
82
62
68
98
70
96
92
120
116
122
144
166
208
162
196
188
206
294
206
204
180
110
206
162
218
194
178
214
280
266
288
248
282
342
290
244
302
248
300
288
314
472
436
306
336
332
362
380
304
300
302
298
292
288
296
292
290
270
266
256
240
240
232
222
208
236
236
220
208
202
194
164
192
176
170
130
114
124
68
64
58
62
38
34
28
36
32
26
44
36
42
42
48
44
34
26
32
18
22
22
24
24
24
12
10
12
24
40
32
16
20
14
22
10
4
36
20
44
62
12
18
12
10
14
0
22
50
0
0
0
4
6
6
14
0
24
24
8
24
44
24
2
6
32
18
4
78
0
34
56
30
42
30
36
28
66
28
12
42
46
70
18
74
60
66
62
38
76
76
72
106
90
126
156
156
194
226
280
254
510
192
80
108
136
134
174
112
252
410
288
330
262
198
200
192
258
286
270
282
334
302
296
322
274
334
378
382
354
410
310
304
302
306
290
292
300
288
280
280
266
248
236
236
254
224
236
218
216
226
214
210
180
168
178
194
136
154
116
98
68
98
92
56
38
0
16
20
24
22
26
34
28
22
14
8
2
14
8
54
16
38
14
14
8
14
4
6
20
32
20
12
18
4
34
28
10
20
4
0
24
10
14
0
0
18
20
24
24
0
18
0
30
8
6
30
4
40
8
18
16
0
72
20
20
38
40
20
58
16
22
42
32
28
12
18
24
30
36
16
6
92
6
38
50
52
68
56
24
54
66
68
96
72
124
126
130
178
192
248
228
246
112
124
132
228
264
254
170
242
292
268
332
216
108
70
94
146
376
350
264
324
350
324
332
316
270
394
510
384
406
304
302
300
304
292
298
292
294
288
292
288
270
240
234
236
220
218
224
224
208
176
180
194
198
180
182
172
148
118
78
54
110
72
52
40
42
58
48
32
40
18
30
12
10
16
16
18
10
30
16
8
12
10
12
8
0
12
16
2
4
20
56
24
10
60
14
24
22
18
70
20
18
42
28
18
18
36
40
42
14
20
28
108
36
26
66
22
52
46
14
42
48
36
20
42
88
76
72
58
40
58
60
20
60
60
68
52
58
10
10
22
34
62
58
50
38
90
40
46
64
42
62
76
120
110
128
112
140
188
238
260
96
152
114
90
78
122
158
40
176
230
204
122
110
50
174
190
402
432
506
342
316
250
320
326
330
330
296
326
500
378
314
298
310
298
300
302
294
288
306
288
284
280
240
232
228
190
186
196
210
226
226
208
182
170
196
184
154
110
124
70
50
94
44
40
10
0
0
60
50
54
50
32
38
32
30
20
34
42
34
16
30
36
30
32
18
52
20
22
50
36
42
34
36
40
32
30
38
28
32
54
88
16
18
10
24
30
22
28
36
34
48
68
16
62
46
22
36
66
50
14
22
34
60
18
14
24
34
18
28
40
20
58
16
16
20
42
50
24
24
32
56
56
46
68
90
52
38
56
100
56
60
50
116
78
118
120
136
216
242
340
146
100
142
100
144
110
172
150
96
106
150
162
166
2
122
126
0
0
510
492
298
288
280
344
362
348
412
342
280
404
356
306
302
292
300
294
286
298
292
286
280
282
272
272
256
250
224
226
150
168
150
188
188
180
184
170
146
134
84
106
62
0
46
24
12
6
8
6
6
26
30
26
38
40
32
32
0
30
2
14
22
16
24
24
22
2
12
10
30
20
28
22
30
16
18
10
16
16
10
26
6
24
0
14
42
28
22
16
28
70
64
66
82
78
82
52
90
76
38
90
46
78
56
48
54
68
36
76
72
84
42
60
88
58
60
66
74
96
52
10
48
20
68
64
68
44
44
28
44
16
46
48
114
48
94
148
126
154
156
206
204
138
100
58
56
116
132
148
54
72
100
104
190
68
10
128
350
0
0
320
444
236
272
374
264
342
270
330
366
314
342
382
310
306
302
304
294
290
286
290
278
288
274
274
278
238
238
204
184
188
144
126
116
126
114
130
98
104
60
30
66
54
0
22
0
12
10
34
32
0
0
56
66
96
56
74
58
84
54
74
76
88
84
54
96
70
76
76
100
74
74
94
64
94
82
74
74
58
66
64
58
68
78
74
70
84
68
86
86
80
82
108
96
78
110
102
84
120
86
72
90
72
76
94
42
68
102
52
64
92
98
76
42
46
100
88
68
84
54
62
44
56
74
26
26
86
76
24
52
82
84
46
36
68
78
94
126
148
126
134
230
310
128
94
4
84
112
116
112
164
188
98
138
122
200
144
60
244
388
286
436
276
206
458
384
422
436
478
398
388
338
366
394
298
302
298
308
296
298
302
288
278
288
282
280
280
268
270
254
248
232
226
222
224
212
202
198
196
184
142
44
62
56
0
0
0
10
8
6
2
16
20
56
80
88
98
86
86
82
68
66
98
96
68
88
68
90
92
82
88
104
108
92
88
94
96
90
104
88
92
78
88
96
86
102
92
100
76
102
88
110
96
112
102
100
104
94
100
104
98
66
82
66
76
60
78
86
76
82
58
90
100
90
14
62
74
64
108
60
6
68
66
86
68
58
24
108
20
72
78
56
38
64
54
52
40
88
158
100
172
138
170
266
106
46
76
104
42
120
192
220
246
148
212
174
204
322
226
144
290
264
238
318
306
372
466
460
446
488
470
444
384
340
432
312
308
306
298
294
282
286
288
290
282
272
260
258
226
222
218
164
208
198
118
136
126
148
140
114
96
76
62
62
62
2
26
4
2
0
32
48
32
62
78
90
82
98
96
88
84
84
90
96
94
90
84
86
98
74
114
86
110
92
114
102
84
66
90
60
68
98
80
88
64
88
90
98
108
94
104
76
96
118
86
80
88
98
104
96
124
88
94
98
92
100
110
94
90
118
98
108
98
92
52
64
72
78
88
66
126
0
102
92
60
32
60
46
88
16
40
36
16
44
82
62
78
78
148
146
154
150
188
260
186
102
46
100
140
138
140
192
250
284
284
160
270
228
360
276
348
374
336
398
402
480
470
436
428
432
460
486
454
362
388
428
302
308
308
308
294
280
292
294
284
256
242
228
236
226
222
198
190
202
206
180
168
144
148
144
132
154
124
80
76
52
8
54
44
16
2
48
60
88
64
98
108
124
128
84
82
68
90
96
100
114
86
86
84
110
92
100
100
124
100
108
88
88
98
102
100
86
72
104
108
114
116
108
78
124
114
100
90
80
100
114
102
112
124
124
92
106
106
116
106
128
98
120
114
88
100
106
70
102
86
102
88
48
70
64
112
120
76
142
72
52
62
82
90
96
112
70
56
104
20
84
34
98
140
126
144
186
164
202
330
190
90
120
176
180
168
238
202
250
248
292
218
238
324
294
292
330
400
382
468
462
474
476
502
460
464
494
470
336
328
356
382
310
302
302
294
298
296
286
278
258
254
244
234
222
224
232
194
196
194
190
194
198
186
178
140
126
122
126
108
82
80
6
88
70
48
64
76
96
94
124
136
144
120
110
134
142
122
114
120
108
94
118
84
120
96
122
102
64
104
74
114
104
86
118
124
116
90
96
124
102
114
104
116
126
132
120
130
126
118
128
102
120
102
154
104
122
112
114
116
72
100
104
74
92
108
122
112
92
108
114
98
142
66
86
106
96
76
46
62
102
72
64
92
76
98
140
96
104
98
126
116
92
100
150
146
198
156
172
238
204
172
116
74
142
172
174
228
202
264
274
268
308
342
300
368
340
440
430
464
504
482
504
508
510
482
508
480
350
354
336
306
338
312
298
300
290
296
296
284
264
232
230
228
224
188
212
214
210
218
216
210
184
162
150
134
166
190
148
136
98
86
90
44
106
122
98
94
146
148
132
122
140
132
150
154
146
150
144
146
124
136
134
156
132
116
108
96
118
130
100
116
94
124
130
96
122
114
106
122
106
142
124
118
112
120
132
118
132
136
126
116
114
130
140
136
82
132
106
108
118
74
112
104
124
112
144
166
122
140
156
98
154
126
66
128
148
82
94
102
144
160
106
80
108
70
142
146
180
166
112
172
132
146
198
164
170
218
244
270
200
146
64
106
134
98
184
208
236
242
310
308
330
364
368
382
368
440
448
504
510
510
510
510
500
494
510
498
332
342
316
336
366
370
308
300
294
298
304
264
274
272
228
194
208
192
214
218
214
212
214
204
144
136
138
124
144
192
178
106
148
78
80
98
68
128
160
110
152
138
122
156
164
142
154
158
164
174
186
166
186
160
150
164
162
140
176
136
152
136
110
126
150
106
162
132
138
114
104
138
82
114
154
124
150
94
140
132
136
132
152
150
130
146
122
146
130
116
132
108
80
122
94
100
110
134
152
122
126
148
172
130
132
152
124
130
178
136
134
116
128
138
116
138
138
146
152
150
140
152
146
154
180
170
140
194
198
200
244
242
218
160
102
116
48
84
118
110
214
282
292
268
332
390
366
388
400
440
502
506
510
486
462
460
468
478
496
460
424
362
356
334
364
320
326
314
294
294
304
302
298
266
240
228
182
212
228
212
188
192
192
198
194
198
164
152
136
150
204
126
116
162
158
124
130
130
148
156
152
136
162
106
148
168
164
154
134
170
148
194
168
184
188
198
176
188
180
158
178
172
152
162
156
152
150
152
136
160
132
140
138
132
172
126
146
160
146
144
130
152
148
164
156
166
162
170
154
134
172
134
114
132
150
140
126
152
112
126
164
144
184
136
160
140
146
164
144
144
146
144
126
160
162
212
158
192
170
180
182
158
142
180
150
186
180
186
208
232
218
212
214
166
126
94
54
94
164
138
126
134
272
364
380
398
444
458
450
456
472
490
496
486
474
480
490
506
444
394
388
418
364
360
320
402
350
334
320
310
304
324
274
256
232
240
212
210
220
224
234
230
246
200
154
178
202
190
136
158
212
142
146
176
164
148
194
196
176
178
146
144
144
136
142
142
162
152
158
160
156
160
150
200
140
148
132
210
162
206
222
192
168
182
174
164
218
210
206
190
198
182
170
184
194
176
174
200
160
180
174
188
166
178
160
178
214
160
174
182
172
146
156
152
156
160
142
182
170
166
200
146
182
166
136
180
198
178
164
178
206
176
178
202
198
192
186
216
166
188
176
186
190
212
178
230
206
184
174
238
316
234
162
166
158
100
64
76
146
168
250
262
228
232
326
380
440
424
470
510
482
464
476
470
486
494
468
406
402
392
388
402
418
352
336
326
366
352
402
308
298
312
296
278
268
242
238
236
224
194
182
132
160
222
124
160
194
190
218
164
148
218
168
144
184
180
208
220
218
224
208
216
220
210
178
210
220
232
224
236
238
228
224
208
208
190
184
170
158
166
164
168
176
192
196
220
214
234
222
234
228
226
276
236
248
240
230
218
200
230
200
212
200
184
208
162
198
180
162
156
162
166
172
196
160
156
166
172
170
140
174
166
168
156
174
160
202
204
182
184
204
198
192
210
204
194
210
202
178
204
206
222
222
204
234
198
224
206
270
292
284
216
168
154
128
106
112
130
150
168
256
312
408
384
328
358
404
444
428
496
504
482
486
484
478
460
426
420
430
398
386
394
420
478
360
372
324
412
332
390
302
298
310
280
272
244
252
224
166
214
242
256
240
188
156
184
212
154
132
216
206
144
210
212
218
232
250
254
260
264
270
268
268
272
278
272
264
274
266
266
266
268
264
268
262
270
262
260
250
274
262
266
244
230
222
218
222
208
202
186
168
164
170
188
242
244
206
274
256
238
218
212
174
192
130
184
144
192
210
188
164
146
164
178
184
178
160
166
172
182
144
194
192
176
196
246
200
198
200
220
158
200
220
244
208
202
186
212
200
178
214
158
230
196
200
168
208
192
192
186
164
140
160
150
144
132
158
150
158
194
178
338
390
482
466
424
422
446
462
504
494
502
486
450
420
420
408
402
420
424
442
414
510
166
278
354
352
328
352
494
342
306
308
312
280
268
238
212
214
224
220
224
166
180
146
194
130
190
204
174
148
210
210
206
210
258
264
270
268
276
280
278
268
276
272
288
286
282
278
296
286
292
274
266
292
282
286
276
268
270
278
250
232
250
238
232
228
220
216
206
210
204
192
188
176
162
154
148
176
204
258
220
210
74
198
202
208
206
176
190
190
180
186
186
184
182
206
200
186
230
224
210
196
202
170
234
226
210
240
208
194
222
216
236
222
210
180
188
194
194
196
156
138
164
182
160
92
138
164
168
158
162
184
170
178
186
190
182
198
210
228
280
358
436
510
486
468
450
454
454
446
428
406
410
400
402
390
404
400
406
410
404
424
510
114
344
356
344
396
510
416
356
300
306
308
272
248
222
216
186
224
208
188
206
160
190
148
184
170
150
182
202
224
256
280
274
278
284
288
278
282
276
282
296
290
286
280
298
290
298
286
296
282
280
280
290
288
278
278
282
280
270
244
230
236
226
216
208
214
222
214
202
190
180
170
160
162
156
168
158
148
154
162
188
248
256
230
228
218
222
216
198
198
198
200
210
242
224
238
238
236
252
222
246
232
266
250
232
256
238
224
242
282
272
226
236
208
252
214
188
178
118
126
160
170
162
158
164
178
178
166
170
190
220
212
226
220
212
226
256
278
276
404
408
442
468
510
456
460
432
408
402
400
396
402
400
402
394
388
392
380
394
394
388
226
208
380
400
346
386
476
510
366
208
214
220
222
226
224
188
188
166
216
178
194
124
180
148
194
190
212
256
252
232
246
256
252
248
242
246
220
238
236
230
232
248
248
236
240
248
242
250
228
222
196
260
248
258
242
238
238
234
218
222
220
212
208
198
190
182
184
170
180
176
186
166
184
180
168
162
170
170
174
180
186
178
198
206
218
238
228
224
236
236
262
252
276
258
272
254
276
280
266
260
260
250
278
234
270
250
250
246
280
304
300
282
242
254
220
182
116
114
154
170
180
180
170
178
180
194
190
196
208
236
250
262
268
276
254
302
288
270
394
478
488
484
458
418
410
418
402
398
400
402
400
390
384
394
388
392
390
372
374
382
376
378
306
370
356
348
368
496
420
372
258
238
240
242
218
198
214
180
176
200
174
156
220
180
196
220
222
252
216
224
232
244
222
222
226
234
234
226
210
234
224
222
226
218
206
236
232
228
220
242
222
242
228
248
244
236
236
232
230
234
206
218
196
212
202
206
188
198
200
182
182
180
194
200
204
200
200
202
206
218
214
228
240
252
266
256
268
270
258
250
246
236
240
258
268
286
294
314
292
302
302
302
300
300
254
272
276
280
272
298
288
332
294
276
264
200
210
224
190
160
198
200
196
190
192
178
178
214
224
246
270
290
302
330
340
346
346
376
432
426
432
370
334
348
372
312
330
330
314
356
360
300
282
294
316
324
310
286
304
362
354
344
374
376
398
370
362
448
452
510
498
242
248
238
252
234
222
272
240
234
204
202
232
220
218
206
226
224
242
224
240
234
228
228
226
232
240
242
262
252
234
220
202
240
290
254
222
204
214
202
218
230
206
218
222
226
232
232
222
226
228
220
212
214
232
232
232
216
222
216
216
216
216
216
236
224
210
224
230
244
220
226
206
200
234
244
232
222
232
224
218
214
226
240
246
264
266
286
302
330
358
354
378
392
406
390
384
356
352
322
306
314
334
312
286
248
198
190
214
216
196
188
174
172
176
182
222
240
246
274
318
326
338
340
350
358
376
348
344
354
370
358
370
370
376
416
314
352
348
356
368
368
344
334
338
328
352
352
358
344
330
336
374
382
452
386
328
378
510
510
428
452
266
302
302
278
264
288
296
372
284
238
232
258
252
298
232
236
382
234
426
264
252
262
256
236
244
250
262
260
238
236
248
246
282
234
296
218
284
264
246
284
222
238
230
204
222
212
224
272
240
254
242
230
202
200
172
174
204
200
196
192
186
242
186
406
330
166
166
194
222
216
174
204
234
236
248
260
236
192
230
260
246
268
288
360
332
354
354
238
180
260
306
298
274
286
240
254
246
370
234
276
254
256
242
282
254
226
180
194
214
242
282
266
280
320
268
268
294
280
230
264
294
322
286
320
298
276
304
274
324
348
362
386
476
364
434
358
366
346
400
358
398
378
318
320
390
370
368
302
336
332
510
376
360
392
380
378
432
510
510
454
510
304
294
296
384
314
322
370
314
292
478
438
278
314
276
250
368
268
254
272
292
234
300
280
248
238
270
284
272
332
268
278
244
240
250
280
272
234
242
254
260
238
256
280
274
260
228
278
250
216
258
278
250
256
240
234
270
278
188
190
274
52
384
308
302
292
244
270
258
236
214
220
224
236
244
290
278
246
252
242
244
276
248
264
244
300
270
258
248
252
376
278
266
344
370
314
354
276
340
258
300
314
334
286
312
284
510
250
250
276
250
276
250
244
316
280
262
282
312
282
360
282
326
320
314
292
336
350
292
270
430
410
398
378
410
364
378
318
344
380
370
388
402
352
400
370
370
384
372
378
380
402
374
394
396
374
406
412
510
410
378
510
