436
424
440
428
436
428
438
432
428
432
448
436
426
444
456
446
438
428
432
436
434
434
436
436
438
440
422
432
428
432
422
422
430
440
426
440
428
428
426
438
412
412
422
418
434
436
426
434
428
422
426
432
438
434
412
426
428
418
428
428
408
414
424
422
430
418
426
432
418
426
410
414
412
414
398
406
416
402
414
406
416
406
434
406
390
408
402
414
418
410
408
406
404
414
398
394
410
410
404
410
410
410
418
410
402
404
404
420
408
416
398
424
410
406
404
410
390
398
410
404
400
406
408
406
404
408
402
406
404
406
412
410
412
402
406
404
400
410
406
412
408
400
410
406
412
414
402
408
412
406
412
422
410
406
400
406
414
402
398
404
412
432
430
436
428
440
438
454
438
438
430
438
444
444
444
432
440
428
424
432
432
426
432
406
428
432
428
428
428
434
432
432
412
426
436
426
410
436
414
432
430
422
428
432
426
428
424
434
422
440
426
424
422
428
440
406
420
406
434
414
422
430
416
444
424
434
426
430
420
412
420
410
410
422
410
410
404
398
396
402
410
402
412
402
394
410
414
410
428
402
408
412
402
416
414
394
400
400
406
400
410
414
414
406
400
414
398
404
406
402
408
404
414
402
416
394
394
108
226
412
402
406
408
402
406
406
392
390
398
402
406
406
406
400
418
416
410
404
408
410
400
408
408
404
398
404
400
402
408
408
398
406
410
404
400
372
388
404
412
402
404
410
440
430
452
434
436
432
438
436
430
440
420
438
432
436
448
446
424
434
424
422
438
432
444
420
432
440
428
416
428
424
436
426
420
424
436
428
424
426
420
428
438
426
436
428
434
428
418
442
422
434
438
422
428
424
422
426
414
428
428
422
428
428
422
416
424
410
432
410
418
422
418
426
412
414
392
346
374
362
352
344
406
398
402
422
414
402
412
394
412
414
418
418
396
414
402
410
398
412
406
402
410
414
414
414
394
406
414
410
408
408
404
404
404
402
394
296
4
6
378
412
400
408
402
398
406
402
404
408
398
402
402
414
416
406
416
400
408
412
394
406
400
402
402
386
402
402
398
406
404
404
406
406
394
410
410
408
388
402
414
408
392
440
434
444
438
438
422
440
426
444
432
436
426
434
436
444
452
420
428
420
428
442
432
436
436
420
436
420
432
432
428
416
428
424
424
436
434
448
388
428
432
434
426
432
426
420
420
422
420
434
434
440
434
416
440
422
426
426
434
424
400
424
432
408
414
420
410
422
428
424
414
414
410
412
422
380
366
344
340
316
314
398
406
414
402
396
398
402
416
394
412
402
410
400
410
410
412
406
406
382
410
396
398
418
406
404
406
402
412
394
400
410
398
408
404
400
128
4
6
384
402
398
396
390
404
400
402
388
404
400
406
416
398
404
410
418
414
408
412
400
400
396
418
394
402
398
400
400
404
408
406
406
402
386
368
410
414
408
410
402
410
414
438
438
444
428
440
440
438
426
428
434
442
436
428
410
440
438
440
438
422
448
446
450
436
432
434
430
430
428
432
438
432
418
424
426
432
424
416
434
426
428
436
420
436
440
442
410
428
432
406
432
428
430
444
434
432
390
426
424
420
426
440
428
406
418
426
422
426
414
418
410
402
422
412
386
396
344
386
342
332
332
252
398
364
394
376
402
398
402
410
400
410
406
400
402
404
402
404
410
398
402
396
410
406
386
398
416
396
400
398
406
402
398
404
406
408
368
18
188
402
400
402
410
390
400
396
390
396
406
394
404
406
398
406
404
398
390
416
406
404
398
410
400
414
414
398
406
402
402
400
414
390
404
394
414
414
412
408
412
410
410
412
436
444
444
440
438
444
426
426
440
412
440
438
432
434
394
366
438
434
428
428
424
436
438
422
428
424
434
428
436
424
416
428
430
424
418
436
438
432
434
432
436
436
424
436
436
434
416
436
432
414
422
438
426
434
422
424
428
430
416
426
416
416
430
420
410
424
402
426
422
412
414
406
406
378
352
374
322
378
290
268
232
338
376
374
368
358
350
338
406
412
392
404
414
406
410
414
406
396
408
398
390
408
398
408
406
414
394
414
406
398
402
398
404
410
408
406
386
400
398
394
406
392
410
398
394
406
412
392
402
396
390
394
412
388
400
400
410
380
392
410
410
410
396
402
402
404
404
406
410
408
408
406
412
386
396
402
404
408
402
414
412
436
444
442
436
434
428
444
442
438
436
428
448
416
424
386
350
302
430
440
450
434
430
432
442
436
426
406
436
434
426
424
412
436
424
428
410
440
426
424
428
432
432
444
438
438
424
418
426
424
440
434
428
434
424
424
418
422
424
418
426
434
418
422
418
414
416
410
418
412
418
402
402
394
398
308
344
286
370
366
266
326
288
376
374
358
342
352
336
326
406
390
404
390
396
410
400
380
406
392
416
398
414
406
416
406
406
394
380
410
404
404
406
390
392
406
382
406
398
390
388
396
410
394
400
394
394
386
402
400
408
392
398
398
404
394
408
404
398
394
406
402
400
398
406
392
400
398
402
404
400
408
400
396
390
398
416
406
400
408
408
410
440
448
452
452
440
436
410
438
438
440
438
432
424
428
398
350
334
266
356
440
436
430
426
434
442
432
432
428
438
436
436
416
418
418
422
426
434
422
432
432
428
428
426
422
428
424
432
418
432
402
426
438
426
428
428
418
414
422
424
414
408
424
422
424
424
418
414
412
420
416
402
390
384
346
382
356
296
300
388
226
196
294
186
368
364
356
340
348
334
324
370
394
406
402
406
390
400
400
396
394
398
394
400
398
388
404
406
402
400
398
404
388
398
398
398
400
386
406
388
386
402
404
398
404
394
398
394
406
398
398
390
396
398
408
400
412
404
406
398
396
404
406
402
394
394
394
404
400
406
406
398
390
408
396
402
408
408
398
414
412
412
446
438
454
448
448
426
436
430
438
444
438
436
436
432
384
368
298
262
228
386
430
436
386
400
386
392
432
426
376
430
436
428
424
432
414
428
428
416
430
434
436
418
424
436
422
434
412
418
428
428
422
428
422
432
418
424
410
422
426
418
426
426
414
406
420
402
412
416
412
402
394
396
360
338
278
384
358
276
336
344
278
322
204
326
358
370
354
342
332
326
318
376
392
406
392
394
390
386
398
402
374
396
402
402
402
400
398
398
394
406
402
412
390
364
398
404
388
386
390
398
392
394
394
386
408
402
392
388
386
390
390
402
380
400
400
410
398
400
394
406
412
406
406
406
406
408
390
394
406
406
408
400
408
394
406
402
416
402
398
410
402
442
448
444
438
444
454
444
436
444
438
448
436
442
436
418
370
336
286
244
312
420
412
406
408
394
380
374
382
432
426
428
440
416
422
412
438
428
422
432
424
426
414
418
412
424
422
412
414
422
422
428
420
412
422
430
428
420
416
414
424
420
424
410
410
428
364
410
404
422
398
410
400
336
332
302
260
316
354
236
354
336
294
268
120
332
336
348
340
332
304
316
312
386
390
394
380
390
390
394
390
394
394
388
396
390
394
394
400
390
398
388
394
378
394
390
386
392
396
400
390
394
398
398
394
396
390
390
390
394
390
394
398
388
408
390
400
398
396
398
390
398
406
402
392
400
398
406
404
406
400
394
402
404
400
404
402
410
410
408
410
412
440
444
456
440
440
440
450
434
444
446
440
436
444
440
390
398
336
310
298
244
280
412
404
396
384
396
372
370
354
388
422
420
434
432
432
430
432
422
420
420
436
416
416
422
436
410
150
116
410
412
334
320
420
426
426
422
410
424
416
410
410
410
428
418
412
414
410
408
396
402
352
350
390
324
288
282
368
368
276
220
324
216
302
196
198
338
322
332
334
302
306
294
310
380
386
372
390
388
374
386
402
392
382
386
394
392
400
390
396
390
398
396
394
382
392
390
384
370
388
392
386
386
380
392
394
388
390
380
386
390
400
384
378
402
386
398
390
394
390
396
400
392
394
392
386
398
390
388
390
402
402
394
398
394
402
396
408
408
408
402
390
440
448
450
448
444
452
444
456
444
442
440
438
442
428
408
376
362
336
290
296
298
230
412
400
390
380
380
374
364
358
368
430
412
438
424
432
428
428
426
428
420
424
422
386
416
386
36
14
362
398
410
416
426
422
428
426
410
414
424
428
422
402
414
398
402
392
390
400
368
392
382
314
292
390
382
300
292
368
340
240
304
302
240
240
188
314
296
324
326
320
302
298
300
318
370
368
372
364
362
380
364
380
366
382
372
370
386
378
380
374
374
380
370
384
382
380
386
384
384
372
364
376
372
370
394
376
360
386
386
386
390
384
386
384
376
394
394
386
398
398
390
378
392
386
400
406
400
382
392
384
394
386
394
406
398
402
408
400
408
402
412
444
452
446
446
444
444
452
444
448
442
432
436
442
428
424
390
398
338
350
268
224
226
174
396
396
388
372
366
368
366
352
368
422
428
430
424
420
432
420
438
420
414
422
402
412
396
14
8
314
406
420
422
414
420
414
406
412
406
426
422
416
396
412
390
402
390
390
370
394
388
330
338
370
304
388
362
260
250
358
328
260
308
302
262
146
164
334
302
322
320
292
284
282
268
364
366
372
380
378
364
368
370
376
374
368
380
364
358
380
378
376
380
374
376
376
364
368
370
380
378
368
380
372
374
362
366
372
376
368
370
394
378
378
368
370
380
376
386
380
390
398
380
388
392
386
394
394
386
396
380
398
394
400
406
408
404
396
386
398
404
402
440
440
434
448
444
440
372
438
438
438
436
444
436
440
410
382
364
362
310
356
260
252
198
172
400
404
354
368
362
364
354
364
358
416
416
422
416
422
428
408
422
420
394
416
420
392
70
164
404
398
422
406
418
402
402
406
414
410
414
402
414
402
382
390
386
384
374
378
342
278
380
382
302
350
308
350
340
250
288
340
308
226
306
146
274
190
182
328
308
300
300
282
278
262
266
352
350
332
354
360
366
350
376
350
364
362
360
352
358
362
364
340
360
364
368
350
376
354
370
358
358
366
366
364
370
374
380
364
370
356
380
384
364
352
366
372
386
368
378
376
368
374
380
360
378
390
390
384
398
378
342
382
390
406
404
404
404
404
418
406
406
446
452
452
452
448
444
456
444
432
442
444
448
438
446
432
386
356
382
324
340
354
304
290
230
234
386
388
388
382
366
362
352
356
356
410
426
422
422
430
424
424
424
412
412
412
416
406
396
398
414
400
418
402
386
406
402
398
408
376
410
396
388
398
398
350
398
346
336
292
302
278
348
362
372
268
296
348
334
198
290
318
296
184
280
158
154
194
312
316
296
294
280
268
258
242
302
342
338
350
340
356
352
346
356
354
360
370
366
358
360
362
370
360
360
352
352
348
356
362
350
364
360
368
376
360
354
356
358
350
372
364
364
366
358
354
374
364
370
368
360
376
372
380
386
376
380
380
374
390
388
384
386
394
394
396
386
402
406
410
408
410
448
460
464
442
452
440
448
448
452
446
448
432
442
456
434
420
390
384
294
342
322
284
312
320
246
216
370
374
370
372
362
364
358
348
350
410
416
404
416
406
422
406
406
408
412
416
402
406
398
412
398
410
394
406
412
398
418
406
398
402
402
386
390
406
368
372
354
380
362
264
284
270
342
366
350
296
284
342
314
246
280
288
256
276
250
268
200
188
308
288
282
266
254
248
238
238
326
344
344
350
332
340
342
346
372
342
352
346
354
346
344
334
354
338
350
338
354
338
344
340
356
350
360
360
344
358
346
348
350
360
350
360
348
354
358
356
342
364
352
364
364
364
362
366
372
380
372
384
372
360
386
390
374
372
392
396
402
406
400
392
410
448
444
438
452
454
448
440
448
448
434
444
444
448
428
436
422
376
410
356
286
336
346
296
290
272
220
178
382
378
374
352
362
354
356
352
354
412
414
406
416
426
406
406
410
390
412
406
402
412
392
412
390
398
404
398
390
394
398
384
378
350
382
380
374
364
338
370
318
322
362
362
360
290
282
358
330
316
232
316
290
272
286
270
222
258
184
206
158
138
272
280
268
246
246
202
222
230
332
324
338
332
334
338
350
346
326
340
346
338
328
326
334
334
334
334
344
306
312
332
334
328
338
334
326
346
338
336
348
334
338
342
342
348
340
354
354
346
348
354
354
358
346
354
346
358
350
362
360
374
368
374
376
374
384
398
394
384
404
408
406
384
456
456
436
464
462
454
456
452
442
448
450
444
444
436
446
440
400
378
358
326
402
336
326
312
288
232
224
218
378
362
372
362
348
352
346
342
342
406
416
418
406
406
414
392
406
402
394
410
404
400
398
398
380
406
382
390
396
410
396
388
394
392
378
376
368
370
360
298
296
258
296
378
346
332
244
286
318
304
216
288
278
236
216
222
140
174
164
116
110
74
50
108
120
168
174
176
162
158
150
140
134
128
108
104
106
120
104
106
96
106
114
110
108
116
122
82
110
100
96
104
164
88
108
112
128
120
120
116
144
136
148
162
316
324
320
328
332
334
346
344
336
334
354
332
338
346
346
350
358
344
366
376
370
370
380
384
388
390
390
408
408
456
458
448
452
452
460
452
438
444
446
438
440
444
444
428
436
404
390
384
374
352
342
350
310
312
250
234
244
212
362
368
362
364
354
344
342
332
348
412
420
396
406
390
412
410
394
398
386
410
390
398
390
392
380
398
396
390
390
384
380
384
370
374
354
338
316
304
376
364
370
360
254
232
340
326
308
212
278
272
230
144
200
126
148
154
126
114
80
72
34
22
30
46
66
92
86
90
96
76
66
56
72
68
68
28
64
46
42
40
44
38
36
48
46
34
28
26
22
42
18
12
28
26
54
42
62
48
42
50
36
22
24
56
84
78
54
66
112
126
138
196
308
328
328
324
336
336
308
344
338
332
366
368
364
364
384
388
398
392
400
404
448
452
452
452
446
456
454
448
412
430
446
452
440
440
436
438
412
378
412
372
352
398
356
356
332
310
198
214
232
234
288
372
352
352
340
334
338
340
334
406
416
402
410
414
406
394
402
406
386
396
390
398
390
394
398
386
380
384
390
390
382
380
360
348
324
330
280
284
274
250
350
342
328
290
240
248
234
208
68
128
82
106
92
36
74
46
14
6
12
20
14
40
144
36
20
36
50
26
36
22
42
46
48
30
32
24
42
40
46
70
34
40
14
30
42
22
0
0
28
30
28
10
18
10
64
14
34
32
20
26
88
16
12
22
40
8
24
16
28
72
82
56
86
94
106
100
128
152
160
268
272
354
360
374
378
380
384
386
402
404
414
452
448
460
446
456
438
458
454
432
444
448
444
436
436
442
450
422
408
380
372
402
340
364
376
346
314
268
266
202
238
274
246
326
356
356
340
334
346
348
334
394
402
396
410
404
396
400
408
394
382
398
398
392
394
394
364
390
390
382
384
390
384
344
332
302
270
332
358
348
364
326
292
288
148
184
162
108
46
6
24
46
52
22
22
24
0
0
10
14
32
16
44
48
52
44
34
64
28
58
50
60
54
34
50
18
24
32
74
42
32
22
22
2
24
18
38
16
22
4
6
16
14
10
8
14
14
28
42
24
64
14
14
12
16
16
10
22
32
2
10
34
30
56
46
52
62
62
62
56
58
114
180
172
306
352
368
374
390
394
398
416
452
452
456
448
456
448
448
464
450
452
440
448
436
440
438
438
408
418
414
386
376
346
390
342
318
298
334
250
234
220
264
272
220
214
290
346
338
336
334
338
340
388
392
406
396
402
380
394
396
390
390
384
386
390
382
382
410
386
390
376
332
324
364
362
330
300
278
282
276
186
164
164
192
170
138
106
44
46
28
22
16
52
12
24
22
28
36
44
42
50
42
48
56
52
52
36
34
34
56
40
30
42
46
84
12
4
50
132
64
44
38
50
38
80
34
54
220
10
2
12
18
32
50
74
20
24
12
6
14
46
74
50
0
6
12
6
4
62
56
76
54
52
28
32
12
2
34
64
46
50
38
90
86
82
124
192
374
386
398
394
412
456
466
460
454
454
452
436
452
452
444
444
452
438
446
448
438
412
378
418
344
394
414
344
370
382
342
326
314
264
232
206
152
140
138
84
100
56
88
292
326
324
328
334
406
408
406
390
394
394
380
388
392
388
392
380
366
384
386
362
372
378
382
336
268
198
172
156
112
62
76
100
92
76
50
50
46
20
40
46
52
42
60
44
92
30
42
56
48
50
62
98
48
40
40
52
60
42
48
32
42
54
34
66
42
36
32
76
52
32
46
40
46
46
44
44
42
84
8
4
0
62
76
66
118
86
60
18
82
98
78
70
12
38
78
92
78
70
64
58
66
42
34
26
130
88
0
56
104
58
4
0
60
48
82
94
118
116
174
382
402
408
470
444
458
456
446
458
448
448
456
450
452
448
448
436
444
428
430
382
404
410
296
320
338
394
282
366
328
308
280
194
178
172
144
140
104
74
38
48
40
56
136
118
138
180
190
178
160
198
174
192
166
134
144
134
126
126
100
136
124
108
120
102
96
94
88
80
50
22
46
46
48
58
36
36
56
48
26
52
60
58
42
66
90
76
40
84
48
66
54
56
64
62
198
64
88
64
50
92
94
52
62
70
70
60
40
42
38
32
22
80
60
92
38
70
32
40
84
54
44
46
100
126
84
60
76
114
124
86
84
96
26
78
52
92
32
60
0
0
22
48
66
78
16
162
0
0
2
188
18
2
2
24
32
8
68
80
106
102
168
324
342
460
464
454
458
454
470
458
452
462
450
446
450
450
446
444
430
430
426
332
342
324
396
402
352
238
278
306
270
256
230
178
230
188
148
72
60
68
78
68
28
42
64
42
50
84
86
78
84
90
76
98
86
70
74
84
102
82
68
66
40
60
70
62
94
50
64
58
44
54
70
48
62
30
52
52
76
94
74
68
52
64
64
56
52
60
50
60
58
124
102
60
56
68
78
56
82
62
74
92
74
98
98
80
104
80
56
74
126
94
98
74
82
62
32
62
58
78
66
94
24
62
42
76
96
102
76
128
112
78
72
72
76
38
64
92
68
0
0
76
46
48
50
30
186
244
216
266
56
6
52
72
104
94
74
60
104
138
104
252
326
336
464
468
454
460
468
462
464
456
468
454
460
456
442
438
436
384
354
410
336
294
404
402
322
308
292
304
218
122
202
150
164
214
138
108
104
100
126
118
98
80
80
66
82
102
98
80
90
76
100
86
70
78
68
50
38
90
56
74
82
74
50
56
82
64
58
72
48
76
66
82
50
62
62
60
44
84
96
54
62
44
46
128
82
88
50
74
112
122
62
130
124
106
76
52
80
108
86
102
106
96
90
66
98
66
32
62
34
82
72
80
36
56
6
42
32
22
74
38
98
106
104
118
84
82
122
102
104
84
84
36
136
0
228
328
26
28
16
22
0
136
138
72
120
148
0
0
6
88
120
140
112
118
156
130
156
160
186
218
332
332
334
464
466
452
456
456
448
458
452
470
460
456
458
434
410
432
380
378
428
422
406
268
178
244
258
382
354
278
94
118
110
108
114
10
54
78
60
82
82
122
98
96
74
96
112
98
104
112
108
90
96
90
70
32
58
50
68
76
78
66
68
92
106
78
80
78
62
58
18
22
86
96
116
62
88
64
70
70
90
82
98
78
70
84
50
28
28
42
60
108
134
84
48
112
68
78
92
38
54
76
66
40
70
8
58
68
8
82
48
66
116
36
6
42
58
30
54
28
58
40
62
20
82
68
150
84
124
112
116
82
28
0
96
106
50
54
48
82
76
82
86
76
82
62
106
124
106
106
144
130
96
180
190
204
212
198
246
306
346
354
354
354
460
466
472
462
464
462
440
462
468
458
422
426
392
382
440
370
336
326
334
196
272
336
418
408
316
342
150
128
130
112
82
18
24
36
62
82
48
56
76
70
24
52
80
90
140
0
112
120
148
112
134
112
124
86
102
92
66
100
88
124
104
96
82
58
92
40
42
46
74
88
50
48
68
50
56
54
44
68
66
98
90
110
102
56
90
30
78
118
124
116
138
104
100
92
96
116
62
38
46
74
80
76
50
50
96
62
58
66
58
38
38
40
52
58
28
44
16
62
46
36
24
28
126
104
84
126
120
146
86
12
12
102
70
112
100
88
60
66
130
28
122
118
106
80
102
114
144
128
182
220
256
288
252
244
268
306
356
360
356
320
358
458
466
468
464
458
412
458
464
458
376
360
378
352
368
376
314
320
322
430
412
414
418
398
364
300
192
136
68
106
64
58
90
62
92
142
132
108
118
72
122
100
86
66
136
114
130
88
116
92
62
54
100
68
88
128
82
72
70
60
40
98
72
52
62
26
36
96
38
24
74
86
12
66
64
60
110
106
120
64
50
120
118
110
52
112
66
90
126
120
152
98
104
122
60
70
92
36
116
98
24
70
90
68
58
44
44
16
56
40
68
54
74
68
58
50
78
74
18
28
44
54
14
44
62
146
126
136
124
108
28
34
152
172
54
96
122
128
132
146
106
170
212
224
236
206
196
264
250
294
296
298
224
258
264
254
310
358
362
356
358
362
464
470
466
474
458
460
458
386
432
412
350
362
354
392
426
424
410
402
416
392
382
332
312
294
244
196
202
142
124
88
154
140
144
106
110
134
126
130
100
108
170
64
62
138
130
122
164
46
26
72
78
144
148
164
166
148
94
132
90
92
112
94
124
128
96
82
40
78
46
96
94
78
108
80
66
72
116
106
30
68
68
60
130
176
124
106
112
142
190
132
124
126
104
90
92
100
74
118
90
68
76
58
74
94
56
44
74
44
64
40
36
82
46
46
104
78
108
114
38
78
74
86
100
86
136
120
154
136
84
116
70
106
182
266
238
210
162
134
168
212
162
234
250
270
274
292
278
270
260
250
232
246
244
266
372
360
354
342
354
352
356
454
464
468
470
462
440
418
388
388
426
404
410
384
354
326
328
298
290
244
264
238
286
288
286
304
282
218
200
166
130
200
164
110
150
112
124
122
148
208
180
174
192
156
150
154
162
158
146
170
88
128
154
218
214
202
174
146
70
62
60
86
94
132
112
52
30
46
96
94
76
90
90
122
148
144
138
140
154
120
58
102
110
148
132
134
148
78
64
124
154
106
134
124
106
106
96
110
124
90
108
100
64
128
62
66
74
98
120
62
86
108
110
64
84
104
40
108
80
150
84
86
94
104
142
156
184
148
108
48
28
86
96
126
180
232
254
240
200
210
228
268
212
256
264
274
278
260
258
248
246
270
344
338
348
360
344
342
344
356
340
354
470
468
436
470
452
434
402
376
368
344
342
310
278
326
340
338
346
300
318
252
264
310
232
246
260
172
204
156
140
174
234
238
218
212
234
212
226
224
194
218
226
244
248
194
182
192
188
196
148
136
160
148
142
138
160
118
166
102
108
148
106
106
134
158
56
120
76
130
150
152
112
128
122
180
140
128
150
164
198
164
160
140
116
128
118
134
112
120
132
132
186
128
150
130
128
166
98
118
92
122
116
122
110
130
102
122
112
116
164
124
148
134
188
110
138
144
80
94
76
88
88
96
104
128
126
114
58
22
42
78
248
190
152
116
156
218
290
258
270
282
288
276
262
258
250
262
258
370
378
348
342
334
334
296
142
104
86
64
58
50
42
472
478
460
462
424
386
360
390
408
366
370
328
326
334
346
276
356
352
236
214
250
258
314
226
180
164
172
200
266
214
244
248
270
244
242
224
258
220
220
230
260
252
234
218
212
228
200
206
200
194
218
200
164
156
124
156
158
188
218
178
190
182
154
118
136
170
200
186
176
156
182
148
174
184
172
156
162
190
164
136
174
140
108
134
138
160
180
192
184
174
168
188
176
162
196
156
146
134
124
134
174
152
190
164
194
182
156
186
212
160
130
138
114
130
112
66
70
78
90
96
90
100
100
108
102
72
106
156
202
184
200
226
230
256
242
220
282
282
298
300
286
262
242
260
332
404
170
68
74
60
50
38
36
42
48
52
70
138
224
168
222
462
468
480
454
450
384
394
362
320
294
322
264
304
314
248
272
362
336
298
164
220
296
244
188
254
178
270
278
314
332
282
270
254
214
198
252
268
268
280
250
252
242
256
262
226
224
274
214
268
252
250
218
228
182
192
190
210
212
202
178
196
154
162
208
190
168
192
200
212
158
176
148
190
198
208
188
178
222
198
194
174
162
184
200
198
182
158
190
194
232
190
186
212
204
196
206
174
186
102
172
212
208
216
214
208
222
204
178
202
132
146
154
110
66
76
82
92
70
78
88
110
124
94
114
142
140
156
164
198
216
290
302
296
290
318
290
270
240
246
232
66
48
64
38
44
60
58
122
80
106
180
258
274
214
138
136
124
214
360
218
362
464
464
472
460
402
292
312
330
312
322
264
264
338
318
276
278
262
326
320
168
270
244
262
278
278
356
396
412
424
418
418
420
420
410
410
402
394
388
380
358
340
320
294
272
246
230
270
236
274
290
316
272
278
266
246
192
258
216
252
240
220
210
168
196
204
192
168
218
180
202
208
186
216
186
234
212
230
228
220
184
228
186
198
204
208
228
208
192
170
216
230
232
160
224
184
210
244
234
238
244
246
230
222
252
238
248
232
250
198
140
106
120
120
120
88
94
102
108
100
110
108
110
188
170
192
154
244
248
232
332
286
284
290
280
252
116
52
44
40
42
76
96
134
142
124
198
154
196
256
254
292
290
302
296
344
278
338
350
210
176
154
474
460
442
398
410
350
336
426
284
286
296
208
304
228
304
196
228
298
234
226
292
422
442
438
430
432
426
428
414
414
418
406
416
412
408
416
410
402
402
390
394
378
392
380
374
378
366
344
316
276
288
270
274
292
244
274
276
286
282
366
294
282
290
264
256
242
286
244
220
266
252
246
230
254
222
222
222
208
154
214
212
188
186
214
184
228
186
188
212
238
272
262
266
262
260
272
280
236
240
256
248
232
270
286
274
284
274
254
196
242
136
168
148
100
146
140
136
150
152
136
166
178
218
238
174
316
322
360
328
286
240
122
102
122
128
134
148
152
148
142
140
150
210
244
246
256
220
152
254
286
270
252
270
210
208
230
186
214
176
218
198
486
462
456
406
418
394
362
296
338
300
256
262
266
232
350
170
370
448
486
476
470
464
442
424
428
438
426
420
414
420
414
404
402
410
406
406
400
396
410
400
394
386
382
380
394
376
374
376
378
356
370
366
358
336
322
316
318
284
238
220
346
242
376
228
288
266
358
392
278
274
278
258
270
272
282
270
264
292
226
274
178
234
242
192
246
220
240
284
286
310
310
328
342
320
326
304
332
322
286
318
306
282
324
326
340
350
306
314
264
230
214
208
226
168
230
166
214
162
200
208
250
264
290
322
310
290
236
174
164
132
142
158
168
188
214
224
222
272
242
274
306
246
274
202
164
178
116
218
184
166
204
176
166
208
156
194
184
192
182
140
136
466
482
472
420
444
336
364
274
372
298
342
348
270
456
478
482
488
482
478
482
484
442
438
434
428
424
422
408
418
424
426
426
406
404
400
402
394
404
400
392
404
390
406
386
394
394
378
392
388
390
394
386
376
360
364
326
284
312
296
266
258
232
202
204
226
244
268
290
306
276
356
360
294
310
328
316
284
270
300
290
282
274
292
318
336
322
324
348
320
314
366
340
332
344
320
318
300
326
316
308
330
340
352
356
394
356
366
338
348
332
346
322
312
302
286
308
252
288
276
270
268
230
164
116
116
268
256
202
228
242
404
266
294
330
308
250
218
202
190
190
224
228
176
194
194
176
170
168
154
162
204
188
190
178
184
160
164
180
178
174
136
484
474
484
462
434
424
458
386
402
470
476
486
484
486
474
480
486
484
482
474
460
484
442
438
414
422
422
412
412
412
408
412
408
416
408
408
406
402
412
406
408
418
430
442
444
454
454
440
436
448
442
404
380
372
356
340
302
306
320
290
256
250
258
226
206
226
204
204
202
216
234
286
344
288
298
306
288
302
306
290
268
278
222
242
234
228
254
260
252
244
242
226
220
238
282
328
352
330
340
326
330
330
360
368
370
360
370
362
356
370
354
358
292
260
228
164
186
154
148
164
286
302
230
256
200
414
314
480
218
250
222
178
258
232
216
260
240
208
226
224
228
184
190
166
158
168
148
158
144
124
188
152
192
154
160
160
174
158
134
152
156
480
466
476
480
486
472
486
486
478
496
490
490
476
470
470
486
476
468
478
478
482
472
478
432
428
438
418
424
412
410
406
408
416
396
414
404
416
428
456
456
464
458
474
468
464
456
446
458
460
450
446
394
386
354
356
318
272
238
270
232
234
228
214
194
162
174
162
192
246
252
276
280
298
298
286
280
288
284
274
264
258
242
230
200
222
202
186
176
172
158
184
188
198
210
256
264
316
338
344
346
322
354
308
294
280
262
244
166
152
144
166
166
226
266
288
244
218
168
278
250
196
190
222
266
210
220
236
238
258
224
222
230
232
214
240
222
208
214
196
208
222
184
172
162
160
182
154
96
110
168
126
148
156
146
118
106
156
168
156
194
210
468
476
460
460
490
488
480
486
490
494
498
478
480
480
470
472
468
480
488
494
480
474
456
426
422
428
420
422
416
410
410
410
418
416
422
472
462
466
468
466
466
454
432
466
464
468
460
464
468
452
432
392
360
340
330
326
238
278
242
260
216
232
208
216
236
282
302
320
346
356
350
408
428
418
374
424
402
354
290
272
244
204
184
192
188
222
214
162
152
162
190
210
242
248
154
178
138
100
106
86
78
122
102
138
256
340
284
334
252
240
266
304
432
314
220
196
186
162
210
158
218
162
234
166
188
224
228
168
216
204
214
196
210
224
236
226
218
198
182
196
192
162
172
162
132
122
140
146
118
82
150
142
184
244
254
278
214
234
250
242
278
486
478
468
452
486
480
500
492
496
492
500
480
486
462
478
466
478
480
476
482
476
494
470
434
428
426
422
412
406
412
410
418
426
468
464
462
468
468
466
460
454
462
460
462
460
470
466
462
460
466
436
394
378
342
232
260
310
286
322
226
264
278
318
374
434
490
462
438
438
402
396
366
316
194
102
104
92
80
216
224
260
174
188
228
150
170
206
254
256
236
106
94
300
272
216
486
236
368
242
278
390
272
314
336
220
230
188
210
192
180
178
214
206
186
200
192
364
178
206
176
202
180
240
220
214
240
192
246
256
228
250
256
278
266
272
240
204
218
212
232
252
254
208
246
158
178
228
228
236
232
248
224
248
232
304
270
210
202
200
198
212
482
478
482
486
486
490
484
496
508
498
504
492
478
490
476
472
482
482
482
478
478
486
478
436
432
426
420
424
420
410
426
468
470
466
472
468
468
476
472
472
464
472
468
486
486
496
506
510
508
464
396
394
384
378
298
370
278
254
372
334
392
500
496
498
478
332
170
130
118
102
78
82
82
76
106
82
208
194
202
210
218
234
240
288
298
280
140
142
326
242
422
298
274
268
340
324
270
244
212
242
222
194
224
220
210
192
202
202
172
180
208
190
162
208
200
188
254
190
180
182
198
194
208
182
194
176
232
232
252
246
240
224
242
250
206
212
230
218
232
198
214
198
218
198
254
230
220
250
262
236
222
218
208
210
206
202
196
200
206
196
206
488
486
478
476
472
486
486
490
510
508
484
496
468
472
470
472
474
468
472
486
490
458
472
452
436
430
428
434
438
484
486
510
510
500
510
500
510
510
476
474
494
510
506
510
510
508
510
498
506
474
414
362
406
358
276
318
338
390
168
138
154
104
120
98
112
88
84
148
216
212
214
230
212
206
198
190
174
158
170
156
242
300
250
254
222
264
278
366
356
280
224
212
202
240
176
212
218
212
236
188
210
192
210
116
132
184
234
182
196
224
188
198
188
220
206
206
176
184
180
182
224
198
220
198
224
232
184
216
176
172
218
224
232
246
254
224
210
194
198
212
182
252
278
260
256
246
236
238
230
224
222
210
202
198
210
208
214
208
216
216
220
480
484
474
456
476
482
488
486
508
500
496
494
484
474
472
482
484
504
508
510
510
510
510
508
510
500
508
510
510
510
510
510
510
510
510
510
510
508
504
508
502
510
504
402
142
478
492
494
394
204
334
386
366
358
168
202
98
110
130
220
266
270
282
276
270
264
274
236
208
220
204
158
194
220
282
304
352
278
148
320
392
372
204
214
262
246
246
232
240
244
256
188
232
212
210
204
216
164
194
184
134
162
170
156
172
254
262
206
226
190
242
220
202
210
198
250
192
180
258
232
222
194
188
210
230
252
234
262
222
184
236
208
222
288
362
356
360
352
342
338
330
324
320
320
302
284
266
266
248
242
240
222
228
216
220
222
222
224
224
222
222
484
486
490
492
480
508
510
496
510
504
496
494
482
478
510
510
510
510
510
510
510
510
510
508
510
510
510
510
508
510
510
504
506
500
494
510
500
496
490
442
270
168
150
140
100
100
122
146
258
126
136
228
270
286
298
284
302
288
248
302
264
216
404
302
320
358
354
304
324
292
300
448
298
252
198
276
336
202
202
206
222
224
206
206
192
226
134
180
186
198
210
194
156
176
200
192
226
188
206
160
142
198
168
190
194
234
222
242
224
186
210
196
212
210
232
196
266
276
276
272
232
232
220
234
276
288
358
346
350
356
362
374
366
378
388
388
392
382
384
374
364
360
356
340
330
312
296
284
260
248
246
240
226
224
226
228
218
224
228
214
224
