436
432
400
428
436
436
436
432
440
440
432
420
436
436
444
432
444
440
440
428
432
444
434
428
444
440
436
436
432
448
414
452
432
432
436
440
414
444
432
410
436
436
436
436
448
448
440
448
448
444
448
440
452
452
448
444
452
448
440
440
448
452
454
444
432
440
444
440
436
444
416
436
444
444
440
450
448
448
450
448
432
446
448
456
448
446
424
466
456
440
450
442
450
456
466
472
458
462
456
450
472
466
452
466
458
456
474
460
458
456
462
460
476
460
448
462
466
458
454
448
456
460
470
466
466
448
456
448
474
478
476
460
470
466
470
474
472
476
470
460
474
470
470
460
470
466
466
466
452
474
460
482
474
470
496
492
456
486
486
484
496
444
418
424
420
440
444
432
432
444
426
426
432
424
436
436
424
442
428
436
436
436
418
436
448
446
432
444
452
426
440
452
444
434
444
416
432
454
440
442
454
450
446
448
448
440
434
436
442
440
440
452
448
440
436
458
440
452
432
452
436
444
452
448
448
440
448
436
448
448
440
418
436
444
424
440
444
440
458
450
438
448
456
444
444
458
458
432
456
448
462
452
458
456
456
466
470
462
444
444
458
462
462
456
466
458
464
458
452
454
448
452
452
454
460
452
466
474
452
462
466
462
480
452
466
470
456
472
456
448
454
456
460
466
478
460
460
464
470
466
470
474
466
474
476
466
466
462
462
480
466
470
470
474
480
504
478
506
486
478
482
470
432
436
436
432
428
428
442
416
442
436
440
448
424
422
428
440
424
448
438
444
428
432
440
444
434
440
418
440
440
428
436
424
440
440
428
448
436
448
452
448
460
440
446
424
444
434
432
444
428
452
448
440
448
458
448
444
430
444
432
456
456
454
438
448
440
436
432
442
436
444
436
434
398
368
406
440
436
452
440
440
444
440
452
456
456
448
460
460
444
466
462
452
452
462
452
448
478
466
462
462
462
448
430
396
462
456
458
466
470
444
450
460
460
444
464
452
438
454
466
460
456
462
482
446
470
456
466
452
464
456
474
476
462
466
478
470
482
474
484
474
476
470
474
476
474
474
462
474
470
478
486
492
482
466
474
486
470
486
448
474
474
432
440
428
428
424
408
434
426
438
436
448
436
448
434
422
432
428
432
438
436
428
432
418
428
444
444
424
436
432
432
432
452
444
444
450
448
428
444
436
444
434
448
454
428
422
436
438
444
438
444
440
448
436
466
454
444
436
418
432
448
440
450
440
446
452
436
456
432
440
410
414
420
430
368
396
392
344
436
448
450
444
436
438
450
440
454
448
448
440
448
456
452
440
454
456
462
470
456
456
452
478
448
400
436
436
440
444
460
452
452
460
452
432
444
466
444
456
470
452
458
448
470
456
450
456
458
452
462
466
448
456
470
466
456
470
470
470
474
462
432
456
470
466
460
462
474
478
466
478
482
470
466
460
470
474
478
486
466
476
482
478
444
428
434
432
444
426
440
446
432
418
410
432
432
436
440
444
438
440
432
442
440
440
432
424
404
428
436
442
440
440
432
436
446
440
426
444
440
434
436
436
440
428
458
436
440
436
448
442
446
446
432
448
448
458
456
454
436
456
450
452
448
440
436
428
424
440
440
440
444
428
410
394
390
414
302
366
376
332
422
436
432
450
450
436
452
448
440
448
448
460
444
456
448
436
458
450
448
456
444
450
434
390
436
466
478
468
466
462
466
466
456
448
466
462
428
462
466
462
470
452
460
470
452
460
462
454
472
462
456
470
448
470
466
470
466
448
466
472
462
470
470
462
466
456
474
478
466
462
452
474
474
482
470
474
474
466
488
478
478
468
478
432
444
440
428
444
426
432
440
422
434
428
436
434
428
432
428
440
446
444
440
448
440
432
188
84
82
410
428
436
444
440
426
434
434
444
444
428
434
432
452
444
444
458
448
458
444
444
444
444
452
448
444
448
440
432
440
440
448
440
436
440
440
444
440
436
436
444
450
440
436
366
364
400
356
420
310
352
366
292
418
440
444
440
432
426
444
444
460
440
448
448
424
470
452
440
452
452
456
412
56
58
450
466
462
444
454
454
444
456
458
452
440
456
444
454
474
442
444
466
462
454
466
466
466
470
444
470
462
462
452
462
452
462
464
470
452
476
452
466
456
466
470
470
474
470
470
474
456
466
478
478
482
478
470
488
482
484
470
474
482
500
440
434
444
444
440
436
424
440
432
420
436
434
454
436
440
428
440
436
432
436
434
440
418
98
22
34
406
418
436
444
448
426
444
436
448
444
436
432
444
432
444
448
444
444
418
422
442
448
444
440
424
446
466
414
448
444
438
452
432
440
436
418
440
420
432
444
432
436
418
398
420
368
350
376
394
394
320
208
370
212
436
426
432
352
448
444
444
448
440
444
448
440
440
452
428
444
448
448
288
36
30
156
432
458
462
456
434
460
454
452
444
458
458
444
466
448
452
452
450
444
458
450
484
458
446
440
448
462
452
456
462
428
456
466
462
460
474
454
472
432
478
480
474
488
474
466
474
478
470
466
466
466
466
470
470
456
478
488
490
478
496
436
426
440
448
426
442
434
444
436
426
432
416
442
436
418
424
422
432
428
440
440
442
440
316
32
54
244
420
436
448
440
440
448
444
438
436
432
432
432
442
442
436
444
432
448
440
446
448
440
448
448
444
426
450
444
448
444
418
440
436
440
444
424
450
454
448
428
434
440
390
364
414
406
318
310
394
408
246
372
240
248
414
418
424
436
436
422
436
434
436
438
454
432
450
424
454
444
428
330
6
6
178
440
452
452
452
444
444
444
448
474
458
446
446
458
436
452
450
462
436
460
466
456
446
440
452
458
474
438
462
466
452
444
456
474
452
460
456
470
470
448
474
468
466
458
470
474
462
466
474
478
474
478
494
474
478
472
486
470
492
482
444
434
432
434
434
434
440
442
444
432
428
440
442
428
428
436
432
444
436
436
440
448
436
428
380
234
414
432
440
430
444
438
458
448
444
448
444
446
450
436
432
438
452
452
452
454
444
448
432
450
444
444
446
444
448
450
444
446
462
424
376
388
396
420
424
432
440
418
426
382
362
272
420
412
298
266
362
396
254
370
238
414
416
418
420
418
440
436
422
436
428
440
428
444
436
428
432
410
360
184
58
360
436
456
448
440
440
436
442
436
436
466
448
450
452
448
474
444
454
452
434
448
446
450
436
474
456
448
454
444
448
440
466
460
458
470
478
470
460
470
452
460
476
478
474
474
474
470
474
478
474
450
470
484
470
480
476
482
496
488
490
440
428
436
424
440
436
444
434
432
428
418
432
424
424
436
418
428
422
414
440
444
436
426
414
440
432
420
436
450
440
448
436
440
440
452
436
440
448
450
448
434
440
434
440
436
446
432
440
436
444
456
432
436
454
440
448
444
440
436
398
378
376
360
382
450
418
420
422
414
348
296
398
272
398
392
260
374
386
362
220
328
220
428
428
432
410
372
428
436
418
432
428
428
432
436
414
436
422
440
428
424
422
434
432
440
450
444
448
432
444
444
432
442
450
440
448
456
440
444
444
444
444
462
444
452
436
440
448
444
446
466
474
458
450
470
462
462
460
472
442
482
470
474
466
466
466
478
470
482
474
490
474
490
482
482
486
492
470
492
474
470
432
432
436
446
432
436
414
432
438
428
432
418
444
424
428
426
444
420
438
426
432
414
414
438
440
432
436
434
444
428
450
438
442
428
448
436
436
452
444
430
440
438
448
444
444
436
432
452
454
448
448
440
452
444
432
444
440
440
398
376
378
360
358
354
354
388
420
372
330
418
408
276
376
370
392
416
264
416
372
208
374
176
298
404
414
418
420
432
428
440
428
432
432
420
418
440
418
432
432
430
432
432
414
428
418
414
428
428
418
440
436
434
450
432
438
432
440
436
444
444
444
446
448
456
444
440
454
462
454
446
466
466
458
470
448
466
440
452
448
454
474
482
466
466
478
474
492
482
496
482
500
494
478
488
474
470
466
494
478
482
478
424
436
436
432
444
436
440
414
418
426
424
436
436
410
422
436
448
436
442
440
442
432
426
436
424
430
428
436
436
456
444
450
440
438
434
440
450
448
434
446
436
440
450
436
444
452
440
444
444
448
436
440
422
436
428
420
440
440
402
380
382
364
356
346
364
344
360
396
310
298
318
392
234
260
400
348
394
288
402
356
230
324
192
390
406
406
428
410
428
410
414
428
408
364
388
440
420
434
428
422
410
424
420
442
436
420
428
440
432
422
434
428
436
414
440
420
424
432
432
436
432
434
438
452
444
450
436
448
432
448
462
456
436
470
460
466
462
460
442
474
474
474
482
462
470
468
482
466
490
470
456
476
486
474
490
478
486
482
482
484
486
446
444
428
440
432
424
380
346
318
338
336
290
402
420
424
442
432
436
428
440
436
410
446
432
440
436
444
448
436
428
432
448
446
438
424
448
436
436
446
440
436
440
440
444
444
444
452
436
432
432
436
432
444
440
440
436
428
436
386
378
360
350
354
344
320
352
342
310
314
334
308
408
398
348
232
394
372
368
254
390
344
370
146
230
412
410
416
412
418
422
402
424
406
348
416
436
418
416
402
422
414
432
418
414
414
398
422
422
452
428
422
432
422
428
434
426
432
420
436
432
434
432
436
436
446
444
450
428
448
452
450
454
436
442
462
452
456
470
458
462
470
474
478
488
466
474
474
460
466
470
466
474
478
484
482
452
488
466
470
484
484
436
444
432
420
432
410
368
326
286
258
192
314
276
386
406
410
416
428
414
432
406
432
440
432
442
446
436
424
428
448
440
436
448
440
448
448
454
448
446
432
448
452
440
428
444
436
432
434
446
434
444
440
444
428
444
428
424
388
364
376
338
356
338
330
322
254
292
352
386
216
318
246
366
406
386
216
400
376
324
302
382
248
348
236
262
416
410
406
412
414
424
398
398
392
414
406
402
392
412
404
416
406
406
416
400
410
444
406
422
418
398
398
428
428
428
422
436
414
432
414
442
436
432
428
440
436
446
450
440
452
448
428
422
452
450
466
440
452
440
470
458
470
470
456
474
448
472
482
474
456
478
474
470
482
474
478
474
474
466
500
490
424
436
438
440
428
418
378
310
276
260
240
214
260
246
200
376
402
410
402
406
424
440
438
452
426
432
428
434
440
452
440
440
440
440
434
440
452
436
452
440
430
436
450
450
446
444
440
428
440
432
436
446
350
440
428
454
420
376
380
364
372
334
346
334
270
280
302
208
346
382
386
114
198
388
386
370
242
384
360
200
380
348
302
192
230
380
418
410
406
414
338
326
344
394
386
406
406
406
402
410
388
398
406
414
398
414
402
416
406
402
418
414
422
424
410
406
428
428
434
424
428
424
424
422
428
442
448
438
436
450
450
438
440
440
452
444
456
446
460
470
448
462
466
450
466
474
462
464
458
480
462
474
478
478
486
458
460
478
466
470
474
434
418
432
434
430
410
380
326
298
250
260
218
214
222
198
234
370
412
412
410
410
432
424
432
432
414
432
424
426
422
446
424
440
444
436
444
440
414
436
440
424
414
436
440
436
440
426
410
428
426
426
436
428
452
436
440
382
376
378
368
348
338
314
260
308
322
300
232
220
310
378
388
360
226
392
382
348
236
382
336
192
362
256
350
242
236
372
384
406
338
342
312
330
406
388
384
398
402
392
398
386
394
406
406
420
406
392
388
396
400
400
416
418
394
418
384
396
406
400
424
402
418
422
428
428
436
432
424
432
432
418
444
444
440
446
450
444
452
446
452
466
454
458
458
460
470
466
474
474
478
470
456
474
482
486
486
488
482
478
470
466
444
424
432
424
432
414
386
344
298
280
248
202
186
142
186
244
248
202
396
406
428
428
412
424
424
428
418
410
434
444
450
432
452
432
440
444
444
452
422
440
440
428
440
432
428
418
436
426
424
424
416
432
436
420
428
388
368
376
368
354
330
296
282
264
272
208
268
292
288
200
186
370
374
366
174
364
356
344
230
360
310
212
330
236
256
222
174
384
398
388
398
392
402
384
398
422
402
398
402
398
368
384
376
400
398
402
406
398
402
390
402
402
402
384
410
418
388
398
406
384
410
424
416
410
418
432
424
416
428
436
410
424
416
414
428
414
422
436
440
436
458
462
462
466
444
474
466
470
466
456
470
470
478
478
490
460
468
484
492
500
496
440
440
428
440
430
432
386
374
280
230
218
216
210
198
170
210
228
240
246
356
394
414
414
424
432
412
428
432
432
436
414
424
428
440
436
444
444
428
440
436
436
424
436
436
432
418
436
402
428
436
406
418
444
418
388
380
380
362
360
330
326
276
316
308
304
258
196
206
290
284
304
212
280
382
340
186
306
352
288
248
290
220
242
200
236
110
184
170
188
230
286
344
360
368
368
384
342
354
322
338
306
318
276
258
264
260
312
326
374
350
386
376
392
404
398
398
402
402
424
416
406
412
418
410
402
414
402
422
432
404
414
440
400
420
422
432
428
460
440
444
450
462
450
460
460
456
460
470
466
478
474
454
470
458
488
482
478
482
474
502
500
436
436
436
432
424
414
416
348
322
294
260
216
198
176
184
168
176
218
244
278
268
318
376
410
406
428
436
432
410
428
414
434
446
428
436
448
440
444
436
440
424
434
410
424
422
406
410
420
406
410
428
406
412
394
380
372
372
346
348
320
296
302
280
228
270
278
278
276
192
182
284
292
306
180
344
320
284
182
208
182
192
144
130
114
108
122
136
114
90
54
36
110
76
88
126
106
106
102
138
120
124
114
114
116
108
108
106
106
120
116
128
114
122
118
152
158
164
242
380
388
412
398
398
414
406
420
410
410
414
436
428
418
414
410
424
400
444
436
458
456
448
440
458
466
440
466
460
466
478
466
462
482
456
474
486
452
504
474
492
492
492
428
442
434
432
432
418
404
368
334
310
214
204
208
194
168
196
184
206
212
260
188
200
386
384
386
398
422
422
424
428
414
444
434
422
432
436
432
410
432
436
444
452
436
414
418
418
430
410
410
412
398
412
398
398
368
348
346
350
350
322
324
306
296
288
264
150
156
262
264
272
264
180
250
258
228
164
168
136
72
106
74
98
104
102
98
74
60
54
50
80
68
48
68
86
74
76
70
96
62
64
42
64
80
88
80
76
74
66
50
76
78
88
98
60
80
24
62
96
100
88
118
150
166
234
382
382
398
418
406
396
394
418
424
422
422
418
432
434
430
418
444
420
456
452
424
458
474
470
462
474
456
482
482
482
484
490
484
492
466
494
500
432
440
444
436
448
440
434
412
364
320
294
272
222
214
214
236
196
172
162
176
148
158
234
348
374
412
420
414
406
428
428
440
428
420
428
424
428
418
424
432
428
418
420
384
402
404
410
406
410
412
398
372
372
360
364
364
354
336
306
302
262
254
190
148
264
274
252
242
240
162
172
170
174
56
98
34
34
64
36
38
46
42
36
26
6
8
10
16
62
112
34
42
16
36
50
46
56
126
46
30
64
80
132
136
68
108
58
42
92
48
96
88
32
76
8
16
46
92
60
64
64
92
108
124
122
132
152
186
244
392
384
410
428
414
414
402
406
432
436
428
414
444
434
452
452
452
482
466
470
482
474
470
484
474
486
460
476
474
488
482
478
440
438
444
444
428
438
436
432
376
336
306
234
240
208
236
210
196
222
172
128
164
130
180
244
218
394
378
388
424
412
402
414
420
424
410
424
426
424
420
424
418
424
414
406
392
380
402
390
398
402
368
368
348
348
344
344
348
334
312
294
270
242
268
264
254
250
212
186
120
112
154
46
46
58
56
36
24
2
40
22
60
20
32
40
6
32
6
44
36
50
56
54
28
42
84
58
48
78
28
102
66
108
92
92
94
72
80
72
100
76
118
96
58
66
14
12
18
94
28
24
80
58
54
72
80
46
32
36
98
132
138
198
402
398
398
414
418
406
416
428
444
432
440
440
456
452
462
452
466
474
462
456
470
474
462
460
474
466
490
494
496
448
450
444
400
442
436
440
448
440
378
356
316
276
242
218
196
188
220
172
72
190
154
162
240
210
242
278
378
382
388
390
406
402
410
412
402
398
406
428
410
420
396
402
394
372
370
378
368
380
346
360
350
338
334
326
334
316
326
340
316
282
288
276
262
256
232
156
110
110
76
52
32
24
6
46
54
0
0
58
26
28
32
34
10
50
78
28
80
38
68
112
46
64
86
80
76
74
52
50
28
86
118
108
86
46
40
78
80
86
64
66
82
110
106
56
24
72
58
80
46
102
42
64
66
58
20
0
42
62
74
90
98
128
150
202
402
394
406
418
428
444
432
428
432
440
452
436
448
440
452
452
466
462
488
474
478
474
470
482
482
494
440
444
440
440
444
428
432
444
424
416
376
344
300
282
222
256
252
192
166
146
188
160
164
244
198
188
222
242
278
390
388
388
388
372
382
398
398
404
398
394
398
394
394
380
372
378
376
384
346
330
328
326
338
322
330
318
298
298
288
230
152
130
88
108
80
32
56
54
28
28
38
36
42
28
76
28
0
0
10
22
50
24
32
124
80
28
54
180
38
52
84
58
54
44
114
102
62
104
98
68
88
128
98
72
110
38
78
96
104
88
58
80
98
140
116
110
66
72
68
96
58
62
104
72
54
110
28
84
100
72
42
82
78
94
96
98
164
338
410
418
432
432
432
432
424
432
448
448
448
462
444
466
462
450
474
470
486
466
478
462
488
444
448
452
432
452
448
458
450
436
440
408
360
352
318
254
256
228
242
256
226
210
184
172
158
150
192
186
242
248
240
280
364
376
364
384
380
372
304
394
394
390
384
368
372
382
386
402
364
346
330
304
306
254
192
136
128
114
120
98
100
68
40
24
68
56
58
64
4
22
48
42
28
52
50
86
24
2
22
4
62
38
28
4
72
66
114
90
84
24
84
52
92
52
114
138
74
132
130
148
138
164
178
204
148
174
132
124
146
82
84
148
118
190
84
100
82
62
102
94
36
100
108
92
138
78
82
60
126
32
62
16
160
110
60
60
40
86
122
154
250
418
420
432
444
418
444
444
452
458
452
470
466
470
478
472
488
474
486
466
494
486
426
440
444
458
450
458
454
456
450
448
436
396
382
318
238
234
270
278
286
192
228
180
146
158
180
158
176
146
164
128
170
204
214
204
172
208
298
346
354
346
364
368
346
328
264
204
148
132
136
108
128
108
76
76
46
42
26
90
58
32
8
18
10
60
32
68
72
42
2
8
26
96
36
42
34
56
36
84
136
106
74
42
118
104
198
114
84
186
68
70
72
98
152
104
114
144
152
38
54
62
56
68
162
96
136
126
64
152
98
100
138
160
182
142
154
168
178
104
126
118
8
72
44
130
118
138
84
36
66
84
24
128
38
38
62
64
60
52
34
118
146
178
424
402
444
450
448
452
444
420
462
466
462
452
474
470
484
478
470
486
486
448
432
452
442
444
436
452
440
442
446
444
436
390
354
336
292
264
250
226
208
246
236
142
154
168
162
162
102
136
86
138
128
110
78
64
46
90
110
92
116
136
118
114
80
88
92
106
40
50
30
68
44
80
66
58
90
84
62
110
38
46
20
30
26
76
46
18
84
28
84
62
68
80
46
18
56
86
34
56
50
16
60
98
144
104
130
142
88
152
138
110
92
106
94
148
132
160
114
128
108
32
86
128
118
110
36
100
12
96
66
138
94
122
122
136
130
124
132
68
60
98
100
88
112
104
128
132
96
176
92
174
128
12
2
28
58
58
16
50
46
104
108
138
194
428
428
414
440
450
474
456
460
432
462
440
470
470
470
500
484
488
428
444
458
420
450
458
448
452
440
450
444
432
424
364
296
288
270
258
248
264
244
214
194
140
158
156
132
114
72
98
86
92
60
42
48
142
38
56
60
72
52
62
60
64
26
58
40
38
62
50
34
36
50
56
28
66
72
86
50
24
94
68
64
68
28
58
74
40
54
50
50
160
68
4
40
68
128
66
46
108
76
146
136
162
156
110
144
170
144
148
126
144
62
74
128
136
88
96
104
0
0
54
110
102
88
94
56
86
102
84
162
84
98
136
116
68
158
112
94
88
136
154
144
152
128
156
154
130
76
80
144
84
76
88
118
106
46
24
40
80
68
90
110
96
112
166
246
432
422
436
424
444
458
458
458
470
474
474
492
488
482
450
444
448
444
454
448
448
462
452
440
438
440
442
386
328
308
294
274
222
158
180
164
180
170
130
104
114
98
64
110
144
98
62
66
62
84
68
58
78
62
54
84
28
40
68
66
30
52
34
66
36
34
24
36
98
68
66
66
110
52
62
40
28
88
20
60
62
80
70
60
132
120
108
48
64
50
114
92
88
46
140
124
130
130
114
98
156
118
132
164
184
114
136
110
58
174
114
92
148
30
12
146
68
78
76
92
108
144
106
120
142
178
128
178
132
88
160
38
128
212
124
200
228
210
144
250
270
144
140
42
0
160
136
136
192
168
64
78
110
92
204
158
128
112
108
134
136
132
218
418
424
444
446
462
470
488
482
474
474
486
496
442
444
452
462
444
450
440
440
444
440
436
444
440
390
366
282
216
196
134
82
152
214
190
158
50
56
68
60
50
104
86
90
30
58
82
92
114
102
66
88
48
50
76
76
92
94
122
64
72
56
42
38
38
66
72
68
72
68
74
118
166
76
166
92
136
70
126
122
168
108
122
128
124
124
132
98
130
110
128
150
92
94
174
132
132
120
140
152
132
102
122
136
106
70
120
156
146
144
126
18
34
112
80
84
84
106
68
96
126
134
144
152
142
174
114
76
120
90
66
154
132
102
136
182
98
150
158
178
140
30
72
46
206
198
192
224
132
30
80
204
294
216
118
94
80
120
96
140
152
150
208
352
448
450
474
460
474
478
482
488
478
450
448
446
436
440
458
448
448
448
458
444
444
402
378
310
260
228
166
250
236
222
192
184
124
34
30
8
28
12
16
92
110
86
106
96
68
92
80
54
102
42
70
72
76
88
152
124
104
122
98
98
118
124
96
122
154
134
128
166
140
132
160
136
162
150
158
72
102
132
180
166
142
88
94
146
132
162
172
150
0
128
170
156
192
160
118
186
148
76
150
136
148
144
114
128
172
152
140
90
92
128
130
124
84
142
42
58
164
134
116
154
188
172
186
116
128
164
116
152
126
166
120
118
150
136
228
174
218
130
2
0
68
176
192
208
102
54
42
70
162
168
188
30
136
192
262
114
166
124
126
120
160
268
468
466
474
474
500
492
492
500
432
440
446
452
458
456
452
446
448
426
436
408
372
352
306
270
202
148
132
96
64
60
46
74
68
24
6
84
8
2
76
90
120
114
78
98
76
104
124
114
132
128
138
148
110
154
156
158
152
138
152
140
134
138
148
150
132
114
154
168
76
120
140
142
152
180
154
140
132
154
148
104
110
114
158
218
138
162
178
170
144
166
184
140
166
182
150
174
54
132
108
122
146
160
150
186
150
126
168
160
144
134
180
170
118
110
156
122
124
152
174
154
166
144
140
102
76
96
118
106
124
138
160
154
162
214
236
164
76
68
2
96
148
226
248
92
186
96
66
240
168
164
20
184
0
0
214
242
144
46
68
84
192
214
308
480
484
488
470
494
506
458
452
458
458
458
466
436
448
444
402
380
336
284
240
192
154
116
62
42
44
64
96
90
60
30
12
16
32
16
6
80
98
136
132
114
76
64
96
140
140
136
146
162
146
170
156
148
174
156
164
154
176
152
118
128
148
170
162
180
196
158
94
174
182
122
194
176
170
222
174
156
130
160
116
172
162
178
232
204
180
156
170
168
196
160
170
168
148
176
186
208
182
184
174
184
172
208
178
156
216
194
142
158
178
178
150
170
206
206
186
174
214
158
204
132
154
146
140
136
180
166
150
172
190
246
250
174
144
24
82
104
184
124
206
250
226
256
182
256
152
206
174
4
314
16
0
194
302
162
40
52
118
96
162
188
252
470
486
488
496
506
452
458
444
454
454
432
444
444
402
348
304
256
250
208
200
196
228
256
254
246
210
176
154
94
28
0
30
48
34
30
60
126
164
156
118
144
142
110
136
150
128
160
162
150
176
126
166
186
172
174
174
196
192
190
182
208
174
198
170
196
206
168
202
192
212
184
98
46
192
184
170
178
156
122
176
180
184
186
188
190
230
204
212
182
184
188
136
180
208
220
212
188
198
216
220
234
204
222
224
214
246
214
204
206
230
216
208
216
224
210
248
206
216
220
198
226
246
174
182
204
178
178
238
282
238
178
110
56
106
68
158
230
208
226
254
200
222
206
120
124
202
244
282
74
360
366
366
118
106
186
132
120
150
162
206
242
212
406
492
506
496
450
452
452
444
448
436
452
390
326
294
248
218
206
252
254
240
244
230
180
144
122
66
62
76
0
0
38
64
38
64
88
144
152
162
120
152
160
158
140
164
166
124
84
108
148
188
144
156
192
174
162
160
192
184
186
222
180
152
140
106
162
166
210
174
192
180
186
240
184
206
220
216
188
216
222
224
238
200
218
226
166
242
208
216
234
166
214
200
208
242
212
202
256
246
244
242
220
218
240
188
238
240
232
248
248
248
248
218
216
172
202
196
236
158
216
254
170
226
204
230
284
292
244
196
172
98
46
48
54
86
136
214
270
264
196
96
204
260
152
178
178
252
228
286
226
196
216
226
212
246
246
248
238
210
178
210
226
254
498
508
494
458
458
440
452
462
424
372
340
292
248
204
158
116
132
100
72
112
138
120
116
64
0
24
74
0
4
0
6
24
76
166
162
152
136
144
166
184
196
210
200
192
174
182
190
206
200
204
186
190
230
192
214
186
194
212
186
246
182
166
204
154
220
204
218
230
242
230
230
264
250
240
244
242
232
242
246
248
242
268
278
214
220
198
226
206
210
196
230
210
224
210
298
272
262
216
230
170
212
240
274
298
234
248
244
256
260
210
184
154
146
166
150
150
138
140
126
128
110
116
128
162
136
116
78
24
6
12
50
126
226
126
290
246
256
310
102
218
228
166
204
204
258
222
176
304
262
276
346
388
286
290
304
312
284
226
244
274
282
402
506
510
452
448
448
458
416
356
332
284
232
202
168
128
78
70
86
110
116
90
108
86
2
0
0
0
0
0
6
18
72
154
166
176
164
152
172
144
176
186
192
226
212
180
200
182
262
252
252
272
252
248
260
240
224
246
238
182
264
220
240
234
230
246
248
304
258
280
324
240
234
212
264
288
246
260
240
250
242
284
266
276
264
272
240
228
232
256
182
222
240
234
190
204
264
256
246
208
252
242
266
292
274
270
290
306
254
248
206
170
136
108
76
42
64
84
86
72
70
60
108
104
94
86
72
52
60
116
152
164
228
216
208
218
288
316
324
298
168
286
230
258
256
304
312
334
226
256
316
254
320
324
308
338
334
290
316
340
342
394
510
466
510
472
474
430
440
390
338
294
232
186
146
120
112
124
116
120
124
152
114
150
84
68
0
12
50
38
90
78
134
178
252
270
282
268
272
252
230
246
264
288
288
280
284
268
282
268
248
258
288
268
280
272
310
268
252
296
234
260
252
236
204
282
320
240
272
336
300
336
276
272
268
278
274
284
290
262
308
310
298
272
276
260
228
214
252
262
314
262
260
268
256
286
314
306
294
312
292
356
314
334
324
332
346
362
304
256
162
160
168
158
190
188
162
182
146
124
134
134
96
110
98
104
84
86
86
108
156
178
212
244
378
330
302
304
332
370
354
324
362
290
346
320
406
424
418
420
404
362
434
424
408
394
358
356
370
388
430
508
508
510
510
508
474
470
466
410
358
318
238
188
128
118
100
74
120
142
116
74
124
118
120
100
138
78
64
124
158
210
276
328
356
382
382
372
368
354
346
356
354
362
344
340
352
332
340
348
354
342
348
352
338
342
318
318
288
252
248
232
220
220
188
212
188
190
162
226
192
268
252
258
260
326
324
306
298
338
322
332
340
322
298
290
244
236
248
196
240
206
214
226
224
210
214
244
290
274
312
332
362
408
384
386
402
348
392
374
280
202
214
212
182
188
158
210
206
214
206
206
208
170
164
184
210
212
218
218
266
242
246
326
356
420
378
328
340
386
398
390
398
430
358
370
382
382
426
424
418
404
420
412
394
362
352
360
374
400
508
504
510
510
510
510
510
510
504
488
416
380
296
284
232
162
74
78
90
88
82
120
84
120
134
120
136
166
188
272
406
434
448
462
458
466
470
492
480
458
462
428
396
400
394
414
400
376
370
400
380
378
356
368
388
374
370
362
348
324
312
284
272
264
246
244
222
172
154
166
186
186
198
206
208
212
196
250
304
366
290
348
326
322
310
302
294
252
240
278
286
264
202
196
196
228
214
194
198
202
226
310
334
412
376
422
406
378
382
382
352
308
238
276
204
306
378
390
394
388
386
394
386
310
248
236
272
274
284
306
310
286
372
380
376
356
364
384
388
364
344
352
410
422
408
374
374
360
356
352
330
348
348
348
352
356
360
372
484
510
508
510
510
510
510
510
510
510
508
506
462
390
344
282
236
210
174
126
152
106
128
88
38
32
120
118
148
282
442
488
510
506
510
510
510
474
478
488
470
500
510
508
488
490
474
454
462
440
446
450
436
424
420
402
398
384
388
356
328
290
278
250
252
232
206
188
174
218
196
174
162
184
202
206
172
212
236
268
294
302
308
318
366
318
306
284
280
270
242
214
204
236
248
200
252
158
184
248
158
224
236
302
302
384
404
390
408
402
442
454
448
410
332
314
292
398
408
408
410
388
410
408
406
380
402
364
394
390
382
384
370
350
370
360
366
386
382
380
384
388
394
404
408
394
368
366
372
394
392
408
402
412
424
410
406
406
432
462
502
474
500
488
504
504
510
510
510
510
510
510
504
448
384
340
314
274
254
198
184
126
122
70
120
132
130
194
396
458
508
504
510
510
510
492
502
496
510
458
452
504
484
510
510
510
510
510
504
488
486
506
504
484
440
462
454
452
450
374
356
314
290
288
260
244
232
194
184
202
198
220
186
170
180
190
208
270
308
338
394
436
420
416
400
394
318
332
316
302
286
218
206
200
218
196
178
228
222
146
220
204
252
306
388
386
390
384
384
408
406
428
438
436
440
422
410
380
404
414
400
416
408
408
406
402
398
370
358
390
396
398
416
384
410
408
406
398
414
394
384
394
388
372
402
398
394
404
402
402
394
402
406
408
408
406
414
418
422
484
492
506
508
486
500
496
504
502
506
504
510
508
478
386
350
262
256
254
264
186
168
162
184
206
162
338
380
390
350
404
196
198
500
364
422
428
458
466
490
510
488
292
466
494
496
448
428
434
380
402
368
428
466
436
446
436
338
318
324
304
300
306
290
278
248
248
236
216
226
206
210
216
202
222
230
248
266
318
340
344
420
348
260
288
406
398
322
296
294
260
268
208
226
196
216
214
224
202
258
272
204
226
266
412
434
412
408
420
380
384
382
386
378
408
378
334
292
304
310
372
246
256
288
302
298
294
244
250
280
268
312
278
264
292
232
238
284
330
334
338
316
328
308
316
306
312
304
318
308
320
288
294
304
268
282
300
280
294
352
374
370
384
364
376
394
348
370
150
176
376
372
368
390
254
364
262
254
242
168
180
176
178
160
162
180
156
178
178
176
164
164
216
208
212
200
208
226
198
194
190
206
188
186
190
326
232
232
206
188
210
202
300
252
258
282
198
160
172
228
224
190
236
250
236
250
226
216
222
260
200
210
230
208
190
174
116
130
120
164
226
116
126
150
152
150
104
136
100
126
230
212
204
208
154
200
214
280
206
224
248
268
262
198
216
176
198
166
364
308
192
154
108
168
70
90
102
104
142
78
100
92
70
122
130
116
90
112
126
108
146
112
138
130
160
166
130
108
156
120
108
112
112
134
116
146
132
128
134
160
160
144
148
160
154
112
130
134
150
142
118
156
180
168
194
214
160
134
142
140
114
116
90
132
108
214
206
190
176
184
176
172
172
174
162
160
148
126
136
162
278
280
152
252
174
182
164
192
154
162
164
190
198
210
316
138
142
230
188
226
218
204
262
172
170
164
122
128
132
122
124
122
138
104
184
152
266
260
238
258
270
238
156
122
108
104
110
98
120
116
84
122
160
168
214
172
176
134
120
138
276
238
266
312
214
274
276
238
246
280
314
292
238
166
176
130
138
116
248
194
130
148
172
286
232
166
138
250
150
132
126
192
104
122
148
126
74
78
108
82
72
116
100
90
90
156
150
114
134
158
128
148
138
146
126
176
154
148
176
194
186
186
164
186
168
134
164
152
202
180
172
148
180
188
158
146
136
96
104
114
142
122
114
98
112
104
286
286
278
274
238
246
194
148
296
282
198
316
214
220
232
186
274
268
210
218
390
286
278
282
394
240
320
322
322
342
394
256
312
286
372
318
286
326
292
330
270
306
296
242
274
266
376
350
338
314
334
292
234
260
234
336
306
338
278
298
344
384
280
300
280
270
230
276
346
300
296
322
510
340
510
314
302
402
344
378
280
304
362
300
370
330
298
290
364
276
252
232
300
316
418
304
292
254
384
372
432
360
370
510
406
324
322
370
316
356
376
440
348
404
348
316
370
322
334
322
330
398
334
322
444
412
450
484
362
398
388
338
284
416
398
436
372
458
452
386
394
362
398
436
458
388
432
364
318
510
406
366
436
376
360
376
380
416
432
454
412
