378
366
370
366
382
356
364
370
368
376
378
358
370
366
370
354
378
366
364
366
360
370
360
362
372
366
364
368
360
374
364
374
364
376
362
356
368
360
360
362
370
366
380
354
370
372
384
372
362
360
370
372
354
368
372
364
370
362
364
370
360
356
378
366
350
360
352
364
370
356
356
352
354
366
356
354
352
354
364
346
354
372
358
364
356
356
356
358
364
366
360
364
368
354
366
362
366
338
360
374
362
370
364
366
366
352
354
372
370
368
374
366
376
368
370
370
382
370
364
358
374
362
364
372
372
374
366
372
364
382
380
374
374
390
376
374
374
386
384
376
388
386
366
384
374
384
386
382
384
378
380
398
394
390
400
396
392
390
398
392
396
370
370
362
374
364
352
370
360
366
362
362
368
364
370
366
356
370
358
372
378
374
372
360
356
368
362
362
366
370
368
350
368
374
384
370
374
360
362
370
366
374
354
366
362
360
368
362
364
366
370
360
360
356
362
370
360
360
356
360
364
364
350
362
364
366
350
372
362
352
366
360
358
354
374
354
348
358
352
362
360
362
368
368
354
338
374
358
358
360
366
354
358
364
372
362
360
362
364
356
360
366
372
346
360
366
370
374
366
364
366
374
368
362
362
362
360
374
368
354
370
368
374
360
364
370
374
360
370
380
370
370
370
374
374
380
372
378
382
384
386
380
380
384
380
382
386
390
386
396
378
392
386
390
394
384
394
388
392
390
382
396
370
370
366
376
354
374
352
366
372
380
358
356
370
376
368
360
370
342
338
340
344
268
204
290
360
368
356
352
372
368
368
366
376
374
364
366
368
380
358
362
354
364
370
360
362
368
354
366
374
360
368
370
356
380
358
362
366
364
360
364
374
360
358
368
360
366
366
346
374
364
352
350
346
360
364
360
342
344
352
360
354
346
356
352
344
352
352
364
370
358
364
364
364
366
356
358
366
364
360
370
364
362
374
356
364
364
360
370
366
370
356
360
366
360
368
376
362
356
360
372
372
364
372
366
372
362
372
366
372
370
374
368
376
380
380
382
372
374
374
374
378
380
388
386
380
386
386
388
386
386
380
388
390
388
380
384
388
380
388
388
404
366
368
374
388
360
372
366
372
376
374
364
366
362
350
366
350
346
330
332
306
276
84
70
4
70
348
364
370
376
360
368
360
372
370
368
362
360
352
376
392
374
370
356
364
368
370
374
358
354
370
378
378
382
366
358
372
368
374
360
364
364
372
358
366
360
364
344
356
350
356
346
352
356
352
350
348
316
314
316
306
356
352
352
352
360
356
356
364
356
360
376
360
366
364
346
352
362
354
350
350
360
360
360
364
362
356
370
370
358
362
346
364
364
364
362
370
376
372
366
360
370
360
366
374
374
362
360
370
374
366
366
376
380
380
388
370
374
372
382
374
382
380
384
382
386
384
384
388
386
388
394
384
394
396
392
402
390
392
398
402
402
382
368
368
376
380
376
370
354
372
374
364
380
368
362
366
354
342
336
322
284
162
150
112
80
26
354
356
360
366
370
364
380
378
368
372
364
364
378
362
362
364
372
356
346
362
356
358
366
358
364
364
360
352
372
356
354
334
364
358
360
366
360
358
366
360
368
352
346
348
348
350
348
344
340
328
336
338
312
308
332
218
348
348
354
350
356
348
358
344
352
354
358
352
358
370
354
360
344
356
354
358
362
356
356
356
370
368
364
350
356
356
366
368
372
360
364
364
360
368
354
360
374
366
372
366
372
364
370
378
380
358
376
382
388
372
370
374
378
386
380
390
378
384
386
388
384
384
374
386
388
388
390
388
398
388
400
392
400
396
396
396
366
380
388
372
374
364
388
374
384
370
376
366
356
368
362
360
352
312
314
288
228
176
140
62
0
348
356
362
366
366
376
374
366
368
380
358
360
370
358
366
372
364
370
370
368
356
360
362
358
378
362
362
364
368
372
366
356
372
370
352
362
358
352
354
352
362
356
340
356
352
368
358
356
318
326
320
338
336
262
278
322
170
348
340
352
346
352
348
358
364
356
354
362
354
352
346
346
360
356
346
352
372
364
352
360
362
360
370
356
356
352
360
360
360
356
364
364
364
364
366
376
360
366
358
370
370
360
372
366
370
372
368
382
380
368
384
378
380
384
384
380
382
382
386
384
398
384
390
390
390
390
398
402
402
400
390
400
400
388
396
402
364
384
382
392
382
358
376
384
370
372
366
366
358
358
356
352
346
332
304
294
246
230
162
150
0
338
342
360
350
358
372
370
374
376
370
360
362
354
370
384
362
374
358
362
370
358
356
356
366
360
362
364
364
360
362
294
354
368
360
360
358
366
380
352
358
360
348
354
350
348
358
350
336
346
334
324
224
340
328
300
330
278
276
344
336
342
342
350
344
358
348
362
352
360
358
356
356
356
352
348
338
358
360
352
358
354
352
362
358
354
356
372
362
364
368
358
364
358
360
348
370
356
370
366
366
376
374
368
368
376
386
374
378
376
376
376
376
378
380
378
390
386
390
376
394
400
396
388
392
394
392
396
404
404
400
402
400
410
406
408
410
374
372
376
376
370
374
380
386
368
368
374
372
354
356
356
350
346
324
328
270
224
80
176
212
204
338
352
350
352
356
364
360
368
378
368
360
368
370
378
366
358
370
370
366
362
368
366
358
352
366
356
354
360
354
354
364
354
366
360
354
370
352
368
356
350
368
350
350
342
350
354
342
326
302
346
344
302
288
326
318
292
320
274
350
340
342
350
340
350
332
342
352
358
364
356
352
350
354
360
358
356
358
358
354
358
360
358
360
350
358
362
362
366
360
366
360
366
358
364
358
360
364
354
366
370
370
360
362
358
364
370
378
360
382
378
376
382
382
384
378
386
378
390
390
386
390
398
390
398
392
390
396
398
400
396
408
402
398
406
406
406
384
374
388
376
380
374
378
384
376
380
380
374
362
356
362
366
350
334
312
306
270
234
222
268
260
346
354
360
352
364
358
358
368
384
358
370
366
360
364
362
362
370
364
368
370
364
372
356
368
366
362
366
366
360
368
366
358
360
356
358
350
354
360
348
340
360
352
350
362
348
354
324
336
330
330
338
318
296
316
330
258
314
312
232
336
338
342
334
344
340
340
338
356
352
350
360
356
350
346
350
348
352
356
356
356
352
358
358
368
352
362
356
360
364
358
362
352
362
372
364
358
364
360
374
358
356
370
358
366
370
372
370
360
374
378
362
380
376
382
386
384
380
390
384
388
388
394
400
376
402
400
404
400
394
392
402
406
404
402
408
414
376
380
370
378
378
382
382
382
368
386
374
380
370
374
366
354
352
330
326
288
328
220
300
300
280
280
364
350
342
348
360
364
360
380
360
362
372
370
366
370
366
366
366
374
380
362
370
370
370
366
372
356
332
362
366
366
346
358
366
356
352
374
354
356
350
348
352
334
344
344
336
338
332
302
294
328
326
314
268
328
306
274
326
258
330
332
342
336
326
342
328
346
354
348
354
356
348
360
348
352
348
350
350
348
356
358
350
356
342
360
352
354
386
350
364
364
358
348
356
362
358
352
350
366
354
368
360
366
364
366
364
368
372
378
382
376
386
380
398
390
380
394
380
394
390
398
392
384
388
384
400
394
400
400
402
402
406
404
412
404
414
378
386
378
384
364
374
376
388
378
384
382
376
366
380
368
362
356
330
334
322
296
328
286
312
290
312
334
354
354
364
350
352
358
360
372
374
362
378
362
380
366
360
368
356
368
372
360
370
366
354
326
356
356
352
358
368
362
352
354
366
348
338
356
348
346
350
344
340
338
346
322
320
336
336
304
292
320
320
286
288
322
286
318
214
260
336
324
340
342
340
328
340
336
350
362
352
354
350
348
358
342
352
346
360
332
346
354
350
362
352
346
344
336
354
352
364
346
348
358
358
356
350
348
358
350
360
360
366
358
376
360
354
372
376
368
374
378
374
384
380
378
378
386
386
384
388
392
398
392
400
402
404
416
400
406
408
400
402
422
396
406
382
388
374
386
388
378
384
392
368
370
382
386
372
370
364
350
350
332
300
328
318
304
342
310
212
274
288
352
348
346
350
350
352
346
360
360
362
360
364
364
356
356
360
348
312
358
354
352
328
364
360
356
364
362
360
342
354
368
354
350
348
354
340
342
348
338
342
342
348
304
314
332
324
332
326
262
260
318
314
186
322
310
250
308
240
302
326
326
336
328
344
324
338
344
338
352
336
346
352
342
348
342
336
346
332
334
344
338
346
348
344
344
348
344
342
350
350
350
350
348
354
352
352
364
356
350
356
354
358
360
362
362
364
364
360
370
374
376
380
370
372
372
374
386
392
384
400
394
396
402
386
398
400
408
408
396
414
408
398
412
414
368
374
378
376
390
382
386
362
392
366
388
362
384
382
368
350
352
334
348
330
336
302
320
330
290
310
264
232
338
342
346
340
344
346
346
350
368
358
346
348
348
358
356
352
362
358
362
346
366
360
320
346
354
354
366
350
354
360
354
350
336
328
342
350
350
338
340
326
314
336
334
312
314
314
326
310
220
314
312
304
236
306
280
310
264
208
326
338
318
322
322
326
328
332
342
338
332
326
328
326
334
324
340
332
334
330
338
340
328
336
330
334
342
346
340
344
328
342
336
348
342
344
342
342
346
352
342
350
348
358
340
356
362
356
362
370
368
364
370
378
380
374
364
384
380
398
390
386
398
388
386
394
406
402
400
404
404
410
406
400
410
376
378
380
376
374
378
380
384
374
378
382
376
372
372
376
356
362
348
352
326
312
288
322
280
280
258
302
304
284
348
332
338
340
330
334
360
346
356
350
362
322
354
358
360
358
356
366
362
366
366
362
366
354
360
346
358
344
368
360
342
338
346
348
344
334
326
340
312
322
292
332
320
316
248
306
308
300
248
298
300
284
266
298
248
298
216
234
316
316
308
310
304
318
318
320
322
322
316
320
328
326
310
316
324
322
322
330
330
326
328
316
330
338
320
324
334
330
322
336
330
336
328
338
336
344
342
322
342
332
344
358
358
356
352
362
356
362
360
364
366
360
368
362
362
372
370
384
382
396
396
398
394
400
398
390
404
408
398
410
416
412
388
384
382
382
384
378
384
386
378
370
366
384
370
388
366
372
370
346
358
346
324
346
294
260
280
294
290
298
276
260
326
342
336
334
328
340
334
344
352
356
350
342
348
350
356
340
350
350
356
348
360
350
338
358
346
358
338
342
342
348
328
338
328
330
336
308
308
326
320
278
274
306
330
304
192
284
296
290
218
288
284
226
286
266
270
184
196
296
296
302
296
306
308
300
304
308
298
310
300
310
302
300
296
310
308
310
316
324
316
310
308
304
304
312
318
312
320
318
320
324
318
304
318
314
324
334
324
330
326
328
338
342
332
418
340
342
350
346
350
346
360
366
360
372
368
364
380
372
370
384
386
390
394
398
400
406
402
412
402
408
414
376
374
382
386
372
382
382
384
390
374
370
386
374
378
386
370
362
360
364
352
350
318
298
250
244
242
272
226
232
260
240
318
322
330
326
328
314
328
328
350
346
346
342
348
330
332
354
348
348
352
358
342
348
350
348
342
342
342
344
342
338
332
328
324
328
296
310
280
310
304
296
228
290
296
284
190
268
282
272
196
276
264
186
262
168
250
220
242
278
268
296
296
270
290
282
292
300
280
458
284
278
278
292
288
286
280
290
300
290
290
290
286
290
286
280
296
286
284
292
300
296
292
294
306
308
300
310
312
316
316
322
314
328
332
324
326
330
338
320
346
350
346
342
354
350
350
360
364
376
374
382
392
384
386
406
398
408
408
398
412
406
370
380
384
372
374
394
374
380
382
364
376
390
384
376
368
366
366
352
352
352
352
316
342
310
308
272
250
220
146
60
212
226
294
296
310
316
318
306
340
318
322
336
340
322
338
338
330
336
338
344
342
336
342
328
340
332
326
330
320
328
310
312
320
308
298
308
306
280
252
270
292
288
270
172
266
264
244
248
258
250
204
240
234
242
228
244
146
174
248
240
256
262
276
254
260
264
272
262
256
258
272
264
262
256
256
254
260
252
274
274
256
260
258
264
272
266
276
262
268
260
262
274
268
278
280
272
294
286
280
288
302
302
314
300
300
316
324
328
318
324
324
326
324
344
350
350
354
356
358
366
382
376
394
378
394
400
404
406
416
408
410
364
376
384
398
368
380
388
380
390
374
380
372
380
384
374
366
376
360
366
342
342
350
284
314
304
302
268
258
246
146
176
202
236
252
290
298
300
296
302
302
302
316
322
320
318
340
316
324
322
320
318
324
322
312
320
320
312
312
310
302
306
304
310
292
288
282
268
276
272
274
224
252
254
252
136
238
242
234
204
232
218
190
212
172
206
148
170
114
112
220
242
224
228
210
232
238
238
220
224
234
234
242
224
230
234
222
238
226
236
244
232
232
230
208
222
230
226
234
226
226
232
224
238
230
238
238
256
260
258
258
258
260
266
254
272
276
278
284
292
302
302
306
312
314
324
324
314
342
356
346
364
362
378
378
382
398
388
394
404
408
420
382
388
386
382
378
384
374
390
380
384
388
394
380
364
372
364
366
364
344
342
332
262
306
326
260
308
290
282
254
192
114
232
214
182
198
270
266
274
280
294
298
304
288
292
304
292
300
292
316
296
292
310
300
300
292
298
296
290
286
298
296
282
286
278
276
264
274
224
188
260
254
232
152
224
238
222
154
222
212
162
118
180
110
160
126
110
106
88
106
94
154
182
190
192
200
208
208
200
208
208
204
202
188
180
180
192
186
194
188
192
186
190
186
190
188
172
174
172
174
190
192
200
210
194
196
308
208
220
218
224
226
222
226
234
240
232
254
254
252
272
274
274
274
286
288
304
302
316
332
332
346
350
362
374
374
386
388
400
396
412
412
394
384
388
378
368
406
374
380
384
368
374
374
370
370
374
342
352
344
358
324
260
320
318
284
314
292
236
256
260
192
126
92
96
90
0
28
124
192
266
260
270
264
264
268
264
262
286
276
276
280
290
292
280
272
268
282
268
272
260
256
266
264
254
260
250
248
218
234
228
242
188
138
210
208
174
190
190
76
76
92
68
80
36
54
58
88
86
72
56
32
28
34
46
42
52
84
56
42
98
54
46
56
56
50
58
64
56
54
52
82
34
36
34
64
46
54
40
50
28
62
40
54
46
66
42
48
24
78
60
74
80
86
90
134
168
192
204
210
208
214
218
232
236
244
248
262
264
286
286
296
324
326
352
360
372
382
390
392
396
398
406
390
384
386
386
396
382
370
378
382
380
374
358
362
350
364
338
332
314
308
340
322
318
242
234
300
260
274
236
252
166
142
130
172
54
90
76
48
36
30
18
102
214
248
242
240
244
234
238
240
252
234
246
254
254
258
240
244
254
242
238
236
234
234
222
218
224
220
226
174
132
158
110
152
152
62
54
4
8
14
18
22
30
26
26
14
22
14
4
6
14
6
28
28
18
2
14
24
56
12
18
14
12
18
22
56
6
30
46
26
30
8
6
14
26
58
14
34
6
12
74
6
28
72
12
0
4
14
8
26
12
4
8
32
36
44
78
54
62
92
86
72
92
108
116
136
194
220
242
260
272
284
298
324
330
350
366
370
396
386
402
412
394
388
376
392
386
388
378
366
382
370
342
362
342
344
338
334
324
336
326
294
198
268
312
294
176
120
248
200
108
192
234
156
156
166
86
114
50
44
46
30
78
78
76
62
72
118
138
148
176
162
174
188
180
186
176
178
160
150
162
160
138
120
114
136
136
102
114
100
88
84
80
64
70
80
48
34
36
8
20
16
8
0
70
8
32
26
20
0
14
0
2
0
6
0
74
0
2
54
2
62
0
0
74
14
28
76
14
14
30
0
16
10
10
16
0
16
42
46
22
6
22
16
0
0
8
2
2
0
2
24
4
12
0
60
46
12
0
52
34
14
26
58
94
80
92
76
82
100
110
122
138
172
210
296
332
360
370
378
394
402
402
388
392
378
376
392
364
372
366
356
368
344
348
352
322
342
342
302
304
222
286
324
312
304
196
186
276
266
124
56
128
4
70
166
126
116
134
116
132
136
82
100
114
80
72
46
64
52
40
102
50
60
64
4
38
22
30
46
52
42
34
50
42
42
34
12
38
12
18
20
16
10
6
8
42
14
0
28
8
12
16
22
12
24
22
28
52
40
72
12
4
8
20
32
24
16
22
16
42
8
64
2
40
18
0
0
86
64
42
2
10
48
112
0
6
76
136
16
0
126
26
64
16
30
94
0
6
20
176
0
120
0
16
0
0
14
22
28
40
2
14
10
6
10
44
68
70
70
76
104
66
114
140
152
188
172
212
318
386
384
388
410
386
384
388
384
390
366
380
354
348
350
336
340
348
326
310
298
306
296
342
322
298
198
260
206
282
234
96
72
34
66
42
106
150
136
140
112
116
98
128
152
88
96
90
82
112
72
90
96
96
48
78
80
48
74
18
86
40
58
46
60
42
22
48
90
24
52
34
50
26
76
102
24
66
74
26
6
16
6
62
40
4
30
26
22
36
64
38
34
28
10
28
24
38
36
70
70
28
92
28
32
24
16
48
44
4
36
38
12
2
70
84
32
58
22
16
90
174
4
8
2
124
34
66
58
114
118
74
80
138
40
58
16
2
22
30
30
30
72
86
96
84
110
20
6
6
36
48
102
84
90
64
24
116
124
132
148
190
220
384
404
402
384
394
384
390
364
350
348
350
338
334
342
328
302
304
288
292
316
336
316
274
260
288
212
230
278
250
186
112
70
124
56
106
44
86
92
76
138
94
116
118
40
80
52
90
76
116
106
86
50
64
84
48
84
50
64
60
54
58
44
60
54
0
56
18
56
52
52
28
40
60
24
84
48
102
100
72
88
52
68
52
74
108
24
30
32
72
98
26
148
54
18
52
18
60
24
44
100
52
26
86
28
40
70
6
90
4
6
74
70
0
76
102
10
146
130
80
100
148
70
66
58
120
158
144
90
106
120
116
122
82
28
58
80
120
58
6
0
6
244
212
194
222
106
146
188
0
0
156
174
120
96
72
98
112
120
152
140
182
210
442
406
396
374
398
374
352
344
334
350
346
324
312
310
284
278
270
272
282
300
304
270
246
266
270
244
180
190
154
92
112
108
146
164
130
148
142
160
150
40
106
166
144
118
100
52
80
56
196
56
20
34
50
58
80
56
74
78
74
86
52
72
68
46
76
92
116
134
110
70
98
128
100
94
48
102
6
0
34
78
78
162
90
140
62
36
102
112
20
162
78
112
84
84
116
50
16
134
100
90
60
98
80
92
12
132
80
184
48
28
66
44
12
72
154
64
154
144
38
66
78
92
154
80
38
34
200
100
194
242
152
58
88
98
36
22
82
110
116
10
214
210
240
226
4
196
90
0
0
10
424
156
104
174
172
152
114
58
80
198
208
402
412
378
388
384
370
346
344
324
326
318
318
302
314
300
290
290
292
290
294
296
298
278
238
244
260
230
208
156
94
134
170
182
198
118
186
166
82
172
126
158
152
56
108
128
152
154
174
158
114
134
112
36
122
152
114
56
130
136
22
76
40
64
60
122
106
100
88
102
110
32
108
112
0
64
48
34
20
80
80
0
106
118
150
52
16
66
42
156
86
92
18
106
118
98
0
28
68
154
162
52
88
84
104
80
98
166
100
148
116
18
56
68
116
108
130
108
90
180
78
76
170
56
106
162
52
190
162
136
156
150
58
120
90
58
134
168
24
30
22
146
38
272
238
128
154
418
408
408
402
324
120
176
232
234
232
236
214
268
224
344
408
414
394
384
368
354
344
344
322
336
316
314
304
302
308
304
298
306
306
302
292
318
310
306
284
240
180
112
138
142
144
222
262
260
170
192
190
172
198
198
152
178
186
142
182
148
170
172
192
188
178
106
138
152
148
168
170
98
92
160
100
134
98
22
0
68
90
50
196
142
154
106
198
150
178
206
0
142
158
186
150
180
222
194
116
110
126
186
162
222
120
200
108
152
142
36
50
110
120
154
150
108
144
68
160
116
116
174
148
170
130
140
156
174
146
82
184
144
164
108
90
64
46
124
100
160
128
236
214
234
158
66
20
156
182
10
178
130
94
110
46
110
198
274
254
194
58
250
312
148
206
244
282
310
284
308
290
306
318
366
380
418
414
390
382
376
360
344
330
330
292
324
324
326
326
322
316
268
288
282
286
300
256
232
198
208
184
260
254
224
260
306
296
272
244
274
180
230
238
252
200
158
160
188
184
214
260
204
206
214
206
156
130
86
188
112
180
194
152
168
64
158
74
62
10
22
150
180
148
184
78
46
0
192
174
212
124
80
160
222
176
192
132
122
126
166
138
186
84
226
134
130
84
126
78
26
76
174
108
182
136
10
162
54
40
22
160
48
96
184
158
124
142
110
74
132
162
102
154
156
150
144
4
116
98
126
240
178
188
254
274
150
114
148
76
214
196
248
88
258
308
190
52
128
382
274
298
286
350
368
332
454
458
434
366
420
320
320
330
354
370
376
370
350
380
388
378
376
354
354
334
312
306
302
294
238
266
286
310
288
284
302
324
314
298
306
284
236
292
328
328
336
334
310
292
286
250
230
260
240
278
278
260
302
266
246
170
258
174
220
170
232
178
146
94
234
194
228
204
176
98
108
192
186
164
194
188
206
194
192
190
6
138
192
202
194
112
172
72
74
102
16
154
118
132
142
202
192
190
128
178
208
88
194
52
156
156
120
82
136
156
148
132
0
86
16
100
108
146
110
132
154
102
84
144
118
112
198
254
158
114
248
120
136
232
194
104
250
320
282
232
278
144
136
142
218
258
280
340
390
312
296
310
124
336
382
396
366
380
428
436
434
448
458
442
424
334
328
332
326
332
356
366
348
370
386
388
386
398
382
362
340
342
340
334
298
226
220
234
292
360
378
376
384
372
364
376
372
384
370
362
376
376
354
356
360
358
344
282
264
306
330
336
318
300
296
270
270
222
268
272
262
226
258
264
242
226
206
240
216
194
150
158
42
188
184
14
220
174
118
96
150
182
190
240
198
210
240
180
200
158
218
156
56
210
146
226
212
156
198
160
192
170
186
150
90
152
120
152
162
178
172
0
122
142
202
56
152
86
168
170
136
48
164
86
154
240
206
182
262
184
182
232
214
202
236
320
250
246
228
268
234
218
184
182
218
264
282
308
352
382
402
352
268
350
286
386
394
418
440
458
458
456
456
434
374
342
328
352
344
338
356
348
366
404
418
384
374
390
380
394
386
378
380
386
378
382
392
398
392
384
390
390
408
402
380
376
376
378
386
388
370
386
386
374
378
372
380
372
382
362
362
372
358
352
332
332
320
310
292
286
276
286
254
278
276
318
288
188
206
258
264
266
192
232
120
210
220
124
166
190
212
170
184
194
152
124
98
152
68
86
272
240
116
0
172
162
226
182
216
176
200
164
164
194
176
178
206
186
198
194
176
208
172
50
224
32
250
90
246
250
200
186
300
182
220
222
234
272
316
220
226
282
218
194
294
284
378
368
342
288
252
232
156
52
214
206
202
264
328
368
394
376
240
360
368
366
346
438
458
460
436
412
396
354
350
332
334
332
340
360
412
488
402
378
394
498
394
380
388
382
380
386
394
376
384
390
384
398
384
390
398
394
404
384
394
404
394
392
384
384
394
392
392
392
388
394
396
388
390
386
380
378
380
368
370
382
374
370
360
344
336
328
306
296
294
292
270
278
244
260
280
304
280
278
286
248
274
266
262
214
266
210
262
214
236
206
254
208
218
226
230
244
250
128
198
246
204
204
196
198
180
154
218
242
120
256
210
224
236
254
34
290
226
212
170
164
276
244
30
232
268
240
16
232
260
240
240
300
290
302
288
278
306
340
102
340
388
348
324
310
258
226
188
118
96
148
234
226
258
240
348
420
418
422
432
406
458
418
402
394
406
400
394
372
346
356
442
386
422
510
412
452
470
510
478
508
510
382
392
380
382
388
394
400
396
392
398
392
390
398
406
396
392
404
400
398
394
388
394
402
394
394
388
398
400
394
384
390
402
386
370
386
390
398
398
380
392
382
380
370
382
378
384
364
370
364
350
320
326
312
304
296
276
278
304
274
296
336
268
290
288
258
302
282
264
270
306
140
290
284
210
260
274
238
218
264
218
224
282
178
252
238
212
266
250
270
260
278
306
216
256
304
234
284
294
212
308
314
276
306
328
228
268
298
272
208
316
274
226
314
364
328
332
228
348
368
326
256
306
266
264
248
220
180
178
170
234
268
360
388
378
328
372
408
432
444
438
406
392
370
370
388
378
360
396
430
474
476
404
464
494
490
494
510
510
494
510
510
372
380
382
386
390
394
390
386
382
390
396
396
396
404
390
392
390
406
396
398
402
394
398
402
390
406
398
398
394
398
392
394
382
386
384
390
394
380
392
394
384
386
374
376
382
386
390
388
384
380
374
364
362
368
358
336
322
314
306
292
290
276
266
246
296
240
306
284
296
288
274
308
270
290
304
272
290
270
246
284
268
272
278
276
266
284
220
300
260
230
238
286
276
240
286
292
292
256
320
294
272
346
306
160
334
328
310
330
356
312
314
342
292
272
294
258
278
272
216
198
222
244
234
226
212
226
242
254
274
300
428
408
442
428
424
420
388
392
376
368
390
362
376
404
402
452
446
394
450
460
458
450
482
472
510
510
488
474
510
510
510
390
374
390
386
392
390
404
396
398
374
398
398
392
402
396
406
404
398
402
398
400
404
412
402
396
390
408
396
398
394
390
400
382
396
396
400
410
386
400
382
390
398
398
384
392
400
392
386
386
378
384
370
368
376
366
368
366
362
350
344
322
310
276
254
242
226
224
342
234
262
252
298
312
316
304
288
344
294
316
306
264
292
310
300
282
314
312
276
238
190
306
340
298
332
352
284
302
332
348
288
346
318
276
374
346
338
354
368
338
346
352
228
300
232
246
296
312
290
228
228
276
290
260
278
306
298
304
320
296
354
436
460
444
452
412
394
368
414
360
384
408
438
510
414
510
468
480
478
462
508
510
502
468
500
510
494
506
498
510
510
510
382
382
398
386
394
386
396
396
392
400
404
408
396
390
402
396
404
404
408
398
400
410
402
404
398
394
402
402
406
392
410
408
402
398
390
398
406
394
406
392
406
406
396
404
398
388
390
398
402
394
394
390
386
386
372
372
366
368
360
352
338
262
336
342
334
308
300
302
298
448
356
270
338
272
274
344
350
346
314
332
354
326
358
344
360
356
352
352
356
354
352
354
386
368
356
376
366
380
350
378
388
372
382
374
358
398
392
374
386
374
352
328
286
312
318
360
336
308
314
278
330
362
362
376
378
368
358
356
424
432
436
442
414
386
396
400
400
404
406
446
374
466
458
476
444
458
510
486
504
502
510
502
510
490
480
510
490
490
510
510
510
384
394
394
392
402
384
392
400
404
406
396
396
400
412
402
396
412
410
406
404
396
396
416
404
396
394
402
414
402
404
408
410
414
412
404
402
400
414
402
396
398
402
398
404
398
400
390
392
398
402
396
394
388
390
374
360
368
378
374
370
362
352
282
354
352
340
354
342
350
354
334
338
328
320
354
332
342
358
352
398
396
404
394
404
394
372
394
384
366
358
356
370
358
360
386
406
386
386
426
394
400
406
412
412
468
456
448
414
416
402
378
346
342
346
346
304
346
318
352
392
388
400
404
402
420
438
428
418
380
366
382
414
398
422
348
402
460
446
452
408
460
438
460
468
466
482
488
480
492
478
476
490
468
492
494
502
502
506
510
510
510
382
382
398
386
406
394
394
402
398
408
408
404
404
390
398
412
406
398
404
406
402
400
402
404
412
414
414
416
406
404
408
410
406
408
406
402
408
402
402
408
396
398
398
398
408
398
396
396
400
402
400
400
392
392
392
374
378
376
334
278
372
374
344
266
370
332
356
364
368
378
382
382
370
370
368
356
348
364
354
346
350
350
336
350
350
336
348
338
310
328
328
342
360
384
394
406
430
426
426
426
420
452
442
494
440
494
432
438
416
396
414
380
364
388
320
400
412
382
398
406
420
416
416
370
364
350
364
394
382
326
368
412
450
392
426
422
442
434
434
446
434
472
470
464
462
502
482
466
510
470
504
510
510
510
510
510
510
498
504
510
496
390
388
394
396
390
412
396
412
394
410
402
416
416
396
410
412
404
416
416
408
424
422
412
408
416
424
422
408
412
408
400
408
410
414
412
404
408
414
400
412
404
398
400
414
402
402
394
402
404
402
392
398
388
398
388
324
348
396
392
376
352
380
380
308
370
368
386
388
404
400
414
406
402
400
396
388
388
372
358
350
352
352
336
342
324
348
346
346
332
326
330
336
350
380
390
412
416
414
424
438
446
422
438
468
454
446
458
420
424
410
386
414
426
346
332
398
402
378
364
358
440
386
348
470
438
476
482
446
348
402
448
418
420
416
422
430
402
436
440
448
430
448
440
438
440
444
458
474
472
476
480
478
478
474
482
482
488
480
484
472
472
390
394
392
394
414
398
402
418
412
408
414
412
416
404
414
404
400
414
402
416
404
422
416
408
414
422
412
414
414
418
418
396
404
408
412
412
420
434
408
408
414
416
414
404
402
408
404
400
406
404
404
398
398
398
400
400
394
344
370
396
378
304
376
382
400
416
416
408
418
416
410
414
422
412
398
406
406
396
384
394
384
372
358
364
374
370
400
396
412
418
414
420
414
406
396
384
396
380
400
388
406
394
392
420
426
392
382
400
378
386
328
364
336
290
254
260
320
324
338
412
466
510
504
424
456
424
458
448
440
408
448
400
440
408
452
422
430
416
436
444
430
466
458
458
468
450
504
466
486
464
502
496
488
476
486
486
488
472
482
486
488
404
390
402
410
404
404
400
398
400
404
400
406
412
414
406
402
412
412
420
418
410
404
418
426
422
398
408
412
416
422
416
414
414
418
424
412
422
408
404
394
404
402
406
414
406
404
410
412
412
396
412
402
404
402
404
382
366
404
390
382
390
384
390
416
428
416
416
416
422
416
414
414
420
428
418
408
398
398
412
402
396
416
426
426
410
416
424
422
430
436
422
428
418
430
438
438
440
440
444
444
446
448
440
454
448
392
314
400
340
306
248
264
236
268
320
354
400
412
480
446
392
510
510
422
438
436
406
488
400
396
410
426
414
410
424
432
442
414
450
450
436
454
462
480
478
490
492
486
502
482
480
478
476
464
456
458
464
466
476
466
478
384
400
410
404
406
400
404
400
418
416
414
418
424
416
412
412
414
420
418
414
418
420
410
418
414
416
424
414
410
424
422
422
422
418
420
412
412
412
420
424
414
424
418
408
404
424
402
406
408
406
406
412
392
404
406
402
394
398
394
402
408
408
418
422
428
424
420
422
416
418
414
424
420
410
422
428
424
432
426
430
430
430
430
408
430
426
432
432
432
442
438
430
444
448
450
446
454
458
436
456
452
440
414
260
318
400
312
510
284
342
332
326
376
392
406
366
322
378
420
386
510
452
400
396
392
398
392
402
388
394
408
408
412
406
414
422
426
424
440
448
444
460
466
444
462
464
462
454
442
440
452
444
466
462
470
476
482
486
488
486
476
404
408
414
410
404
396
400
404
408
418
402
418
406
414
424
424
410
418
418
424
410
418
418
400
418
426
422
438
414
422
426
412
414
416
416
418
416
424
426
422
416
426
412
412
412
416
414
418
408
414
412
416
414
406
418
408
390
420
420
428
414
422
436
426
426
420
430
430
430
422
418
438
428
422
434
430
420
424
424
422
422
430
434
430
422
430
440
434
450
442
448
456
438
444
446
452
454
448
426
318
334
310
234
226
290
406
356
324
364
422
378
430
354
414
366
372
384
386
396
402
456
510
410
422
440
422
412
410
414
402
394
408
410
426
420
418
420
430
434
418
414
430
428
452
438
428
444
438
448
442
432
438
440
448
454
460
466
476
462
384
0
410
412
398
404
408
422
414
420
404
412
416
412
408
410
422
414
414
420
428
412
424
416
406
432
418
414
426
424
408
428
414
418
420
412
424
426
422
424
420
404
424
428
420
424
418
420
418
420
414
410
416
410
418
418
404
420
424
408
424
424
414
426
434
428
424
430
424
404
420
420
422
426
430
434
432
424
418
434
430
428
430
438
438
434
430
446
450
430
454
448
452
438
440
450
444
396
332
328
332
258
320
322
322
386
392
382
374
428
358
394
400
398
378
396
384
400
406
414
390
404
398
408
400
412
420
408
424
408
412
412
424
430
428
430
434
418
430
428
434
434
440
418
442
444
444
450
452
444
430
408
416
416
434
428
446
400
376
0
0
0
0
398
398
414
414
410
406
404
418
412
416
420
420
408
420
418
418
418
406
430
420
422
418
422
412
408
422
422
412
412
430
424
420
404
424
434
420
422
430
418
424
418
436
428
414
424
420
426
418
426
428
426
448
412
420
424
414
420
420
420
426
426
426
418
430
430
414
424
418
418
418
426
422
420
430
422
424
426
428
434
440
438
456
444
440
444
434
448
428
446
448
510
438
446
372
500
310
350
314
392
358
510
366
424
382
360
416
416
370
366
376
380
366
384
386
390
378
388
386
398
380
388
382
402
394
404
394
396
408
418
420
414
426
442
438
438
444
448
430
432
428
424
426
428
426
424
444
434
452
462
450
456
408
366
0
0
0
0
0
0
0
0
