390
372
388
374
376
390
380
380
368
386
386
364
390
388
398
376
386
410
380
378
366
370
390
380
390
394
388
386
378
368
372
368
372
370
386
386
398
390
390
390
392
376
396
394
372
376
364
372
368
388
374
390
390
368
368
378
376
382
382
372
380
374
380
382
378
368
368
368
364
376
358
352
376
376
382
378
378
376
382
380
368
386
382
412
384
398
382
386
384
372
356
374
396
402
390
390
398
396
402
422
394
382
390
364
378
386
380
386
384
378
394
382
386
410
374
368
384
384
392
394
398
402
384
394
398
398
396
394
394
388
380
398
394
392
386
380
390
382
382
372
368
366
360
368
356
348
352
208
72
158
126
120
148
118
90
168
200
138
140
118
322
386
386
380
370
366
380
382
378
386
394
380
378
374
390
390
390
378
380
386
382
390
380
372
388
380
380
370
380
384
370
364
380
388
392
380
380
380
382
376
382
394
372
368
374
376
394
376
376
382
386
384
376
382
386
384
386
376
340
376
376
370
368
368
356
370
348
364
378
378
364
352
364
378
364
366
372
378
364
368
376
372
390
384
394
406
376
386
380
372
388
392
390
380
394
384
384
394
402
408
402
410
382
390
360
370
368
360
390
374
392
384
368
394
386
380
390
394
396
394
394
398
398
394
402
390
382
402
394
384
396
376
406
394
390
386
386
384
354
382
380
376
370
372
368
368
352
340
142
78
140
148
176
148
122
102
162
216
110
134
158
344
380
374
364
376
378
372
388
380
382
368
372
380
382
372
386
376
380
392
390
384
396
382
388
376
386
380
370
398
376
368
390
380
386
372
376
376
386
386
388
388
382
390
380
394
390
372
380
378
376
384
390
390
384
368
372
388
376
376
376
380
376
376
382
372
370
356
372
360
372
382
348
368
374
368
372
366
364
364
382
336
360
400
390
386
380
368
386
364
394
390
386
374
378
394
396
418
396
414
366
402
412
398
386
364
390
374
356
374
376
370
382
376
372
392
394
392
372
394
406
394
378
392
394
390
388
388
390
382
394
396
370
394
380
376
384
372
388
372
368
382
368
376
370
370
354
360
356
140
82
156
152
122
142
114
98
138
196
160
146
128
346
376
388
384
380
382
382
382
382
388
386
378
380
376
382
394
380
390
394
374
380
384
382
356
394
400
390
388
384
388
382
384
394
394
382
360
396
394
376
390
394
370
396
388
386
376
380
386
382
386
376
388
384
382
364
380
366
372
386
380
378
360
380
364
360
364
380
350
370
364
360
368
372
360
382
386
372
372
356
342
360
358
280
376
386
370
376
362
390
398
376
388
390
394
372
406
386
394
410
412
408
390
396
390
376
372
366
368
360
390
392
382
372
382
386
394
376
394
396
394
398
390
398
390
386
398
398
398
394
398
394
398
398
384
358
382
380
370
388
380
388
382
364
376
364
352
352
336
126
76
190
198
128
134
112
80
114
128
162
152
122
364
384
378
394
390
372
388
376
388
372
390
380
388
386
382
380
380
390
362
390
394
402
390
392
386
370
386
386
394
378
386
376
392
376
378
380
384
356
380
390
372
388
372
380
384
382
380
386
388
390
384
378
390
372
380
372
368
386
386
372
382
368
366
366
380
352
380
374
360
390
372
376
372
380
372
376
350
370
366
332
342
352
356
324
368
368
382
358
378
384
372
372
366
390
390
398
396
398
414
422
432
392
406
372
380
374
380
382
386
386
396
380
390
364
382
372
380
386
386
394
402
392
382
400
398
398
390
398
394
390
390
398
394
390
380
392
376
394
366
370
370
372
382
362
368
360
350
350
130
108
208
262
210
168
106
110
226
124
124
134
122
356
384
378
376
376
372
376
390
382
384
388
392
380
384
386
386
386
380
366
378
392
380
382
386
378
380
366
382
368
374
380
390
388
392
382
402
392
390
392
376
372
384
386
384
388
398
364
376
378
390
380
372
390
372
386
360
380
368
390
368
376
372
364
368
372
376
376
368
362
350
354
368
360
372
380
356
356
338
352
374
358
320
366
362
304
364
372
368
368
372
370
372
368
370
380
394
396
396
398
412
412
398
396
380
376
372
362
360
390
368
380
376
406
384
386
382
384
380
392
382
394
398
390
392
394
388
380
394
386
396
394
394
390
394
372
394
384
388
390
380
366
372
364
372
364
352
364
350
166
196
256
302
278
148
146
100
200
142
186
134
126
360
380
380
376
388
372
392
380
336
308
314
380
384
362
356
372
370
380
374
382
392
398
386
392
376
372
384
388
376
376
372
394
390
386
386
386
386
390
380
380
392
370
386
382
384
382
394
376
392
384
398
378
382
388
374
382
380
370
390
376
370
360
368
364
356
368
374
368
370
356
348
360
372
368
378
368
354
336
338
372
368
354
316
366
350
298
376
372
378
376
364
364
382
370
390
376
398
398
408
394
398
398
390
368
364
368
368
372
382
372
366
384
370
386
368
390
382
372
378
394
390
384
408
404
394
390
394
382
398
398
378
400
396
372
382
390
388
380
386
394
368
366
378
364
370
370
352
346
152
300
382
352
230
220
138
118
192
120
118
180
162
364
382
382
378
368
402
386
386
390
386
390
390
366
316
272
392
390
380
400
402
398
382
374
382
382
382
398
376
382
372
372
384
394
372
382
384
386
390
380
358
398
368
388
398
402
388
380
378
372
376
394
382
402
390
380
396
376
378
366
376
364
360
368
380
368
364
360
364
368
366
356
360
360
364
342
356
368
356
308
312
364
352
316
302
362
292
292
374
372
380
372
360
372
374
388
390
382
382
400
392
394
374
380
374
382
382
376
372
390
356
374
378
372
370
390
376
372
386
382
364
394
390
390
398
386
396
390
386
394
388
388
402
376
368
392
384
382
376
382
382
380
380
376
368
358
370
360
356
188
294
340
374
200
196
150
130
192
134
168
194
172
364
394
394
382
390
378
378
354
376
384
394
388
386
394
380
390
382
386
392
410
392
376
392
382
366
384
390
376
388
390
384
384
380
372
382
386
364
372
384
386
372
396
384
384
386
384
390
392
372
380
380
382
360
384
380
376
364
360
360
354
352
364
366
360
364
364
356
356
352
372
352
368
366
344
352
344
312
360
360
362
242
360
344
340
264
360
190
318
360
356
360
372
368
372
392
376
406
396
406
402
364
374
374
368
364
368
360
372
370
360
384
376
380
368
382
376
386
382
380
394
382
386
376
378
364
378
388
380
386
400
384
398
394
382
390
392
398
390
388
370
356
376
364
356
370
366
356
356
206
210
266
364
180
218
150
142
180
114
220
158
148
374
374
392
366
376
384
370
384
382
384
376
388
386
386
396
388
394
402
390
370
388
394
388
390
398
372
390
372
376
386
390
380
388
384
390
398
386
386
376
376
380
380
394
396
382
370
372
372
394
372
372
374
360
372
376
358
376
352
346
356
372
374
360
352
366
360
376
354
350
364
364
348
366
340
358
320
360
320
360
356
352
292
340
354
284
356
328
294
346
376
356
374
388
378
390
392
388
394
376
390
362
364
354
382
392
372
380
372
360
382
386
382
368
376
380
352
372
368
376
382
372
382
376
382
388
372
386
372
386
384
394
382
394
384
386
378
386
368
376
372
392
380
362
382
360
360
352
290
212
166
172
264
210
194
190
146
126
118
134
122
166
356
376
390
374
382
382
386
380
382
386
402
394
380
376
382
382
378
378
390
380
384
376
398
388
402
384
366
368
390
376
384
376
388
368
382
386
374
380
382
392
380
394
380
376
382
382
386
376
362
382
382
364
372
382
378
352
360
372
368
356
360
360
366
368
344
356
340
342
348
350
340
352
364
340
360
344
350
304
292
348
352
356
286
360
344
294
362
302
290
362
358
356
360
376
386
386
382
396
386
382
368
360
382
394
376
360
368
372
396
364
388
384
380
378
380
382
376
366
376
386
382
386
380
398
374
388
394
384
392
372
390
396
390
384
386
386
382
388
390
390
378
382
376
382
386
382
368
356
266
222
240
234
294
254
214
172
140
126
200
118
142
350
382
388
380
386
368
368
386
384
382
380
388
386
374
372
386
376
386
386
394
388
368
380
382
386
374
382
390
392
384
386
384
376
384
394
378
386
392
394
384
380
380
394
368
380
382
380
380
380
368
378
368
368
368
368
376
376
356
352
370
374
360
360
364
356
364
344
344
356
360
350
346
352
342
322
352
360
340
288
296
358
348
342
270
360
340
198
354
254
290
332
342
378
376
382
390
380
394
378
362
366
368
382
368
376
352
372
376
376
372
364
366
372
382
368
372
376
394
376
386
382
360
382
382
398
376
394
390
372
398
406
374
376
380
386
376
390
384
398
390
354
368
380
384
374
372
372
366
290
310
338
306
356
284
290
206
250
156
150
140
266
352
384
382
394
386
368
372
376
386
390
382
382
394
392
384
378
386
398
372
372
396
372
386
376
376
388
372
382
378
256
390
376
386
384
388
382
380
390
378
390
394
388
376
390
376
382
364
376
376
370
364
372
358
366
360
360
356
360
352
356
352
362
340
350
364
352
348
334
356
352
356
350
332
328
330
304
340
352
352
342
314
354
340
336
238
356
330
328
344
302
310
364
382
384
382
382
376
382
394
372
364
390
360
356
372
372
382
368
382
352
380
376
374
364
368
394
392
376
380
372
372
372
386
392
390
386
390
394
384
400
384
404
394
388
400
372
392
372
380
384
376
366
384
370
380
376
356
380
312
338
410
366
358
300
286
256
248
148
188
158
298
346
384
398
382
394
378
376
394
386
360
360
368
330
380
386
386
384
384
382
380
388
386
394
380
384
368
376
372
376
368
386
376
376
370
364
378
368
360
386
384
398
376
356
386
358
376
376
354
388
364
360
352
350
360
352
360
346
336
344
364
356
334
358
346
340
344
352
354
352
338
332
330
340
350
332
320
260
292
348
330
346
260
348
354
330
306
354
274
348
260
264
346
376
364
376
382
392
398
380
376
384
368
372
360
368
344
360
368
368
362
378
376
360
388
386
386
388
378
376
390
390
388
376
394
372
390
398
392
402
390
400
392
394
384
394
380
368
386
392
386
376
380
372
384
380
376
360
372
320
354
480
386
378
348
344
308
272
220
190
170
340
364
390
374
382
386
384
376
372
384
364
344
332
324
338
318
384
368
390
376
390
376
368
368
370
368
296
372
366
360
368
368
376
370
376
372
394
384
372
366
380
368
362
368
356
376
366
356
360
356
360
350
360
360
348
352
340
344
340
340
340
346
332
340
336
344
350
344
346
320
316
324
332
312
322
338
332
338
312
272
336
348
338
210
346
342
322
326
340
232
342
302
232
364
280
392
374
388
368
354
382
390
376
376
372
374
372
364
368
372
344
370
376
356
356
368
390
352
382
388
372
368
382
392
380
394
396
396
394
376
376
390
382
390
400
378
384
378
392
384
392
376
382
366
382
376
368
370
368
336
368
490
402
410
420
408
370
322
294
200
184
372
388
368
380
390
380
382
382
390
372
374
352
340
332
334
332
334
312
344
372
374
380
382
364
372
366
372
282
390
356
372
364
382
364
368
376
366
378
386
376
364
358
360
360
360
364
368
352
364
356
344
360
348
328
336
338
344
328
332
332
300
340
324
320
336
332
332
334
324
322
332
316
330
330
288
230
302
330
338
330
234
252
338
328
216
346
328
304
352
334
314
260
256
310
372
356
376
396
372
378
380
386
368
372
374
368
344
362
372
366
356
380
380
356
378
372
382
368
386
378
382
372
390
378
386
374
382
392
388
402
392
376
392
392
402
396
374
392
394
392
384
306
388
384
384
372
378
368
380
340
356
288
436
444
444
458
448
408
368
226
212
368
368
372
386
368
384
378
384
382
382
360
358
348
362
324
334
358
334
330
332
290
356
368
374
368
372
374
302
368
352
378
350
356
356
352
360
362
360
352
360
348
344
360
368
348
346
324
340
348
336
340
348
334
312
324
330
328
338
328
316
320
320
320
316
332
324
324
324
310
324
286
296
284
312
320
326
306
270
266
316
336
314
240
304
324
308
298
328
278
326
272
318
220
196
254
350
354
360
370
378
372
376
352
368
352
360
360
354
372
368
368
378
388
376
378
352
356
366
390
382
366
390
374
386
392
396
394
390
396
392
406
388
390
402
398
388
398
394
376
376
384
384
384
398
380
378
366
376
374
314
374
328
458
444
464
484
466
406
400
244
194
386
378
372
394
386
384
376
382
388
368
378
372
386
344
350
336
342
350
316
330
314
318
318
368
346
376
350
356
282
364
364
350
340
348
364
348
338
338
350
340
348
332
336
314
336
348
336
314
322
312
308
332
316
314
322
310
312
326
294
310
318
316
320
324
332
316
320
298
308
328
322
318
316
322
270
252
280
312
306
318
198
306
312
308
182
284
300
222
226
162
206
204
170
144
98
52
128
134
188
234
284
290
292
280
284
312
302
298
300
328
338
358
348
352
372
368
368
368
368
352
386
382
382
386
368
386
388
384
386
402
380
394
398
370
380
402
396
386
390
380
384
378
398
368
380
382
372
364
372
308
362
410
446
434
480
484
484
462
462
234
226
380
382
378
390
388
364
386
376
388
386
380
386
358
332
338
352
348
322
328
340
318
300
236
306
312
354
350
328
232
324
340
350
356
354
338
340
344
332
328
338
332
344
330
328
304
312
298
306
314
220
242
260
286
322
302
316
296
310
302
310
316
318
298
302
326
320
316
290
302
286
270
258
228
196
234
308
318
292
250
240
264
276
190
172
138
124
112
66
50
76
92
92
94
48
12
0
12
58
64
80
92
80
88
76
88
118
100
104
114
74
100
80
92
100
114
200
126
142
146
150
184
204
214
226
328
360
396
386
372
388
396
382
380
392
390
380
380
388
390
388
390
390
376
392
376
390
372
362
356
296
370
382
436
456
460
480
494
466
468
222
226
400
378
380
390
382
364
380
378
384
376
400
382
368
330
342
330
332
316
348
292
338
304
304
264
262
310
264
330
308
286
350
324
344
334
336
320
326
314
322
300
322
312
312
294
306
298
292
308
310
328
302
310
306
308
306
296
288
298
290
310
310
306
302
306
304
316
312
294
300
286
290
290
288
284
258
258
262
268
212
112
96
4
0
0
10
0
82
0
0
22
2
4
4
0
0
0
0
26
32
36
40
66
70
56
60
52
72
50
64
26
76
88
60
56
78
60
96
120
84
60
92
108
104
124
104
108
138
166
172
176
244
376
388
388
384
390
388
386
372
382
368
382
376
376
388
386
370
368
320
304
362
406
440
388
458
382
450
432
454
202
220
394
394
396
380
394
372
380
380
364
392
372
362
372
352
344
338
358
336
296
304
308
338
322
292
286
288
256
274
252
278
280
328
326
320
326
310
320
320
316
324
302
312
294
310
294
290
298
300
298
304
304
294
294
274
294
298
290
278
306
294
300
296
290
298
302
290
294
264
242
236
242
238
164
144
150
110
118
142
84
18
0
0
0
0
0
0
0
18
4
8
20
14
6
2
40
6
36
26
74
40
118
36
88
68
18
46
20
38
58
70
78
60
72
60
24
76
56
80
94
82
60
60
56
88
76
48
104
94
108
126
108
138
112
154
178
328
376
372
372
382
380
372
390
386
366
364
362
372
340
294
304
402
472
478
438
448
440
342
366
208
194
398
388
390
396
390
386
382
394
384
372
368
382
378
352
342
312
336
338
330
304
330
296
338
264
276
296
244
282
254
252
274
210
262
262
320
324
324
314
316
312
290
302
302
298
286
296
278
282
306
290
274
286
278
296
274
274
288
272
274
282
254
188
148
100
74
88
82
64
68
38
26
44
44
52
30
30
34
34
4
2
138
10
0
58
0
0
4
42
10
56
0
2
28
16
12
26
60
84
38
60
94
62
88
82
142
56
94
54
150
48
132
108
76
50
40
52
60
80
178
68
50
80
80
126
60
12
60
72
60
58
40
68
82
100
146
112
134
190
268
372
352
360
376
394
386
372
368
394
382
392
394
382
374
336
336
350
400
366
478
200
164
366
386
402
372
382
382
354
384
386
380
376
378
368
374
348
348
334
338
332
344
328
272
316
272
288
296
256
274
240
262
244
266
250
254
228
232
244
288
290
294
292
282
290
286
286
274
278
276
260
278
254
254
196
144
150
94
90
36
54
56
70
56
46
22
50
40
38
62
62
44
52
50
90
30
10
16
4
18
10
22
30
110
166
0
26
10
58
64
132
164
28
50
186
32
6
14
200
148
18
20
34
190
60
32
72
84
176
162
44
36
52
110
70
190
64
132
228
40
52
28
58
62
130
90
30
110
164
94
60
50
34
40
64
64
40
88
122
126
126
156
182
190
232
366
382
382
368
366
424
362
346
298
290
292
308
326
366
390
232
198
142
380
410
386
384
382
382
394
382
378
376
382
386
380
364
366
352
338
342
332
334
304
300
300
300
288
282
296
276
292
238
208
232
222
194
186
136
136
92
138
38
24
78
118
130
124
92
94
60
58
52
36
40
36
18
44
22
16
22
0
18
34
48
68
34
34
12
34
26
44
30
32
32
30
22
36
4
66
30
64
20
54
166
24
24
70
130
102
88
130
10
34
110
14
58
10
6
78
18
16
14
226
184
110
62
146
146
120
48
164
52
22
160
172
38
28
190
182
36
192
222
86
76
118
206
0
22
54
100
130
134
18
36
64
110
50
22
96
82
86
114
110
96
122
144
162
178
256
368
454
480
500
472
480
474
454
450
460
504
270
228
234
402
390
386
394
388
376
384
388
386
368
364
380
360
376
368
356
356
348
326
342
338
328
318
290
290
296
264
264
272
254
270
224
128
162
134
118
90
72
30
88
60
52
80
40
40
56
24
52
52
54
52
48
44
28
54
0
10
126
22
40
50
18
6
10
10
42
34
52
44
42
0
34
22
104
0
30
84
26
20
62
60
28
48
164
76
210
72
52
66
176
246
176
72
172
130
114
126
176
42
200
170
52
10
110
170
72
52
194
52
154
146
76
54
126
198
30
64
60
114
56
44
122
44
30
76
118
82
30
174
58
138
56
44
0
50
36
40
32
26
50
88
94
116
100
72
72
108
142
138
146
318
480
502
506
504
500
506
504
238
228
262
406
402
376
394
376
276
224
368
386
370
368
370
364
356
360
356
354
316
324
298
304
294
270
268
272
250
286
282
266
264
250
250
196
134
176
212
182
110
86
72
58
100
82
80
84
58
78
60
32
56
40
22
34
38
20
38
22
30
98
76
42
30
30
0
88
56
12
36
64
84
44
20
56
60
88
66
116
98
72
106
76
108
142
138
132
52
92
100
150
190
88
262
198
60
76
158
112
92
158
112
114
176
254
70
114
154
126
170
122
84
106
110
76
202
94
296
298
110
130
124
174
168
138
72
88
158
108
134
72
122
106
40
50
48
46
52
46
72
76
56
60
108
122
96
82
80
90
122
100
124
126
154
192
292
376
332
346
454
320
206
332
382
380
386
388
388
376
390
384
376
388
384
352
358
356
368
368
352
344
328
308
258
288
276
252
268
300
284
280
278
214
236
170
210
54
172
114
82
78
72
82
52
128
126
82
76
80
24
52
60
38
70
34
68
78
58
56
60
80
90
114
86
38
90
42
68
82
68
70
118
44
126
58
82
64
102
118
86
114
122
126
86
106
122
116
184
218
174
176
160
188
236
222
148
246
154
176
202
222
138
146
118
98
198
144
296
260
180
176
182
68
246
190
118
50
90
98
102
242
210
150
190
246
142
132
198
148
180
226
206
128
64
36
34
70
0
12
38
90
86
76
80
38
58
56
72
104
132
102
134
130
142
142
166
150
180
254
322
412
232
280
332
376
394
380
370
362
384
376
380
388
368
368
372
370
354
362
360
340
348
348
328
334
320
316
300
304
292
282
276
268
240
190
132
134
64
188
56
40
102
114
32
12
26
54
40
66
24
48
52
38
48
48
26
76
20
60
86
108
118
72
136
98
106
158
100
110
30
74
132
122
142
84
146
84
214
184
196
238
170
266
162
142
108
254
154
202
226
216
132
192
230
180
230
224
214
200
234
184
148
112
196
292
114
250
232
202
252
248
198
258
86
168
204
198
198
186
170
154
158
168
188
260
168
154
138
246
198
182
140
198
112
140
140
130
184
130
142
22
172
168
162
184
160
94
48
28
58
84
138
130
130
122
188
130
198
144
134
184
432
256
238
398
394
410
378
396
366
394
394
386
354
348
364
354
360
340
368
360
360
344
330
312
320
304
324
308
308
290
274
276
268
246
192
134
140
72
16
0
38
54
76
106
46
80
58
100
122
48
152
84
76
118
28
30
80
106
126
134
144
110
154
174
186
168
158
184
148
140
138
146
120
146
130
8
74
186
224
180
196
180
196
180
140
152
108
128
144
182
222
168
178
174
254
122
188
210
218
174
144
208
234
212
150
188
222
222
234
188
206
228
160
182
234
172
168
192
212
108
80
258
222
178
254
180
150
102
196
198
196
164
116
232
148
242
60
76
52
0
24
132
312
344
286
130
48
280
210
176
146
186
180
152
166
180
150
88
96
128
174
182
244
176
360
386
398
380
376
392
380
376
390
368
360
364
364
368
360
356
352
324
308
298
296
270
260
244
198
196
222
180
196
226
212
122
134
124
4
110
58
6
22
94
66
44
24
92
96
118
60
138
110
86
110
66
64
134
90
180
168
126
168
162
168
156
148
176
172
180
198
154
196
148
86
160
152
180
214
230
164
178
216
214
188
122
126
210
178
196
198
116
84
208
168
128
206
210
206
164
142
218
208
168
166
188
146
230
206
162
234
132
120
150
26
150
156
166
210
164
140
164
142
168
160
210
164
96
210
210
216
196
182
42
134
188
246
290
142
100
0
4
162
408
312
210
272
250
412
0
0
78
216
244
196
184
162
144
104
100
126
130
134
188
256
390
382
394
400
390
376
386
388
372
372
364
368
366
356
360
340
330
314
298
294
266
254
242
258
194
226
246
214
192
168
214
118
128
106
80
164
114
8
68
86
84
44
142
138
150
136
122
168
134
146
140
170
92
106
186
136
200
130
158
102
132
164
180
244
166
222
178
228
158
130
168
216
232
126
218
130
160
230
230
234
232
182
218
220
230
244
256
234
258
216
228
204
182
184
194
192
202
212
160
232
208
202
168
224
184
258
196
258
202
222
158
304
354
134
256
212
358
206
398
118
262
244
196
204
296
154
302
92
176
60
44
154
192
152
126
130
10
26
234
358
322
132
168
156
490
0
0
0
242
236
170
182
112
114
148
124
148
154
132
162
192
286
394
398
390
386
386
378
370
368
372
352
354
360
340
350
314
278
276
300
272
268
210
180
198
248
248
200
160
232
190
182
140
132
92
82
172
188
162
126
140
68
74
52
138
166
154
194
110
142
198
184
196
186
156
144
162
182
166
144
106
150
138
144
182
146
150
166
176
184
132
200
182
146
218
184
32
0
172
156
238
246
218
186
216
222
234
220
232
174
212
172
216
246
296
228
216
282
138
200
298
258
196
296
222
212
244
296
224
184
372
332
312
340
286
420
300
304
308
310
412
398
324
282
336
366
350
242
264
172
50
126
174
192
218
148
214
156
178
160
350
408
326
200
104
282
452
496
460
294
170
146
154
194
148
166
166
116
120
88
220
236
266
386
398
388
380
394
380
378
362
360
352
364
332
312
306
262
304
284
276
272
218
238
244
252
232
174
176
168
220
158
190
156
110
94
122
200
222
206
214
174
166
104
156
192
206
222
204
196
180
206
198
230
188
238
218
162
224
220
154
230
186
208
230
174
220
192
198
222
178
206
208
138
170
180
192
180
138
188
208
210
202
220
192
216
204
192
182
174
228
200
228
242
228
278
262
274
224
230
304
306
294
258
292
256
298
296
292
264
310
292
386
372
436
374
460
420
442
476
434
390
416
358
368
352
248
296
282
228
196
154
272
372
318
304
292
254
206
206
148
310
444
448
290
164
110
60
94
130
92
184
216
230
234
236
228
256
236
138
204
246
294
342
388
406
388
390
370
378
366
372
364
348
302
280
282
280
288
264
252
242
226
248
292
252
226
214
204
232
194
184
194
154
170
174
118
190
232
216
230
212
154
186
212
232
224
220
218
236
210
212
226
220
240
208
212
232
224
224
228
230
212
194
232
210
200
202
168
240
166
208
240
216
220
190
204
182
218
200
186
182
194
204
210
208
206
196
216
214
204
192
248
196
240
254
238
238
270
216
288
240
302
316
250
304
294
368
324
320
300
366
352
394
362
332
390
392
372
412
474
350
408
374
406
324
300
296
268
224
98
18
162
382
456
306
366
302
204
216
210
222
280
328
354
260
240
192
132
166
206
184
178
220
258
274
342
324
312
300
268
308
332
366
390
390
410
378
370
382
364
370
376
364
348
328
330
308
316
300
280
246
230
264
288
234
208
206
234
224
174
228
202
226
166
162
200
240
256
244
246
236
262
274
272
290
282
296
282
286
286
282
282
290
288
274
284
292
270
268
262
268
258
248
268
242
272
320
330
286
314
246
294
216
270
222
214
230
220
176
182
190
178
176
204
180
222
232
244
216
232
214
232
270
232
254
230
286
270
86
204
298
294
312
264
306
332
266
310
250
350
266
348
344
368
366
352
394
396
358
346
316
350
406
374
340
328
278
294
226
182
102
78
134
224
332
404
378
288
302
274
250
236
358
482
428
348
460
276
214
210
216
218
274
264
334
292
342
336
334
348
366
380
386
274
406
390
398
366
384
376
384
358
356
328
302
266
282
256
212
284
296
272
218
252
268
232
232
232
234
194
256
216
208
238
220
242
250
282
288
300
294
314
308
320
320
320
320
308
310
322
322
324
306
324
312
316
332
332
334
312
314
316
306
326
324
330
308
304
294
242
242
250
268
242
248
328
240
244
296
212
208
216
266
220
208
240
262
228
240
250
232
216
248
238
264
222
238
250
256
274
290
280
296
288
312
244
306
334
286
282
302
332
270
254
264
152
312
336
318
394
352
324
306
364
392
376
328
266
234
190
142
94
102
196
212
358
414
446
400
360
334
302
302
316
454
484
328
264
252
284
276
306
298
300
336
342
414
338
348
356
378
412
426
416
324
404
394
394
358
382
366
372
354
350
310
270
242
284
260
250
260
272
294
236
262
258
226
208
260
214
160
252
194
252
248
292
320
332
318
328
336
334
338
338
338
324
336
326
346
346
344
338
344
352
342
340
334
348
334
344
332
330
348
350
322
322
318
296
266
264
268
268
264
244
248
238
260
266
248
254
268
358
350
400
296
256
268
264
272
266
248
280
288
274
282
306
294
272
272
258
264
256
284
286
286
272
320
286
302
302
290
328
306
294
270
278
310
338
294
336
320
314
384
360
382
314
294
310
294
252
210
198
176
182
208
302
356
324
364
442
396
368
378
358
364
352
422
372
324
430
434
498
496
450
458
428
348
364
382
392
396
432
432
438
436
414
408
352
320
374
370
376
330
306
318
282
266
230
280
288
214
234
238
242
228
254
264
216
182
252
248
222
302
324
340
326
330
342
360
348
352
354
342
352
356
344
352
352
350
330
354
352
360
342
352
348
334
354
342
338
346
362
362
358
356
356
332
320
320
296
264
292
286
280
268
252
252
274
278
296
298
304
302
304
300
296
292
298
266
276
286
288
312
296
280
282
264
270
270
264
250
256
274
318
270
282
300
272
286
276
260
296
294
282
290
286
282
312
292
322
282
322
324
346
354
318
330
332
328
330
300
248
214
262
280
342
378
328
334
344
366
334
416
434
396
490
396
360
376
360
426
466
450
404
376
372
368
402
452
438
452
422
478
446
448
466
462
402
390
408
378
356
358
344
328
310
274
234
238
236
230
192
226
232
190
176
250
216
274
286
272
270
268
246
176
192
216
158
150
84
100
146
110
154
134
148
144
184
218
224
218
204
202
214
170
216
294
356
320
342
382
400
400
384
326
218
220
226
278
280
282
280
284
296
290
296
296
314
308
324
404
386
406
402
384
366
356
334
334
330
340
320
318
320
304
284
290
292
290
268
260
272
270
250
258
302
334
322
302
318
268
338
312
326
322
288
356
342
370
342
350
362
340
346
330
326
322
318
312
284
292
294
216
318
344
344
354
364
358
358
344
370
366
326
328
382
404
408
412
400
400
398
382
366
314
336
458
418
418
446
446
476
450
450
464
462
472
494
480
464
440
354
368
378
384
400
400
300
362
358
378
388
358
354
340
352
332
386
394
396
400
412
332
354
416
410
356
390
374
354
292
328
294
224
276
300
326
344
362
298
404
412
414
406
410
406
406
424
402
408
398
394
398
394
386
400
402
408
408
424
402
438
436
384
396
392
394
378
380
390
396
322
286
380
386
388
366
370
358
330
336
338
336
322
330
340
298
314
250
322
340
284
312
328
324
332
376
476
476
476
482
478
444
478
488
474
478
470
458
422
410
404
394
394
330
350
304
304
318
248
294
266
284
440
306
470
504
504
432
424
460
424
434
436
450
488
472
462
482
332
472
468
444
424
382
374
368
352
338
366
436
430
456
480
496
474
410
474
496
474
478
462
352
356
344
380
386
376
384
378
408
406
410
374
274
398
402
422
432
422
444
430
430
446
460
440
448
460
396
472
470
442
388
338
344
336
386
382
436
428
452
474
474
362
466
462
444
444
434
464
452
458
458
460
270
202
462
462
452
422
444
432
442
440
444
452
442
462
458
458
454
462
446
438
468
452
454
418
350
358
328
338
324
348
340
304
330
336
330
290
342
340
462
488
474
492
484
496
490
490
492
468
476
476
460
462
474
492
464
468
390
406
360
388
312
342
292
310
270
240
400
274
334
364
384
358
446
484
450
392
384
398
402
448
434
450
480
460
438
424
430
274
478
454
488
490
450
408
448
426
422
430
476
480
410
486
504
468
462
456
444
476
468
406
436
442
434
412
430
432
426
438
440
432
430
402
400
402
410
418
434
422
436
390
452
442
454
446
454
438
446
460
450
442
438
426
414
446
442
454
470
266
478
354
450
462
470
462
460
452
468
464
458
344
464
454
440
458
452
458
340
340
444
458
432
430
452
424
450
446
460
466
450
436
392
452
450
466
456
478
462
380
358
336
340
332
350
352
360
360
368
374
436
466
484
498
482
488
494
494
492
488
484
370
490
416
484
484
382
352
410
398
386
316
326
338
298
256
266
284
308
302
344
402
378
410
334
444
502
470
384
376
394
400
410
414
432
452
434
436
448
462
424
436
444
460
458
480
464
484
428
456
454
488
476
470
464
438
390
504
504
486
458
470
434
444
426
430
426
422
418
410
412
422
420
428
382
394
428
420
414
444
426
406
430
406
428
452
454
452
430
450
436
428
450
436
448
454
438
456
440
448
466
458
460
458
454
444
444
458
456
456
464
458
468
478
464
436
456
434
442
448
450
452
452
450
440
444
436
440
424
444
452
444
468
468
458
448
466
432
468
476
458
414
432
448
450
446
426
430
350
374
402
472
468
484
486
482
476
472
490
466
480
488
486
480
396
484
484
456
412
310
320
300
302
292
262
260
294
248
284
312
300
306
286
302
292
266
340
350
328
280
302
286
306
288
308
362
356
356
336
336
320
310
328
318
330
420
420
432
446
458
426
426
426
456
424
458
432
448
454
474
470
472
490
406
412
414
404
418
398
408
398
394
406
404
376
396
402
416
400
412
384
392
398
402
388
414
416
432
420
424
424
424
410
400
380
392
408
432
404
414
448
448
458
426
434
440
440
436
458
456
444
448
444
424
424
446
436
424
400
386
372
338
328
290
272
242
250
218
220
224
236
236
212
238
232
248
258
262
268
286
286
266
270
290
300
286
240
274
270
284
262
234
266
262
276
280
290
290
274
282
284
304
282
298
284
272
302
314
338
336
318
326
300
302
286
244
286
300
330
324
302
252
270
250
250
278
256
324
332
286
274
316
302
304
286
278
316
316
336
360
342
340
310
318
334
338
382
330
402
414
444
468
474
468
454
442
464
434
448
442
468
434
440
478
304
322
334
360
372
348
332
304
302
328
306
322
328
344
336
294
264
274
252
228
260
344
286
304
298
238
236
252
258
266
274
328
288
300
300
292
330
244
284
270
270
274
270
262
244
260
232
254
260
260
256
250
230
242
224
294
286
234
224
236
212
224
212
208
204
216
242
250
270
294
286
306
320
336
322
302
292
302
274
264
242
276
268
244
282
270
250
274
252
284
288
286
290
282
300
286
296
276
294
282
278
286
298
324
344
360
354
360
338
332
338
350
364
378
402
408
366
388
348
356
376
344
370
352
410
418
378
344
394
402
398
410
398
372
368
400
376
376
344
404
430
406
390
396
388
360
388
410
414
406
436
442
446
440
430
434
428
446
454
450
376
320
348
378
328
316
316
298
294
334
310
326
360
386
340
310
356
296
370
402
302
370
418
462
428
340
328
246
230
290
344
344
386
364
358
350
342
436
510
444
348
304
338
348
320
294
274
300
278
298
298
318
324
290
400
398
436
446
460
322
296
278
370
334
330
338
392
392
376
398
352
464
380
288
352
290
296
348
394
402
336
340
300
330
324
364
350
432
396
368
368
354
358
400
334
390
380
390
376
418
376
408
386
406
374
376
394
378
396
388
382
394
470
434
438
418
416
384
408
430
462
342
422
424
452
444
398
446
432
474
398
394
390
484
414
504
472
464
430
410
454
506
508
464
480
490
508
500
480
470
454
498
498
460
476
468
478
500
472
504
480
468
