74
92
262
310
440
440
450
442
468
438
444
458
438
446
474
458
450
474
436
430
464
434
438
462
476
444
438
458
438
426
426
452
426
436
442
430
440
426
432
444
454
426
428
442
434
442
424
426
448
440
426
428
442
448
432
412
428
444
438
436
432
424
436
426
404
420
436
418
420
412
426
412
410
414
404
396
392
390
388
378
344
0
0
0
354
382
356
390
354
350
352
352
356
350
342
356
358
350
364
346
362
354
352
356
352
350
350
330
346
344
360
318
340
328
326
338
340
336
334
332
346
336
328
336
330
332
334
314
312
332
320
330
326
324
326
324
320
320
316
318
312
314
316
310
304
308
322
306
308
298
304
304
302
300
290
298
286
292
284
294
280
438
138
220
436
442
438
450
438
450
450
454
466
452
424
438
458
450
460
442
458
430
440
460
450
448
446
462
474
430
410
448
452
438
428
444
436
454
424
440
428
436
426
440
438
448
436
428
430
430
438
430
452
424
426
420
430
428
426
444
426
430
438
426
426
438
434
410
436
430
410
382
406
420
420
382
378
342
362
380
368
360
0
0
312
350
356
368
364
366
358
344
352
352
362
340
344
346
350
350
340
358
346
354
340
362
346
334
352
338
344
342
346
332
334
334
340
352
330
342
334
340
332
314
334
326
328
324
324
326
318
330
320
324
318
326
314
322
324
318
320
328
310
314
308
316
312
302
308
306
298
300
292
310
302
284
286
294
298
274
288
280
448
452
438
440
440
440
440
454
430
440
494
488
450
434
462
454
458
460
452
438
448
430
448
432
448
428
454
444
444
422
440
424
442
456
432
450
440
428
430
440
446
420
430
428
422
442
448
458
448
428
432
438
430
444
438
432
442
432
432
444
406
418
432
434
426
444
434
414
440
410
412
416
378
374
386
372
332
332
350
236
372
360
368
364
356
376
364
376
362
334
344
348
354
340
344
358
352
336
348
338
352
332
340
336
338
342
346
352
344
350
340
338
340
330
330
334
326
338
328
332
336
330
332
338
346
340
316
334
322
320
326
316
326
324
316
332
320
322
312
302
312
316
302
302
302
298
308
300
296
298
302
294
298
300
296
288
298
292
288
292
294
440
454
434
446
432
458
450
450
444
450
444
456
468
458
440
450
444
452
448
458
466
450
458
462
474
428
428
442
438
426
454
438
460
408
456
448
426
430
452
444
436
450
446
444
462
434
418
444
456
422
434
430
402
436
446
430
434
424
448
436
428
426
410
438
432
426
426
416
438
418
414
408
396
402
360
372
332
306
320
338
198
358
348
354
376
352
386
364
360
348
354
346
348
346
340
348
350
344
338
360
346
338
350
338
350
346
334
340
354
334
330
338
342
338
338
342
330
330
324
348
326
334
320
322
326
330
342
332
324
334
326
320
316
330
324
312
312
318
314
312
316
316
300
306
308
302
296
310
300
298
302
300
298
302
298
296
290
292
292
302
288
454
446
462
440
468
444
438
446
438
432
466
448
466
456
452
440
438
450
440
450
452
434
440
448
458
446
432
450
450
448
438
430
444
444
438
452
452
434
442
432
428
414
452
434
438
432
436
430
434
426
438
430
434
424
432
440
424
410
426
438
420
432
436
438
420
420
434
414
424
416
400
402
376
356
388
346
368
326
316
284
290
306
372
356
350
354
366
350
358
342
340
342
334
348
346
346
346
340
340
346
330
354
344
348
340
342
334
346
350
350
344
348
344
338
342
332
336
336
326
334
330
326
322
350
332
340
328
328
328
326
322
330
320
326
316
316
318
320
322
314
302
306
322
310
310
296
304
300
296
304
294
304
300
298
296
300
298
298
300
300
284
454
454
452
448
456
450
466
446
454
462
458
444
442
444
470
428
454
440
454
454
454
420
464
444
460
452
450
440
450
438
456
442
440
430
450
458
446
438
430
434
448
426
436
402
416
422
422
400
418
392
416
400
404
394
392
422
400
394
422
410
406
400
424
414
420
398
392
402
410
382
394
348
386
368
350
358
286
364
306
272
328
282
342
348
354
362
352
364
346
352
332
344
334
340
340
342
346
338
332
330
346
330
344
346
340
346
340
332
334
334
350
326
344
334
316
326
334
336
326
334
326
334
322
330
330
324
328
326
334
316
324
324
322
330
318
316
320
320
312
314
316
326
310
312
306
306
298
302
302
294
310
296
306
292
304
294
290
280
292
282
294
454
454
466
452
452
430
466
466
436
450
438
468
458
470
440
444
432
440
448
430
438
450
448
446
440
442
446
450
470
452
434
424
438
432
438
404
408
402
392
402
400
384
400
408
392
396
412
408
386
412
402
408
396
396
402
392
386
396
392
384
392
394
392
382
380
386
382
364
370
370
362
348
338
350
364
302
330
302
348
238
210
298
164
346
336
348
352
352
330
326
340
346
336
336
340
328
338
342
340
338
330
332
330
332
322
344
340
334
352
338
344
312
334
342
328
340
336
322
326
318
328
332
348
328
324
330
324
316
318
324
314
326
318
316
316
314
306
320
306
310
314
296
308
310
298
308
304
302
296
308
298
298
300
292
308
300
294
296
294
292
302
444
440
452
456
444
440
442
456
442
444
468
466
458
458
446
452
446
450
448
450
432
462
462
448
440
458
446
426
418
406
400
412
414
396
400
400
414
406
400
396
400
392
390
402
392
410
416
404
386
404
402
386
380
384
390
402
378
380
396
394
388
390
376
388
386
372
392
362
378
364
362
338
338
316
350
342
294
258
338
332
264
310
238
320
344
344
348
342
344
342
326
340
328
336
338
338
336
330
340
332
328
322
330
326
336
336
328
332
322
342
322
310
338
334
332
334
346
340
338
340
338
322
318
314
324
330
326
320
318
320
310
318
320
320
316
314
318
312
310
314
298
300
314
306
306
310
302
304
306
300
302
304
292
302
304
304
300
306
294
296
286
430
480
434
458
454
442
460
458
448
454
456
444
458
446
444
464
458
474
448
462
426
434
416
404
414
408
424
404
408
418
412
406
402
402
414
410
404
408
404
406
408
400
386
406
410
392
386
400
390
388
386
386
414
392
386
384
378
392
378
390
388
372
376
378
376
378
366
368
368
358
352
320
314
348
278
342
334
256
270
322
318
192
278
158
322
328
324
340
322
342
334
334
322
336
320
330
326
330
330
316
324
336
342
318
338
334
328
332
336
322
326
336
324
338
320
316
326
328
322
314
316
328
318
318
332
316
320
306
320
312
328
310
320
320
314
302
310
316
318
308
310
312
304
296
308
316
296
304
302
306
306
284
288
292
300
298
302
298
296
302
296
452
480
474
458
438
440
456
454
462
438
438
470
454
442
446
442
436
420
412
426
410
416
428
416
406
416
426
406
394
388
404
414
388
400
396
402
414
410
392
412
402
398
396
400
408
388
412
382
382
422
370
386
390
396
386
386
382
388
366
376
374
372
380
378
372
364
356
358
372
340
324
348
334
282
332
284
340
338
274
332
294
218
304
190
302
338
334
326
310
322
330
320
314
310
328
324
308
314
320
326
304
330
342
302
314
336
322
318
332
312
318
326
330
338
320
326
314
328
314
316
322
320
324
312
316
322
306
304
314
312
300
316
306
310
312
300
286
316
314
318
310
304
300
296
294
310
306
306
310
304
300
304
302
302
304
302
306
298
292
298
314
428
464
428
458
462
448
468
438
432
470
412
450
430
432
428
422
422
426
434
432
414
422
422
432
412
406
412
408
410
422
400
404
418
412
392
412
398
418
400
420
402
404
402
396
414
400
396
404
386
380
388
392
390
386
386
362
382
372
400
378
378
364
372
370
368
352
356
352
356
350
302
320
342
346
286
308
332
336
320
236
314
272
168
164
190
318
316
322
312
320
314
312
316
320
318
298
326
310
318
318
324
320
316
328
288
316
300
320
324
326
320
310
320
310
328
332
314
330
308
306
320
318
328
318
320
322
310
316
306
312
326
300
326
314
316
314
308
310
306
294
302
312
302
314
292
312
300
308
296
304
302
308
296
310
294
306
298
292
298
294
294
462
448
448
474
458
448
428
442
440
420
424
428
422
442
424
422
450
416
430
416
406
428
406
410
426
402
414
402
418
402
410
404
384
388
404
388
422
402
406
394
406
392
400
410
396
404
378
390
386
388
382
408
364
382
388
390
396
358
386
358
370
364
362
358
362
354
362
364
320
336
294
324
286
308
334
254
264
330
318
274
238
302
180
276
178
284
314
296
300
304
306
304
300
300
324
314
306
322
306
316
316
304
304
314
316
306
326
318
294
292
310
310
310
316
304
302
296
314
312
318
306
310
324
304
312
316
322
316
306
312
304
312
312
318
312
298
306
300
312
300
296
304
304
302
314
316
310
302
296
304
304
294
306
296
292
302
296
300
306
300
304
462
484
434
442
474
464
462
434
448
428
426
440
420
412
412
412
428
398
412
428
430
416
422
402
428
422
418
422
422
410
416
402
418
406
410
404
394
388
392
394
408
410
400
398
392
384
392
390
386
380
380
398
382
366
382
388
386
378
376
386
368
358
356
360
370
364
348
346
336
336
322
272
326
274
328
330
232
238
318
292
206
314
268
258
170
168
294
304
300
294
294
276
296
300
288
300
304
298
308
294
304
294
308
306
300
310
310
310
304
290
300
314
284
300
300
304
296
306
294
296
300
312
304
310
308
308
316
310
302
306
306
316
302
312
306
306
310
302
304
306
284
298
304
304
298
310
306
306
302
304
306
292
304
306
302
304
300
304
304
296
304
468
458
476
456
444
456
428
414
410
414
426
448
430
432
414
420
448
414
418
422
414
404
428
404
394
434
420
420
402
420
418
406
396
400
392
400
392
396
408
408
386
396
388
396
396
394
374
364
376
382
378
370
390
400
378
382
378
386
376
358
352
368
362
350
364
348
334
338
298
312
330
322
268
304
306
330
326
216
294
304
296
164
292
186
246
148
194
282
276
266
266
258
278
284
272
288
268
296
262
288
274
274
284
282
272
302
294
286
286
288
284
280
314
294
288
290
302
302
294
302
310
300
300
302
304
306
310
310
308
306
306
292
308
304
316
300
306
300
302
306
298
292
306
304
298
306
306
296
302
302
300
304
304
310
310
298
314
296
300
296
292
426
484
478
448
464
468
436
376
408
388
382
440
408
420
430
414
436
428
422
404
424
408
408
432
430
414
414
428
420
418
414
390
388
392
408
394
390
392
402
392
400
402
410
382
402
384
388
386
384
378
362
378
370
370
380
362
366
396
366
362
356
350
354
364
342
344
346
306
296
318
278
334
326
316
228
298
318
300
212
298
292
262
290
250
212
164
166
244
272
256
238
268
246
274
294
268
278
272
274
272
258
278
270
278
282
288
266
272
286
268
264
286
286
262
274
280
278
300
298
290
282
286
292
292
298
300
306
300
310
304
296
300
294
310
302
300
310
298
296
298
298
296
300
294
290
294
304
310
314
306
308
312
304
294
302
310
308
298
304
308
306
486
486
470
498
474
480
428
424
398
386
386
352
298
432
428
408
412
428
428
434
422
420
404
416
406
420
428
422
406
418
418
390
386
402
404
402
396
380
400
402
392
394
402
390
382
390
374
368
368
372
358
376
370
380
372
360
356
372
356
364
354
362
342
332
336
310
306
342
348
310
274
276
310
316
314
222
300
310
288
184
286
258
122
276
166
244
176
178
260
230
250
228
248
230
252
266
236
258
256
258
250
260
268
278
256
262
262
256
258
288
248
280
260
264
262
252
286
270
270
272
276
274
284
280
284
298
290
294
294
298
288
288
294
304
304
300
300
296
288
298
296
300
288
310
302
292
306
308
306
300
302
308
292
300
306
300
304
306
302
324
306
500
488
476
484
482
490
446
398
394
376
370
346
358
408
424
402
404
412
412
418
422
420
414
424
424
418
416
418
422
420
414
416
402
392
422
402
382
378
386
368
378
404
366
394
384
372
384
370
362
368
378
362
354
362
350
334
328
350
356
326
350
338
346
348
314
314
290
264
290
328
318
302
214
304
298
292
228
282
290
264
168
288
264
210
246
164
120
172
230
228
232
226
224
230
258
252
254
244
258
226
228
228
258
248
248
234
242
244
236
252
256
250
254
258
246
240
240
260
254
250
266
258
258
256
276
278
268
274
280
296
278
298
292
288
296
300
302
308
288
292
294
298
292
308
314
304
298
298
302
314
302
304
308
304
302
308
308
304
316
308
300
486
460
484
490
506
486
430
422
420
382
398
374
390
366
350
360
410
394
394
408
404
436
436
436
420
432
412
410
414
406
400
414
412
400
392
402
378
396
374
372
388
376
368
382
402
370
396
370
372
368
366
370
340
368
344
356
364
336
350
336
326
322
332
316
336
328
318
308
264
258
302
304
298
216
274
290
282
236
268
280
246
228
240
212
254
192
220
196
122
230
222
232
230
198
216
246
226
222
240
230
248
228
246
234
234
248
246
220
234
244
228
226
244
240
256
226
232
224
242
240
224
244
242
244
242
244
254
258
264
288
272
280
286
286
278
290
302
288
286
300
292
312
302
294
288
290
302
316
292
302
300
308
300
306
306
308
308
310
302
300
302
508
476
504
496
498
462
456
440
432
428
420
354
388
414
376
344
278
410
414
428
424
408
414
418
442
410
412
418
406
400
394
384
416
402
390
404
398
404
380
386
366
372
350
392
362
366
370
346
358
360
336
350
350
360
356
332
336
330
354
326
340
334
322
320
300
260
320
312
318
306
226
234
288
302
268
212
286
272
228
260
244
222
188
206
154
224
204
132
130
72
50
18
52
94
122
146
184
190
188
226
236
226
212
242
244
220
250
240
222
216
228
210
226
254
228
240
242
228
218
234
224
226
246
228
226
222
226
248
236
244
258
254
270
266
282
286
292
288
278
288
296
294
290
294
286
300
290
310
308
304
304
292
306
300
320
306
312
300
312
306
308
482
476
440
484
480
500
504
460
432
434
422
380
434
378
378
374
352
348
404
418
414
434
450
418
420
440
420
402
418
406
422
414
416
400
398
410
368
398
394
346
378
368
372
376
368
358
362
356
356
350
372
342
352
340
352
322
340
338
348
324
316
322
324
318
302
276
258
234
242
296
306
290
226
200
280
272
170
228
260
218
148
170
68
180
208
224
208
186
136
96
66
66
62
72
82
82
90
74
84
102
88
84
74
52
90
80
84
100
86
100
108
108
122
172
200
218
210
212
224
224
220
232
220
224
228
214
218
228
218
220
230
236
258
254
270
276
278
274
272
286
282
286
290
290
300
300
310
316
310
302
300
306
308
304
304
306
310
308
302
312
304
466
462
478
490
492
472
482
474
462
450
420
412
434
414
364
394
368
358
388
426
434
428
412
420
450
424
420
396
434
422
418
396
402
396
406
396
380
374
384
376
362
362
362
348
356
358
360
350
350
336
346
348
338
348
354
324
328
326
328
312
332
314
298
292
306
304
304
308
302
274
180
222
286
276
222
158
178
156
132
156
154
156
162
150
158
156
154
118
116
98
108
92
82
74
74
72
96
128
84
102
86
94
84
66
74
94
90
82
72
78
74
66
92
76
70
90
64
74
94
96
144
186
214
220
216
204
220
224
226
228
212
220
210
224
244
254
268
264
270
270
278
280
282
286
292
286
292
288
300
302
300
314
310
306
316
316
308
308
314
318
316
490
464
496
510
484
506
506
490
484
438
448
424
448
430
382
430
438
382
378
392
434
430
442
426
426
418
426
412
414
408
388
390
390
398
400
400
392
376
378
368
374
354
332
352
362
350
350
352
342
322
350
320
342
356
322
330
332
316
334
318
320
326
312
310
312
290
270
230
202
166
218
246
244
168
176
194
140
154
130
134
114
102
108
98
182
102
132
122
108
72
90
90
114
106
104
90
72
90
72
80
116
114
90
116
100
74
82
112
100
80
72
78
84
72
66
72
66
52
64
46
60
84
90
80
76
86
156
196
204
220
200
202
216
214
216
226
224
240
246
256
248
272
278
274
284
302
288
296
294
296
304
310
302
294
312
298
306
320
316
310
314
508
502
494
504
486
496
488
496
484
472
460
444
424
410
454
426
394
430
408
394
402
316
434
420
424
428
438
400
418
414
398
440
454
416
414
398
384
360
366
386
362
376
352
350
332
336
350
346
336
340
328
326
322
324
300
312
324
316
310
314
292
308
318
322
308
306
306
300
298
234
232
200
186
146
136
120
88
108
114
116
136
172
120
112
152
144
146
116
140
116
84
54
114
98
118
74
82
86
82
88
102
64
90
92
66
72
52
76
78
62
38
64
82
56
52
56
70
74
72
56
52
66
66
50
46
50
70
72
80
76
166
198
186
190
192
212
206
242
226
224
236
248
250
272
262
280
284
286
300
294
298
300
300
304
314
308
314
316
318
316
320
478
490
506
494
510
506
482
494
504
470
456
468
478
436
434
414
446
448
418
408
400
396
298
426
434
480
454
454
440
476
444
456
446
466
440
418
426
394
404
368
372
360
350
344
334
342
334
338
328
340
304
322
332
328
324
328
330
334
350
326
362
354
260
166
144
146
136
106
138
100
110
82
146
138
100
130
132
106
122
120
104
120
96
116
134
166
142
120
114
100
100
92
74
104
92
80
84
74
60
64
74
70
52
92
96
52
60
52
52
32
44
68
32
48
34
78
64
66
72
36
24
50
58
58
52
34
42
46
74
48
68
62
78
172
184
178
194
202
224
204
216
230
236
250
264
250
278
278
278
288
296
294
306
304
300
310
312
310
320
324
320
500
496
490
454
464
490
510
506
502
466
506
488
480
466
458
468
428
444
440
426
428
366
352
382
380
400
470
462
458
474
440
448
446
434
424
406
410
374
376
358
404
364
346
344
358
338
382
366
398
388
374
366
380
350
212
174
142
166
136
138
146
124
136
152
148
132
172
120
124
118
154
132
132
130
116
116
94
148
108
76
132
106
116
98
106
146
134
134
116
96
76
82
98
110
110
96
78
68
62
102
102
58
56
58
72
62
118
84
56
44
44
34
58
42
46
50
30
28
74
32
16
24
24
54
22
30
16
24
28
22
26
18
40
26
56
122
180
176
208
182
194
208
202
222
240
238
246
268
266
280
276
288
296
292
302
310
312
328
318
324
326
470
490
500
508
474
478
498
506
492
506
506
496
492
476
470
466
456
474
456
434
434
386
360
294
342
370
364
400
444
430
442
476
404
442
450
384
366
378
386
384
414
384
384
396
388
388
300
210
116
142
138
154
148
84
128
122
128
126
108
126
136
132
132
148
154
122
210
168
146
144
142
158
138
144
142
136
104
102
118
148
122
118
122
108
116
168
158
120
120
104
98
90
178
136
82
104
104
96
102
96
78
54
52
62
54
62
76
76
96
52
44
78
34
42
46
38
24
42
26
84
8
6
34
80
8
12
22
26
6
12
4
4
32
10
28
46
64
108
184
174
182
178
178
200
222
210
228
230
248
252
264
270
280
300
304
306
320
314
324
328
314
510
490
484
492
492
510
494
490
502
510
510
506
496
476
468
484
488
444
464
462
446
410
364
374
360
356
398
386
358
368
412
426
390
396
410
392
414
414
404
354
254
180
178
148
156
128
164
130
112
158
138
120
148
112
118
142
116
112
140
144
118
122
128
130
142
190
152
130
132
132
134
150
136
122
156
110
132
158
106
156
164
172
174
134
154
220
150
156
166
134
148
138
110
148
118
138
150
170
134
182
114
72
88
120
86
122
88
100
88
96
86
104
116
64
76
80
126
46
38
122
18
20
54
10
12
0
10
36
58
18
0
18
0
44
6
6
6
56
56
84
102
168
170
182
196
192
194
204
220
234
248
264
264
278
278
300
304
318
320
322
330
496
510
510
476
494
494
500
498
504
510
502
508
506
492
446
468
444
458
480
432
458
430
412
384
374
370
332
270
274
246
238
210
176
190
164
204
184
170
180
136
174
142
174
118
140
138
116
150
128
138
134
106
180
150
134
126
114
122
160
166
132
104
112
158
114
172
142
130
146
128
140
184
196
134
162
130
124
164
124
146
138
128
124
118
166
124
176
140
132
130
122
66
130
78
100
126
102
92
92
86
64
78
46
44
104
40
60
58
70
48
50
68
12
36
68
46
12
0
102
56
76
60
102
84
28
44
2
86
30
88
0
24
0
16
0
0
0
34
38
56
82
82
80
144
172
188
176
208
196
204
220
234
256
278
286
290
306
310
320
326
334
488
506
498
488
480
492
480
504
506
484
500
510
502
496
478
450
472
478
470
450
416
440
432
448
418
380
376
292
278
236
210
224
222
216
172
184
200
140
180
182
198
184
150
170
164
152
154
142
162
150
144
122
140
134
136
162
146
138
214
142
168
124
124
150
158
160
154
102
130
124
112
152
120
124
102
80
110
116
144
104
132
162
134
152
136
168
154
132
142
130
166
140
122
96
134
128
122
118
122
104
80
84
98
68
60
74
58
56
114
56
60
58
54
50
40
42
80
2
6
80
0
54
40
38
64
74
20
72
112
44
132
20
30
0
12
0
0
0
4
32
34
26
64
74
70
98
180
170
180
176
202
206
238
254
268
278
284
314
328
326
330
484
508
508
510
476
504
478
480
506
488
486
504
502
498
500
472
420
444
404
458
480
452
452
410
404
438
404
368
330
272
264
228
174
178
178
176
194
186
194
178
180
166
172
146
168
188
172
204
206
178
204
188
180
204
136
154
184
148
128
136
136
102
124
92
122
148
154
156
162
134
170
142
162
138
92
136
136
138
174
162
164
130
172
168
164
180
152
152
136
138
140
162
130
116
116
120
132
116
102
98
124
82
102
66
102
46
90
142
60
80
72
50
46
64
76
64
36
78
38
54
56
80
32
96
16
40
92
102
34
100
88
26
62
6
0
4
2
0
0
6
4
4
52
30
42
68
44
72
140
170
180
190
204
240
244
264
290
306
320
324
336
478
506
488
490
496
506
510
488
484
454
506
486
504
478
468
476
454
400
432
488
476
402
460
370
440
444
462
342
432
380
286
300
258
216
230
240
206
232
226
222
214
250
230
200
214
190
190
190
166
178
152
184
206
172
208
194
160
188
206
168
168
150
178
178
160
184
174
152
168
146
150
176
166
170
174
154
114
144
162
182
164
182
174
176
186
172
156
142
148
164
148
142
150
140
124
130
122
94
114
124
100
154
136
88
78
68
62
42
72
54
78
106
58
134
52
70
26
52
66
122
46
80
52
66
122
154
76
76
152
48
24
46
8
8
4
58
50
0
0
36
18
0
6
0
26
4
62
50
64
52
76
174
168
202
226
252
274
300
324
324
334
500
486
506
496
502
480
474
472
462
468
470
506
486
498
460
460
454
486
472
480
390
428
442
364
380
448
442
348
378
400
334
338
340
288
232
192
214
222
200
204
224
206
224
258
192
216
212
218
228
194
208
226
202
192
184
218
210
164
196
208
164
172
150
206
186
162
174
150
150
170
124
164
158
196
170
182
170
162
180
174
178
168
198
192
168
158
142
148
132
136
150
124
156
138
142
118
90
114
102
112
96
94
110
84
88
108
40
78
80
80
70
78
58
76
72
74
88
48
60
76
58
72
90
44
72
68
88
90
100
74
54
32
134
88
32
78
54
56
58
106
60
66
44
4
8
44
44
58
44
72
68
44
70
144
192
224
250
288
304
324
330
500
492
482
510
494
506
482
504
504
504
508
494
504
476
470
444
436
356
440
374
388
336
324
390
392
442
408
288
294
384
330
338
334
142
204
172
268
254
262
284
180
206
238
232
258
260
202
216
220
236
228
240
234
200
196
162
172
194
220
194
202
192
190
204
204
140
186
162
182
180
202
180
194
156
176
162
140
170
178
160
202
204
214
210
174
176
130
140
136
158
118
132
106
130
118
104
92
106
86
122
104
94
104
78
92
86
58
98
144
98
44
82
62
74
60
94
56
60
82
36
68
120
46
70
86
92
122
70
96
152
58
94
88
64
110
36
50
56
48
10
176
94
102
6
62
72
10
6
0
38
48
22
20
104
62
202
242
274
294
308
316
496
502
486
464
506
474
478
498
474
462
496
464
466
464
458
458
382
408
390
462
470
470
458
448
424
404
368
354
270
352
296
326
290
86
194
86
172
300
254
262
262
256
258
274
284
252
210
250
254
240
242
228
246
224
236
230
222
194
220
192
218
200
186
204
170
192
194
188
170
190
208
194
198
182
166
168
148
158
164
162
160
168
158
170
172
150
142
138
146
112
130
128
118
94
118
146
100
106
102
76
96
106
86
96
124
76
86
106
98
94
106
142
94
62
68
70
64
62
48
58
84
128
56
86
86
100
92
74
148
114
36
48
0
156
130
114
80
22
12
72
86
122
132
0
144
174
0
0
96
48
8
42
36
52
38
72
134
260
290
306
328
502
506
498
492
508
472
490
474
464
472
472
456
444
428
438
466
470
464
468
460
462
426
400
372
368
384
394
288
230
282
332
332
328
298
188
256
298
302
318
278
244
296
272
276
274
252
264
214
242
230
266
256
252
232
196
242
204
222
212
118
216
196
210
206
204
208
178
190
170
182
190
168
176
146
146
162
170
148
144
138
164
170
170
160
192
172
156
134
150
188
154
138
148
128
144
162
128
122
116
98
158
102
82
124
110
98
104
118
84
146
116
58
96
146
106
76
98
96
78
102
96
90
82
146
164
172
144
108
198
64
80
0
136
128
126
94
92
22
20
114
154
122
196
14
136
184
0
0
184
54
10
2
0
66
8
66
72
134
274
302
324
488
474
504
472
466
492
480
454
484
468
454
462
400
410
402
408
382
384
394
390
414
394
386
362
322
374
368
300
204
292
350
388
360
294
302
286
314
284
286
260
292
268
280
290
294
278
200
252
216
228
204
192
200
180
202
160
188
178
164
166
174
168
170
166
160
152
180
172
166
178
168
160
192
168
184
168
176
194
180
184
158
168
174
152
182
180
146
172
172
160
152
172
152
144
172
144
146
144
158
134
144
124
132
168
88
92
176
110
132
132
82
148
112
136
142
110
100
120
126
86
134
132
90
146
144
170
190
168
120
26
106
6
136
102
164
88
138
152
86
74
130
162
198
88
104
286
340
248
334
32
20
18
8
32
22
30
64
78
136
304
320
492
504
480
484
488
468
458
450
462
454
440
438
410
378
404
364
354
346
358
372
394
404
370
324
280
308
316
288
242
316
360
376
330
294
294
286
260
274
282
256
266
256
272
288
254
262
266
228
244
240
216
224
218
198
200
194
208
216
198
196
206
206
198
202
186
182
186
210
192
198
176
212
190
176
204
200
206
208
202
194
178
192
208
174
192
194
168
168
174
172
188
178
178
206
192
162
214
220
200
170
210
144
190
142
150
166
168
136
120
166
140
142
136
138
104
126
134
122
146
128
146
136
124
172
170
186
168
130
58
0
32
4
180
162
166
180
140
212
136
96
130
166
198
148
66
36
80
122
34
26
58
72
96
72
56
32
82
70
78
296
324
498
480
476
478
486
462
462
442
430
412
396
366
394
418
448
446
444
392
330
354
386
390
316
266
318
236
258
256
242
310
336
304
336
354
344
318
326
274
318
318
294
316
310
308
282
264
250
270
288
182
266
282
248
236
192
218
234
214
220
236
224
214
184
200
200
156
222
188
204
212
206
212
114
196
192
214
222
242
236
214
206
204
188
192
180
194
212
230
200
202
204
190
214
200
210
202
234
192
208
240
222
186
214
174
174
230
190
150
186
186
152
146
192
166
166
158
132
144
130
140
188
196
186
196
194
158
130
62
0
46
10
14
104
206
184
260
288
228
176
140
194
238
212
186
252
156
152
150
148
156
138
142
122
104
104
58
58
82
98
146
338
498
504
480
474
472
454
462
452
432
432
428
394
396
378
352
358
398
408
352
398
436
352
284
374
322
284
242
286
320
320
314
320
312
292
306
310
284
310
258
260
276
246
302
258
360
272
310
308
290
272
270
240
338
250
252
244
310
274
286
270
236
260
264
266
266
236
260
230
232
206
242
220
230
212
214
272
264
266
276
252
220
198
192
194
196
200
220
194
210
214
214
220
182
202
226
224
202
214
264
216
206
246
210
202
204
214
188
160
208
168
148
164
190
116
134
162
162
210
164
244
222
190
186
182
144
124
62
38
12
2
76
66
94
192
236
272
326
276
204
168
242
264
206
208
198
240
254
206
234
254
172
162
178
170
166
152
110
142
102
178
352
456
484
472
466
452
460
434
420
402
380
356
360
306
346
396
274
348
380
300
384
338
268
372
278
310
268
366
380
374
358
344
342
318
306
308
326
320
316
308
310
302
290
294
270
290
278
260
268
258
314
312
298
224
228
222
224
204
230
238
346
334
342
308
294
328
262
252
260
300
256
236
258
278
232
238
258
258
260
246
238
236
226
210
210
222
230
232
228
232
224
238
218
260
246
246
246
272
266
220
250
284
238
224
186
262
200
180
200
144
160
152
140
128
100
76
84
104
118
110
116
114
102
98
98
88
6
0
0
38
92
70
46
10
50
240
248
214
238
224
212
240
256
240
286
244
262
310
288
312
272
316
256
238
186
186
180
170
200
266
340
346
496
510
464
442
436
412
402
372
348
348
330
262
334
368
310
370
304
324
258
348
284
238
328
300
346
350
382
386
426
454
454
442
456
480
460
446
478
484
470
456
486
458
480
470
454
440
438
430
376
332
346
336
298
256
244
222
210
208
196
216
206
188
182
208
310
354
308
326
320
302
294
342
304
296
302
294
286
290
266
256
220
214
236
248
288
280
258
256
250
280
296
270
244
256
268
250
286
282
266
274
272
260
276
282
260
226
240
182
180
146
150
124
100
88
86
82
72
84
74
74
62
44
30
36
38
56
90
102
142
100
180
150
82
74
146
294
332
274
258
268
264
300
324
324
336
328
338
320
336
326
306
290
214
208
218
248
334
348
348
352
350
478
474
440
388
394
344
316
326
332
298
294
286
302
264
284
306
282
244
230
310
256
302
310
324
426
464
452
496
468
450
474
508
482
458
466
468
468
454
476
462
462
492
460
494
504
482
454
356
336
328
316
322
276
300
276
236
244
212
206
204
196
190
200
198
206
196
218
232
246
260
274
304
312
292
344
332
310
280
274
276
258
252
246
224
226
224
244
236
236
218
224
252
298
274
312
246
300
268
304
288
302
282
294
266
256
240
234
226
210
198
180
178
160
136
118
112
94
58
82
82
92
100
114
108
92
118
136
142
168
262
260
312
278
272
220
242
320
316
310
334
288
296
274
304
302
282
276
264
274
256
246
244
236
252
330
332
344
342
340
346
352
102
78
282
276
304
266
322
306
278
278
256
206
244
204
240
200
284
238
260
312
396
120
94
136
112
220
128
176
128
162
158
164
176
178
180
204
194
188
152
194
200
186
176
186
184
206
222
352
330
292
282
264
242
268
246
228
220
210
180
164
178
184
174
168
194
224
240
244
262
280
292
294
276
284
298
298
282
292
282
278
258
228
214
210
214
200
190
180
190
200
222
228
234
232
238
288
328
322
298
300
318
340
326
332
272
236
226
232
206
234
214
210
176
156
136
136
112
118
136
138
148
170
172
174
184
200
174
254
242
298
308
326
322
320
308
298
306
338
334
344
326
314
298
280
284
276
260
256
262
272
314
324
330
334
326
338
340
342
346
348
332
260
258
290
270
278
292
274
224
246
290
306
312
250
198
262
304
334
252
272
270
254
262
264
276
254
252
266
278
310
312
306
324
316
314
320
316
328
334
320
322
280
298
306
306
348
308
322
304
300
290
292
292
272
246
244
238
202
184
180
196
212
194
226
250
258
272
280
284
296
296
226
174
170
282
292
268
274
246
282
242
222
222
214
208
204
208
222
226
196
198
228
218
240
270
296
316
354
380
368
368
342
356
350
330
320
302
260
242
230
262
246
182
202
214
194
178
172
166
162
200
216
214
248
252
222
218
288
320
328
316
344
356
364
364
350
334
310
310
290
310
306
296
270
256
238
216
224
224
226
234
220
244
224
220
226
254
248
258
270
246
276
260
274
236
180
186
214
180
188
164
160
148
144
154
170
204
240
234
260
268
250
262
254
266
286
270
266
298
286
288
312
296
320
316
312
308
336
392
294
284
326
274
274
270
302
288
312
296
314
302
306
294
300
298
320
294
264
264
284
302
296
288
282
288
288
278
280
268
272
254
258
250
246
242
250
246
232
228
238
236
212
240
292
286
292
276
282
248
228
218
232
230
218
222
226
258
270
264
276
292
284
294
306
298
302
296
306
260
210
268
244
210
230
230
196
218
248
216
248
238
248
264
276
310
308
310
310
322
342
342
346
342
334
334
324
284
296
290
272
272
270
268
252
248
252
258
272
248
262
262
262
254
246
254
234
258
256
258
266
262
242
242
270
224
224
192
210
248
252
258
176
174
160
134
140
172
282
306
332
270
288
258
226
282
274
286
276
276
272
290
332
326
248
314
294
326
330
388
360
360
358
510
308
334
246
268
264
312
346
348
286
270
264
242
266
268
324
360
342
210
208
230
264
266
286
280
252
266
270
262
260
262
268
272
254
258
256
244
246
274
252
236
244
258
238
218
216
208
224
218
212
232
226
216
276
252
244
270
282
328
264
268
288
270
280
360
272
308
256
278
270
226
260
294
206
214
204
254
244
218
218
224
228
258
236
226
242
310
360
354
326
362
342
318
358
272
262
304
450
352
320
288
316
272
346
256
308
510
406
294
296
276
438
282
316
280
324
264
336
336
326
312
336
