30 0 0 
26 0 0 
2 0 0 
24 0 0 
22 0 0 
20 0 0 
18 0 0 
16 0 0 
8 0 0 
9 1271 1644 
0 1459 919 
13 1515 3252 
6 1554 1652 
19 1611 2664 
3 1786 1589 
25 2137 1716 
29 2969 2974 
1 3228 854 
10 3411 3153 
7 3700 1784 
12 3967 1288 
15 4080 1690 
17 4153 584 
14 4551 1800 
23 4752 1740 
28 5054 2541 
21 5134 416 
4 5212 2233 
27 5641 1089 
5 5765 2485 
11 5810 2021 
1
2
3
3
6
5
2
5
3
3
2
5
5
6
6
2
0
0
3
3
4
4
7
7
7
7
3
3
4
1
0
0
8 0 0 
28 0 0 
24 0 0 
6 0 0 
26 0 0 
10 0 0 
20 0 0 
5 135 2090 
9 165 3874 
27 1287 2638 
12 1358 2984 
14 1444 2887 
21 1494 1483 
2 2389 2749 
18 2676 1272 
4 2766 2556 
23 3382 1462 
3 3702 1861 
11 3828 561 
29 3943 1684 
17 3988 2015 
22 4147 2241 
15 4389 1671 
13 4507 2509 
0 4619 973 
16 4893 3092 
1 5538 1847 
19 5608 2309 
30 5911 2580 
7 5925 2503 
25 6312 2608 
3
6
1
5
3
6
2
2
2
2
3
3
5
6
6
2
4
1
6
0
4
4
7
3
3
3
6
6
2
2
6
5
0 0 0 
28 0 0 
4 0 0 
5 0 0 
6 0 0 
24 0 0 
10 0 0 
26 0 0 
22 748 1613 
2 1117 3331 
18 1823 1529 
27 1928 1960 
20 2113 1413 
8 2255 3453 
17 2533 800 
7 2760 1885 
9 2965 680 
13 2969 1070 
23 3540 1359 
25 3652 2427 
15 3795 1019 
3 3977 318 
1 4696 974 
14 4802 3366 
16 5113 1707 
12 5361 1099 
19 5928 2269 
11 6114 2719 
21 6286 2572 
29 6603 2374 
30 6979 2969 
2
2
5
3
6
6
6
6
5
6
2
2
2
5
2
6
1
7
0
6
0
7
4
3
3
3
0
0
2
2
6
5
30 0 0 
28 0 0 
22 0 0 
4 0 0 
6 0 0 
18 0 0 
8 0 0 
14 0 0 
10 0 0 
12 0 0 
2 221 2615 
11 764 2659 
13 859 2598 
19 1199 2715 
0 1226 1589 
16 1359 2072 
26 1651 3497 
20 1667 3173 
29 2184 1078 
15 2415 1730 
5 2424 531 
24 2627 1691 
25 3051 1167 
9 3229 1056 
1 3385 896 
23 3815 1100 
7 3860 1254 
27 3860 3057 
21 4097 2685 
3 4348 2330 
17 5967 2123 
1
0
3
4
4
4
7
7
2
2
3
3
6
6
0
0
0
2
5
5
2
6
7
7
1
4
6
5
5
5
2
2
0 0 0 
28 0 0 
18 0 0 
16 0 0 
14 0 0 
12 0 0 
10 0 0 
30 0 0 
6 0 0 
4 0 0 
2 0 0 
1 1109 1791 
17 1151 2135 
25 1287 2071 
22 1789 1552 
29 2224 918 
11 2793 1037 
13 2855 2293 
21 2956 2871 
23 3064 1401 
27 3162 2489 
15 3785 1024 
26 4210 1607 
7 4305 678 
9 5145 1731 
5 5184 2811 
20 5274 2035 
3 5672 1749 
19 5800 1196 
24 5908 3152 
8 6772 2200 
3
3
2
2
5
5
0
0
2
5
6
6
2
2
5
5
3
3
7
7
1
4
6
0
3
6
2
6
0
0
6
6
