0 0 0 
28 0 0 
27 0 0 
26 0 0 
25 0 0 
24 0 0 
22 0 0 
21 0 0 
20 0 0 
19 0 0 
18 0 0 
17 0 0 
16 0 0 
29 0 0 
30 0 0 
13 0 0 
12 0 0 
8 0 0 
4 0 0 
2 0 0 
1 0 0 
14 0 0 
9 338 2920 
11 539 8375 
3 826 7360 
23 3040 20102 
7 3889 22207 
15 6038 18212 
10 7208 6108 
6 7335 24137 
5 8406 15466 
2
2
2
2
2
2
1
0
1
1
1
2
0
0
0
0
2
2
2
2
2
2
2
2
0
0
0
0
0
0
0
0
0 0 0 
28 0 0 
26 0 0 
25 0 0 
24 0 0 
22 0 0 
21 0 0 
20 0 0 
19 0 0 
18 0 0 
17 0 0 
16 0 0 
29 0 0 
14 0 0 
30 0 0 
8 0 0 
6 0 0 
5 0 0 
4 0 0 
3 0 0 
2 0 0 
1 0 0 
11 739 3747 
9 883 5261 
23 1899 10126 
10 2580 6146 
13 4037 11857 
7 6228 13433 
12 6571 20396 
15 8091 15414 
27 8215 15515 
2
2
2
2
2
2
2
2
1
1
2
0
1
2
0
0
2
2
2
2
2
2
2
2
2
2
2
2
0
0
0
0
0 0 0 
28 0 0 
27 0 0 
26 0 0 
25 0 0 
24 0 0 
22 0 0 
21 0 0 
20 0 0 
19 0 0 
18 0 0 
17 0 0 
16 0 0 
29 0 0 
30 0 0 
13 0 0 
12 0 0 
10 0 0 
6 0 0 
5 0 0 
4 0 0 
2 0 0 
1 0 0 
14 0 0 
9 508 4406 
3 1330 4380 
11 1705 17021 
23 1758 13610 
7 7701 9925 
8 8040 7095 
15 8602 16976 
1
1
1
1
2
2
2
2
2
1
2
2
0
0
0
0
2
2
2
2
2
2
2
2
0
0
0
0
0
0
0
0
0 0 0 
28 0 0 
27 0 0 
26 0 0 
25 0 0 
24 0 0 
22 0 0 
21 0 0 
20 0 0 
19 0 0 
18 0 0 
17 0 0 
16 0 0 
29 0 0 
30 0 0 
13 0 0 
12 0 0 
6 0 0 
5 0 0 
4 0 0 
2 0 0 
1 0 0 
14 0 0 
10 879 4258 
23 1383 9007 
15 1711 5779 
8 2767 17795 
7 3976 21800 
9 4935 22253 
3 7505 6544 
11 8502 22433 
2
2
2
2
1
1
1
1
2
1
0
2
0
0
0
0
2
2
2
2
2
2
2
2
0
0
0
0
0
0
0
0
0 0 0 
28 0 0 
27 0 0 
26 0 0 
25 0 0 
24 0 0 
22 0 0 
21 0 0 
20 0 0 
19 0 0 
18 0 0 
17 0 0 
16 0 0 
29 0 0 
30 0 0 
13 0 0 
12 0 0 
10 0 0 
6 0 0 
4 0 0 
2 0 0 
14 0 0 
8 513 3314 
7 515 3619 
11 3557 9698 
3 4750 19634 
5 4921 21511 
1 6037 12284 
15 7214 11882 
9 7277 22462 
23 7754 8623 
2
2
1
1
1
1
2
2
1
2
0
0
0
0
0
0
2
2
2
2
2
2
2
2
0
0
0
0
0
0
0
0
