0 0 0 
1 0 0 
2 0 0 
3 0 0 
4 0 0 
5 0 0 
6 0 0 
26 0 0 
10 0 0 
12 0 0 
24 0 0 
28 245 29125 
7 401 4481 
11 411 21169 
15 787 14862 
9 2314 22615 
18 2319 6212 
20 2577 8187 
19 2825 11018 
23 3001 20186 
25 3139 17247 
16 3493 13319 
29 3647 18691 
21 4188 8067 
8 4225 19822 
22 4342 20816 
17 4716 9337 
13 4964 8985 
14 5652 12173 
27 6116 18206 
30 6279 18101 
6
6
6
6
6
6
6
6
3
6
0
0
5
5
3
4
4
7
4
1
5
2
6
3
7
7
2
2
5
2
3
7
0 0 0 
2 0 0 
28 0 0 
20 0 0 
14 0 0 
12 0 0 
8 0 0 
10 0 0 
1 194 9192 
21 399 4889 
18 1237 14037 
6 1377 28419 
23 1410 15620 
4 2030 16887 
5 2074 10071 
29 2117 14153 
24 2780 11067 
11 3002 19042 
19 3140 9546 
15 3690 8279 
13 3920 17834 
7 4031 5742 
17 4191 17089 
9 4338 3823 
26 4560 11157 
25 4585 11845 
22 4900 27421 
27 4927 24373 
3 5438 6590 
30 6193 25756 
16 6594 9610 
3
3
2
2
0
6
5
2
2
2
6
6
5
5
2
2
7
4
6
0
6
6
3
0
1
2
7
6
1
1
5
2
0 0 0 
26 0 0 
24 0 0 
22 0 0 
4 0 0 
20 0 0 
6 0 0 
14 0 0 
8 0 0 
9 0 0 
10 0 0 
12 0 0 
11 888 16006 
15 1257 11926 
21 1588 22201 
1 1900 8108 
19 2609 20950 
27 2692 14204 
23 2829 12032 
7 3283 12105 
29 3315 7280 
28 3725 5448 
3 4949 17531 
13 5005 15373 
17 5399 21043 
2 5952 8099 
30 6114 18293 
16 6138 13375 
18 6286 23983 
5 6289 7336 
25 6620 25479 
6
6
6
3
7
7
1
1
4
4
4
4
0
0
7
7
7
4
1
6
0
0
7
7
6
6
5
5
5
6
2
5
0 0 0 
22 0 0 
2 0 0 
4 0 0 
12 0 0 
6 0 0 
8 0 0 
10 0 0 
19 412 23133 
7 1295 20387 
9 1327 3721 
15 1411 11831 
24 1510 26636 
1 1587 8993 
26 2108 1970 
3 2166 17654 
5 2306 16625 
17 2307 7722 
11 2322 10248 
16 2329 12863 
14 2722 23839 
21 2916 17952 
23 3134 7672 
28 3563 3092 
20 3673 23123 
29 3973 19576 
13 4064 7026 
27 4513 10505 
18 5251 18604 
25 6433 20787 
30 6604 21954 
6
6
3
3
7
7
0
0
3
3
4
4
7
7
3
0
3
1
7
4
7
1
4
4
2
5
6
5
5
6
0
3
30 0 0 
2 0 0 
28 0 0 
26 0 0 
6 0 0 
24 0 0 
8 0 0 
18 0 0 
10 0 0 
14 0 0 
12 0 0 
1 243 17177 
3 389 11739 
15 1563 14413 
23 1975 21128 
9 3342 4311 
7 3450 9676 
20 3725 7070 
5 3744 19965 
21 4006 19453 
11 4292 19666 
19 4573 7190 
22 5081 23604 
27 5150 17637 
16 5356 11375 
13 5660 14082 
4 5745 13572 
29 5952 14108 
25 6694 19529 
17 6915 26881 
0 6975 9798 
6
3
7
7
1
0
4
4
5
5
3
3
4
4
0
0
2
5
5
5
5
6
4
1
4
4
6
6
2
2
5
5
