0 0 0 
28 0 0 
26 0 0 
25 0 0 
24 0 0 
22 0 0 
20 0 0 
16 0 0 
29 0 0 
14 0 0 
13 0 0 
12 0 0 
30 0 0 
10 0 0 
9 0 0 
8 0 0 
1 0 0 
6 0 0 
4 0 0 
2 0 0 
27 1026 -3467 
5 1383 -750 
23 1470 56 
3 2366 -3970 
18 3920 -68 
11 4019 1187 
19 4078 569 
15 4274 3631 
7 6021 1724 
17 6876 18 
21 8345 -308 
1
1
1
1
0
0
2
2
0
0
0
0
2
2
2
2
1
1
0
2
0
0
2
2
2
2
2
2
0
0
0
0
0 0 0 
24 0 0 
18 0 0 
17 0 0 
16 0 0 
25 0 0 
14 0 0 
13 0 0 
12 0 0 
11 0 0 
10 0 0 
9 0 0 
8 0 0 
26 0 0 
6 0 0 
5 0 0 
4 0 0 
28 0 0 
2 0 0 
1 0 0 
20 0 0 
22 0 0 
15 802 104 
3 3351 -2480 
21 3579 -7304 
7 3592 1083 
30 3599 -669 
23 6024 3188 
19 6995 364 
29 8177 1020 
27 8412 -1592 
1
1
1
1
2
2
2
2
0
0
0
0
0
0
0
0
2
2
2
2
2
2
0
0
0
0
0
0
2
2
0
1
0 0 0 
28 0 0 
26 0 0 
24 0 0 
18 0 0 
16 0 0 
29 0 0 
14 0 0 
13 0 0 
12 0 0 
30 0 0 
1 0 0 
8 0 0 
6 0 0 
5 0 0 
4 0 0 
2 0 0 
3 0 0 
27 422 434 
22 440 -1627 
11 509 1031 
21 1521 -1021 
10 3235 -2713 
7 3487 -703 
20 5358 990 
15 6999 3590 
25 7000 3397 
23 7643 -2534 
9 8027 -6189 
19 8508 -1206 
17 9138 -1882 
0
0
0
0
0
0
0
0
0
0
1
2
0
0
0
0
2
2
0
0
2
1
2
1
1
1
2
2
1
1
1
1
0 0 0 
28 0 0 
26 0 0 
25 0 0 
24 0 0 
22 0 0 
20 0 0 
18 0 0 
16 0 0 
29 0 0 
14 0 0 
13 0 0 
30 0 0 
8 0 0 
6 0 0 
12 0 0 
5 0 0 
4 0 0 
2 0 0 
1 0 0 
9 86 -462 
10 2283 2743 
23 3386 -4698 
7 3876 -652 
15 5537 6591 
3 6154 -1950 
17 6540 -68 
19 6676 -2939 
21 7160 -2110 
11 7193 5914 
27 8982 -205 
2
2
2
2
0
0
0
0
1
1
2
1
0
0
0
0
2
2
1
1
1
1
0
0
0
0
0
0
2
2
2
2
0 0 0 
28 0 0 
26 0 0 
22 0 0 
21 0 0 
20 0 0 
18 0 0 
16 0 0 
29 0 0 
14 0 0 
30 0 0 
5 0 0 
1 0 0 
2 0 0 
9 0 0 
8 0 0 
6 0 0 
10 0 0 
4 0 0 
3 0 0 
7 848 -817 
25 1325 1069 
24 1403 2489 
11 2055 -1130 
13 3208 7496 
19 3213 1856 
15 5440 6353 
12 6371 -2019 
23 6998 2158 
17 7946 -310 
27 8664 823 
0
0
0
0
0
0
0
0
0
0
0
0
1
2
0
0
1
1
0
0
2
2
2
2
1
2
2
2
0
0
0
0
