0 0 0 
1 0 0 
2 0 0 
24 0 0 
4 0 0 
5 0 0 
6 0 0 
20 0 0 
8 0 0 
9 0 0 
10 0 0 
14 0 0 
12 0 0 
13 0 0 
15 785 6734 
19 1831 8266 
3 1866 6259 
22 1925 11514 
26 2434 8368 
23 2825 5251 
18 2911 7861 
29 3309 9622 
27 4343 3598 
11 4628 12206 
17 5184 4216 
30 5458 10329 
21 5638 10469 
16 5783 1835 
25 6058 5689 
28 6066 9086 
7 7115 4855 
6
6
6
6
3
3
3
3
3
3
3
3
0
0
0
0
1
7
1
4
0
0
3
7
2
2
2
5
5
6
2
5
8 0 0 
14 0 0 
22 0 0 
12 0 0 
10 0 0 
20 0 0 
16 0 0 
4 0 0 
11 174 11088 
26 396 11572 
25 406 11516 
1 1097 7953 
28 1212 15012 
15 1326 7100 
27 1502 10639 
24 1572 8436 
9 1714 7420 
30 1768 12827 
18 2265 6352 
0 2348 5322 
13 2528 10605 
3 3436 9165 
21 3574 2756 
23 3765 6474 
19 4037 2565 
7 4038 9149 
29 4336 4852 
6 4874 5655 
17 5350 6475 
2 5863 6972 
5 5866 7159 
3
0
2
1
4
4
7
5
6
6
0
0
3
3
1
1
7
7
2
5
5
5
6
6
3
6
6
2
5
2
2
5
26 0 0 
24 0 0 
22 0 0 
21 0 0 
20 0 0 
18 0 0 
8 0 0 
9 0 0 
10 0 0 
17 0 0 
12 0 0 
13 0 0 
14 0 0 
16 0 0 
3 91 9449 
30 697 13787 
15 1177 10127 
2 1944 3135 
28 1983 12073 
7 2468 10031 
1 3175 10326 
11 3343 3588 
6 3684 7399 
27 3765 4918 
25 3839 6617 
0 4221 6630 
5 4558 4646 
19 4745 8366 
4 5502 5500 
29 5743 6351 
23 5959 6578 
3
2
0
6
7
1
6
1
6
6
6
6
0
0
0
0
2
2
2
2
7
7
7
7
6
6
7
7
2
5
5
2
30 0 0 
28 0 0 
18 0 0 
4 0 0 
16 0 0 
29 0 0 
8 0 0 
14 0 0 
10 0 0 
12 0 0 
13 139 11176 
2 544 7022 
17 635 7832 
15 1016 5910 
0 1044 10139 
26 1113 9511 
1 1263 6319 
11 1870 8271 
3 3437 8505 
7 3567 6814 
27 4231 13012 
20 4350 7430 
19 4374 3308 
25 4714 12435 
22 4774 10947 
24 5310 10719 
21 5441 4996 
23 5465 10864 
9 6111 11538 
6 6481 10517 
5 7067 9751 
3
7
0
1
7
7
4
7
6
6
3
3
0
0
1
1
3
3
1
1
2
3
6
1
2
5
2
6
2
2
2
2
0 0 0 
28 0 0 
27 0 0 
26 0 0 
25 0 0 
24 0 0 
22 0 0 
21 0 0 
20 0 0 
18 0 0 
17 0 0 
16 0 0 
29 0 0 
30 0 0 
1 0 0 
2 0 0 
4 0 0 
11 1707 9633 
9 1731 4777 
10 2569 6053 
14 2828 10327 
8 3097 9087 
7 3195 3730 
15 3200 10560 
6 4346 7382 
23 4784 9996 
5 5355 4229 
13 5399 11916 
12 6288 4508 
3 6365 6588 
19 7052 10568 
2
2
2
2
2
2
5
6
3
0
1
6
7
4
1
6
6
6
6
6
3
3
3
3
0
0
0
0
0
0
0
0
