0 0 0 
28 0 0 
24 0 0 
22 0 0 
21 0 0 
20 0 0 
18 0 0 
17 0 0 
16 0 0 
29 0 0 
14 0 0 
13 0 0 
30 0 0 
4 0 0 
10 0 0 
8 0 0 
6 0 0 
5 0 0 
12 0 0 
3 0 0 
1 0 0 
2 0 0 
7 619 68255 
25 800 79135 
19 1917 124769 
9 2069 124924 
11 2556 42681 
23 4279 55357 
15 4702 149139 
26 5324 49510 
27 6300 207609 
2
2
2
2
2
2
2
2
2
2
1
1
2
2
2
2
2
2
2
2
0
0
0
0
2
2
1
0
2
2
2
2
0 0 0 
28 0 0 
27 0 0 
26 0 0 
25 0 0 
24 0 0 
22 0 0 
21 0 0 
20 0 0 
19 0 0 
18 0 0 
17 0 0 
16 0 0 
29 0 0 
30 0 0 
10 0 0 
6 0 0 
5 0 0 
4 0 0 
2 0 0 
1 0 0 
14 0 0 
11 226 29206 
8 738 37724 
7 801 98049 
13 2651 61182 
12 3550 190142 
9 3700 79911 
23 6093 107284 
3 6219 160595 
15 8326 133565 
1
1
1
1
2
2
2
2
1
2
0
0
2
1
0
0
2
2
2
2
2
2
2
2
0
0
0
0
0
0
0
0
0 0 0 
28 0 0 
27 0 0 
26 0 0 
25 0 0 
24 0 0 
22 0 0 
21 0 0 
20 0 0 
19 0 0 
18 0 0 
17 0 0 
16 0 0 
29 0 0 
30 0 0 
12 0 0 
10 0 0 
9 0 0 
8 0 0 
4 0 0 
2 0 0 
14 0 0 
7 47 29830 
15 332 47819 
3 609 51496 
11 1589 144200 
5 3238 61689 
6 3908 199277 
13 4855 161910 
23 5003 156050 
1 5654 189265 
2
2
0
0
2
2
1
2
2
2
2
2
0
0
1
1
2
2
2
2
2
2
2
2
0
0
0
0
0
0
0
0
0 0 0 
28 0 0 
26 0 0 
24 0 0 
18 0 0 
16 0 0 
29 0 0 
14 0 0 
13 0 0 
12 0 0 
11 0 0 
30 0 0 
9 0 0 
8 0 0 
6 0 0 
5 0 0 
4 0 0 
1 0 0 
10 0 0 
2 0 0 
3 0 0 
19 249 29058 
23 441 31068 
17 515 36746 
7 1058 34159 
25 1211 98050 
21 3144 97809 
22 6170 52811 
27 7953 98897 
15 8104 74104 
20 8958 42029 
0
0
0
0
0
0
0
0
2
2
2
2
2
2
2
2
2
2
1
1
1
2
1
0
2
2
0
0
0
0
0
0
0 0 0 
28 0 0 
26 0 0 
25 0 0 
24 0 0 
22 0 0 
21 0 0 
20 0 0 
29 0 0 
14 0 0 
13 0 0 
12 0 0 
30 0 0 
10 0 0 
1 0 0 
2 0 0 
3 0 0 
4 0 0 
5 0 0 
11 0 0 
6 0 0 
8 0 0 
9 0 0 
19 506 71388 
15 1696 31905 
16 4622 161433 
7 5032 50358 
17 5559 158768 
27 6332 174648 
23 7142 135369 
18 8108 154331 
1
1
1
1
1
1
1
1
2
2
2
2
2
2
2
2
1
0
2
1
0
0
0
0
2
2
2
2
0
0
0
0
