0 0 0 
28 0 0 
29 0 0 
14 0 0 
10 0 0 
9 0 0 
8 0 0 
30 0 0 
6 0 0 
4 0 0 
7 220 1290 
5 892 406 
15 1619 766 
19 2459 751 
20 3207 1591 
13 3232 1254 
18 3346 1235 
1 3368 347 
17 3567 343 
3 3679 1088 
24 3762 1394 
25 3854 550 
23 3917 853 
2 4850 1262 
12 4988 843 
27 5086 1645 
26 5589 910 
22 5878 890 
11 6165 470 
16 6375 973 
21 6795 1287 
2
2
3
7
3
3
0
0
7
7
7
7
3
4
0
0
0
5
6
0
2
5
6
5
4
0
7
6
1
1
1
1
30 0 0 
28 0 0 
27 0 0 
26 0 0 
4 0 0 
25 0 0 
6 0 0 
8 0 0 
9 0 0 
10 0 0 
24 0 0 
14 0 0 
29 0 0 
12 199 1603 
16 399 993 
7 693 1372 
0 895 372 
1 1011 597 
15 2429 355 
18 2539 161 
23 2822 1651 
20 2940 958 
22 3258 716 
3 4036 654 
2 4172 207 
19 4323 350 
13 4413 1150 
21 4602 1321 
17 5609 695 
5 6369 698 
11 6811 1135 
6
3
7
3
0
0
1
1
7
7
7
7
4
7
1
1
0
2
2
5
6
2
1
7
0
0
0
0
0
0
0
0
0 0 0 
16 0 0 
26 0 0 
9 0 0 
8 0 0 
6 0 0 
10 0 0 
4 0 0 
2 0 0 
1 0 0 
3 331 1161 
14 730 730 
13 1020 1385 
7 1297 674 
20 1708 1234 
28 2228 369 
29 2783 793 
25 3043 1637 
24 3140 904 
21 3767 778 
22 4115 1589 
23 4209 1004 
15 4843 411 
19 4994 1109 
17 5107 231 
11 5511 576 
27 5520 1169 
30 5770 701 
18 5842 441 
12 6018 1028 
5 6671 1242 
3
3
3
3
7
7
4
4
7
7
7
7
0
1
4
7
3
3
3
6
6
5
4
1
2
3
5
5
5
6
2
5
0 0 0 
28 0 0 
26 0 0 
25 0 0 
24 0 0 
6 0 0 
30 0 0 
1 0 0 
2 0 0 
4 0 0 
27 27 1435 
16 126 1281 
21 586 880 
29 873 1027 
13 2188 850 
22 2205 1283 
12 2330 182 
23 2545 1263 
3 2816 1000 
7 3074 340 
8 3184 415 
5 3509 703 
10 3844 496 
18 3852 659 
20 3950 1282 
15 3976 932 
11 4835 1095 
19 4926 1571 
17 5350 422 
14 5614 589 
9 6243 583 
3
3
3
3
7
7
3
3
2
3
2
6
5
2
2
5
3
7
4
6
0
4
1
0
0
0
0
0
3
3
7
7
30 0 0 
14 0 0 
24 0 0 
12 0 0 
25 0 0 
10 0 0 
9 0 0 
29 0 0 
8 0 0 
6 0 0 
26 0 0 
4 0 0 
28 0 0 
2 374 926 
17 842 1302 
3 854 1375 
7 1183 1261 
15 1459 737 
22 2207 1211 
0 2501 1520 
13 2853 1507 
21 2942 1092 
16 3176 1094 
20 3514 248 
5 4314 390 
19 4528 347 
1 4938 1393 
23 5250 1628 
18 5675 378 
11 6171 851 
27 6865 1531 
3
6
6
0
3
3
4
4
7
7
7
7
4
4
0
0
1
0
7
4
5
6
2
5
1
1
1
1
2
2
2
2
