92
110
100
86
86
98
82
104
92
96
90
88
100
94
78
102
94
100
94
90
96
92
86
92
100
92
92
96
86
96
74
94
96
82
82
84
84
74
84
78
78
78
86
94
82
82
78
86
92
76
84
90
70
82
100
74
86
98
96
102
80
82
96
80
98
88
84
108
88
98
88
92
90
124
88
104
98
96
110
90
110
94
96
130
90
110
92
90
100
108
88
116
96
102
126
98
108
110
100
134
106
104
122
96
96
110
96
92
104
98
100
104
96
104
88
100
112
90
110
86
98
100
94
92
110
84
96
90
86
92
86
84
100
80
74
80
78
90
78
74
70
66
82
78
78
72
76
78
74
76
76
74
68
72
84
76
84
84
80
78
80
76
90
72
80
94
74
82
82
72
78
82
84
94
102
94
72
86
90
98
94
88
100
100
94
90
84
86
90
94
94
84
90
100
102
100
100
96
110
104
94
108
100
102
94
94
92
100
94
102
94
90
110
92
90
92
98
110
106
94
102
100
96
104
100
94
98
78
92
88
80
96
90
92
78
70
84
94
62
78
68
64
76
72
74
72
74
74
68
76
72
70
68
68
74
72
76
84
86
84
84
76
92
90
82
96
84
96
98
84
88
92
100
96
110
102
80
94
102
108
102
100
110
104
104
96
96
94
100
86
116
84
92
122
92
114
106
100
124
106
96
114
98
108
98
98
96
110
96
102
100
84
118
100
94
98
82
118
98
92
100
96
88
100
92
96
86
74
90
86
68
96
86
70
82
70
66
72
70
56
54
54
56
58
52
62
58
58
60
56
56
58
54
60
68
52
58
70
62
74
74
74
70
72
78
68
72
98
84
94
80
86
96
98
84
94
88
80
106
94
102
94
94
114
88
102
92
82
96
100
92
108
94
106
112
100
106
102
112
120
96
86
114
92
90
110
92
84
100
90
96
94
96
110
88
96
102
104
110
88
98
102
94
92
102
88
80
80
90
86
72
82
84
76
78
70
68
68
70
46
52
50
52
54
48
60
54
56
54
52
50
52
52
60
68
56
54
68
64
72
70
68
62
72
78
68
70
88
76
98
86
92
96
102
92
98
96
84
100
104
100
94
90
114
92
102
92
84
92
94
78
104
90
96
110
92
98
96
106
114
96
94
110
94
92
112
92
96
92
100
84
90
102
92
90
90
94
106
94
84
88
94
92
94
86
78
76
68
90
76
64
72
56
84
60
50
62
58
40
54
46
42
52
46
50
48
50
50
38
50
42
38
42
42
44
46
40
50
60
52
56
46
54
68
48
68
64
66
74
86
86
88
94
84
102
90
88
96
78
108
94
98
100
102
110
94
94
98
110
90
106
94
100
118
102
114
102
98
126
110
86
108
90
98
96
98
88
116
94
112
90
88
124
84
102
98
86
122
90
100
92
94
96
106
76
90
84
74
92
80
64
78
52
66
62
56
48
60
60
72
68
64
80
76
76
68
68
70
62
76
74
74
74
70
64
56
56
48
46
40
54
52
52
50
38
58
56
60
70
78
78
80
92
74
94
88
80
98
76
100
86
94
86
88
94
86
88
90
96
90
90
88
86
94
104
94
90
86
106
102
88
94
102
94
96
98
90
100
92
82
92
84
102
90
86
96
92
96
98
92
84
86
88
84
72
82
72
74
64
74
54
50
56
54
62
44
58
72
76
90
106
108
116
124
110
108
98
104
112
114
128
140
132
130
122
92
82
78
68
66
60
66
56
54
68
50
54
70
58
84
70
82
92
88
86
104
84
92
98
102
106
112
88
112
86
112
104
98
106
104
104
116
82
104
124
94
106
108
96
130
104
96
110
102
92
118
90
96
112
94
104
94
96
108
88
96
94
96
106
88
82
88
80
92
86
74
68
60
62
54
56
46
50
48
56
58
72
94
124
132
166
180
188
170
172
148
140
138
156
176
206
214
204
206
182
164
134
118
94
96
88
92
90
76
80
70
66
60
56
58
60
70
74
68
84
84
78
78
94
88
84
94
92
96
92
88
96
98
92
96
94
92
90
102
104
104
92
98
108
102
90
112
84
96
98
94
90
98
82
98
90
84
100
94
88
100
90
98
78
82
74
80
78
90
74
74
56
50
54
48
68
50
66
66
72
86
100
132
172
200
226
242
248
250
230
210
196
208
220
242
262
288
280
272
260
240
204
178
148
140
140
140
144
128
122
106
88
74
64
58
62
66
70
58
88
66
72
104
84
118
92
96
104
76
114
80
98
98
104
92
112
102
90
100
90
106
96
94
112
90
90
118
90
98
102
96
100
106
90
110
102
90
108
94
94
100
78
106
92
80
66
74
72
78
72
56
62
44
52
70
70
82
94
96
100
124
146
190
232
270
298
290
316
304
282
250
256
238
270
304
310
334
324
310
318
298
270
236
204
190
204
206
216
202
186
166
138
112
88
70
58
50
54
62
64
72
64
80
92
92
94
102
82
106
86
100
86
94
104
88
98
112
80
98
102
100
104
94
102
104
84
98
104
94
88
106
94
94
98
92
100
84
98
96
96
88
96
102
102
70
78
86
68
62
66
58
60
68
82
96
114
134
144
150
154
172
202
250
286
312
336
334
332
338
334
318
300
298
308
346
344
350
330
324
350
344
320
282
250
246
266
274
278
268
254
230
202
162
128
100
70
58
52
46
60
64
56
74
80
82
92
92
80
108
80
98
82
84
98
94
96
100
78
90
102
92
96
94
98
104
84
98
106
94
96
108
94
92
100
92
96
80
96
96
96
88
96
84
86
66
72
64
52
62
52
54
66
90
118
146
170
200
210
218
224
218
244
286
324
330
358
336
332
352
348
344
334
324
326
352
346
338
318
320
346
360
348
318
290
296
312
322
312
306
310
282
262
208
168
142
100
92
72
54
68
46
58
72
58
94
92
92
98
88
106
90
90
92
96
98
124
94
94
98
98
114
94
96
114
92
86
118
92
96
116
98
98
102
98
112
96
86
106
96
98
100
86
92
88
84
64
50
54
66
52
68
104
130
174
228
244
278
286
294
300
278
284
316
352
348
336
340
334
328
358
364
360
356
342
350
342
334
318
320
334
354
348
332
318
332
342
348
330
332
338
322
312
262
212
178
130
118
100
82
68
54
58
48
58
76
84
86
84
92
82
94
86
92
92
82
102
110
84
98
98
104
98
86
94
94
82
110
88
88
108
92
90
104
88
100
90
84
102
98
90
100
82
82
76
70
58
52
50
40
54
104
128
186
236
274
310
320
330
330
336
320
306
324
346
338
338
336
326
336
326
364
362
344
340
354
344
332
320
322
328
340
346
340
342
350
356
348
332
342
340
350
348
314
266
222
184
166
152
120
112
90
70
64
56
66
88
84
90
104
80
104
100
96
108
96
94
124
84
104
106
94
112
90
90
114
96
96
114
94
102
116
94
112
108
92
104
96
98
108
84
90
98
70
84
66
62
52
54
58
88
132
176
240
292
328
342
360
358
352
356
360
334
342
346
332
346
320
320
338
340
354
364
356
332
366
358
338
324
334
346
342
348
346
358
352
350
326
312
324
334
360
360
344
306
264
248
230
218
198
166
126
100
86
54
72
72
78
88
88
86
98
88
88
96
98
108
84
98
104
94
106
92
86
98
88
84
100
82
102
104
90
100
98
90
102
84
94
96
84
98
88
88
76
66
50
54
62
86
90
114
170
232
268
322
356
364
354
336
354
352
352
346
346
340
344
366
348
338
346
356
362
364
364
352
394
370
366
344
358
362
342
346
364
368
356
342
320
314
306
326
340
362
344
330
306
304
290
276
252
222
194
136
104
72
66
70
70
80
84
96
82
98
94
100
94
106
82
104
106
90
118
96
88
100
96
90
100
92
108
108
98
102
108
90
106
92
100
96
84
96
92
82
66
60
58
76
94
118
128
162
214
254
316
352
358
350
328
324
342
344
352
356
360
350
346
366
366
366
374
382
380
374
378
370
408
384
378
364
384
372
340
354
368
376
366
358
338
328
328
330
354
348
358
356
348
338
338
320
306
294
246
200
150
110
78
64
58
64
84
76
102
84
96
108
88
102
108
96
106
112
102
110
80
86
102
92
92
108
100
96
110
92
108
96
98
104
98
94
92
86
92
78
68
68
78
104
132
170
196
236
254
288
356
354
362
354
316
318
336
344
354
370
378
360
346
352
368
384
392
386
374
374
390
394
418
400
394
374
380
366
358
368
380
394
378
372
352
344
360
336
356
338
362
360
356
346
348
348
338
328
306
250
202
142
110
72
62
56
72
78
88
88
84
92
84
96
102
88
94
98
98
96
80
90
94
88
90
100
100
94
100
90
106
92
94
94
88
88
86
74
74
66
72
88
114
154
196
242
276
290
304
322
348
352
364
340
336
322
336
342
352
374
390
376
362
372
368
386
404
402
392
392
396
408
424
414
400
370
364
354
372
386
386
396
382
394
384
364
366
342
340
352
372
370
356
362
350
348
340
354
336
308
246
192
148
88
70
60
60
84
80
104
94
98
96
108
96
102
108
94
118
82
88
102
90
94
102
90
116
108
92
108
112
96
108
94
98
96
82
84
72
58
86
118
164
220
272
304
322
336
330
354
360
344
346
340
338
366
372
372
364
382
394
380
368
366
362
396
418
394
380
394
402
408
426
416
392
370
368
356
370
388
392
410
392
408
400
378
368
356
340
372
378
374
352
344
332
324
334
364
352
338
290
228
162
124
92
76
60
58
72
74
86
100
80
86
92
82
104
92
98
88
86
96
94
90
94
92
98
90
92
96
92
88
94
100
88
80
78
66
68
58
106
156
210
268
320
342
352
356
360
360
360
366
338
340
352
364
374
388
384
406
416
402
394
380
370
398
420
400
388
396
390
402
414
400
380
370
370
366
386
406
408
420
396
404
394
384
368
352
350
374
380
380
368
340
340
326
338
356
366
348
326
258
200
150
124
92
78
62
76
84
98
102
98
88
118
86
108
104
98
98
92
100
98
96
96
104
94
86
106
96
88
92
90
104
84
74
78
56
64
74
134
194
254
306
352
364
372
368
348
360
368
366
356
372
358
358
368
390
390
410
414
398
392
384
388
404
404
382
374
384
384
388
400
384
374
372
374
382
412
434
414
410
388
400
390
382
354
360
366
380
382
366
358
336
338
338
328
344
346
352
332
290
242
192
172
128
100
76
58
76
76
78
94
88
106
88
90
88
98
82
88
94
80
94
92
76
102
100
90
106
94
92
106
86
86
80
62
68
48
112
172
230
292
340
372
364
360
360
336
364
362
370
388
382
362
370
374
392
386
406
410
400
402
400
402
392
376
370
372
374
372
372
398
384
374
382
394
404
416
418
410
420
400
392
368
376
356
374
378
400
400
368
360
372
364
350
350
346
352
348
364
320
276
246
214
182
136
98
80
72
78
82
84
102
94
98
94
90
104
88
92
96
84
106
98
76
106
106
88
98
94
80
108
92
88
80
60
52
72
138
202
262
314
362
374
360
336
326
334
344
358
370
392
384
378
372
362
366
382
386
388
396
390
394
390
394
366
372
364
354
344
350
366
374
378
398
392
408
396
418
410
392
370
372
354
354
370
380
400
410
398
386
370
384
382
384
342
354
342
370
364
348
306
290
278
230
188
126
96
62
90
92
84
88
116
80
102
94
90
106
84
96
100
90
96
100
92
98
120
88
100
92
98
100
70
76
52
74
88
170
220
270
334
354
368
338
322
318
330
328
356
366
408
406
398
378
370
364
368
382
384
392
388
366
376
384
370
356
356
342
336
326
352
368
386
398
392
400
396
380
376
380
368
358
350
364
396
408
426
420
420
390
382
378
382
382
354
354
364
346
378
368
348
336
324
294
232
178
126
74
72
78
76
86
90
90
88
84
92
86
88
96
88
90
92
98
94
92
104
88
86
92
96
96
72
64
74
104
134
196
244
302
358
352
370
352
344
344
350
350
358
374
408
434
420
388
372
358
376
360
386
392
382
368
370
376
370
364
368
354
336
322
344
354
378
392
390
386
376
370
358
366
364
354
360
370
406
410
424
424
426
406
390
382
380
362
360
356
356
346
368
348
340
344
362
318
294
220
156
94
64
84
82
96
94
106
92
92
102
94
94
98
86
100
102
98
108
110
98
114
102
102
108
98
82
70
106
136
186
238
282
342
368
350
364
362
348
348
370
362
382
368
416
442
438
416
404
390
380
398
388
394
388
382
368
374
364
378
380
376
342
336
352
350
360
386
392
382
364
370
356
356
356
362
386
390
426
426
432
430
424
404
386
374
370
366
378
368
346
350
358
344
346
348
360
360
326
266
188
118
80
76
72
88
96
88
90
88
86
96
78
88
98
80
98
96
86
94
102
92
96
84
90
90
66
102
138
192
252
300
328
370
378
356
362
360
342
348
368
382
390
392
412
448
436
436
412
406
418
404
400
408
394
388
378
382
372
382
382
386
360
340
358
356
344
378
392
390
368
354
364
378
380
394
412
400
430
436
436
412
406
368
372
354
362
360
376
380
360
342
340
330
320
330
362
358
344
296
210
160
90
74
78
90
104
94
106
96
90
110
90
96
102
92
110
104
108
96
118
96
98
98
102
96
84
140
182
246
308
344
368
380
390
364
364
362
356
360
378
374
398
384
416
426
422
418
402
406
392
414
382
398
400
390
390
384
386
382
386
386
372
350
364
362
346
388
406
402
382
372
388
402
402
412
420
406
422
408
402
386
374
348
352
350
366
388
392
384
340
344
330
336
326
330
352
364
354
312
262
184
108
60
70
82
90
100
104
92
92
88
92
90
84
88
98
84
112
96
96
104
92
84
94
80
112
164
234
298
360
376
394
382
376
360
350
362
360
360
362
366
376
378
390
396
394
402
386
388
386
376
370
394
398
390
390
380
384
384
382
382
374
368
376
372
368
406
418
410
404
410
400
402
396
398
404
408
410
384
370
372
356
350
342
358
382
388
396
390
344
374
350
350
338
330
336
356
344
330
256
202
112
60
62
74
88
92
94
86
90
84
92
86
84
98
110
92
96
108
84
96
88
88
94
84
144
194
278
344
398
398
410
382
352
362
350
374
358
358
362
366
380
370
376
360
364
372
366
366
358
362
364
400
416
394
392
388
382
392
376
386
382
364
374
376
382
406
410
406
422
412
394
410
408
394
382
384
368
372
356
354
352
340
342
362
404
404
412
402
382
372
370
366
354
326
318
342
352
332
270
210
148
82
66
80
108
84
94
94
92
104
90
92
106
94
110
104
92
92
120
80
108
80
92
80
170
222
290
372
392
402
394
378
352
352
350
372
376
382
378
364
358
364
360
346
354
362
364
342
364
368
370
396
424
394
388
400
404
390
366
378
376
370
392
388
404
390
400
394
398
394
386
390
388
376
374
358
348
360
338
358
346
344
352
386
402
394
402
398
380
380
372
366
362
352
342
344
364
336
280
232
174
106
74
76
96
84
88
82
92
90
82
86
86
96
96
82
102
90
106
90
90
78
80
78
204
256
322
382
398
388
370
360
342
330
344
388
396
412
396
388
396
374
360
350
350
356
382
360
370
370
408
412
408
400
398
386
408
404
380
406
382
382
378
396
400
392
368
386
386
386
374
368
372
370
366
356
344
366
346
348
368
358
366
390
402
390
406
402
382
364
366
362
356
352
352
358
354
348
306
264
200
142
88
84
96
96
78
86
104
78
84
94
88
108
100
94
110
110
108
108
96
88
82
72
242
260
342
366
388
388
386
372
348
346
348
378
400
428
428
410
418
394
376
372
384
374
372
380
388
412
408
418
424
398
396
406
428
410
382
404
392
390
390
386
390
388
378
374
370
372
364
362
368
366
362
368
372
366
356
366
368
382
384
420
406
378
382
380
366
358
368
372
360
362
352
362
352
368
338
304
250
184
124
84
96
92
90
84
94
88
82
88
92
90
94
92
96
98
104
96
98
84
70
92
234
270
334
372
384
368
394
400
372
368
348
380
418
446
458
436
438
428
414
412
412
410
402
406
408
410
406
400
410
390
380
398
434
420
392
400
394
378
360
352
386
366
390
386
364
364
356
364
362
348
346
362
394
372
374
372
374
372
392
408
394
384
360
364
352
366
364
382
366
366
346
354
340
358
350
332
288
232
166
94
90
84
92
84
90
92
78
80
88
88
102
94
110
98
114
102
108
78
76
118
234
280
348
382
382
376
372
384
368
378
364
400
412
450
440
438
448
446
434
440
410
430
418
418
400
398
398
384
374
376
378
376
424
414
382
400
380
358
348
344
370
380
378
378
380
382
370
376
358
326
328
338
394
368
362
368
380
386
408
408
402
374
344
350
344
362
362
384
368
372
354
348
328
330
352
352
312
280
198
124
86
90
78
88
106
86
84
90
88
100
94
96
112
108
94
112
90
88
108
144
246
286
374
384
380
378
384
398
378
378
354
388
406
428
414
420
428
432
412
422
408
410
394
406
384
392
376
376
366
358
360
364
400
398
378
372
350
358
342
358
378
378
380
394
380
380
378
372
342
282
280
296
372
370
364
384
384
404
418
406
382
352
336
336
350
364
386
390
370
370
352
334
324
314
340
354
338
300
228
154
86
90
88
90
100
84
78
84
88
100
88
102
96
108
84
110
86
102
130
192
260
328
390
400
388
386
392
396
390
392
370
380
394
408
400
402
396
398
384
388
394
386
388
388
384
368
378
372
364
348
328
340
376
396
390
348
334
342
354
354
374
386
400
390
380
378
388
362
332
250
240
270
352
346
368
376
396
396
422
396
368
346
338
346
372
388
404
394
372
356
348
326
326
318
320
334
346
316
258
182
86
84
100
86
82
98
82
90
104
90
102
104
94
98
112
104
114
110
158
234
300
364
410
402
392
388
380
388
402
386
380
388
386
382
364
372
372
366
376
378
364
390
376
376
378
382
380
382
372
352
336
332
380
394
368
342
344
360
360
364
388
394
394
382
372
376
392
340
316
230
218
252
326
350
372
386
404
404
396
382
356
326
326
354
386
404
398
390
376
352
368
344
336
332
320
326
340
342
272
208
82
86
82
84
88
90
86
92
90
94
84
78
88
92
102
100
96
148
200
276
352
400
426
392
384
380
384
388
392
384
394
408
378
364
372
348
370
366
354
360
360
376
380
370
388
390
388
382
384
366
314
320
390
368
366
358
364
394
368
368
376
378
350
356
358
376
372
338
308
266
232
252
314
354
370
388
400
410
388
372
346
326
358
362
394
402
406
406
386
364
366
352
348
338
328
324
346
332
288
218
74
102
82
86
104
92
92
94
96
110
92
106
100
98
96
114
104
180
240
326
388
422
408
388
382
382
372
384
384
398
430
414
376
386
356
362
350
358
352
338
340
380
386
366
368
370
412
398
390
340
280
306
362
380
376
364
384
384
418
370
378
368
330
358
354
384
378
346
338
298
268
280
308
356
354
376
416
402
374
354
334
336
348
358
400
400
416
416
384
372
370
362
360
346
334
326
342
332
258
208
84
78
94
92
92
102
94
94
102
98
100
98
96
92
96
102
112
196
260
334
406
424
400
370
370
362
364
364
392
406
416
446
434
410
382
368
362
366
340
346
324
388
400
354
350
354
374
404
384
346
292
280
360
366
358
382
392
414
414
376
362
360
326
368
368
384
380
354
370
342
324
328
326
342
360
370
418
416
384
344
358
336
356
352
398
402
408
380
356
366
366
364
370
356
344
338
346
330
266
204
86
82
92
82
88
100
94
94
104
98
110
92
96
96
108
102
120
214
270
332
402
412
394
356
364
366
376
386
390
404
434
454
450
432
400
404
390
374
364
350
336
378
390
300
316
292
324
382
384
350
304
276
330
354
358
370
420
408
400
410
376
364
324
358
378
388
386
362
376
354
344
336
326
344
356
374
416
396
372
342
346
350
368
342
388
396
390
370
364
358
354
360
372
362
352
348
352
320
278
200
92
106
90
94
106
94
94
92
92
108
100
98
96
94
102
112
110
216
270
340
378
398
376
358
378
380
390
390
386
406
446
468
468
446
418
432
418
394
380
360
340
368
356
292
274
272
300
364
370
362
300
290
320
356
360
404
430
424
440
418
404
398
358
374
382
376
382
374
374
362
360
342
342
354
364
388
414
392
368
346
346
356
360
324
382
376
362
360
348
356
352
354
368
358
352
348
354
344
286
210
120
104
84
94
94
94
94
90
88
100
100
94
94
88
100
106
110
198
268
326
358
372
370
364
384
396
408
384
384
400
420
460
468
464
430
458
432
420
402
370
346
344
334
266
274
254
280
338
356
376
346
306
318
362
368
412
434
408
410
404
410
404
364
384
388
382
392
400
390
376
372
354
362
356
366
384
400
396
368
346
360
364
370
328
374
374
350
340
336
360
356
352
360
354
350
348
358
352
286
220
148
98
98
92
94
104
98
96
100
100
110
92
102
90
112
104
116
176
272
306
350
360
372
374
378
384
392
388
368
388
428
430
432
448
442
444
448
438
410
404
366
354
334
282
280
280
284
362
374
398
362
354
336
346
386
410
432
366
332
374
398
412
386
384
372
366
374
392
382
374
376
384
386
388
366
392
408
382
370
368
362
360
376
332
346
356
340
330
356
368
364
352
354
350
344
342
358
362
324
256
178
110
96
80
92
94
86
82
84
104
90
88
92
82
100
108
96
140
254
294
334
364
366
394
380
404
410
382
372
378
380
392
398
416
414
436
444
430
438
414
404
370
348
322
308
310
334
364
360
408
404
404
364
374
382
420
430
306
312
354
382
380
378
366
372
364
364
378
368
358
360
392
388
390
374
380
384
366
368
364
364
364
374
360
358
350
344
344
372
378
374
356
352
346
338
332
352
362
350
288
204
126
88
98
98
98
98
96
90
118
96
102
102
96
102
104
102
122
222
288
336
374
384
396
390
394
398
394
368
386
366
380
386
392
386
404
426
426
450
434
408
396
346
334
340
344
378
386
396
402
396
404
384
380
390
432
418
278
248
302
330
348
364
374
388
370
340
358
362
378
378
390
406
388
366
368
374
354
364
364
356
354
378
366
366
366
360
364
392
406
384
362
348
340
330
330
346
364
356
296
226
118
106
90
92
110
86
92
88
104
100
86
96
92
102
90
106
116
226
292
340
400
392
416
394
388
398
390
374
382
388
384
388
380
370
380
388
394
428
440
440
406
394
350
340
350
378
406
402
400
392
382
378
362
386
396
418
268
228
286
310
324
366
366
360
354
364
352
380
386
388
408
398
384
358
358
368
362
364
356
342
348
370
364
376
372
378
378
406
400
392
376
360
346
348
338
346
346
352
318
234
120
90
88
92
102
86
94
88
98
104
92
102
92
92
92
112
112
222
286
374
422
410
402
394
378
388
390
390
402
418
402
402
376
374
362
350
386
408
418
448
428
390
372
366
380
388
386
390
402
382
346
374
380
394
380
412
290
242
302
326
312
346
356
378
362
358
356
364
392
406
410
396
372
350
356
366
368
358
348
338
344
362
368
388
380
390
386
408
408
390
380
378
358
354
334
356
354
354
322
246
134
102
90
96
98
86
96
86
116
96
90
104
108
98
108
94
134
224
310
376
432
414
390
394
374
368
388
398
426
440
434
438
414
378
368
344
354
380
416
434
440
396
378
378
384
388
404
386
386
364
324
370
384
356
356
380
332
294
318
326
308
354
362
376
380
378
360
368
394
390
402
378
366
352
360
366
370
354
344
344
344
354
376
400
392
398
392
402
400
394
388
374
358
364
346
360
340
352
310
232
112
98
80
94
100
86
98
90
98
88
96
104
100
84
102
94
130
240
334
382
426
412
376
370
362
350
374
388
418
446
456
466
436
404
392
354
350
360
398
422
440
402
404
398
396
396
394
392
402
354
312
366
398
364
360
362
344
326
314
326
332
370
374
388
380
388
386
394
384
394
384
376
376
364
368
366
372
360
350
350
354
354
380
396
390
382
378
374
374
370
372
358
352
352
340
348
342
358
308
208
104
104
88
96
102
84
96
96
102
104
98
108
114
108
104
108
114
248
338
408
420
404
360
352
358
358
378
396
414
454
468
472
452
446
420
370
380
366
366
400
446
408
412
386
398
404
372
410
400
356
338
374
382
370
360
382
362
360
338
350
356
364
360
384
374
374
408
390
376
406
378
380
370
362
362
354
352
348
344
344
372
368
384
398
396
378
378
364
372
368
372
372
372
356
346
350
348
338
282
170
110
96
84
96
100
82
94
98
98
104
108
104
102
100
98
112
124
244
350
400
414
384
368
372
380
378
394
408
420
448
468
466
474
452
436
398
384
376
380
388
398
408
394
388
406
404
380
390
416
382
366
382
384
378
360
380
356
366
346
346
368
390
376
382
382
382
404
390
376
384
388
374
372
370
368
356
348
360
358
356
354
354
362
390
392
376
380
364
360
376
370
366
366
368
360
346
340
320
258
138
102
84
80
104
100
84
96
94
118
96
112
98
102
102
110
98
112
236
354
392
386
388
360
380
396
376
390
390
408
410
450
448
446
440
446
420
404
394
390
394
402
388
388
396
392
382
360
394
400
400
388
390
392
368
366
382
378
370
358
354
372
388
370
388
388
378
410
410
372
392
380
392
374
366
358
352
350
374
370
358
356
364
364
402
402
384
384
364
358
366
348
362
362
366
366
364
336
316
228
102
86
106
88
92
100
90
102
94
108
108
98
110
102
102
108
110
98
214
322
372
386
374
370
384
398
388
384
386
392
408
422
424
416
418
420
430
392
390
406
388
392
386
378
380
382
382
358
388
402
414
394
394
386
370
370
406
406
388
374
378
380
396
354
356
368
396
402
414
368
370
394
400
372
368
354
350
342
350
362
362
352
382
376
392
390
394
384
382
360
368
376
370
368
380
376
378
342
296
212
94
84
98
72
90
94
92
90
88
92
116
100
104
100
98
98
110
112
168
298
356
376
372
380
388
410
400
406
400
386
402
392
398
386
388
400
398
392
378
404
392
382
394
386
370
372
378
364
380
378
398
388
410
400
372
382
390
406
390
390
384
402
406
340
344
360
366
388
386
366
376
408
400
394
382
356
350
342
346
354
350
370
412
384
402
392
392
394
390
372
370
364
362
368
374
386
386
346
286
204
94
102
94
96
102
98
96
94
92
106
110
112
104
114
98
112
102
104
136
244
330
356
358
388
390
402
410
388
400
384
388
404
396
400
376
384
378
382
372
402
384
384
396
392
380
392
386
372
370
384
380
390
386
398
354
386
380
384
380
404
412
404
398
342
338
338
364
382
380
390
376
418
406
402
392
368
368
360
366
376
376
382
416
428
394
400
384
386
380
374
374
346
358
344
356
374
380
370
302
218
96
84
96
78
80
94
92
88
82
102
104
90
112
94
100
96
94
90
112
198
296
320
360
376
396
414
404
390
382
370
382
390
390
394
370
376
396
390
382
388
372
388
404
408
400
422
412
402
386
384
376
390
394
386
368
362
374
368
376
386
406
428
408
364
336
368
356
366
382
366
400
406
398
398
402
386
394
378
376
388
392
398
422
430
396
378
370
364
382
370
372
374
362
358
340
370
366
364
314
222
100
90
114
92
94
100
96
92
88
94
118
98
108
102
104
96
108
88
114
142
276
302
348
402
402
400
386
384
370
370
380
400
406
416
406
390
398
388
370
360
374
374
408
420
398
420
426
428
404
400
392
400
396
388
364
340
354
374
354
394
408
412
396
392
344
352
368
368
378
388
382
404
406
368
388
384
406
390
388
396
396
402
420
410
414
388
360
362
380
366
380
390
388
366
360
366
360
358
322
206
100
106
88
94
88
94
94
90
88
92
104
104
90
106
100
112
98
108
98
120
254
284
356
418
418
412
400
390
374
372
370
408
418
438
406
424
436
410
392
394
372
374
400
416
398
416
424
424
404
416
408
412
396
404
364
364
370
358
366
408
406
354
356
346
376
368
350
390
390
414
406
408
384
364
392
390
418
402
396
392
378
386
402
412
416
400
374
374
368
386
382
396
372
372
356
374
354
344
304
188
100
96
96
90
92
90
88
84
80
102
102
90
106
100
110
110
94
106
110
98
242
266
356
422
418
402
366
378
354
354
372
384
414
442
436
430
418
434
416
398
388
390
400
418
404
418
426
418
408
422
420
414
422
388
366
336
342
360
364
394
396
294
306
298
364
374
396
390
410
400
406
384
372
350
384
386
422
410
408
400
380
372
392
402
410
368
380
372
372
394
392
374
378
356
360
370
354
344
278
178
106
84
120
84
98
98
96
90
84
106
108
92
110
114
102
96
106
88
122
98
226
246
366
398
418
396
366
370
368
374
392
398
416
404
400
418
420
420
424
416
384
386
404
420
392
398
420
420
416
422
408
426
440
392
390
346
356
358
368
384
366
284
256
268
352
378
386
402
408
410
416
390
360
340
380
382
416
400
396
388
366
356
378
392
412
374
340
372
370
376
380
362
384
360
352
366
346
320
224
132
90
76
96
82
92
92
90
84
78
98
102
86
104
100
98
98
84
104
100
90
220
250
344
400
400
392
368
398
386
394
390
394
396
378
386
392
396
398
414
426
398
390
394
420
398
388
412
428
424
438
414
424
438
408
400
390
386
368
372
378
360
248
234
248
338
368
392
402
410
416
400
372
342
340
374
372
416
406
392
372
356
354
354
388
376
348
336
366
360
378
366
360
356
358
354
354
330
272
198
98
102
100
88
92
96
94
98
80
88
106
100
114
102
110
110
110
100
114
106
108
186
248
338
382
394
416
384
394
394
402
390
396
388
368
382
374
380
404
426
428
416
408
406
412
404
392
406
440
428
424
402
414
442
432
430
416
400
386
372
372
340
262
240
258
320
366
378
406
410
420
412
364
342
336
368
372
418
406
400
376
368
342
352
390
374
340
326
354
352
360
378
376
374
342
340
332
288
234
144
102
90
84
106
86
92
98
86
106
82
98
96
94
104
100
90
96
96
96
116
94
158
238
324
374
388
398
386
390
392
396
398
406
376
380
388
370
380
402
428
426
420
420
406
434
420
406
422
432
442
438
408
394
410
408
416
426
420
394
372
364
338
306
288
304
326
366
388
394
418
426
400
368
330
336
354
368
408
412
406
378
362
360
362
384
364
332
320
342
340
360
378
380
380
354
340
322
226
172
114
94
88
86
102
94
90
92
92
96
82
106
106
98
118
106
92
100
100
96
110
102
120
228
274
348
354
388
376
386
406
394
388
392
378
380
376
368
388
394
424
426
414
424
434
438
426
416
412
444
466
448
414
384
386
390
406
430
438
412
396
376
358
336
324
334
340
378
386
406
424
424
406
360
334
328
350
392
416
420
402
386
380
354
354
374
372
356
344
352
346
350
380
384
398
354
328
298
184
122
110
92
94
100
94
98
96
98
112
82
92
104
98
122
100
108
106
104
98
112
104
112
106
188
240
302
334
360
372
386
388
372
398
396
376
376
372
368
390
398
424
416
408
424
450
442
422
422
410
434
470
452
412
374
364
372
388
418
436
430
424
402
370
340
324
338
346
376
384
408
434
430
412
368
344
328
350
396
422
422
412
400
398
372
364
376
382
374
358
360
360
360
378
386
386
362
314
264
128
100
86
92
88
92
96
84
96
98
106
88
86
100
94
110
98
104
98
96
92
100
98
84
104
132
200
250
304
340
346
358
384
378
408
398
396
370
374
364
378
402
414
392
400
426
450
450
418
422
412
412
452
466
426
392
364
360
368
398
436
434
428
418
384
364
336
342
342
368
386
396
438
434
412
380
344
338
352
382
418
414
416
398
392
384
366
362
372
382
382
384
390
362
388
396
384
354
296
218
102
108
80
96
98
90
106
96
96
94
104
108
92
112
108
106
118
114
100
104
104
104
106
94
102
124
146
202
246
304
346
360
394
396
430
404
376
354
358
356
364
388
394
384
402
434
462
438
418
410
384
412
438
450
422
410
376
358
348
366
416
434
436
432
412
386
356
340
340
374
372
396
426
428
428
374
350
340
360
398
420
406
392
390
386
390
374
362
370
384
386
380
376
378
390
368
384
342
294
166
90
96
86
82
94
82
92
96
84
84
108
98
92
104
88
114
98
108
98
100
104
98
98
102
96
102
116
132
184
266
330
352
414
418
430
390
350
358
356
368
370
376
382
394
414
434
448
450
426
402
378
394
428
460
430
424
386
366
346
350
398
428
442
440
434
386
366
338
354
374
376
380
422
428
428
392
354
338
354
402
408
410
374
384
368
382
374
360
358
366
376
376
378
382
370
376
358
346
240
136
96
92
104
90
94
84
92
90
92
92
114
92
94
110
100
118
98
108
112
108
98
110
96
112
98
104
118
110
142
220
296
334
400
420
418
376
356
370
372
388
382
386
382
394
424
452
448
430
410
408
372
382
414
454
458
448
406
378
348
338
368
422
452
454
438
404
376
354
358
360
364
374
416
440
412
380
356
344
346
378
396
400
350
354
352
356
366
380
352
364
368
374
372
374
358
364
338
300
208
116
104
102
92
94
82
86
100
90
102
104
100
108
88
112
92
96
114
100
100
112
102
98
110
98
110
108
100
108
106
148
262
312
378
394
390
370
384
378
392
396
390
384
390
398
422
424
434
416
410
402
388
388
410
464
464
478
420
382
352
326
376
414
434
452
446
406
382
364
352
372
360
382
416
422
422
394
352
364
354
358
372
380
352
344
344
358
370
384
360
368
368
356
356
352
352
340
298
252
160
102
100
94
92
102
94
88
94
84
94
96
102
90
90
102
102
102
108
102
104
110
100
102
106
98
108
100
106
104
98
124
230
278
350
382
374
356
388
394
410
404
392
390
392
398
404
402
396
400
394
408
378
388
400
450
478
474
450
392
358
324
362
386
440
466
436
410
392
374
352
352
362
388
414
424
430
392
376
360
352
360
362
382
362
346
344
356
366
398
376
356
372
358
332
338
324
296
248
190
118
110
92
94
106
90
98
96
86
106
92
100
104
92
94
98
102
124
98
106
112
106
96
110
100
108
104
92
120
102
106
108
186
248
318
358
342
340
394
404
410
402
386
404
394
398
380
388
382
382
400
404
390
392
402
432
468
462
442
422
364
350
358
382
434
462
436
418
392
376
368
362
362
394
424
396
396
376
358
362
358
372
354
394
372
362
358
366
372
396
392
374
368
334
336
296
284
232
176
146
96
102
94
102
86
94
86
86
94
94
94
98
86
98
80
98
82
114
104
98
96
100
88
96
100
96
102
90
108
102
92
104
140
214
272
322
320
334
388
398
398
390
390
420
410
400
368
360
366
376
390
392
394
402
392
430
458
440
424
406
376
344
356
374
424
454
420
404
410
404
362
366
368
388
418
382
376
372
350
384
376
376
344
384
378
378
382
382
384
410
396
360
378
346
298
244
214
182
138
106
88
110
94
104
90
110
100
92
94
98
94
104
94
110
88
104
102
110
118
104
102
110
102
102
108
104
108
102
114
110
100
112
116
172
220
286
314
336
364
380
386
378
404
424
428
392
362
366
366
394
396
402
394
414
394
402
420
414
392
410
370
360
370
366
404
426
410
400
400
396
380
364
386
396
406
378
362
352
334
376
390
380
364
380
390
392
404
394
396
394
382
372
372
314
262
184
166
132
108
106
100
100
102
94
96
96
104
96
80
110
84
94
100
100
96
90
112
112
104
100
108
110
96
106
98
110
94
98
118
96
102
98
106
136
178
234
270
306
334
350
368
376
410
424
436
390
364
380
384
398
412
388
394
408
396
400
408
388
390
400
374
346
372
356
408
414
386
376
388
384
384
360
358
386
398
364
360
364
340
362
394
392
388
386
392
394
402
396
396
388
370
352
346
286
194
136
118
100
108
104
102
104
100
108
88
114
102
94
100
110
102
92
98
102
100
98
100
132
106
102
116
118
94
114
106
120
102
110
122
94
98
110
118
114
158
196
220
260
290
324
350
380
406
428
438
396
374
394
400
422
406
388
394
426
402
388
362
368
360
384
386
336
392
378
398
398
380
358
372
378
378
388
370
378
378
372
368
360
358
378
402
396
382
386
382
386
384
402
394
376
366
348
306
234
154
104
110
98
120
114
102
104
116
110
92
130
114
94
96
110
108
102
94
118
96
100
104
118
110
106
118
116
108
96
126
118
106
108
130
104
102
118
122
106
114
152
188
204
238
260
330
358
410
432
440
398
402
412
418
432
410
386
404
418
418
388
362
364
366
370
382
354
376
374
396
382
372
356
358
372
386
380
380
384
404
382
376
370
370
392
398
404
392
394
374
384
390
388
382
366
336
312
256
180
130
116
112
110
124
118
98
106
110
116
92
116
108
100
104
128
112
100
106
114
102
108
106
130
120
100
122
132
106
106
118
120
106
114
134
120
104
116
124
110
104
122
142
150
182
216
272
330
396
394
416
418
410
398
394
406
402
398
400
418
410
386
354
366
376
374
380
360
380
378
406
380
346
352
356
368
388
406
394
384
398
392
392
388
386
388
400
408
390
386
376
388
368
374
346
320
294
258
214
146
116
120
116
102
134
120
112
112
124
116
100
114
114
104
102
132
116
100
104
116
108
116
114
136
128
100
120
132
108
116
118
126
108
118
130
130
106
112
128
122
114
120
126
114
130
174
220
270
358
390
404
398
388
404
404
394
410
398
412
426
422
408
370
384
398
386
388
378
394
396
392
386
372
364
356
378
390
408
396
384
390
392
396
394
398
408
394
390
398
394
372
370
338
328
310
272
250
216
176
116
128
128
112
102
128
126
106
110
122
116
106
112
116
104
92
126
110
102
104
118
114
112
120
134
126
108
116
124
116
114
120
130
110
116
122
130
110
120
130
116
104
116
128
114
118
128
184
226
308
352
346
360
404
386
392
398
390
392
402
428
418
418
386
388
392
386
386
384
398
400
414
400
372
376
382
394
406
400
396
386
392
390
396
388
394
394
402
394
398
374
350
336
304
286
254
216
206
168
142
116
128
138
118
110
130
136
104
108
122
118
108
114
120
110
100
126
122
106
102
118
116
108
118
134
130
110
118
130
118
104
124
126
110
114
122
124
112
116
128
120
114
126
140
116
102
130
144
164
244
292
306
326
358
342
366
378
390
378
416
416
420
412
400
402
402
404
396
384
388
396
414
402
384
386
402
400
402
394
392
380
388
382
394
376
382
390
396
370
384
354
324
274
242
240
220
156
144
146
126
108
128
138
126
106
140
132
114
106
128
124
108
116
120
112
106
116
122
110
100
114
118
118
116
138
140
106
120
144
112
108
132
124
112
112
126
122
108
126
138
124
108
116
140
126
116
132
132
134
186
222
258
272
292
308
314
340
354
372
398
408
416
416
414
406
390
392
384
382
386
384
390
404
410
390
396
394
392
384
380
376
376
364
378
368
378
376
384
362
368
312
262
202
194
186
168
126
126
128
128
124
128
136
126
108
132
132
112
106
124
120
104
110
118
112
102
104
118
118
102
114
120
128
114
134
146
114
120
144
118
112
134
130
118
110
128
132
110
114
134
128
112
118
140
124
108
130
140
116
132
162
204
204
242
272
276
278
316
330
370
382
404
392
406
416
408
396
376
372
364
366
390
396
382
386
392
382
388
372
364
372
358
348
352
352
356
346
346
324
300
246
222
162
132
134
144
118
118
126
136
112
138
148
134
116
126
138
112
112
120
112
104
106
124
120
106
112
130
124
104
116
124
126
108
120
146
130
118
138
136
104
126
136
122
106
126
144
118
118
136
130
110
116
142
128
110
130
142
118
122
132
156
136
182
216
224
222
258
282
316
346
364
374
380
394
386
364
346
364
360
370
354
370
382
394
388
374
364
362
342
356
334
332
324
318
304
304
288
278
246
194
172
136
114
140
140
124
124
120
144
104
134
150
142
110
126
126
118
110
120
120
118
110
130
122
96
108
122
122
100
114
126
132
108
128
142
118
118
148
136
108
132
130
128
114
122
136
110
110
136
136
116
122
142
134
118
124
150
120
108
132
152
122
130
174
174
154
206
224
266
294
308
320
336
354
346
342
328
332
346
326
336
348
344
360
348
344
326
320
312
304
296
274
276
272
274
240
232
212
182
144
146
124
114
130
132
120
102
128
128
110
122
132
142
112
116
126
112
106
120
114
112
98
122
122
106
110
138
114
104
110
126
132
106
132
146
128
114
146
138
112
120
142
122
114
122
132
116
110
138
146
124
130
144
134
110
128
140
114
114
130
142
120
134
144
140
120
146
164
208
230
248
260
280
302
298
292
272
274
292
292
298
304
304
306
296
294
282
278
266
250
238
228
236
234
216
198
180
166
130
118
142
126
114
134
134
124
102
120
122
108
120
134
140
112
120
130
122
110
110
116
108
98
126
130
110
106
134
128
110
108
118
136
104
134
148
134
110
144
140
116
118
136
118
122
114
138
114
114
136
144
110
116
136
138
116
134
158
122
114
140
138
108
132
152
138
120
120
136
160
166
190
208
226
246
252
252
228
228
244
236
242
254
268
258
250
252
246
220
210
192
176
174
186
192
160
144
132
134
100
104
138
120
106
116
120
120
106
124
128
110
106
134
138
110
110
120
122
112
108
120
108
106
130
136
114
102
136
128
110
110
120
138
106
130
144
132
108
142
140
120
108
144
120
120
118
130
122
110
134
156
118
122
142
144
116
122
146
124
114
128
138
120
116
150
132
116
112
126
114
108
132
158
166
170
188
200
184
178
192
186
184
202
216
198
184
192
188
162
160
146
126
116
116
132
102
110
116
128
106
106
132
118
102
124
120
116
100
118
130
114
98
120
138
112
102
116
120
110
110
122
112
112
126
134
116
104
142
130
116
118
128
138
108
124
142
128
114
138
138
112
122
134
136
124
106
144
124
110
132
164
128
128
148
148
114
118
162
130
108
136
144
120
118
146
138
120
114
132
104
98
112
124
124
114
134
152
142
138
152
152
136
152
158
142
122
142
142
116
120
122
114
104
102
128
110
98
116
118
116
104
124
120
110
126
124
122
102
116
132
118
96
108
140
116
102
124
128
104
106
118
114
112
116
130
116
104
132
126
112
110
116
138
110
124
146
132
120
138
138
122
116
134
136
124
124
142
126
114
128
156
120
114
146
154
128
132
150
132
116
124
132
128
108
138
142
124
108
126
108
106
106
120
122
102
118
134
124
124
146
134
114
130
138
132
110
132
130
112
108
116
116
100
96
118
106
98
114
112
120
108
122
118
108
112
124
134
110
118
132
120
102
112
142
116
100
126
134
104
104
118
116
108
108
134
120
104
118
126
116
116
120
142
110
126
148
140
118
140
146
124
122
132
142
128
124
152
130
114
128
160
132
120
156
158
132
124
152
134
122
134
140
138
124
136
138
130
106
120
116
106
104
122
126
102
116
130
120
120
142
138
118
126
140
134
114
124
120
114
106
116
122
102
106
120
118
102
114
118
120
112
124
118
106
118
136
140
104
110
126
120
108
118
138
118
102
116
132
112
104
120
124
110
110
136
118
106
114
118
110
114
120
148
110
126
146
142
112
142
154
124
120
156
148
126
126
150
148
118
132
162
140
120
156
154
126
118
144
138
126
128
136
140
112
134
128
134
112
124
124
104
106
126
132
102
120
136
128
126
144
142
120
118
132
126
114
120
120
124
112
124
128
100
108
118
118
108
114
128
114
110
126
124
118
108
132
140
108
120
138
126
110
114
130
126
114
114
132
118
104
120
132
116
112
132
108
106
118
124
112
110
114
154
122
110
140
142
126
140
156
128
114
140
144
126
130
166
136
116
130
150
134
120
148
170
132
124
148
150
126
126
132
136
118
132
144
122
104
126
114
100
108
130
134
112
120
134
128
120
130
130
116
120
128
134
108
116
122
112
106
114
116
112
108
120
126
108
116
126
114
106
122
126
120
114
138
140
116
114
130
136
100
118
134
132
110
126
140
110
102
116
130
114
118
138
124
112
122
122
116
108
114
152
120
112
140
140
120
132
150
134
116
140
150
134
130
162
144
120
128
150
138
122
142
164
134
122
146
146
124
124
132
138
120
128
142
124
106
126
116
104
112
128
130
112
120
134
132
116
128
128
122
116
132
126
114
112
122
116
104
108
112
110
102
112
118
106
114
124
116
108
122
126
120
110
132
142
116
114
134
140
106
118
132
134
112
126
142
118
108
116
132
120
112
132
128
110
116
124
118
106
110
150
124
118
144
140
120
130
152
132
112
132
146
138
122
148
146
120
124
152
142
122
136
160
138
120
142
142
124
122
130
138
120
126
144
130
106
126
120
108
112
128
126
114
118
136
138
114
126
124
126
114
134
118
116
108
118
126
108
110
114
114
104
114
120
106
110
126
122
112
120
126
124
106
126
146
118
116
142
142
114
118
128
134
114
120
142
124
110
116
136
128
108
128
136
112
112
122
120
106
114
152
128
126
148
144
122
132
160
134
116
134
148
144
124
142
152
118
120
154
142
122
132
160
144
120
140
140
126
122
132
138
120
128
144
132
108
124
124
110
108
130
122
116
118
136
144
112
126
122
126
112
132
112
116
106
114
120
106
108
110
108
102
114
118
106
106
126
122
114
118
128
126
108
122
152
122
116
144
140
116
118
124
136
114
114
138
122
108
114
134
132
106
126
142
112
114
124
126
108
112
