90
90
102
88
102
86
88
110
86
90
94
92
92
104
86
98
90
86
106
90
96
88
92
106
76
92
80
82
82
86
88
84
88
74
96
72
80
78
68
74
68
68
76
64
72
82
62
64
70
64
70
64
76
66
76
74
76
76
92
68
74
80
68
78
78
72
92
76
84
90
76
88
76
94
80
80
88
90
74
82
90
76
92
82
76
88
78
84
90
84
98
78
92
74
98
94
94
90
74
92
90
82
92
94
78
82
82
84
94
88
88
88
88
78
88
84
74
98
84
102
92
70
90
88
94
88
78
86
74
80
92
80
82
88
78
80
78
64
80
68
60
64
56
68
76
66
66
68
64
58
62
58
68
62
68
68
68
84
74
74
70
74
76
80
70
86
74
86
90
84
94
84
84
90
76
90
84
96
100
92
86
98
82
104
88
88
94
82
88
106
88
82
94
74
92
94
80
96
86
88
94
108
92
118
92
84
110
88
98
94
90
84
92
88
96
86
86
96
82
100
96
90
88
88
86
76
68
84
76
76
84
74
74
74
74
76
62
60
60
54
62
64
64
58
66
68
54
56
60
56
56
56
60
60
64
64
66
74
72
70
62
70
66
76
68
76
72
80
80
86
78
78
86
74
84
80
74
90
80
74
86
90
86
98
86
92
84
80
88
94
96
82
94
70
96
78
80
82
76
84
78
88
96
98
92
88
94
100
84
96
96
80
80
104
90
96
86
86
104
94
90
92
86
110
86
90
74
82
84
78
74
74
82
66
84
70
56
70
52
58
52
52
58
48
56
66
48
48
50
50
50
50
48
52
54
58
62
62
74
64
68
64
64
70
72
66
82
76
78
94
70
84
88
82
98
80
94
98
86
90
100
84
108
90
94
104
84
90
94
88
106
86
90
86
102
86
100
90
84
100
84
88
94
100
96
88
96
102
76
88
100
84
66
88
82
86
80
90
88
88
84
76
90
104
82
88
70
70
68
68
70
70
76
68
68
60
54
52
54
50
48
52
40
54
62
46
48
48
42
48
50
52
46
48
50
54
46
52
48
56
62
48
66
60
58
62
68
66
76
78
80
82
78
92
78
76
84
76
94
88
88
84
96
84
92
88
82
78
82
92
84
78
72
92
84
92
84
86
88
82
94
102
74
112
92
76
106
84
102
92
104
102
86
82
102
84
94
102
78
94
92
90
96
94
80
82
78
80
62
70
84
70
66
70
64
60
58
48
48
40
46
52
42
46
50
42
44
50
54
62
70
68
64
58
58
58
56
50
46
58
52
56
56
62
60
66
66
68
80
76
86
84
86
94
84
94
74
80
90
82
84
90
92
90
92
92
82
78
80
92
86
90
80
88
98
88
86
86
90
78
94
90
86
98
86
84
90
86
96
86
86
88
86
78
88
78
80
84
84
84
76
74
78
92
74
80
76
76
56
58
68
52
56
60
58
50
48
52
40
52
54
60
64
52
50
60
64
82
96
104
118
112
110
94
86
76
74
48
56
54
44
56
38
50
56
54
62
56
66
74
68
74
80
82
96
92
84
94
84
88
84
84
98
84
88
98
76
84
78
72
92
86
82
76
102
76
96
80
90
90
78
92
96
84
98
80
92
100
88
104
98
84
88
92
70
100
86
86
92
82
92
78
94
102
70
84
68
64
56
56
60
62
60
68
52
46
44
64
66
96
96
108
92
94
88
74
102
124
152
160
176
166
166
142
130
112
98
74
74
72
72
62
58
56
50
50
50
54
60
74
66
70
66
78
84
64
92
76
78
84
82
78
96
72
88
88
80
84
80
76
92
76
78
82
88
90
80
66
86
92
88
98
82
86
84
76
86
80
98
76
86
80
92
74
84
82
80
96
76
78
82
70
90
74
78
74
50
62
54
48
58
52
40
58
40
56
80
112
126
158
160
166
164
150
138
120
154
194
212
234
246
238
230
210
188
156
134
104
114
116
116
108
112
88
68
62
48
50
60
62
64
56
76
70
74
88
78
82
102
96
82
90
96
88
98
86
92
84
84
92
82
82
78
66
88
90
84
94
88
80
104
100
88
114
86
90
98
84
110
92
72
94
102
70
94
84
86
100
84
88
82
72
78
72
70
64
48
58
50
48
50
42
46
48
48
80
122
154
184
208
226
224
218
212
208
190
218
258
278
290
292
280
274
256
238
204
176
154
166
172
182
180
176
138
110
94
76
58
52
52
50
54
50
64
72
72
78
80
72
74
82
78
90
76
86
90
80
80
78
78
86
80
74
78
80
90
86
74
78
86
94
90
84
104
96
84
92
82
104
92
88
82
90
84
78
94
84
78
94
74
84
76
74
82
70
60
46
48
40
48
54
60
68
64
88
130
182
212
258
270
294
290
278
274
270
242
258
300
318
320
316
304
302
294
280
248
230
210
234
236
244
242
230
206
170
144
118
84
62
56
46
52
48
58
68
66
78
84
72
84
84
82
94
80
88
96
84
84
90
82
104
74
86
74
82
82
94
82
90
102
96
90
92
104
106
86
96
86
100
92
88
82
84
82
92
92
90
80
88
68
80
62
68
72
74
56
46
52
58
82
90
106
102
104
138
180
230
258
300
308
316
322
316
316
310
282
292
328
324
318
312
306
316
320
320
294
262
270
272
302
304
274
292
268
236
204
160
122
92
78
64
64
62
50
54
60
66
74
78
88
80
90
92
82
92
86
92
82
84
92
84
84
74
82
88
92
76
88
88
84
100
86
92
116
90
92
102
84
118
80
92
94
96
90
106
92
94
102
72
86
76
62
70
66
64
48
58
86
114
146
154
168
156
162
186
232
276
292
314
324
318
330
330
338
336
318
318
340
332
322
312
306
312
324
334
316
302
298
320
328
328
316
304
306
292
266
202
166
128
108
104
96
86
70
56
64
66
64
74
80
80
84
90
78
96
86
92
78
94
102
90
86
74
80
86
86
80
94
96
92
90
80
88
102
92
88
98
88
96
90
86
80
100
82
94
86
82
76
70
70
66
64
52
58
44
60
100
144
174
210
226
242
230
222
232
278
304
310
312
318
316
326
326
340
344
336
328
330
332
318
308
300
304
316
334
320
328
334
342
326
316
314
310
320
318
308
248
218
178
156
156
144
118
112
76
64
68
62
70
78
84
74
88
76
96
100
88
82
88
82
98
74
90
78
96
94
94
84
90
102
90
84
94
92
110
88
98
106
96
98
116
82
100
106
86
104
92
66
92
58
66
64
42
56
54
102
164
212
238
274
292
302
284
272
278
306
306
308
312
304
308
312
316
338
342
346
340
332
324
314
312
312
316
328
346
334
340
342
346
314
302
314
312
334
324
326
284
266
234
226
220
204
176
154
112
82
66
56
58
68
74
68
74
76
86
98
82
86
86
90
86
82
78
72
82
84
94
82
84
92
92
76
84
100
94
82
90
96
94
80
92
96
86
84
98
84
82
74
72
56
54
46
42
46
86
148
216
266
296
332
336
324
312
308
320
324
302
312
328
302
304
306
312
336
334
338
338
332
336
328
332
334
332
336
346
328
342
352
322
318
312
298
312
312
330
330
300
288
270
282
272
258
254
202
172
136
88
66
60
66
62
72
64
84
78
88
84
92
88
102
80
88
86
66
96
88
82
90
86
82
100
86
88
114
86
104
102
94
106
84
96
114
96
96
108
86
86
72
72
50
46
46
50
74
126
206
278
324
338
342
344
336
326
338
334
318
304
328
322
324
330
324
338
358
336
340
332
338
334
344
354
356
352
372
340
334
336
356
328
308
310
302
308
332
324
326
310
310
322
314
304
310
298
262
222
192
140
104
70
52
62
56
66
80
66
98
74
82
80
80
88
82
82
74
80
84
88
78
80
82
94
86
96
92
106
92
102
102
84
106
100
94
96
90
100
108
72
72
56
52
56
56
78
110
186
248
306
346
362
330
342
330
324
336
338
316
310
322
346
342
354
330
356
356
348
334
330
340
344
362
386
382
360
378
350
328
338
360
352
314
328
322
334
328
312
326
324
328
332
326
318
324
316
316
284
232
168
134
94
58
50
62
66
76
82
96
80
96
96
94
102
84
98
72
96
88
108
78
88
106
94
92
94
94
106
96
96
98
94
110
98
98
90
82
94
82
66
68
48
58
72
88
116
162
226
278
342
350
354
334
320
306
320
334
366
318
332
332
346
370
350
354
372
378
352
330
338
350
344
376
392
390
384
382
340
326
332
352
360
334
346
344
358
344
324
332
330
338
332
322
302
306
322
336
312
270
210
158
110
68
54
54
56
62
62
66
76
82
84
88
86
78
86
70
92
84
98
84
84
84
106
94
92
110
102
104
94
84
116
106
96
116
100
90
110
78
76
60
68
90
124
164
190
238
268
300
342
358
348
330
314
322
338
326
368
320
326
334
368
396
372
382
410
382
342
336
324
346
356
388
398
408
408
376
330
340
346
368
376
370
358
370
366
350
328
328
328
336
320
304
284
292
314
332
322
298
250
186
136
96
72
56
52
56
56
66
80
82
78
82
80
78
82
80
94
92
90
88
86
80
102
86
94
98
100
90
90
78
102
100
82
98
92
78
94
80
72
58
94
138
192
236
262
284
308
342
334
356
344
316
346
348
338
358
360
340
360
336
362
384
382
402
410
370
352
326
346
350
362
384
404
422
398
350
322
332
344
378
388
386
376
398
374
340
324
330
340
334
306
294
284
292
304
336
340
312
270
220
176
138
106
86
62
52
66
80
74
88
80
74
92
72
86
82
92
94
100
82
88
92
100
96
100
94
104
90
94
98
112
114
100
106
102
90
96
80
68
86
144
212
274
300
324
320
334
362
350
344
342
320
360
352
370
380
384
364
350
338
370
396
400
412
426
374
340
326
320
348
368
398
406
412
392
342
320
326
340
364
388
392
410
408
370
332
328
338
354
332
310
310
302
292
312
326
336
314
290
260
224
190
158
118
82
50
54
70
70
76
76
72
86
78
78
84
84
98
88
84
86
86
94
92
86
94
86
88
88
96
104
84
86
102
86
78
86
58
66
126
202
274
328
342
344
342
352
352
354
350
354
330
348
358
370
390
406
368
358
360
362
408
392
428
416
376
324
320
324
358
376
404
390
382
374
330
312
318
350
368
398
406
434
400
354
328
332
332
354
334
330
338
336
316
330
310
320
316
314
296
270
254
220
170
126
76
64
66
84
74
78
84
82
96
74
92
84
108
90
100
92
74
114
90
92
106
88
96
100
88
118
82
86
104
82
70
80
62
102
182
266
320
354
362
330
346
342
358
340
344
342
336
354
348
390
402
396
354
342
352
364
390
408
434
420
348
310
316
328
360
398
406
392
380
354
314
318
322
336
372
406
406
430
396
346
328
342
330
360
346
346
348
356
346
332
300
314
314
318
312
298
294
266
236
180
112
102
70
82
68
74
80
78
88
72
72
76
96
94
86
86
80
94
104
104
96
92
98
96
108
96
104
90
94
88
70
54
60
126
222
320
354
360
360
332
350
336
340
344
360
346
328
336
328
386
410
378
354
342
366
374
402
410
426
384
348
298
326
354
366
378
412
400
346
322
308
332
328
342
376
404
406
418
376
334
318
326
346
382
366
384
370
376
356
338
312
324
316
320
322
314
312
312
286
238
162
138
94
86
68
76
76
86
78
88
80
92
100
102
86
86
86
98
110
96
104
100
88
96
96
86
102
76
90
82
52
52
56
178
284
328
368
364
338
336
328
342
334
336
352
354
334
334
322
398
416
372
338
332
354
372
398
408
408
374
334
310
334
370
382
412
410
392
328
324
342
340
332
330
360
406
406
412
368
326
320
324
360
368
380
398
394
366
354
340
324
336
326
322
316
306
300
328
318
276
222
164
112
68
60
72
74
76
84
80
74
82
102
90
82
78
74
120
106
98
122
98
110
94
96
118
92
84
94
76
58
60
82
206
296
340
354
352
326
342
360
352
354
356
372
382
340
342
320
366
404
372
334
342
376
400
396
400
390
362
326
320
360
390
400
416
406
384
330
322
346
342
344
334
358
396
412
420
360
332
314
318
352
386
410
426
404
380
350
336
334
336
322
308
298
298
298
320
328
302
266
198
148
74
60
68
72
78
86
82
78
82
92
82
84
78
76
114
100
96
110
94
110
84
100
116
90
84
78
62
58
66
120
248
298
344
334
352
338
356
386
372
360
382
372
380
370
352
360
374
386
354
338
356
366
400
412
400
368
340
342
342
380
394
422
416
408
368
340
342
360
366
348
348
346
402
412
418
366
324
316
306
344
378
426
416
392
360
332
350
354
340
320
296
280
286
282
316
328
322
280
230
176
94
56
68
70
84
76
88
84
92
84
86
94
90
94
98
112
102
102
106
94
92
102
100
114
86
74
70
74
112
170
254
330
364
360
356
334
366
378
382
392
378
386
390
378
386
372
388
386
354
346
364
358
390
402
382
360
346
354
364
402
408
422
398
392
350
340
354
374
380
342
338
348
388
416
418
354
332
314
304
342
370
408
420
384
346
336
348
354
334
322
312
306
306
292
310
316
322
282
242
186
104
56
62
58
70
62
74
74
86
78
80
84
80
88
100
94
96
112
88
106
90
84
120
92
70
74
74
106
170
220
290
352
350
354
342
356
382
376
382
400
392
398
394
384
390
372
364
372
358
354
368
362
374
370
364
352
358
364
388
406
414
410
382
356
348
356
380
390
372
348
334
328
378
404
414
374
328
320
300
322
374
396
416
360
338
332
358
364
340
332
332
334
322
298
300
298
308
294
248
190
116
74
68
62
72
84
78
78
86
90
90
88
82
86
112
84
102
122
86
124
96
86
130
78
66
86
106
172
242
282
312
348
370
376
356
370
374
374
378
394
382
392
386
374
402
382
364
348
336
348
356
332
334
350
354
336
348
382
400
380
386
392
382
340
356
366
398
404
372
358
334
334
354
394
412
380
340
320
318
328
378
412
398
360
328
332
346
364
356
350
348
354
338
320
312
304
316
314
268
212
152
102
76
62
68
82
76
74
78
80
90
88
86
80
92
92
104
96
106
96
94
98
88
104
74
94
154
228
302
332
356
344
356
360
358
358
376
382
394
378
398
390
396
396
392
380
360
342
332
344
346
326
320
338
328
340
348
374
376
372
368
356
344
338
366
344
354
370
366
358
338
336
352
382
398
380
336
326
320
320
360
378
396
358
324
340
338
376
388
380
362
358
334
322
318
306
322
320
288
238
194
130
102
76
74
66
78
76
90
80
86
88
92
80
94
96
88
92
98
100
86
92
94
82
68
122
194
278
352
354
344
356
358
352
358
372
390
378
398
394
390
396
398
394
394
354
352
318
334
340
342
324
320
324
332
338
352
348
356
338
352
346
348
352
362
336
326
330
342
358
342
346
346
360
392
384
358
342
322
322
364
382
388
360
326
330
348
374
418
392
360
354
336
320
320
314
320
326
318
282
222
168
122
100
70
70
68
74
76
86
84
102
82
74
120
82
118
112
88
110
100
96
110
76
70
164
236
314
378
368
350
344
332
346
342
376
386
406
402
408
414
406
410
388
380
368
328
324
348
346
338
326
316
326
344
332
330
346
346
330
338
340
344
350
348
296
262
262
308
342
348
348
324
350
380
400
374
352
336
346
352
378
380
340
348
338
352
378
392
402
366
344
328
332
312
298
320
320
314
306
250
218
172
110
82
78
80
66
82
68
76
90
78
74
96
78
96
96
80
86
96
84
92
72
72
180
276
340
384
370
346
344
334
350
358
362
396
406
410
416
400
408
410
400
356
360
348
340
342
334
342
348
324
332
350
330
328
344
340
328
344
356
360
360
340
268
220
222
296
342
338
338
322
330
364
384
392
366
358
352
358
364
360
328
342
336
350
376
380
362
346
334
334
324
314
298
316
314
306
312
254
234
192
130
102
78
88
62
80
80
80
86
80
72
98
106
98
104
108
94
112
98
92
80
90
198
302
344
374
362
338
342
352
358
350
378
392
414
398
410
408
402
410
380
358
368
354
350
354
342
354
350
326
346
366
348
352
354
352
354
374
376
364
358
332
260
206
196
276
322
332
342
336
328
348
364
404
382
366
356
360
362
360
334
356
346
354
356
376
346
338
332
334
332
314
308
296
302
306
316
272
258
224
156
118
72
82
76
74
74
74
74
76
70
102
82
102
96
90
100
98
80
92
64
86
220
300
338
362
352
336
360
366
378
378
378
400
392
376
396
376
396
388
384
364
366
354
356
364
338
348
344
336
360
372
356
352
358
352
372
374
364
360
352
340
290
234
222
292
330
338
350
334
332
332
358
394
382
368
340
360
344
342
342
338
346
344
342
358
354
338
346
338
326
306
304
278
276
290
306
278
286
262
174
154
84
78
82
84
80
94
92
92
86
110
80
108
102
90
110
102
82
84
70
88
226
300
358
354
354
350
350
386
382
402
382
376
358
346
364
366
372
382
364
374
366
376
370
364
332
348
360
368
374
382
374
364
378
362
388
372
368
354
342
344
324
286
284
332
350
350
350
340
332
338
346
378
366
366
358
342
344
338
328
346
338
334
330
330
342
356
352
352
310
316
310
300
288
292
304
280
302
256
178
166
70
74
64
76
90
80
84
82
78
96
98
96
102
96
104
104
86
74
80
104
218
302
364
342
346
352
358
356
378
382
378
372
352
348
358
352
372
396
394
378
370
366
370
366
344
340
348
368
368
392
386
376
376
366
384
372
370
360
346
358
356
326
342
364
364
362
352
358
344
364
346
364
352
344
346
338
344
342
342
344
342
330
322
326
342
382
348
346
322
316
306
310
308
296
294
286
294
268
210
170
66
86
76
80
90
90
102
88
80
94
108
98
104
96
100
104
88
80
68
128
236
320
368
366
366
364
368
376
378
386
380
374
352
346
358
372
380
412
400
382
388
400
392
378
368
352
358
384
388
416
398
388
358
374
384
382
364
340
338
364
368
338
364
378
372
362
350
352
360
374
360
346
334
340
356
352
366
362
360
352
348
292
332
354
350
368
352
328
326
330
316
312
324
302
284
304
286
260
222
174
76
68
76
94
90
80
100
80
74
116
98
116
100
96
120
102
98
88
110
164
276
344
386
370
366
366
374
392
376
376
384
374
358
366
378
406
400
412
400
380
390
384
398
400
408
368
384
390
386
412
394
356
362
366
358
370
356
318
332
374
390
364
380
366
382
370
342
346
360
370
366
348
332
358
372
370
352
370
370
358
348
330
332
362
372
362
348
332
332
324
344
316
310
302
312
302
284
270
216
170
66
68
72
94
88
84
98
72
94
94
88
110
94
82
100
94
98
70
138
232
298
364
386
384
356
362
356
368
372
386
382
390
398
394
404
408
404
404
378
360
378
410
406
412
418
404
402
412
408
390
394
350
350
372
356
356
370
332
334
386
402
378
376
376
360
366
346
344
354
368
376
358
352
352
370
374
368
372
378
366
358
334
344
354
374
376
354
342
340
334
336
336
330
326
304
310
312
270
216
158
76
92
90
92
94
102
86
104
80
102
124
100
112
102
90
122
94
106
182
282
356
382
378
370
372
370
370
378
378
396
386
402
412
412
410
390
390
382
354
352
380
406
430
424
418
396
412
408
394
370
376
348
354
370
352
350
362
336
362
390
396
386
374
360
340
352
346
346
354
360
376
358
354
356
370
374
370
364
370
362
348
332
346
368
376
362
358
356
334
334
334
336
330
314
306
314
320
292
232
172
100
74
72
80
82
88
84
84
74
102
102
100
98
98
106
108
96
122
212
324
372
390
364
354
346
348
366
376
376
404
402
428
440
440
406
372
374
356
338
348
380
430
442
418
404
382
398
396
394
374
372
356
360
366
354
358
370
358
390
404
416
386
392
364
342
348
350
360
366
356
380
366
366
370
368
370
364
362
370
374
352
340
362
386
372
374
382
358
358
350
352
336
324
306
312
332
330
308
248
180
120
82
94
102
90
90
98
78
94
104
100
120
102
98
116
102
110
132
238
330
376
366
360
342
342
352
364
368
370
400
404
428
436
432
372
346
358
346
350
370
400
426
428
412
390
396
396
392
374
354
366
360
358
364
352
354
378
390
420
422
424
398
396
348
346
348
348
370
372
346
374
376
380
382
376
368
366
352
366
380
360
364
342
368
372
368
382
372
372
354
350
342
324
306
280
332
348
322
280
202
142
102
88
82
84
90
76
92
76
94
122
102
108
100
86
114
98
162
242
342
364
374
336
348
368
356
370
372
374
402
422
428
418
404
342
326
344
344
358
380
398
422
416
380
352
358
378
390
382
364
374
382
376
366
364
378
404
408
396
428
432
412
402
386
368
346
344
374
374
344
362
362
368
380
384
372
380
348
368
380
368
374
368
360
356
362
366
368
384
360
346
324
320
312
294
324
340
340
296
230
178
124
80
84
96
92
72
94
76
94
108
104
100
96
96
104
100
152
254
342
374
366
350
348
370
376
392
396
392
400
420
406
384
362
322
312
342
366
378
406
418
418
386
352
362
358
362
370
390
386
384
382
362
352
364
384
412
390
398
406
386
416
388
374
358
352
350
378
372
356
358
342
350
370
380
386
394
376
384
400
384
384
372
370
350
330
338
352
360
328
336
328
320
288
292
300
334
354
298
236
188
138
80
82
76
88
88
78
90
112
104
134
100
96
118
88
108
154
256
334
370
360
358
358
382
398
398
402
402
388
392
374
370
358
340
326
354
390
392
422
430
414
370
346
354
372
364
378
384
380
392
378
352
368
372
360
390
352
390
376
342
410
394
384
362
358
356
372
360
358
352
328
346
370
376
400
398
406
388
408
376
404
376
378
352
336
340
330
356
346
326
324
308
310
316
300
322
332
308
254
196
162
86
78
78
84
90
68
88
100
102
116
78
86
108
90
92
138
232
316
356
362
368
360
370
384
396
398
390
374
386
378
358
344
340
346
378
412
430
428
410
386
364
340
372
364
370
362
382
384
378
358
346
368
366
356
376
302
334
312
266
384
384
364
358
352
378
354
356
372
366
330
326
368
376
390
386
400
404
398
386
394
354
392
348
356
322
328
336
344
334
330
330
326
324
304
320
320
290
262
202
174
78
72
82
82
80
92
78
104
128
108
108
94
106
104
90
130
228
324
352
374
380
380
372
400
396
398
380
370
366
372
356
362
370
386
420
408
424
430
420
374
360
376
386
390
370
360
374
384
370
366
354
372
360
352
352
284
294
250
206
352
394
364
352
374
350
334
360
374
374
356
334
364
370
370
400
414
410
374
368
380
346
394
372
358
340
342
332
346
336
332
332
340
320
312
310
310
298
258
210
156
82
78
80
76
84
70
80
102
100
114
96
86
108
90
94
106
202
306
354
380
376
386
400
380
390
388
394
378
356
388
370
388
396
402
412
428
416
402
386
366
362
388
392
388
384
366
378
382
372
356
364
372
352
326
348
280
286
246
206
334
380
344
352
364
346
326
352
380
386
356
324
348
348
370
398
412
400
372
340
346
352
390
380
378
368
348
348
352
346
334
340
346
318
312
298
308
300
258
216
140
82
88
84
80
88
76
84
108
90
112
92
86
110
94
102
114
206
286
346
384
410
402
394
392
374
372
382
376
398
406
402
400
418
424
412
432
398
382
370
364
376
386
390
384
400
378
372
372
370
374
360
370
348
340
344
294
280
246
228
318
348
330
354
368
332
312
356
366
374
358
346
336
350
364
382
412
386
354
336
332
338
386
398
386
384
374
360
362
358
340
354
346
332
320
310
308
280
248
198
122
72
84
84
82
82
92
80
100
112
82
104
88
92
110
96
122
206
280
350
396
420
406
386
382
386
378
388
380
400
426
422
406
422
426
420
398
380
370
364
380
388
352
330
328
362
382
370
364
360
382
408
358
360
348
336
320
284
254
270
334
350
340
346
368
352
320
356
362
368
348
360
360
344
348
396
398
380
352
334
328
332
380
404
400
396
390
372
360
350
340
348
342
340
330
328
314
266
234
172
104
76
82
86
80
80
92
82
94
96
88
94
92
92
102
94
112
198
290
360
406
398
392
378
376
368
388
378
396
424
424
418
420
428
414
396
384
368
364
364
378
396
320
300
280
336
378
370
390
378
388
384
334
344
358
352
334
310
308
332
358
356
356
354
376
352
344
372
342
366
368
342
356
354
348
380
404
378
352
348
318
330
364
390
414
406
396
384
354
338
336
332
338
334
340
340
320
266
220
146
88
88
84
84
78
88
76
88
104
82
122
84
102
108
92
108
120
218
308
368
410
406
386
348
360
378
378
374
394
408
426
412
398
410
390
360
360
344
348
360
372
384
272
252
216
298
358
370
370
396
382
380
324
364
346
344
334
318
336
350
356
342
342
352
372
352
344
364
352
360
372
372
354
344
350
374
398
378
374
350
326
312
342
382
394
404
406
370
348
336
328
332
340
338
358
352
328
262
204
120
86
84
82
80
78
88
74
82
98
98
108
88
94
92
88
98
120
224
314
388
412
400
376
360
360
380
368
380
400
414
404
380
390
386
360
358
344
360
360
360
364
360
254
218
198
268
340
352
382
368
354
386
334
352
344
372
352
318
336
356
374
350
310
308
356
364
366
362
362
368
380
372
366
348
330
374
402
388
368
356
328
322
324
360
384
396
386
358
330
328
310
334
336
344
368
360
342
264
202
110
104
76
90
86
86
84
92
76
110
98
98
102
96
90
96
96
132
232
322
396
402
386
370
380
398
402
400
388
398
384
386
374
358
358
348
352
354
358
352
358
362
358
294
236
230
264
310
366
380
364
362
374
330
350
342
362
368
332
348
334
362
350
318
288
356
376
372
352
334
358
378
370
352
332
338
346
374
400
376
358
342
336
338
330
372
374
368
362
330
328
302
322
330
328
366
366
338
282
206
90
78
80
84
84
82
80
76
76
94
104
116
100
98
108
84
100
124
228
310
374
384
382
376
378
396
402
410
390
386
376
380
368
356
344
362
366
380
376
380
356
362
364
338
310
290
294
320
364
390
366
348
372
352
350
332
378
378
356
358
338
346
354
314
274
344
380
380
352
306
314
340
358
348
346
336
348
362
396
372
378
356
334
328
330
344
360
362
356
338
346
316
340
322
332
352
358
356
290
198
108
76
86
90
88
88
88
86
86
96
98
118
88
86
110
78
104
112
214
292
356
372
376
376
380
396
398
400
382
394
394
384
364
380
368
374
392
392
400
400
388
374
368
362
364
344
334
346
378
370
356
352
390
386
370
336
370
386
348
358
328
354
336
298
236
320
370
368
342
272
274
302
346
338
354
352
328
352
392
386
390
376
356
336
334
320
338
338
348
350
356
342
348
328
332
348
360
360
308
200
98
88
82
86
88
84
88
86
80
100
102
104
114
108
98
102
94
118
200
290
354
368
368
362
378
382
398
398
374
388
386
382
390
396
396
412
412
430
406
414
422
400
396
396
404
390
370
366
382
386
364
366
398
380
356
332
352
378
366
366
340
348
346
296
216
298
358
362
342
256
236
250
304
338
334
342
328
352
374
386
404
388
392
364
348
326
332
324
350
348
350
350
350
334
330
336
348
344
312
190
86
86
74
82
82
76
84
82
76
92
78
100
102
100
94
88
96
92
156
264
330
352
364
364
390
396
404
402
382
378
378
390
408
402
414
438
434
446
426
436
444
418
428
422
420
410
396
384
396
402
378
376
400
376
346
336
364
364
352
368
368
370
338
304
262
318
366
360
330
240
218
240
298
312
322
338
332
326
368
382
394
412
422
400
370
340
336
322
340
352
350
350
362
334
338
320
334
342
296
164
100
74
84
92
86
84
94
96
90
100
94
118
98
104
116
92
126
94
134
234
294
318
346
360
384
416
400
394
396
386
390
402
388
406
424
446
450
434
444
446
432
410
424
414
414
418
418
406
412
412
410
398
392
372
338
320
340
336
346
380
372
384
338
326
290
328
362
362
342
284
258
262
288
308
296
328
338
328
336
358
386
412
412
404
380
348
346
342
338
358
352
354
352
336
332
322
330
330
260
128
88
76
76
82
78
66
76
80
74
76
106
86
104
98
92
94
98
102
112
188
264
296
334
378
400
406
406
390
392
384
380
390
372
402
414
448
440
436
426
424
394
394
398
398
408
414
418
406
402
404
406
390
366
350
334
330
332
342
352
370
396
388
338
326
334
364
370
364
350
328
312
312
304
308
298
332
322
328
326
344
358
414
414
408
384
346
338
328
324
348
344
360
340
338
322
322
316
302
226
112
86
92
80
84
82
82
90
92
88
106
104
88
112
86
102
92
100
106
92
148
240
278
310
378
400
412
430
386
374
382
374
380
378
402
418
420
422
412
404
388
388
378
368
370
384
378
390
400
404
418
398
388
374
348
334
342
330
332
348
372
378
384
334
358
388
390
386
388
376
374
364
364
342
320
306
320
324
330
330
324
346
384
404
398
382
352
342
324
346
334
352
372
362
346
330
316
298
252
178
88
92
70
82
86
76
70
78
80
80
102
100
98
94
96
100
90
118
94
102
126
188
258
298
364
408
416
422
372
366
370
360
382
382
386
400
408
392
398
378
374
374
368
354
374
356
374
374
392
396
394
380
376
368
348
362
360
366
336
358
366
382
364
350
390
404
390
392
384
394
392
390
390
366
352
338
330
350
354
338
316
324
362
380
376
362
348
326
344
340
338
362
372
362
356
332
308
272
212
128
74
94
72
78
90
76
78
92
80
86
96
90
102
90
96
92
84
106
96
78
102
166
236
290
372
406
398
410
378
380
384
384
402
400
398
388
398
384
388
386
374
368
384
366
370
358
366
372
386
400
388
368
376
362
362
376
376
378
372
380
378
362
356
364
392
406
396
396
400
410
408
402
414
400
386
374
364
364
368
348
328
324
352
364
366
356
344
326
342
344
350
352
370
368
362
324
292
276
162
116
86
64
94
80
80
80
86
84
90
76
102
104
90
114
92
94
102
98
110
86
96
140
214
278
364
386
390
394
382
396
406
410
408
394
390
384
380
376
396
392
374
396
400
394
394
388
372
376
384
412
402
356
364
352
378
388
386
386
398
362
376
370
356
364
380
388
382
376
386
396
396
388
410
400
400
404
400
380
378
360
350
344
334
348
328
344
350
334
364
352
336
342
370
358
354
318
274
242
124
84
74
80
90
78
68
84
82
80
86
72
104
92
100
102
82
106
84
106
100
100
98
114
194
268
348
376
388
380
386
398
414
420
414
398
392
410
376
386
410
394
396
414
432
424
418
416
406
412
404
418
390
358
382
360
376
382
376
384
386
368
390
384
364
388
382
362
376
352
352
356
364
366
402
406
398
410
406
386
388
386
376
362
356
352
336
342
354
358
370
362
356
348
366
366
366
314
268
228
104
86
82
100
74
90
80
78
80
92
82
88
108
104
120
96
106
106
90
118
96
100
98
98
160
234
322
366
390
378
396
394
406
408
416
412
408
386
396
382
394
420
400
418
438
442
442
426
410
412
408
426
396
368
372
344
364
392
378
370
380
392
388
386
390
410
378
362
358
336
342
348
352
342
366
368
368
404
418
412
402
400
380
366
348
364
334
350
360
364
396
380
374
372
362
352
354
320
276
204
90
96
86
92
92
86
82
82
82
96
86
88
106
102
96
104
104
94
106
92
112
96
98
104
124
188
284
344
360
358
384
386
402
412
424
420
402
380
372
386
396
392
406
420
446
442
434
414
412
412
394
396
392
368
368
350
358
380
372
384
390
388
382
398
408
418
390
372
374
352
348
342
336
324
346
360
362
396
406
402
388
390
378
378
360
364
356
352
356
374
378
374
378
358
336
354
354
304
256
186
84
90
78
92
102
82
78
88
84
86
94
78
108
90
96
106
90
110
92
90
112
94
96
106
106
154
238
308
342
358
378
380
388
410
410
398
408
372
364
380
390
374
392
416
428
430
426
406
396
392
378
388
390
370
372
366
378
388
374
378
400
390
404
408
406
422
412
376
374
362
358
356
350
332
332
346
348
364
378
392
400
388
356
336
346
362
356
368
370
378
382
372
364
360
342
350
342
310
240
148
86
94
86
96
86
100
92
86
88
88
98
82
94
110
108
96
106
104
84
114
100
100
94
98
98
132
190
264
308
346
362
370
374
418
426
424
400
344
354
356
362
378
402
392
408
400
386
374
370
376
366
386
394
400
400
366
368
388
392
392
416
390
412
406
406
396
394
390
408
398
388
386
378
352
330
336
344
356
368
370
376
354
338
334
332
350
366
374
366
370
362
368
358
354
338
336
316
290
204
112
96
84
82
94
82
94
82
90
84
96
84
90
94
104
102
90
100
98
76
98
102
90
94
104
94
104
138
202
256
318
352
358
376
416
442
418
382
344
340
366
366
400
396
390
380
390
384
374
366
378
382
410
410
418
408
390
386
392
402
410
432
406
422
400
390
374
372
380
404
408
388
418
386
378
358
360
350
350
338
342
362
352
336
306
324
340
370
402
384
380
354
356
346
350
338
340
300
230
174
98
80
92
84
88
100
84
80
90
90
90
96
74
106
98
98
116
94
108
102
102
108
100
96
110
84
100
120
164
208
262
312
334
376
408
430
420
378
348
364
374
396
408
402
380
372
384
378
378
366
384
410
408
428
428
412
396
390
398
406
412
408
418
430
418
382
362
368
364
378
390
394
424
410
398
382
374
360
348
322
338
338
346
336
318
334
346
356
382
392
384
352
362
332
336
326
278
256
192
126
84
92
82
78
86
84
80
90
86
82
96
84
84
88
94
92
100
94
86
92
100
92
106
90
94
86
96
90
126
158
214
280
308
364
404
422
412
396
380
382
396
402
420
400
384
372
382
370
376
380
390
410
428
430
418
400
398
396
412
410
404
414
406
412
434
396
368
354
348
366
380
392
412
410
392
382
364
372
348
332
338
334
334
350
338
356
360
380
386
380
382
368
346
330
316
288
246
196
150
100
90
100
88
88
96
86
86
94
88
84
98
90
96
84
104
100
92
116
96
92
120
92
110
104
90
100
102
98
110
106
148
228
278
332
384
402
402
400
386
406
402
420
406
388
370
384
400
400
372
380
410
418
438
420
402
382
392
396
420
408
390
394
392
418
430
388
376
354
344
348
360
376
394
398
378
372
356
362
350
348
346
342
332
358
360
366
396
402
380
386
378
354
336
326
292
230
212
144
106
96
90
80
88
84
84
80
80
80
84
84
82
90
74
96
98
96
102
106
108
88
110
98
102
108
100
90
98
110
92
100
102
176
258
304
360
382
396
392
382
404
396
412
388
380
376
398
382
392
376
366
382
400
426
408
396
378
388
388
412
400
382
384
370
396
412
396
386
362
336
338
350
364
390
388
366
356
344
340
354
348
364
356
356
364
378
386
392
396
376
374
364
354
326
302
248
168
140
116
90
106
88
86
94
88
84
80
92
92
96
92
90
96
80
98
90
100
94
100
98
86
100
96
104
100
100
86
98
102
90
104
88
138
218
264
328
354
366
392
384
394
396
394
388
388
406
390
396
388
366
366
380
398
400
378
388
388
390
382
396
386
374
370
364
378
408
398
368
366
340
350
358
362
382
366
344
334
326
322
336
336
358
368
362
366
372
392
392
388
364
350
352
354
318
278
182
114
104
94
96
106
86
94
84
82
84
72
92
90
82
80
94
84
94
98
106
114
94
120
104
104
124
100
118
102
100
104
108
104
108
102
94
120
174
224
292
326
342
370
364
396
390
404
390
408
422
392
384
372
366
390
384
376
384
360
386
396
386
378
382
378
372
374
372
366
380
386
378
370
324
358
362
358
366
350
336
336
332
340
338
352
374
392
370
376
370
386
374
382
364
332
342
346
280
242
130
88
102
86
94
88
80
96
84
80
88
76
88
82
88
82
94
86
94
102
118
102
96
110
100
94
108
96
102
96
90
102
94
102
98
96
90
102
138
184
232
272
308
346
346
370
378
380
396
418
440
402
372
384
378
398
408
382
370
372
396
398
376
370
376
378
378
380
370
372
374
370
362
350
336
362
370
366
364
354
344
352
346
346
340
352
392
382
364
360
354
360
372
350
344
360
342
294
254
186
112
94
92
112
100
94
96
96
94
80
84
84
88
82
120
94
90
98
84
106
116
100
110
98
118
104
100
100
104
114
116
94
100
108
94
108
90
104
106
152
178
228
256
306
320
340
366
368
410
412
438
402
384
406
398
408
406
374
360
374
398
384
366
356
362
364
378
390
384
374
354
350
364
354
318
346
350
376
368
354
356
356
374
362
358
366
384
380
362
370
352
346
354
338
334
322
296
242
202
132
102
88
86
96
78
88
88
84
92
80
80
74
82
74
92
82
90
82
88
98
108
110
94
102
114
94
116
98
128
100
100
104
94
104
112
98
88
106
96
114
124
174
202
264
264
290
338
350
394
404
420
410
392
404
410
420
414
376
374
392
408
386
370
370
370
392
370
376
374
374
356
356
366
350
346
360
366
368
382
374
366
376
380
378
382
386
384
374
372
374
342
350
344
312
294
282
256
196
146
118
100
96
106
90
98
106
90
102
92
86
92
80
96
96
98
94
96
84
90
94
116
102
104
112
102
100
110
96
130
100
98
112
96
96
116
90
98
102
92
104
102
120
158
178
204
236
270
290
368
402
396
404
400
398
402
408
406
372
388
414
398
394
370
390
382
380
390
358
396
378
354
360
370
374
356
348
384
382
398
364
358
378
394
390
376
370
372
360
364
366
352
320
306
268
246
222
194
148
114
100
90
94
96
98
86
92
88
82
90
86
92
88
90
82
90
92
100
86
88
114
108
104
112
104
116
96
104
118
98
114
124
92
100
112
102
110
90
98
116
90
104
108
104
150
150
172
228
252
294
340
372
392
402
392
394
394
386
368
406
422
406
398
384
390
394
414
386
364
392
374
366
374
374
382
368
374
372
372
378
386
374
382
386
384
376
376
370
358
364
346
314
286
262
222
202
168
132
108
100
102
96
96
92
108
84
90
92
90
102
88
86
84
84
84
100
90
102
90
86
114
100
94
100
96
108
92
100
114
102
106
106
90
98
102
108
108
84
94
112
94
100
100
86
92
106
118
146
186
236
280
306
366
378
376
382
388
368
364
408
418
416
392
380
398
410
402
382
364
368
386
376
382
398
382
380
384
382
366
390
382
368
368
386
394
374
372
366
352
342
314
276
220
192
156
146
128
110
102
102
100
96
94
98
90
98
100
84
92
92
88
98
90
88
90
80
96
102
90
90
102
112
98
102
124
104
102
110
108
134
100
96
114
104
96
126
104
106
112
102
120
102
98
110
98
106
104
106
138
172
212
248
298
330
338
346
358
360
360
372
414
392
394
392
384
404
378
370
352
368
392
384
388
402
390
382
382
392
356
380
384
376
374
364
362
340
350
362
348
300
256
212
150
132
104
98
88
90
90
84
94
92
90
92
96
90
92
82
92
94
82
84
82
78
88
88
80
92
82
82
98
96
106
92
114
108
84
102
106
108
98
102
92
94
102
102
108
96
108
102
100
86
88
90
98
92
98
90
104
124
158
196
236
278
290
314
326
352
358
352
372
402
390
388
384
386
368
356
356
370
368
390
400
380
382
390
370
374
366
352
394
364
376
338
346
334
336
322
306
258
226
166
108
104
94
98
92
102
108
102
96
96
96
92
114
86
88
96
84
102
92
92
98
82
84
92
86
100
92
88
116
108
96
102
102
102
94
94
116
106
108
98
88
98
92
102
110
104
100
112
104
104
88
90
108
84
100
94
98
98
112
134
170
194
208
260
266
294
308
320
358
364
374
380
378
376
340
344
356
366
360
366
390
384
374
390
376
364
354
356
364
338
310
304
298
280
278
266
250
188
164
110
94
88
84
94
88
88
90
84
82
86
88
92
88
84
92
92
88
90
82
86
86
76
88
80
80
90
78
76
106
102
96
102
112
94
106
100
104
118
96
92
100
98
96
118
96
100
108
96
110
98
98
112
94
106
94
98
104
120
104
118
112
126
166
200
230
240
240
276
304
326
338
348
350
350
338
338
350
336
342
344
356
352
356
362
356
346
340
326
306
292
260
262
254
238
236
214
200
160
114
88
100
90
104
88
98
84
92
86
104
86
86
96
86
104
96
92
100
82
96
104
90
92
92
82
96
100
86
88
112
108
94
106
120
104
110
94
94
118
108
94
100
78
108
102
98
86
102
96
104
92
98
96
90
94
102
92
94
106
110
108
96
94
90
130
158
170
188
224
240
266
288
312
316
316
304
294
300
288
286
300
320
324
328
328
320
322
296
278
246
218
204
194
198
190
174
150
134
106
100
96
88
100
94
104
84
88
96
100
80
104
78
94
106
104
86
100
92
112
88
94
96
88
88
100
80
96
84
76
106
104
90
110
106
124
100
100
108
104
108
106
92
94
112
92
104
94
102
106
104
100
98
102
96
102
102
90
98
114
112
100
118
98
94
120
104
118
144
160
198
218
232
256
256
262
264
252
246
242
236
256
268
272
278
276
276
264
232
232
194
146
140
144
136
128
112
98
98
90
94
96
90
94
92
92
86
84
94
90
86
92
80
76
100
88
94
96
80
96
80
94
84
84
84
84
80
94
82
76
96
100
96
94
106
102
102
98
108
96
88
100
92
104
94
98
90
96
100
92
106
90
86
110
90
110
94
90
104
124
100
104
100
108
108
98
98
104
92
122
138
154
174
204
202
210
214
196
184
188
176
200
206
208
216
214
220
206
182
166
132
106
98
100
106
96
94
92
102
106
94
90
100
92
106
86
98
86
96
84
100
82
86
98
88
102
90
84
106
86
92
96
80
98
104
90
90
94
78
82
102
120
100
104
112
94
112
102
98
122
94
98
116
98
98
116
94
98
112
90
122
92
98
114
88
108
94
92
104
118
100
120
100
100
104
86
100
102
90
102
100
110
126
152
146
154
158
138
126
126
114
140
154
160
164
158
164
150
126
116
94
90
92
92
94
96
88
92
96
92
86
80
88
94
92
90
86
80
92
84
92
82
86
82
86
90
78
82
92
80
82
76
84
88
88
82
92
92
76
78
98
108
94
100
92
108
88
102
92
114
104
102
100
100
94
108
92
92
102
100
106
100
96
102
104
102
98
94
104
108
106
118
128
98
106
110
104
96
114
90
112
104
106
108
98
110
114
104
100
98
90
106
112
112
114
110
116
108
90
108
100
92
104
98
100
112
90
100
98
88
98
86
96
106
80
94
88
80
100
86
96
90
98
76
100
72
100
96
86
96
90
90
106
88
96
88
84
96
82
76
106
100
116
96
110
112
92
112
104
104
112
108
98
114
98
108
92
98
96
98
96
102
94
104
104
102
96
90
102
104
98
108
108
100
102
104
108
92
98
94
104
92
98
96
88
104
98
94
94
94
94
92
92
84
86
88
92
98
94
102
94
98
102
82
96
100
86
90
88
90
86
80
102
92
82
80
88
76
90
82
88
80
86
100
84
82
100
84
90
84
78
82
88
78
96
84
84
94
82
80
96
114
108
104
116
92
100
104
100
112
104
90
126
96
98
116
94
106
112
78
110
92
98
118
88
112
98
98
108
114
92
122
108
100
112
104
104
110
100
102
102
90
100
98
92
112
100
98
98
90
96
94
102
98
98
98
98
82
96
102
90
98
90
96
106
96
104
88
80
100
74
90
100
80
98
84
82
84
78
94
100
72
84
94
76
94
96
84
94
78
82
88
94
96
90
84
88
90
76
88
106
104
102
104
102
98
104
90
92
98
106
100
94
102
104
100
88
88
92
96
102
94
96
102
104
94
100
94
98
102
102
102
104
90
102
110
92
96
92
92
100
90
90
100
92
100
92
92
86
92
74
98
100
98
106
92
82
92
90
102
86
86
98
88
94
102
82
86
98
92
90
84
84
92
82
92
82
94
88
84
86
92
80
92
94
84
96
90
90
92
84
80
104
98
88
88
88
96
88
84
114
96
122
104
106
116
100
102
106
112
116
110
108
110
108
108
112
96
106
100
110
112
98
104
108
100
106
100
104
106
106
106
124
102
106
112
102
110
96
88
100
94
94
102
92
102
94
94
94
96
84
100
94
90
94
84
90
94
96
104
90
92
96
86
100
100
88
88
94
94
88
84
84
90
84
88
82
92
88
86
88
94
82
92
92
82
94
86
92
74
78
84
88
90
92
72
86
88
82
82
98
98
106
100
106
96
102
90
98
108
106
106
110
106
102
106
110
92
100
94
108
108
96
102
104
100
106
100
106
106
104
102
104
94
104
106
96
106
100
96
100
98
98
104
90
104
96
94
96
94
92
104
100
100
104
100
90
88
96
102
92
102
98
90
100
92
92
88
90
94
88
86
86
90
90
88
86
92
92
92
90
92
80
90
92
82
90
84
102
78
84
92
92
96
100
76
90
90
86
94
96
120
100
116
116
90
120
94
92
104
100
102
114
104
98
108
100
98
96
96
108
94
106
106
100
98
102
96
104
102
100
98
100
100
112
106
88
98
96
100
96
98
98
104
88
104
96
92
90
82
86
92
86
90
92
90
88
80
94
98
90
106
98
96
94
86
88
90
86
90
92
84
82
84
88
80
82
84
90
90
90
90
78
88
92
84
88
84
88
80
76
76
92
86
80
74
80
84
78
80
