100
88
86
96
90
94
90
78
106
96
92
102
98
90
92
88
90
94
96
94
92
90
98
102
94
100
94
96
96
92
92
82
68
94
100
82
88
80
78
82
70
72
78
78
74
70
70
72
66
66
80
60
72
72
74
72
72
76
86
72
76
80
68
88
70
82
82
80
82
86
86
90
90
80
110
78
80
100
86
102
88
98
82
92
82
92
90
96
90
88
94
88
80
100
86
100
96
96
92
86
98
92
94
88
112
80
88
106
106
114
106
104
102
84
98
84
96
88
108
96
104
96
94
120
94
104
102
96
106
94
104
100
68
88
100
68
92
76
74
80
70
74
78
76
82
66
74
66
56
62
64
54
66
66
74
70
68
72
70
66
78
82
74
78
66
72
80
66
80
72
80
82
80
84
98
80
94
92
76
104
86
92
72
98
80
96
80
96
88
90
94
76
78
98
84
96
96
94
90
82
108
84
84
100
98
84
92
96
100
84
92
106
78
102
96
82
90
88
92
108
88
96
100
92
98
92
86
102
86
94
100
86
72
86
76
86
70
64
86
60
58
68
54
68
60
56
56
48
54
60
50
50
58
58
68
64
60
70
60
60
68
68
68
66
66
70
80
70
84
78
86
86
80
98
90
82
84
80
98
94
94
98
92
90
106
84
100
88
82
110
82
88
100
82
104
88
100
96
88
82
116
88
82
116
88
100
108
84
128
98
102
128
86
112
94
86
94
98
88
118
90
98
108
92
104
96
90
110
88
94
98
80
68
100
60
78
68
60
68
52
54
62
48
60
48
54
50
50
48
52
42
42
46
50
56
56
54
62
56
52
56
58
60
58
58
64
68
72
74
78
78
80
74
88
88
76
70
80
98
90
80
92
88
84
84
90
86
78
86
76
88
80
92
84
82
88
94
92
84
78
92
90
88
94
96
88
102
96
96
100
82
108
106
94
106
96
92
90
92
96
106
84
92
122
90
100
100
92
104
76
84
88
68
82
68
54
66
58
42
50
44
40
54
38
48
44
52
54
52
54
56
50
50
56
52
56
54
50
48
44
50
58
54
52
58
62
66
72
72
76
74
74
74
80
96
82
90
102
82
112
84
90
96
88
78
110
82
94
104
74
106
86
92
98
88
96
92
92
88
82
96
100
92
98
108
88
102
112
104
108
86
110
98
102
102
82
84
94
84
102
104
82
94
110
88
94
88
82
88
64
72
78
66
70
58
54
50
50
40
44
46
40
60
44
52
62
68
78
80
84
92
76
72
72
60
58
52
50
56
52
50
52
46
46
50
46
58
56
66
60
70
62
66
78
82
80
84
90
86
100
92
88
94
80
98
84
96
90
88
98
90
94
98
80
110
76
92
94
92
90
102
94
76
118
90
94
100
98
124
100
90
124
82
124
98
76
94
112
84
124
98
94
110
88
102
92
80
94
72
68
72
66
52
80
44
54
60
60
56
72
70
70
70
68
66
92
100
120
130
138
142
120
116
100
86
68
66
74
82
88
78
64
62
56
58
48
58
52
62
58
72
66
68
84
78
86
78
86
100
92
94
96
82
86
96
84
96
88
82
96
94
86
96
90
98
82
86
88
90
86
100
92
78
130
86
102
104
90
114
94
80
120
84
106
92
76
98
102
86
104
86
80
92
92
84
80
74
78
66
50
58
58
54
52
58
62
70
80
100
104
120
118
108
100
106
128
154
170
180
194
192
170
168
142
128
98
94
104
106
126
122
100
96
78
62
54
50
52
48
54
60
58
66
70
82
86
92
100
78
104
90
82
86
80
80
112
84
94
98
90
102
70
90
104
82
112
88
92
92
88
80
106
76
102
120
86
94
108
92
112
98
100
114
86
104
88
86
98
92
96
102
86
88
108
76
84
68
60
72
46
44
58
54
48
72
84
112
130
148
166
170
164
156
140
156
168
206
218
230
244
228
222
218
196
166
138
138
154
154
164
162
154
134
122
96
60
64
56
44
54
48
46
52
58
70
74
84
90
86
96
88
80
80
78
74
90
82
78
92
72
98
74
84
86
74
96
86
86
84
80
86
84
78
118
76
102
98
90
108
94
88
104
96
96
102
90
102
96
78
116
82
80
92
70
78
74
56
52
50
44
46
52
60
60
100
126
156
180
188
216
230
222
198
192
188
208
242
268
262
266
244
244
250
226
192
178
178
198
224
214
208
206
186
174
140
104
90
76
60
60
52
46
52
56
56
86
94
78
86
94
86
92
90
88
86
82
94
88
86
102
84
82
90
76
102
88
96
96
94
90
100
86
92
138
88
124
104
78
122
100
94
120
84
120
96
102
104
106
78
114
88
90
88
70
76
58
46
54
40
54
68
60
80
104
136
176
204
222
236
248
262
252
240
228
228
228
262
286
272
264
256
258
266
270
256
222
218
244
246
250
244
228
248
210
188
152
118
98
86
74
64
56
40
46
60
70
74
80
84
88
84
82
78
82
76
96
80
82
86
80
84
76
80
84
84
96
84
84
80
76
94
94
86
108
108
108
98
92
100
104
102
100
98
96
104
94
90
98
86
90
96
86
74
78
60
62
48
58
80
92
94
110
118
142
184
210
234
268
254
266
274
272
272
264
264
256
282
298
272
262
258
260
276
290
282
244
264
262
258
260
252
250
274
256
236
200
152
134
128
112
100
88
78
56
62
66
70
80
84
96
82
90
88
94
78
98
84
96
100
78
100
84
84
100
80
114
96
92
86
82
82
92
84
100
108
104
94
100
86
108
92
106
100
88
114
94
94
86
90
90
86
68
68
58
58
50
70
96
120
138
158
162
156
188
204
246
274
284
282
278
268
278
272
280
268
276
286
302
268
266
252
254
296
292
270
266
278
282
266
264
240
246
284
288
266
238
192
180
182
166
150
132
118
94
62
60
60
66
82
74
72
94
80
82
90
72
98
86
82
100
80
84
82
76
100
94
100
92
84
82
94
88
94
122
98
130
100
86
102
96
90
124
76
114
92
102
98
94
78
94
80
54
64
44
62
66
104
136
168
188
208
216
214
214
234
264
294
296
272
280
260
274
278
288
282
286
296
306
266
262
256
252
294
292
278
278
286
310
272
270
246
246
294
296
280
262
230
226
234
226
208
186
158
144
108
72
58
66
74
64
76
90
76
78
92
84
96
88
82
96
80
88
90
80
104
102
102
94
86
86
104
88
88
112
90
118
100
82
98
84
98
104
80
102
84
90
88
94
62
74
72
48
54
58
88
102
158
196
212
240
258
252
258
258
250
272
302
288
276
272
254
266
282
294
298
290
304
314
294
278
282
270
288
294
294
282
306
306
278
252
250
258
274
296
296
284
266
264
272
272
262
242
208
178
148
104
72
60
48
66
64
78
82
82
74
92
76
100
94
74
94
82
94
98
88
108
98
92
90
92
90
98
98
106
122
94
102
102
80
122
92
108
108
88
112
92
88
84
64
60
66
50
56
84
104
154
202
232
258
284
276
284
282
280
268
268
300
300
290
282
262
276
282
312
302
306
314
336
322
300
300
290
308
300
302
312
334
326
276
258
272
258
286
308
308
296
284
276
280
286
282
266
256
236
178
130
98
70
60
52
62
70
74
72
80
94
80
92
96
84
96
76
92
94
88
90
88
88
90
92
94
96
96
96
94
106
96
86
94
100
96
102
90
106
82
94
82
64
54
58
38
58
74
116
148
186
236
272
292
284
276
280
296
290
284
278
292
298
302
312
282
290
302
318
310
302
342
356
348
326
320
316
306
302
308
328
362
346
294
286
290
286
292
306
302
300
300
288
286
288
292
284
286
270
228
174
118
88
60
48
60
70
72
58
84
90
100
90
90
98
84
104
84
82
104
82
94
94
88
84
104
92
100
106
94
120
96
92
114
98
110
106
84
122
92
84
76
62
54
60
54
66
94
132
176
230
274
292
294
280
280
280
296
302
288
286
290
310
300
322
318
314
332
320
310
316
344
374
358
336
334
322
308
306
320
350
390
368
316
312
316
306
300
304
312
308
312
298
282
268
280
290
296
280
262
210
152
118
72
68
48
52
62
64
68
92
78
92
88
72
92
80
78
88
92
90
82
90
88
82
80
100
82
94
110
90
102
94
102
110
88
100
90
104
102
74
60
50
52
68
84
96
138
174
216
258
284
308
300
272
270
274
292
308
324
320
300
314
306
328
334
342
346
326
324
322
368
388
372
350
326
322
314
314
344
368
404
398
358
342
340
334
314
298
324
328
320
288
276
276
282
274
310
306
260
232
184
134
110
86
70
64
60
66
66
92
80
100
92
86
98
78
94
104
90
106
82
90
90
86
80
96
80
92
112
86
98
94
104
104
86
98
92
94
90
76
60
62
68
96
124
140
180
212
234
282
288
296
288
280
282
266
290
304
354
352
322
314
318
332
334
350
350
332
342
334
382
388
372
344
326
324
326
336
360
384
410
396
362
360
346
318
304
310
332
330
320
294
278
268
274
280
304
300
280
260
226
192
152
128
104
82
54
52
62
66
80
82
82
96
84
90
90
90
92
92
86
90
86
80
108
74
90
102
88
122
84
88
122
74
112
94
76
104
68
68
50
68
88
136
176
202
238
266
270
294
286
304
298
288
298
304
302
316
358
364
346
332
326
338
348
350
362
336
350
354
374
384
362
334
344
334
338
364
370
402
424
406
372
358
336
316
312
330
346
340
328
304
298
290
290
290
296
308
302
290
260
236
206
182
148
118
82
60
68
64
84
76
80
86
84
96
80
84
94
84
88
90
86
80
98
88
80
102
94
110
100
86
112
88
98
86
80
86
72
60
70
100
134
184
224
246
266
288
296
318
300
302
302
316
326
324
320
350
364
382
374
360
330
346
360
356
354
338
348
350
374
374
362
350
342
346
356
374
396
404
406
398
368
336
314
318
320
326
362
362
344
316
324
326
312
292
284
308
296
302
288
276
268
240
190
154
116
78
58
62
72
80
82
84
102
82
94
100
84
104
80
88
90
86
82
112
78
96
112
90
118
94
98
108
84
84
90
64
82
74
90
132
188
228
268
278
288
302
310
316
302
318
318
324
324
336
340
362
368
388
382
374
350
344
358
352
336
338
342
338
368
358
356
362
346
358
370
378
400
386
386
368
344
330
312
312
324
350
368
372
364
344
338
318
308
308
314
314
326
316
306
308
272
262
238
202
156
110
68
64
72
84
70
84
94
76
98
94
76
98
78
84
84
82
90
94
92
92
94
108
98
94
104
78
104
84
70
62
62
92
122
168
236
260
294
290
290
300
300
320
322
332
322
328
324
340
354
344
350
370
370
374
380
332
356
336
336
334
334
336
346
344
342
344
376
372
374
388
368
366
358
342
322
306
290
306
336
372
380
392
384
356
350
334
318
306
316
320
318
312
302
304
298
298
268
240
184
144
98
64
78
74
76
90
82
108
92
84
104
76
96
94
84
78
118
94
102
102
92
126
90
108
128
84
108
94
76
64
68
132
156
200
260
304
308
288
276
294
290
312
330
356
346
336
336
340
350
342
346
356
358
362
358
348
354
316
344
332
332
332
332
344
340
348
386
368
356
372
352
340
328
328
310
310
308
322
376
378
390
402
384
370
344
324
328
314
334
340
336
318
310
290
292
296
294
266
234
174
120
72
60
66
78
88
92
86
96
92
88
86
84
88
66
76
102
102
98
92
92
102
106
98
90
102
86
84
62
46
82
146
180
234
288
326
322
284
266
276
276
298
330
370
368
356
352
352
350
354
334
358
360
360
362
340
344
330
350
338
330
342
336
336
344
336
382
362
366
346
342
332
316
328
316
320
326
356
368
392
400
392
372
350
338
322
328
316
348
348
328
308
292
282
284
298
312
278
244
202
148
84
64
66
66
84
94
82
98
98
84
106
78
86
84
80
98
102
96
88
92
96
112
98
88
94
88
76
60
68
104
178
200
254
290
318
318
286
280
288
286
298
328
380
402
394
378
368
370
358
342
356
358
376
364
350
344
336
348
366
350
352
338
344
340
336
344
374
362
364
332
322
314
338
328
358
360
376
400
392
378
378
354
346
312
324
330
344
366
358
330
308
284
280
278
292
314
294
264
226
166
98
72
56
68
82
78
92
90
82
90
84
88
88
90
72
114
84
108
88
88
126
92
110
116
82
106
78
62
80
120
190
224
276
294
316
324
296
300
300
308
314
328
372
416
420
396
386
392
368
356
356
362
372
350
342
340
352
360
372
364
374
358
348
334
330
352
360
376
350
354
336
340
344
364
372
376
386
384
372
352
346
324
322
302
338
340
356
374
366
346
318
294
292
284
286
304
300
278
248
186
116
86
60
66
72
74
104
90
86
100
84
92
88
84
74
100
88
88
88
88
106
96
100
100
80
88
80
78
100
168
224
258
300
306
314
320
296
316
316
326
342
346
368
420
430
414
416
408
390
370
376
390
374
368
350
350
362
364
366
370
374
364
354
348
346
338
370
374
372
368
360
366
376
378
368
376
372
348
350
328
322
330
306
312
338
364
380
380
372
360
324
310
308
300
290
304
298
286
278
222
148
110
82
58
58
82
94
92
98
82
104
86
94
86
98
90
108
84
94
96
84
118
94
102
102
80
88
102
146
204
250
292
318
316
310
312
296
328
330
342
354
358
370
416
432
422
424
408
384
374
368
390
378
372
364
374
368
364
360
370
362
356
360
362
350
336
378
400
392
380
364
374
384
362
366
356
350
336
338
326
306
306
296
332
366
386
382
396
382
370
330
318
322
316
300
314
308
300
300
256
200
146
100
72
58
74
88
88
90
80
92
84
88
72
90
96
82
98
82
80
100
88
100
98
88
86
104
142
206
250
294
322
332
328
322
324
310
334
322
346
342
356
364
390
402
402
396
402
376
376
360
380
390
372
374
382
388
382
356
364
368
360
358
354
362
364
390
396
380
370
360
358
342
354
348
330
344
318
338
314
304
304
314
336
366
384
388
400
380
366
334
324
332
326
316
320
316
314
310
278
250
194
138
100
72
60
86
94
88
100
88
102
96
80
84
116
88
96
98
86
118
88
114
106
84
108
144
182
232
296
326
342
328
314
306
320
318
344
326
346
334
364
368
364
368
380
374
356
356
350
354
380
394
386
374
390
390
386
370
374
370
352
366
360
380
374
382
372
368
354
340
336
340
342
336
344
332
318
340
330
314
324
332
364
370
390
388
386
364
352
338
326
342
332
330
322
310
314
322
298
280
232
190
120
88
70
74
96
88
88
96
94
90
92
80
98
102
80
110
96
94
114
102
92
86
132
166
218
282
336
350
354
334
314
294
310
330
348
348
350
350
348
348
348
380
360
352
346
342
350
358
374
406
416
386
400
392
370
366
358
366
372
374
382
398
400
380
368
342
336
330
342
340
338
334
346
342
344
338
332
326
332
342
362
394
402
394
376
344
332
330
344
344
342
328
320
306
324
324
316
300
268
232
164
116
76
64
92
92
82
104
84
102
90
96
90
98
88
108
92
102
118
100
86
94
168
198
250
302
348
364
346
320
300
298
306
342
344
360
358
352
348
360
356
356
344
338
356
342
354
376
404
422
414
392
388
398
396
382
368
364
382
394
390
384
384
378
372
342
324
316
332
344
348
336
342
350
368
376
342
342
340
358
378
392
394
376
364
328
320
326
346
356
356
342
326
302
304
308
306
316
292
260
194
132
74
76
96
92
104
100
98
94
78
88
114
86
116
112
92
120
106
118
90
98
206
208
282
318
352
364
318
302
312
300
316
350
368
396
386
384
370
370
360
358
366
354
370
374
388
396
408
420
398
382
392
402
400
384
380
374
388
390
380
372
380
366
358
356
348
342
318
336
340
310
304
326
364
380
340
348
346
372
400
396
392
366
340
314
302
330
356
362
366
332
330
300
290
292
292
322
308
282
230
156
106
82
80
78
84
96
100
92
84
80
108
86
108
114
88
104
104
108
94
110
236
226
298
324
340
356
332
312
310
288
316
360
390
408
404
408
400
394
386
382
386
364
380
400
414
402
398
404
384
380
386
396
388
374
376
374
380
380
364
368
394
380
366
376
366
350
356
360
350
280
266
286
340
358
342
354
356
380
408
398
380
352
316
310
330
358
370
372
366
338
330
302
296
290
290
320
316
292
250
176
118
76
90
98
88
112
90
96
100
80
90
106
94
118
96
90
126
90
86
128
258
254
306
326
322
350
330
338
334
332
330
368
398
426
440
430
426
422
418
414
414
408
402
410
406
396
388
388
366
368
358
388
388
376
360
358
368
384
374
364
380
378
372
388
378
362
358
354
352
270
252
256
314
332
328
346
372
392
418
404
366
334
326
310
346
370
392
410
370
338
334
312
308
294
300
322
318
298
260
208
136
84
76
70
80
92
90
92
92
74
102
90
108
104
86
100
104
96
86
130
260
246
316
320
320
344
328
326
330
344
358
374
394
414
432
436
440
444
438
424
402
390
402
412
394
384
368
366
348
344
350
382
384
376
358
352
356
376
354
352
372
382
382
398
382
354
344
332
338
260
242
240
300
328
338
346
374
386
406
392
366
346
324
350
372
396
398
398
384
356
346
328
320
298
308
320
312
296
280
200
136
82
74
90
94
84
106
102
92
86
120
84
124
102
90
114
92
112
94
138
252
244
330
324
330
344
350
342
360
356
366
366
392
420
426
442
426
428
414
396
382
380
382
398
378
376
358
358
352
346
362
382
376
370
366
356
354
364
366
366
370
372
364
380
378
362
358
326
318
252
226
226
280
318
332
346
386
412
420
380
356
328
340
384
390
414
414
406
396
360
350
342
328
304
308
316
304
304
274
192
148
82
60
84
86
94
88
94
86
88
88
104
96
108
102
94
114
86
98
162
250
278
334
348
334
358
356
356
376
382
378
392
382
404
384
400
376
402
392
364
366
386
384
386
364
382
366
354
356
360
364
382
380
368
370
354
360
374
380
368
360
376
366
364
368
372
364
332
332
296
270
260
284
310
336
348
380
412
416
370
366
346
342
378
412
414
414
424
380
362
342
348
332
310
306
316
304
318
276
214
148
86
72
78
88
104
80
100
88
90
94
92
96
106
86
88
100
98
126
186
242
300
352
356
358
352
364
370
372
386
398
380
388
392
388
388
374
386
388
368
376
376
376
366
366
374
378
356
372
368
350
382
378
386
374
368
362
388
404
394
356
370
364
358
358
374
368
344
358
344
326
324
304
324
330
338
396
410
394
368
350
332
358
408
418
418
410
394
376
354
336
358
334
328
320
328
310
326
298
238
160
94
70
72
94
90
102
90
90
100
102
90
118
96
98
108
88
116
136
216
266
332
356
376
348
344
344
346
378
386
402
396
382
386
388
382
358
364
362
346
350
358
376
370
362
366
384
368
382
382
356
368
388
380
368
354
378
398
414
404
364
374
354
344
362
372
370
356
340
370
354
324
340
316
344
348
398
420
400
368
342
328
364
416
404
398
374
378
360
348
334
352
332
316
316
340
316
328
318
244
188
124
68
74
90
96
82
102
84
90
100
92
104
106
88
106
94
120
164
238
278
354
366
382
340
350
352
346
382
382
406
410
398
390
378
376
354
348
334
330
336
368
376
350
348
358
362
366
392
374
360
360
358
364
368
370
380
402
440
416
368
378
360
352
372
370
386
358
364
368
356
348
336
328
346
344
386
416
392
366
338
332
370
406
396
382
366
348
338
342
330
338
334
326
308
314
296
346
326
274
216
146
86
88
92
106
90
110
92
98
100
102
94
114
90
102
110
130
194
264
300
366
378
368
338
348
334
344
378
392
420
426
430
406
400
388
362
354
346
348
332
354
384
342
322
328
312
348
386
370
354
360
356
366
358
366
372
410
450
436
400
396
374
358
366
376
378
390
384
366
364
350
348
348
352
350
378
406
382
370
348
352
374
408
378
368
336
338
332
360
350
354
340
326
310
318
298
332
338
314
246
168
104
90
96
90
98
86
88
98
96
88
102
86
100
94
94
146
202
286
318
368
372
348
330
320
344
352
374
380
402
418
438
424
408
408
396
382
358
352
326
340
362
332
290
290
278
330
358
362
354
342
362
366
354
370
398
418
434
436
422
410
400
384
366
380
360
392
386
374
370
352
370
368
354
350
366
382
356
356
338
346
368
396
388
336
330
328
354
368
380
372
340
332
314
312
298
322
346
320
276
194
114
90
104
82
102
88
88
98
106
88
108
94
102
102
96
166
214
282
302
358
360
348
328
316
340
344
368
380
410
438
438
428
430
420
404
388
370
368
336
324
342
314
272
278
268
332
364
376
368
346
348
356
362
396
410
414
408
428
430
410
418
414
372
370
360
350
374
360
350
356
372
378
362
358
364
370
348
350
336
344
360
386
378
348
332
346
364
382
390
380
350
350
316
294
292
334
340
316
300
214
130
96
96
98
84
104
82
84
102
88
94
108
92
94
98
166
236
278
302
352
354
358
344
344
370
368
362
374
396
420
420
416
426
430
428
406
378
370
354
336
336
296
258
258
256
326
374
388
382
370
366
356
362
394
400
404
374
420
434
398
392
400
370
350
354
342
348
346
346
350
386
376
364
354
352
354
338
342
330
338
362
366
374
354
356
360
388
406
396
388
362
354
328
326
308
330
334
326
306
224
140
96
82
96
88
106
84
86
102
92
100
100
104
92
88
174
238
282
326
344
340
354
348
354
360
380
354
376
382
384
402
400
406
420
436
426
408
398
384
352
338
318
280
272
296
346
372
394
392
362
388
356
370
386
414
392
344
394
404
364
364
392
376
332
346
356
346
346
364
364
400
378
374
356
350
346
336
340
332
340
342
358
372
378
372
392
400
406
398
374
360
364
344
338
304
330
322
322
296
230
132
98
96
80
102
88
88
98
112
78
114
92
110
100
82
170
234
282
306
332
342
344
360
368
366
386
380
382
376
372
372
372
374
402
420
416
428
436
404
378
352
338
300
300
332
350
382
366
382
384
382
378
370
380
402
396
320
362
356
344
336
374
336
336
348
358
348
368
368
386
412
386
370
356
344
348
336
338
336
338
330
340
388
394
382
376
372
390
394
360
356
364
350
348
320
334
342
310
276
224
120
82
90
86
92
86
88
94
102
80
88
106
96
94
90
142
236
272
306
320
356
350
382
386
376
390
370
382
382
368
366
356
358
358
374
392
414
428
420
412
366
366
340
332
358
360
386
388
378
372
376
368
372
368
390
376
298
362
356
324
312
362
342
348
360
358
340
356
374
400
406
382
364
356
362
356
346
362
342
332
328
328
380
392
396
380
366
364
366
354
354
366
352
348
328
334
328
310
284
230
116
90
94
98
82
108
84
88
108
94
94
118
104
94
98
120
220
262
292
330
362
370
380
386
376
380
368
370
394
364
376
352
356
342
360
384
396
408
416
422
412
376
356
358
380
378
390
382
376
378
368
366
364
380
376
350
314
332
334
322
308
352
352
348
372
366
358
358
378
406
394
386
378
354
370
368
364
378
354
362
346
336
352
392
380
386
354
364
364
352
338
352
356
360
346
338
330
310
266
202
92
94
88
80
88
88
84
90
98
84
106
98
112
94
94
118
222
254
294
328
372
372
382
382
360
372
354
374
384
386
384
374
358
346
352
364
376
390
408
418
422
408
384
366
392
382
378
394
370
352
340
372
370
378
366
368
328
304
304
320
332
356
360
356
374
364
378
374
380
406
388
394
394
378
390
370
362
382
368
370
354
336
362
398
400
384
358
362
358
348
338
340
340
348
344
352
348
302
242
176
86
104
92
82
102
86
90
100
100
84
106
98
108
102
90
114
216
252
302
356
388
388
380
374
358
364
366
368
400
412
416
408
386
370
344
340
358
378
398
416
420
418
414
392
388
392
394
394
390
362
358
374
380
364
360
370
340
332
322
318
360
364
364
378
378
358
384
382
378
408
394
398
378
374
386
372
368
382
386
386
354
348
368
376
384
388
376
364
358
346
344
338
338
346
338
360
362
300
236
174
94
100
92
94
90
106
80
86
112
92
96
116
96
104
92
104
202
246
304
390
398
406
372
360
348
360
352
372
394
444
436
438
422
404
366
350
352
354
376
406
406
412
394
392
406
398
376
394
396
378
370
374
382
382
368
364
356
354
340
334
364
366
370
388
384
364
390
388
374
400
396
406
394
382
382
376
368
362
378
382
364
348
360
402
394
386
368
378
374
352
348
336
342
350
342
370
362
312
242
168
86
96
92
90
94
94
76
82
98
80
94
106
96
92
94
110
216
236
308
374
396
386
372
348
340
348
350
358
400
430
448
448
434
428
408
390
364
346
366
392
394
390
376
398
388
380
368
394
410
388
374
388
384
374
346
350
354
346
334
354
364
376
374
380
380
376
394
388
370
384
392
414
398
390
382
364
362
370
388
382
386
390
400
396
386
388
392
388
374
362
352
334
332
334
344
380
356
328
250
180
88
106
102
90
110
86
86
96
102
86
128
98
126
86
98
130
224
240
306
376
384
380
358
332
348
362
362
372
404
426
454
460
456
456
448
428
386
364
380
388
392
404
370
380
376
384
370
392
398
390
404
392
394
370
358
360
358
372
348
370
378
396
366
366
364
374
384
382
368
374
386
416
408
384
376
368
370
368
380
382
392
400
406
432
386
376
364
390
382
370
348
334
338
340
352
374
358
334
262
212
104
98
86
86
86
94
72
82
104
96
100
104
98
100
98
100
218
242
316
358
374
364
358
354
364
390
376
378
400
416
422
428
430
454
434
446
394
394
380
402
396
384
374
360
382
380
372
384
388
396
390
394
392
376
356
374
372
356
360
378
394
406
372
368
356
362
366
364
356
376
382
430
412
408
382
372
388
394
390
402
382
402
398
426
398
380
366
384
378
362
356
344
354
344
352
358
350
334
270
208
120
88
96
104
92
90
78
100
106
86
102
106
104
102
98
108
202
242
294
344
360
360
358
352
374
380
378
386
402
404
400
418
404
400
412
440
412
398
408
398
386
384
360
362
384
380
386
372
372
392
402
396
392
382
366
358
386
362
364
394
398
408
378
382
364
366
360
358
346
368
390
434
420
396
378
386
400
404
408
394
384
398
420
430
406
386
382
362
380
372
364
350
360
354
352
350
350
332
272
192
110
102
80
86
90
88
80
90
100
90
108
90
122
96
86
118
170
234
288
322
346
338
358
356
372
376
392
392
398
392
376
380
396
380
404
396
398
408
408
402
380
370
370
370
384
392
392
386
370
364
392
404
392
368
368
354
358
346
362
402
408
424
392
372
370
374
366
368
354
374
406
436
416
392
386
390
414
412
408
398
386
396
412
428
410
394
382
374
376
372
364
354
362
356
340
340
332
316
258
168
112
112
86
92
92
90
88
84
98
96
96
86
116
94
76
108
136
226
272
322
322
336
346
364
382
380
388
382
382
384
386
386
368
382
380
384
398
412
408
394
384
364
378
386
394
410
412
412
374
382
392
392
388
368
358
352
354
342
364
400
404
414
400
380
376
368
344
360
366
390
418
414
416
388
394
388
418
424
410
402
372
376
410
422
432
396
392
382
380
372
366
364
368
356
334
342
324
300
234
146
112
98
92
98
84
84
86
72
110
104
84
106
102
106
94
98
124
198
270
306
330
334
354
368
390
386
386
392
380
364
366
366
378
368
380
388
400
426
394
394
386
374
370
390
400
416
434
414
394
374
382
414
396
372
370
366
362
346
374
406
396
358
362
364
378
378
358
376
386
408
442
426
418
378
382
388
414
430
430
388
356
358
386
420
394
402
390
374
376
368
368
364
366
356
330
338
320
280
200
126
96
92
86
94
86
90
92
74
100
102
92
96
102
92
98
100
96
160
228
290
298
320
344
372
382
384
368
372
358
362
378
384
402
412
388
388
420
424
412
400
382
374
376
384
384
412
428
410
386
384
390
412
394
394
394
364
348
346
376
398
386
316
306
304
350
370
372
390
396
410
442
424
390
374
360
378
410
422
432
384
362
352
372
390
386
380
374
368
360
362
374
362
360
358
332
324
308
242
164
110
84
108
84
92
84
94
90
76
102
110
110
92
122
94
100
114
94
130
204
270
296
304
368
392
388
390
374
374
356
370
376
390
410
432
420
402
434
440
414
412
380
370
388
388
374
402
408
414
394
408
386
400
422
394
374
386
360
364
370
374
364
294
276
268
334
356
364
390
410
422
436
402
358
360
348
370
412
426
420
390
364
364
364
394
394
390
354
364
352
352
382
370
372
366
338
314
288
202
132
104
90
100
88
86
84
102
88
84
106
100
90
92
106
104
88
96
96
112
166
254
286
302
380
400
402
384
364
370
350
366
368
412
422
436
428
432
424
420
418
410
388
376
376
398
386
390
408
414
408
398
390
408
420
400
408
408
382
382
368
368
350
270
246
254
320
354
372
390
404
412
430
410
358
332
350
376
414
448
420
394
368
358
366
376
380
388
368
352
342
338
378
376
380
366
336
308
258
162
102
98
102
74
96
86
76
96
78
82
112
84
90
100
98
112
92
94
112
86
130
212
268
300
384
416
412
398
356
360
350
384
374
396
414
428
402
398
424
404
420
410
396
396
402
396
380
376
396
418
414
414
392
402
406
418
424
416
400
396
366
362
326
260
240
258
294
362
374
384
414
438
420
394
352
332
358
374
420
432
438
416
378
362
366
388
382
366
346
368
336
346
374
364
372
360
312
288
236
138
100
98
86
88
86
80
108
78
88
86
82
110
106
88
132
98
110
110
96
110
96
182
264
274
374
388
404
402
364
374
370
392
386
392
396
394
400
386
420
416
420
420
416
398
414
410
394
382
410
418
424
414
398
390
406
414
430
420
410
408
380
364
344
302
280
282
310
348
370
388
404
436
438
396
340
332
340
382
412
436
422
402
392
374
354
362
374
382
368
366
350
342
362
370
368
366
320
276
192
100
80
94
76
92
96
80
92
98
80
86
96
110
108
86
114
100
96
98
96
98
98
144
244
288
352
378
378
392
372
390
392
392
384
374
378
388
396
380
404
394
426
424
414
406
404
426
398
404
408
426
434
426
406
380
386
396
414
416
418
426
394
386
354
348
314
312
324
344
372
396
414
436
440
392
348
344
346
378
412
422
420
404
406
398
368
358
364
376
376
372
372
370
358
366
372
366
314
268
156
98
96
96
92
90
98
92
90
100
86
96
116
94
100
100
102
112
96
100
108
104
104
130
220
280
336
354
378
388
376
382
388
384
388
386
404
402
380
372
392
386
420
398
406
416
418
422
424
408
406
432
448
450
424
388
362
372
378
394
406
420
424
396
384
362
344
336
332
358
374
394
432
436
428
396
346
342
334
360
404
404
418
398
388
394
374
366
364
362
374
384
352
366
350
358
370
354
298
240
118
94
94
92
88
84
86
92
100
78
94
92
96
98
88
96
120
92
100
100
92
96
96
106
192
268
320
354
360
372
384
386
394
386
386
392
394
386
372
374
392
406
426
414
406
426
438
428
434
406
402
420
438
450
432
396
362
362
362
378
390
424
438
424
396
382
352
340
338
364
370
386
434
436
426
410
360
354
330
362
402
408
404
372
376
384
368
362
366
356
358
362
358
360
350
354
356
334
294
214
116
94
88
106
80
96
94
90
102
80
92
90
100
116
96
100
124
94
110
108
94
124
90
100
166
222
286
332
348
362
378
370
380
388
398
412
394
398
386
396
396
398
414
402
410
428
446
452
430
412
402
404
418
436
434
402
382
358
352
354
374
412
450
424
426
398
380
338
336
354
364
388
426
438
438
416
376
364
344
358
394
394
394
356
352
360
352
350
376
378
372
366
358
362
344
340
342
306
254
174
102
92
92
88
90
86
92
88
92
102
86
90
108
98
96
102
98
110
104
108
96
106
102
94
130
196
230
308
320
356
374
370
384
400
414
414
402
398
382
392
406
400
406
388
414
422
456
456
446
410
404
392
408
442
448
428
408
362
342
334
348
396
426
436
438
428
404
360
340
352
360
390
420
446
450
424
370
354
344
340
372
372
388
356
346
354
356
352
380
384
372
368
344
360
346
350
342
282
204
138
86
92
94
80
104
84
90
98
88
100
84
88
112
94
106
112
98
110
92
102
100
102
100
100
96
150
194
256
304
350
358
352
370
396
422
412
410
384
394
378
396
404
388
394
404
426
436
456
438
412
376
380
394
446
458
462
430
384
356
352
348
386
416
440
448
426
408
370
352
366
358
382
416
450
454
436
388
376
350
358
364
386
384
356
334
340
348
350
382
382
368
374
352
352
340
344
300
234
166
106
96
98
88
100
90
94
82
82
96
78
96
98
98
106
108
112
116
92
118
108
88
128
94
106
112
114
174
210
244
328
350
356
374
420
434
420
386
390
378
392
412
392
378
412
412
440
444
446
432
392
384
390
390
424
470
464
430
400
378
342
354
380
394
424
438
434
432
398
376
372
348
362
412
436
438
426
388
388
350
350
368
360
380
370
340
344
344
348
382
396
376
372
348
344
332
318
242
186
124
86
92
94
94
96
88
102
80
88
102
92
90
78
102
104
102
110
98
102
100
102
98
102
100
102
96
102
122
162
204
256
320
364
390
422
414
414
394
404
402
418
424
402
384
412
422
422
420
424
406
394
388
378
400
412
458
474
448
410
392
368
356
362
386
424
458
464
436
400
374
366
356
360
402
426
424
394
384
382
350
362
362
362
382
374
348
364
358
354
392
384
394
374
354
338
318
248
202
146
92
94
84
90
92
88
102
76
96
88
92
104
86
106
106
102
110
110
94
116
98
110
112
94
122
110
96
114
98
134
178
224
306
336
390
424
424
418
410
416
424
426
430
404
400
418
420
398
404
390
404
400
406
394
396
408
454
472
454
430
416
382
368
364
378
414
450
458
442
422
394
382
366
356
406
414
396
382
370
362
356
386
348
360
400
384
382
386
376
368
384
392
380
364
342
320
270
212
148
98
92
86
92
88
86
90
96
80
82
82
86
90
94
96
96
104
108
104
102
104
116
112
96
122
96
112
104
94
124
110
126
168
254
292
384
396
418
410
408
416
414
428
416
416
414
428
410
396
382
374
388
398
386
404
392
408
446
450
436
430
428
392
372
370
362
410
448
440
430
402
396
368
362
360
384
404
394
370
354
376
356
378
366
358
374
386
386
386
372
368
370
384
366
352
320
264
230
172
108
92
92
86
96
98
84
98
88
92
78
84
90
86
100
90
94
112
100
104
112
96
130
106
96
130
94
106
104
94
122
108
102
122
204
258
352
384
416
402
400
394
410
406
422
416
432
430
408
380
378
358
390
384
384
406
404
400
424
426
408
402
416
406
360
374
376
410
426
408
406
394
388
394
374
354
374
400
366
342
350
366
344
366
384
366
372
378
380
386
372
372
374
354
368
344
288
228
180
110
108
86
88
94
78
96
82
92
92
74
92
84
84
98
88
108
110
104
106
102
106
118
114
106
110
106
116
100
98
116
94
120
110
94
158
214
280
358
394
390
392
380
396
386
414
408
430
424
406
372
362
378
382
404
398
416
404
396
408
408
392
382
398
404
380
380
376
386
404
406
392
386
380
382
378
374
368
398
384
356
352
342
344
376
386
370
398
380
378
376
362
370
356
342
340
314
246
198
128
90
106
84
90
92
84
92
90
84
92
76
86
78
80
90
92
104
108
98
102
98
98
116
106
108
100
108
98
102
96
98
108
106
114
86
120
178
234
290
340
376
368
374
366
394
386
418
414
424
410
380
374
388
398
406
402
408
404
400
404
392
380
374
388
394
378
396
394
384
386
384
376
376
370
386
380
384
378
384
378
374
364
366
360
382
398
370
390
386
382
372
356
366
340
342
310
280
204
136
110
98
88
98
86
88
100
92
92
90
94
98
78
80
86
82
100
92
96
120
86
110
110
92
138
112
104
132
96
114
102
96
142
104
106
114
110
120
186
216
288
334
340
350
364
386
402
414
418
420
408
406
388
408
414
420
396
410
416
406
396
378
370
366
382
396
384
414
394
378
372
362
370
360
354
380
394
398
384
384
390
378
380
370
364
390
398
374
396
384
370
368
342
342
316
288
274
218
166
100
92
96
88
80
100
82
84
80
76
86
94
88
82
82
78
90
78
90
94
96
112
98
94
86
108
110
104
102
102
94
102
104
110
112
102
102
106
102
134
176
224
262
296
320
348
366
386
410
426
414
408
414
414
410
426
406
392
412
426
424
386
374
370
384
374
386
400
416
410
392
372
380
374
362
362
390
402
402
388
384
392
382
382
382
380
376
392
382
388
372
360
348
330
314
286
250
228
176
120
100
72
92
100
94
90
94
76
100
78
88
102
78
80
84
84
100
70
102
108
102
124
110
96
126
108
118
106
102
114
106
110
110
114
130
106
100
100
94
112
142
172
210
256
264
306
344
374
388
408
422
396
430
412
410
416
396
416
412
424
432
402
382
380
400
396
400
406
412
416
396
390
388
390
372
374
394
414
414
388
396
404
382
400
380
372
394
384
370
370
370
366
324
286
262
236
200
170
124
102
94
92
88
82
90
84
94
86
98
86
80
92
96
80
80
94
94
92
94
94
114
94
116
100
104
116
98
100
118
100
112
108
96
136
106
108
122
104
88
122
108
122
154
192
230
264
314
360
372
396
414
418
416
432
406
400
404
392
406
414
428
418
406
414
424
414
406
412
398
400
398
410
414
408
380
390
412
396
404
392
380
394
388
386
364
374
374
374
356
370
350
336
262
234
202
186
166
120
102
94
90
98
98
88
96
84
82
92
90
82
84
88
94
76
84
90
88
96
84
92
112
92
120
114
86
126
106
96
120
98
106
110
96
128
102
110
114
106
100
118
110
102
116
142
170
202
244
284
334
366
390
400
410
394
398
394
382
396
372
404
412
414
406
414
412
410
412
416
406
404
414
400
406
400
384
386
394
408
400
408
402
384
400
364
366
366
358
340
342
330
300
278
202
176
148
138
124
94
96
104
92
80
98
90
88
92
84
90
92
80
94
86
88
84
90
94
102
96
96
100
90
114
108
112
106
114
122
106
104
116
102
116
110
96
132
102
118
102
96
120
138
82
118
134
122
160
204
228
308
332
376
382
386
388
378
376
396
388
358
396
408
418
408
412
404
410
418
412
394
390
404
402
414
408
392
408
406
412
386
384
384
390
374
360
360
348
334
314
304
274
252
220
162
122
110
106
92
96
102
104
94
86
104
92
86
96
98
78
90
82
90
80
90
86
80
92
94
88
88
94
98
104
104
100
108
114
108
104
98
102
106
104
94
110
112
110
114
100
98
116
116
106
102
100
114
112
152
188
244
266
312
344
352
358
362
358
376
376
356
382
388
398
392
402
400
400
394
404
398
408
400
392
388
402
398
394
380
406
378
378
382
354
348
344
332
320
292
284
256
228
208
168
120
106
90
98
100
92
104
92
86
100
106
94
98
88
94
90
88
90
94
90
102
86
84
100
86
94
80
92
118
94
116
108
102
130
102
116
122
102
122
112
98
142
104
124
136
114
108
134
112
120
116
106
138
108
116
152
190
220
258
284
296
306
334
334
344
358
350
378
372
370
370
384
388
392
388
392
388
392
382
384
388
400
396
396
388
370
362
354
332
312
306
302
286
262
250
216
212
168
150
126
100
106
90
100
106
86
86
92
90
94
90
84
94
84
90
82
78
76
86
88
84
76
82
98
86
90
86
88
92
104
110
108
110
118
114
104
104
112
98
110
108
98
120
116
108
110
118
102
124
98
122
112
102
126
104
110
158
174
202
216
234
252
274
278
300
302
294
350
346
352
366
370
362
368
380
382
392
386
378
366
378
384
388
364
352
334
338
300
286
264
234
260
222
212
204
178
160
130
108
100
114
94
102
110
96
114
88
96
104
98
106
100
90
88
90
72
94
80
86
90
78
92
84
92
94
76
104
102
96
124
106
110
124
108
114
104
100
116
98
108
102
110
116
118
112
106
104
100
122
108
110
96
114
122
108
104
122
120
144
168
190
194
218
216
242
236
256
286
316
322
322
336
342
340
352
362
354
356
354
352
364
364
354
338
332
306
272
244
226
206
176
186
172
164
160
134
112
102
102
106
100
92
90
90
98
90
94
94
96
100
86
88
84
82
84
76
80
88
80
84
90
82
86
94
86
88
96
92
106
88
130
98
106
122
98
112
110
104
114
114
108
120
102
124
128
118
106
114
94
128
120
100
122
104
110
126
106
130
106
120
132
140
166
162
174
178
214
228
254
258
268
298
276
302
308
298
300
302
300
306
318
312
304
278
272
254
216
206
156
142
142
130
134
118
106
92
108
86
102
102
92
104
82
96
100
92
92
92
84
100
102
78
92
82
80
84
76
84
76
76
82
70
80
88
70
88
82
104
104
106
122
110
114
114
112
108
106
96
116
96
96
120
102
118
108
108
100
108
108
112
114
106
104
108
110
104
122
102
108
100
104
108
110
108
118
132
162
186
202
212
222
240
232
234
252
260
230
232
244
238
246
260
256
236
218
196
168
144
114
100
94
106
110
94
100
94
94
104
96
98
106
94
96
96
100
102
90
92
98
94
98
94
80
92
88
82
90
82
98
102
84
88
82
90
84
90
94
108
106
112
110
122
104
116
110
104
114
114
92
116
88
106
114
110
100
118
104
98
116
100
122
118
90
132
104
102
124
96
122
102
100
110
108
114
110
108
112
138
152
168
176
188
194
184
200
206
172
174
194
188
186
200
196
184
160
140
126
110
110
104
96
102
104
94
108
100
94
106
86
98
106
90
100
94
98
102
92
90
102
92
96
100
74
92
92
78
90
68
86
92
76
94
86
76
80
76
86
104
102
106
118
108
104
114
100
110
102
102
114
102
98
106
92
110
112
116
90
106
90
118
108
110
110
110
114
116
104
110
100
120
98
100
100
112
102
106
112
104
118
126
128
150
132
146
146
142
148
130
128
144
142
142
146
142
128
124
100
114
92
92
108
98
112
100
102
86
124
88
100
106
88
112
96
102
104
94
98
96
88
106
114
88
92
86
94
96
90
92
88
94
98
88
94
86
82
90
88
92
120
94
122
118
96
116
98
120
104
94
140
92
110
128
94
118
120
116
94
124
100
132
100
104
116
98
116
108
106
106
98
106
94
106
104
114
104
106
104
102
98
102
102
110
94
94
106
110
118
96
90
100
96
100
104
96
96
104
92
98
92
88
98
92
96
92
98
84
110
88
98
92
78
100
98
94
94
84
88
86
86
96
100
84
80
80
88
80
78
84
84
90
90
72
70
78
84
82
84
92
108
106
100
124
102
94
114
104
108
104
96
120
92
114
114
100
104
116
100
106
102
108
104
112
106
124
100
110
110
104
116
104
100
112
98
102
106
112
104
112
102
114
110
106
110
88
110
108
106
102
114
106
96
104
96
114
106
110
106
96
110
98
90
102
94
94
110
104
90
106
100
90
96
96
114
96
98
100
94
90
106
92
94
102
74
96
94
92
90
80
88
94
88
88
84
86
102
86
96
100
108
102
106
120
98
106
122
106
102
116
104
116
102
102
114
110
102
106
96
102
108
102
102
104
116
108
104
104
106
102
108
94
90
108
110
114
106
104
96
98
102
110
100
106
92
92
86
92
106
100
100
100
98
108
102
110
92
94
84
106
100
94
108
94
98
90
92
92
92
92
102
88
86
102
98
92
92
100
96
86
90
86
102
86
82
92
82
92
80
82
86
94
90
76
82
82
88
86
82
106
106
84
124
98
118
126
98
136
108
98
128
110
114
118
98
122
128
98
110
104
96
130
104
104
132
94
118
104
104
116
112
124
92
110
98
112
94
124
112
98
118
98
100
102
98
96
100
94
112
112
90
110
100
98
114
106
102
118
96
108
100
86
108
90
102
96
96
96
92
88
104
94
90
100
92
90
86
102
92
90
90
96
92
86
86
88
90
92
84
86
86
82
96
84
82
82
90
88
80
106
100
98
102
104
108
116
104
116
106
104
108
114
96
106
104
114
106
108
106
96
102
108
100
100
108
104
104
100
104
100
114
98
110
104
90
104
102
104
100
102
106
106
96
98
106
86
104
96
102
102
104
92
104
100
98
120
96
100
104
92
108
94
92
102
92
100
106
88
92
100
94
106
92
82
96
90
100
96
86
92
92
98
94
86
86
86
86
84
86
80
88
84
88
86
78
82
92
92
90
110
108
118
100
118
116
116
118
108
120
110
100
128
98
96
118
116
106
120
112
102
112
108
108
108
106
124
110
114
112
104
126
92
120
112
96
106
108
104
102
100
104
108
94
96
106
84
104
102
102
98
106
90
106
102
92
114
96
98
110
86
102
98
92
102
88
96
106
86
92
98
88
104
90
80
98
88
94
88
90
86
86
94
88
80
80
78
78
80
84
80
88
86
86
82
78
76
82
82
78
96
102
110
104
108
114
102
106
120
106
104
118
106
106
106
102
118
114
114
112
102
106
116
110
100
104
112
110
112
98
100
114
102
102
112
96
102
94
118
100
96
112
96
98
100
96
94
100
106
116
104
88
106
102
102
104
94
102
108
102
106
92
96
100
98
104
96
104
102
102
92
100
96
84
92
92
92
82
88
96
84
86
98
90
82
84
80
80
82
78
88
86
84
96
74
80
82
86
88
86
