84
98
94
94
94
80
86
96
84
92
94
74
84
94
80
86
96
80
104
86
88
94
78
94
76
86
82
92
74
92
80
90
84
72
84
76
78
84
66
78
68
66
64
66
62
76
78
70
74
72
72
68
78
72
70
80
68
74
86
72
70
84
78
80
84
84
94
88
90
98
84
90
80
94
90
96
90
96
78
88
102
86
96
84
76
94
86
86
92
84
100
86
92
84
88
94
92
98
86
86
92
92
86
106
90
90
92
86
92
86
74
100
82
74
102
78
78
94
80
98
88
78
88
86
92
86
80
72
86
74
94
74
82
92
76
80
78
62
70
62
62
60
58
64
60
72
72
66
64
66
62
62
68
70
66
70
60
78
76
78
78
80
86
76
74
82
80
88
92
84
88
86
92
102
80
104
84
88
98
86
90
104
90
90
96
92
94
90
86
102
90
106
92
86
96
96
88
94
84
82
100
92
82
102
86
84
84
80
98
86
68
90
86
86
90
84
92
86
92
112
84
78
94
82
92
90
84
82
82
74
90
72
72
78
76
70
68
62
62
64
58
54
54
62
60
66
64
60
58
60
50
54
56
64
58
60
60
64
74
68
66
72
64
60
76
72
82
84
88
86
80
90
82
90
88
88
100
88
92
84
94
88
100
92
86
94
86
88
84
92
100
98
94
80
90
92
92
96
88
88
88
94
88
98
104
88
90
98
90
96
88
78
82
96
74
106
76
80
92
82
100
84
76
98
88
88
90
90
70
80
78
80
72
66
84
64
58
68
46
58
50
50
48
54
52
56
52
52
60
60
52
54
54
56
56
58
60
56
72
62
64
74
62
68
72
66
78
74
76
82
70
86
78
88
94
86
108
90
88
84
100
76
110
88
80
98
84
94
90
90
112
90
100
76
92
92
96
96
90
90
74
84
84
98
102
82
82
90
88
96
76
82
74
84
84
90
74
86
76
76
102
70
82
88
98
84
84
70
74
74
80
72
64
70
72
64
60
56
50
48
46
52
50
52
48
54
50
52
52
54
56
58
58
46
52
50
50
56
52
56
56
54
62
58
60
68
66
72
76
76
80
80
84
98
78
100
84
82
94
80
86
90
94
84
92
88
92
98
80
96
86
92
84
72
90
84
94
88
88
88
96
94
88
108
90
86
88
86
100
98
80
98
90
84
92
88
94
88
78
96
86
70
94
74
94
90
76
66
76
62
74
58
56
64
58
56
56
50
54
52
54
60
58
60
54
54
54
64
64
72
84
92
94
76
78
64
64
58
56
56
56
56
52
52
52
58
64
66
74
80
78
80
82
92
80
90
78
84
86
88
82
90
90
90
96
82
98
88
86
96
92
98
84
90
88
94
96
88
92
94
92
92
82
102
84
86
90
90
84
92
90
90
84
70
70
100
82
88
80
80
94
84
80
86
78
94
74
74
66
58
58
56
56
54
58
50
50
58
62
78
84
88
86
90
80
72
72
94
96
112
124
140
140
130
124
96
84
62
66
60
64
74
58
66
56
48
60
54
60
72
60
74
74
80
92
78
90
96
78
98
96
78
104
96
92
92
94
86
84
78
104
84
84
90
82
94
102
90
98
100
82
98
94
98
100
82
84
88
96
96
82
82
94
84
84
98
80
84
88
74
100
80
84
84
76
86
74
62
54
56
44
62
48
46
50
50
60
74
92
118
132
132
128
136
124
106
106
136
150
170
176
194
194
196
182
144
124
104
84
84
90
88
86
82
72
66
54
56
60
58
64
70
70
72
72
82
72
86
82
86
88
78
98
80
94
92
82
90
80
82
102
86
90
84
86
90
98
86
94
96
100
84
78
104
82
88
96
84
100
80
86
98
80
82
84
76
84
90
76
96
78
82
84
78
76
72
58
52
50
48
46
46
48
44
50
60
80
108
144
164
184
194
190
192
172
158
164
182
208
224
236
234
244
234
220
200
176
142
126
136
140
128
138
124
112
94
70
58
52
52
54
60
64
72
66
84
76
84
84
90
88
96
86
102
104
78
100
84
82
84
84
94
74
84
80
92
78
102
86
86
96
94
80
102
88
92
86
76
100
74
86
100
74
80
90
80
84
80
80
80
84
70
82
68
76
72
62
56
54
50
54
60
66
64
70
94
124
160
196
222
230
238
240
240
228
216
206
218
260
268
268
272
278
270
270
240
224
204
182
176
196
204
192
180
170
140
106
88
72
52
50
64
52
54
72
62
66
80
74
78
84
94
94
92
90
84
90
86
78
78
86
88
84
82
86
90
94
86
96
88
80
102
88
90
104
94
88
96
92
100
94
94
92
84
82
104
92
82
86
76
92
70
86
70
70
58
48
50
62
72
82
94
98
98
96
132
174
220
242
264
268
274
276
274
270
264
246
260
292
286
298
290
286
296
300
288
274
238
228
238
248
260
246
244
208
186
148
120
104
78
56
48
56
50
66
66
70
78
76
92
86
78
98
84
90
112
84
100
86
74
100
86
84
94
76
92
96
88
100
88
88
98
84
88
90
84
86
90
84
98
84
84
88
80
74
96
82
76
72
66
72
60
68
60
64
52
50
62
88
108
122
140
144
150
144
176
220
268
276
288
286
288
294
296
298
296
276
296
306
314
300
296
296
296
324
314
294
280
278
278
274
298
294
280
262
256
220
170
128
92
72
72
64
62
50
70
60
64
72
92
80
94
74
94
100
92
92
90
80
92
80
92
84
80
82
80
78
102
86
84
114
96
78
108
82
98
100
86
106
90
88
102
88
92
100
90
88
86
80
74
70
62
62
60
56
60
80
102
130
152
168
194
194
206
196
220
254
298
302
308
290
284
294
308
318
318
294
308
328
320
306
282
300
314
318
330
308
326
308
304
308
314
310
308
312
288
250
216
184
146
116
108
90
88
66
66
50
60
68
82
74
94
84
96
96
86
90
96
80
94
76
88
86
80
88
84
82
98
84
92
98
86
80
92
98
90
100
94
94
104
90
96
98
92
92
100
86
84
84
70
70
52
50
50
58
70
104
136
174
204
222
248
250
252
240
252
282
320
316
308
296
280
280
300
318
326
306
306
316
326
294
282
304
304
320
326
324
332
318
322
324
316
320
322
326
314
294
262
222
184
154
138
134
110
102
76
62
60
60
78
80
74
104
80
82
112
82
106
88
80
98
76
88
90
80
90
100
74
92
98
96
100
100
90
112
86
98
100
86
114
90
90
102
88
82
104
84
82
80
64
64
50
48
52
74
92
136
176
222
258
266
284
292
288
280
286
306
326
320
306
308
292
286
304
316
332
322
310
310
316
314
306
322
324
324
328
326
336
338
322
312
320
328
314
332
322
310
286
262
250
234
210
188
156
140
108
84
62
48
64
78
78
84
76
82
94
90
84
80
90
86
78
92
74
86
80
94
70
88
92
102
100
94
110
88
96
104
92
108
88
86
106
84
90
108
80
82
80
70
60
56
54
52
62
96
124
184
226
264
288
286
296
294
296
306
310
312
312
312
308
308
304
302
318
320
334
332
310
318
324
328
338
354
346
340
318
328
338
342
314
312
300
296
314
326
324
334
328
300
284
280
270
246
234
192
160
112
88
66
58
66
74
76
84
90
82
98
90
80
96
86
88
94
86
86
86
80
98
88
90
104
90
94
98
80
102
92
90
104
86
80
102
76
88
98
80
74
70
56
50
54
60
74
88
116
160
226
258
294
298
284
298
304
306
308
328
316
306
314
338
332
332
324
330
346
352
338
322
314
340
354
372
386
378
358
334
338
340
322
326
322
312
302
310
316
328
344
336
320
314
304
298
288
280
268
214
166
118
80
62
64
58
76
82
78
96
82
86
76
96
96
92
92
84
82
86
86
92
80
88
90
102
82
86
116
84
110
98
86
104
92
90
98
88
92
92
72
64
54
60
76
94
114
130
148
206
256
288
304
326
292
290
290
300
314
336
328
322
326
344
354
364
334
368
372
380
362
336
330
344
364
380
400
394
372
346
344
344
342
340
350
334
334
332
336
338
342
334
324
322
324
328
300
308
290
256
218
156
108
92
62
56
58
68
70
86
86
84
84
92
92
80
94
84
90
88
96
80
104
96
96
88
80
96
96
82
100
84
90
90
78
94
94
76
84
76
64
58
62
86
122
150
166
178
208
240
276
300
320
326
296
290
288
292
314
340
338
326
320
338
352
368
360
380
394
386
378
348
324
328
366
388
402
400
376
356
338
336
342
358
376
364
352
334
326
332
346
346
338
330
324
330
328
332
320
300
248
192
148
102
76
66
54
64
68
80
92
84
82
96
90
86
86
84
90
98
80
88
86
86
114
88
94
118
86
104
100
86
108
92
78
114
88
82
92
70
58
64
88
126
172
202
216
228
264
278
300
316
328
318
304
314
316
304
324
354
356
332
318
336
356
382
392
414
408
424
392
376
332
322
356
382
394
406
380
366
344
340
344
378
388
382
358
338
348
356
364
352
334
320
310
316
318
328
334
322
270
240
194
128
96
78
60
62
64
74
86
82
78
90
90
88
84
80
86
90
82
104
84
86
92
94
84
94
102
94
102
88
88
102
82
98
84
80
76
64
60
82
126
170
214
246
262
280
272
306
318
322
306
320
316
330
344
330
342
368
372
348
326
328
342
374
392
410
412
432
400
382
358
322
330
356
368
400
376
368
358
354
356
386
384
372
360
358
358
370
370
342
318
308
300
304
312
328
340
332
302
278
212
158
126
98
80
64
60
72
82
84
88
84
96
80
104
82
96
84
88
84
106
92
90
104
88
88
112
96
102
96
98
104
90
92
96
74
62
62
70
102
162
214
262
292
292
300
288
314
326
318
316
330
346
356
358
360
366
376
382
360
340
316
326
362
386
400
420
422
424
402
384
344
338
354
362
396
384
380
370
362
368
384
392
368
366
366
364
382
380
352
338
334
322
318
308
302
320
326
314
300
252
212
170
134
108
78
66
68
78
84
82
78
86
78
92
78
90
82
80
86
94
90
104
90
96
98
94
104
96
94
114
92
86
96
92
66
56
64
94
134
204
254
298
320
304
298
298
300
322
316
332
320
350
364
372
390
388
388
392
372
360
322
318
350
368
396
408
422
426
426
394
360
354
350
356
372
374
374
370
368
370
382
398
380
376
374
384
394
380
352
348
352
336
326
326
300
310
320
316
310
292
254
222
186
146
108
82
66
74
70
82
90
88
96
84
86
92
98
86
106
84
92
102
78
92
98
90
100
100
98
106
92
86
96
76
66
56
82
118
170
244
282
308
322
306
304
296
310
334
342
336
316
338
360
376
396
392
394
396
374
374
338
324
324
358
366
400
408
410
416
416
378
366
342
352
356
364
362
358
370
362
376
380
380
376
384
392
396
382
360
366
372
348
332
320
314
306
314
338
336
330
300
272
238
184
144
110
74
82
64
78
80
82
88
82
80
86
86
86
82
98
92
88
104
96
92
126
92
104
100
100
112
84
76
78
64
60
88
138
210
256
314
314
320
288
290
292
292
324
348
350
332
338
346
372
390
406
402
402
390
380
358
340
338
332
354
380
372
374
402
394
396
388
354
350
342
350
344
360
364
338
372
380
382
388
386
392
396
372
358
364
368
362
342
336
324
320
326
340
324
318
328
306
280
230
180
144
104
84
72
76
94
96
84
106
84
88
88
96
84
100
94
96
100
86
102
104
98
110
96
104
92
90
76
52
60
80
118
162
224
278
318
310
308
292
288
296
294
334
352
358
340
332
332
350
370
382
394
396
404
398
388
366
348
352
342
368
374
360
378
384
396
392
362
348
346
340
328
350
346
348
348
368
396
388
376
374
372
362
362
364
354
356
356
344
334
320
312
330
336
336
330
330
306
264
232
166
130
92
62
74
84
80
96
84
92
92
92
88
102
84
96
114
102
98
102
92
108
100
94
118
84
82
74
46
74
112
136
198
244
300
314
300
298
308
308
316
316
334
362
380
356
350
322
338
352
356
380
380
400
396
402
392
382
366
356
362
366
360
356
370
374
372
364
350
340
332
328
346
332
354
340
356
374
372
372
364
358
342
358
360
366
360
356
348
342
332
320
324
318
316
314
322
330
292
260
206
158
98
70
76
80
86
90
86
86
94
88
84
104
80
98
102
100
96
90
104
106
100
98
86
106
72
64
78
98
142
192
238
278
318
312
298
298
314
326
342
332
354
372
386
386
360
338
324
328
334
358
366
392
398
414
400
398
380
384
368
366
364
362
364
372
364
340
332
340
340
324
352
342
352
348
356
354
374
382
364
366
350
368
352
374
368
376
364
356
344
322
314
304
312
318
330
334
314
280
230
180
118
60
62
78
98
80
106
88
98
94
94
92
96
96
100
110
92
92
110
96
112
98
86
104
72
72
100
142
196
232
262
300
326
318
308
312
318
342
338
356
362
394
394
386
380
348
322
316
324
334
346
362
374
392
408
398
408
394
378
378
362
364
376
364
354
332
336
342
354
344
370
366
354
352
350
346
368
374
376
366
352
368
360
372
370
392
374
360
340
312
306
306
312
304
314
326
308
286
254
214
140
70
54
72
90
80
92
88
88
86
94
92
102
100
116
106
102
104
96
104
104
98
106
90
72
84
122
198
248
262
288
312
322
314
312
324
324
348
342
354
378
402
404
406
382
358
326
310
322
324
346
356
368
384
398
394
412
390
394
386
384
370
388
352
344
344
354
344
362
370
366
358
356
354
346
350
358
392
384
372
364
358
380
384
386
396
394
368
348
332
332
328
326
316
330
322
328
332
248
226
168
76
80
76
96
94
88
92
96
86
80
100
92
96
104
94
94
100
92
110
98
104
88
98
76
96
166
234
272
310
314
314
316
308
312
328
326
342
342
354
366
394
416
408
406
366
340
318
326
320
338
342
344
352
366
376
382
384
394
388
398
388
386
366
358
350
354
360
372
362
384
378
378
362
350
348
340
382
382
388
390
376
394
396
396
410
396
364
348
340
342
338
342
340
308
312
316
332
262
232
170
110
88
64
88
82
92
82
96
86
80
94
94
84
92
118
80
104
118
100
108
102
100
90
72
126
190
254
306
304
306
292
304
306
320
340
342
344
340
342
364
378
410
406
416
384
356
332
338
334
354
358
354
358
362
360
366
378
370
378
366
388
380
364
358
358
358
370
376
368
368
382
376
350
356
366
356
372
386
386
374
388
400
402
380
406
388
372
364
352
354
352
346
324
324
320
316
330
298
254
188
138
104
78
88
84
106
86
86
92
94
78
114
82
92
96
86
100
100
98
94
94
94
70
90
158
234
280
314
316
292
282
298
306
328
332
352
352
334
328
334
364
394
408
408
392
368
338
340
330
352
376
366
356
346
352
340
352
358
368
366
372
382
366
380
368
376
390
390
380
376
380
376
374
362
372
370
352
378
368
370
368
380
372
378
376
366
366
372
354
334
332
332
340
328
318
328
344
308
270
222
166
136
94
70
108
84
82
104
92
92
94
94
70
102
98
96
94
94
108
100
108
78
80
92
178
224
300
316
314
284
278
292
300
324
342
366
368
346
328
322
338
366
384
406
410
382
332
340
344
358
388
378
336
318
350
352
332
336
340
350
362
362
366
380
386
390
386
390
374
378
392
382
382
384
384
372
374
372
364
348
348
344
350
352
356
360
356
360
360
364
346
346
340
326
318
332
352
318
284
240
198
168
114
90
94
86
84
104
90
88
74
102
82
90
102
92
96
94
100
102
96
84
72
114
190
244
280
306
298
284
286
298
304
316
342
372
380
370
342
314
312
340
370
406
418
404
342
344
344
350
378
356
288
284
364
342
344
340
342
348
352
358
360
384
396
414
414
402
396
382
384
396
400
384
392
390
370
354
348
354
332
338
326
344
348
330
348
346
342
364
338
350
322
316
318
338
336
326
314
280
230
186
132
88
96
102
80
102
90
92
80
102
82
86
100
96
104
96
94
94
86
76
64
114
208
250
274
296
296
296
306
326
336
338
358
382
394
390
364
318
304
322
362
396
412
404
354
344
334
348
368
332
258
262
352
340
346
342
356
330
340
344
358
352
382
406
404
416
402
410
408
398
386
384
394
398
404
380
362
348
342
344
344
336
336
336
338
356
328
352
348
334
330
324
304
322
322
344
328
306
268
218
154
110
96
96
88
74
82
86
92
86
74
98
88
108
96
84
98
80
94
66
70
136
200
252
276
310
294
296
306
330
354
360
374
394
404
400
380
330
312
308
340
376
410
402
356
340
330
342
354
306
222
252
366
354
356
366
354
360
352
360
360
366
374
390
406
410
418
414
404
400
390
390
390
390
400
400
382
372
358
346
338
340
358
358
350
350
348
366
352
338
342
318
314
318
306
332
346
334
290
226
188
124
86
94
92
98
86
90
96
84
78
102
92
106
102
88
98
88
96
70
90
152
212
258
288
318
298
320
318
334
354
372
392
418
430
420
394
342
324
312
330
366
412
420
364
352
346
340
332
278
188
236
342
358
358
368
380
372
374
366
368
354
374
384
390
406
406
408
392
394
372
358
378
392
384
414
388
388
366
372
354
360
370
362
364
364
372
374
364
344
344
326
322
302
320
324
336
326
318
258
204
162
80
96
94
86
82
100
88
96
92
98
106
100
112
100
100
110
94
82
98
182
230
298
292
328
306
328
326
340
346
364
382
416
426
430
408
364
330
322
326
362
402
414
360
342
340
332
304
256
198
244
334
336
368
376
380
380
382
378
350
350
366
372
388
384
396
386
394
392
358
360
370
368
374
394
392
398
392
376
378
370
386
384
374
404
384
376
396
346
352
328
340
312
320
318
330
330
320
266
214
160
84
104
88
96
90
92
86
96
98
96
100
94
100
92
102
108
88
98
130
200
270
308
314
316
296
318
328
356
356
366
372
404
410
418
416
386
332
320
316
356
384
420
382
352
344
348
306
266
256
282
330
344
362
376
356
366
384
374
342
338
360
356
362
368
388
400
372
378
360
346
344
358
378
376
370
390
380
394
400
396
396
408
406
394
402
400
388
372
346
344
346
320
322
334
318
332
322
280
226
166
76
84
96
96
94
88
104
90
96
104
108
106
104
100
110
102
100
106
172
238
272
312
314
324
298
322
326
328
350
344
372
372
386
410
428
392
342
330
332
354
400
426
378
342
344
344
326
300
302
330
348
346
380
382
344
354
368
360
346
352
370
356
364
374
382
378
372
384
352
328
332
350
354
356
362
362
374
370
384
402
388
394
396
398
398
382
376
370
354
346
348
342
322
310
308
310
318
288
244
162
82
94
86
98
82
90
96
90
100
92
106
102
108
96
92
96
88
116
198
250
308
322
304
304
300
310
316
330
346
338
348
356
378
388
410
404
350
354
354
366
398
410
378
354
354
354
346
348
358
344
358
352
370
368
364
372
360
362
352
364
384
366
354
354
360
374
370
382
348
334
354
358
354
346
360
366
362
360
372
374
362
366
374
372
362
360
360
360
350
346
348
344
336
328
322
320
316
278
246
160
82
96
84
94
104
98
88
106
90
90
114
90
110
94
82
112
94
140
218
288
320
334
302
294
316
318
318
334
352
346
342
342
356
376
414
396
360
354
362
376
396
410
384
360
360
354
346
358
360
372
354
354
386
370
356
368
378
354
352
368
388
376
366
356
354
394
372
378
354
350
368
368
372
344
334
346
354
360
354
350
366
360
356
366
352
344
354
368
348
354
354
350
352
346
342
344
324
274
238
162
82
82
88
104
94
90
96
92
92
106
94
110
102
88
110
100
114
146
244
290
314
326
280
290
300
318
314
334
364
364
356
340
346
368
394
402
368
358
376
364
388
396
378
368
382
382
370
388
382
394
370
354
378
372
372
372
370
372
368
378
386
384
386
360
350
378
380
374
346
350
380
382
360
324
310
342
346
350
352
344
352
342
348
354
336
350
352
356
350
354
352
342
344
340
344
350
324
286
242
174
100
84
96
108
86
90
104
92
102
96
86
108
98
84
100
88
108
160
252
298
320
322
310
288
310
326
330
348
388
382
378
350
350
366
376
382
360
378
366
378
380
384
376
382
400
398
374
386
378
388
390
378
378
370
380
392
396
394
384
386
394
394
400
360
356
364
364
350
364
372
378
378
342
296
280
350
360
350
336
326
322
336
324
348
344
348
356
368
352
344
346
336
336
334
342
352
324
296
250
182
122
96
88
90
98
96
88
100
82
90
114
98
112
100
84
114
118
170
252
278
312
320
302
308
316
346
352
362
396
392
400
368
358
380
356
364
348
366
372
356
370
372
366
382
402
410
382
384
374
372
362
348
364
378
382
402
410
402
386
368
404
402
396
354
362
358
372
350
364
372
388
382
304
262
248
348
372
354
324
326
332
334
334
346
342
358
364
358
358
338
342
336
338
342
352
360
344
314
256
194
140
98
90
92
94
104
98
100
94
88
98
98
98
92
92
96
122
182
236
278
296
308
300
310
320
344
352
358
378
382
406
390
378
374
358
344
362
358
370
344
354
360
358
380
392
406
384
374
362
348
358
362
370
380
386
426
418
412
392
336
398
398
382
348
352
362
362
346
368
364
368
354
278
228
236
342
356
352
342
358
356
372
362
378
376
374
388
380
364
344
340
334
334
340
348
354
354
342
278
226
172
106
106
106
90
90
96
82
102
94
94
102
98
102
106
84
112
158
228
262
304
302
312
326
328
344
358
370
368
370
396
400
398
376
352
348
356
350
370
352
376
342
354
386
394
408
388
380
378
346
352
364
374
380
380
424
392
418
400
306
382
392
378
358
348
346
358
356
372
356
362
342
258
220
224
324
350
364
350
366
374
386
386
398
390
390
404
382
366
366
348
332
328
330
334
338
356
352
300
248
194
122
102
90
96
94
82
90
90
98
102
86
112
90
102
110
94
162
214
272
296
286
324
330
338
350
350
360
362
376
386
390
402
378
360
350
358
342
368
378
364
354
358
380
394
394
388
380
380
372
362
370
386
378
390
416
376
378
364
274
380
384
370
368
368
354
368
366
380
370
362
324
244
230
240
322
336
356
350
386
388
392
406
404
410
400
400
390
372
366
352
338
330
330
340
346
356
356
320
252
206
140
98
88
104
90
84
102
82
88
108
82
118
104
92
118
88
162
210
280
306
304
310
316
326
340
342
356
356
362
370
370
386
370
346
356
358
364
386
376
382
370
364
362
358
362
378
378
372
360
372
384
370
370
360
416
358
330
340
270
368
382
364
364
372
364
380
372
372
364
356
326
274
258
290
334
356
370
374
388
386
410
394
394
396
392
392
368
370
366
356
346
342
344
342
338
342
350
312
258
226
130
92
86
92
78
90
82
92
100
82
114
104
94
114
96
108
146
214
290
310
306
306
308
308
316
332
326
344
366
378
388
374
346
356
362
376
400
386
370
382
370
368
370
364
368
386
388
384
372
382
388
380
376
360
392
340
334
340
282
360
374
350
352
364
338
362
368
362
350
344
316
294
294
330
346
354
384
388
402
396
400
390
380
378
378
380
366
364
348
360
362
350
344
334
332
338
340
320
282
230
128
100
98
88
90
106
88
102
94
98
98
108
98
96
112
108
142
230
300
328
314
314
312
314
306
320
334
348
362
376
370
372
364
358
370
392
374
360
370
368
378
374
378
372
366
372
374
378
392
384
392
380
376
364
360
324
314
324
292
344
354
340
356
362
330
354
380
378
360
354
334
328
316
358
358
380
388
402
382
374
368
360
370
352
354
370
352
362
352
366
362
344
346
342
336
328
332
306
276
220
140
86
90
102
92
96
92
92
90
96
100
110
96
98
102
106
146
232
300
336
324
304
302
316
326
338
330
372
384
370
366
356
376
376
386
390
382
384
364
394
390
390
394
388
376
376
376
376
394
388
396
360
360
346
346
320
294
316
324
352
342
340
366
354
316
332
368
370
344
350
346
346
354
362
380
368
386
380
372
362
354
358
348
358
360
350
366
368
356
378
378
358
344
328
336
336
322
296
268
206
132
86
90
102
88
94
92
92
102
94
112
106
92
106
92
110
160
248
316
336
342
306
314
318
318
342
368
384
376
378
368
382
376
376
376
390
386
390
374
388
380
390
402
386
370
374
380
382
390
394
384
364
362
340
344
328
314
318
346
374
358
356
382
370
308
324
362
368
342
354
362
362
360
364
380
382
372
368
342
338
342
332
342
346
352
356
358
360
368
368
366
362
362
338
342
334
308
294
264
202
108
104
102
86
90
106
90
106
110
96
114
102
94
104
92
114
162
250
306
322
338
312
324
320
326
348
352
368
364
376
376
384
406
408
378
384
396
386
382
400
398
406
410
388
362
364
374
388
388
388
376
370
374
358
348
340
362
342
356
370
354
352
368
362
322
344
370
374
354
362
370
378
380
378
378
360
358
336
330
330
342
336
350
364
366
360
366
350
350
354
366
366
358
336
350
338
300
278
242
194
106
100
88
88
84
96
88
96
98
102
106
106
108
92
102
102
164
244
284
318
336
318
330
340
348
336
338
360
358
370
370
408
416
386
396
400
396
400
402
412
408
406
412
402
382
366
362
370
382
376
388
342
370
364
356
346
354
352
360
348
336
356
374
364
348
372
380
374
356
358
368
380
376
386
366
360
352
336
330
336
360
332
370
390
382
360
346
348
342
348
360
356
354
344
358
326
290
280
238
174
112
102
88
96
88
84
104
86
98
96
92
112
90
98
104
98
158
240
280
314
314
328
338
344
328
350
364
358
362
376
386
402
396
388
394
410
404
422
410
420
424
420
434
404
384
362
360
364
364
364
366
354
368
378
378
358
364
370
370
360
352
352
382
378
356
364
370
374
366
362
352
382
372
376
374
354
344
354
338
356
374
362
392
416
398
376
356
356
360
342
358
360
360
364
362
334
284
262
224
160
92
116
92
90
82
100
90
90
98
100
128
92
108
104
84
120
138
220
252
288
312
322
326
336
348
358
356
358
376
400
412
418
412
370
392
402
416
418
412
420
418
418
438
418
388
368
348
366
382
368
368
352
380
382
392
366
372
364
380
358
372
368
388
386
364
364
358
368
364
352
346
370
350
356
372
358
364
360
358
368
390
378
404
420
406
390
366
354
354
342
350
360
372
382
370
350
288
250
220
152
92
114
102
82
90
104
92
92
90
90
104
96
98
102
92
110
124
192
248
286
296
306
336
340
354
358
344
350
374
394
406
398
390
346
388
408
428
420
410
416
402
408
414
430
400
362
348
372
370
372
370
374
368
376
390
378
376
350
376
378
364
382
376
360
362
372
362
358
362
366
358
354
352
360
364
376
368
380
390
410
412
392
406
416
406
386
360
346
334
340
342
342
360
382
366
338
288
244
208
140
110
106
94
94
82
100
92
88
108
98
92
122
100
104
112
100
126
162
212
254
270
292
338
334
332
342
336
352
374
390
404
394
368
354
382
418
426
418
392
392
392
406
426
414
390
382
350
360
360
370
362
374
358
380
386
366
358
344
346
354
352
388
376
376
360
356
356
364
374
368
352
350
356
362
360
392
382
388
384
390
398
366
376
388
386
366
348
348
360
360
362
348
358
372
360
330
282
246
202
128
108
94
84
100
82
98
94
86
102
86
106
100
108
92
94
110
114
146
188
234
278
296
334
336
320
332
332
352
372
388
406
396
350
354
360
410
430
424
398
394
386
396
410
428
416
372
368
372
364
376
370
348
338
368
394
372
364
340
352
360
356
384
398
366
358
346
364
378
388
378
352
356
360
352
354
382
400
386
380
362
380
354
366
372
374
358
352
360
382
356
366
356
348
338
340
324
286
250
202
124
92
102
102
94
88
96
90
86
100
84
110
96
116
98
94
124
106
126
170
230
278
304
346
342
338
336
328
338
356
374
388
378
352
360
366
410
434
408
390
378
362
366
418
426
424
390
380
384
370
386
364
312
292
350
388
382
356
364
362
380
386
394
388
358
356
354
378
388
396
390
374
372
372
360
356
376
392
380
380
374
374
362
376
368
372
364
364
370
376
354
364
356
336
332
340
328
280
234
172
106
88
100
94
88
84
92
88
82
110
98
96
108
104
102
96
106
140
118
138
212
276
328
372
350
342
328
318
324
344
366
374
362
350
358
384
418
432
410
396
364
360
352
394
440
440
380
380
382
376
380
334
270
256
342
368
360
350
350
350
390
386
402
398
372
368
358
366
390
396
368
376
382
376
370
362
378
386
374
364
368
362
352
366
354
364
364
370
374
362
362
362
348
322
336
332
320
280
218
148
102
104
102
92
104
86
98
98
86
108
98
94
106
96
110
96
104
120
108
118
194
276
322
350
340
328
310
306
314
332
358
362
350
376
376
402
426
424
426
402
346
358
342
388
434
440
398
388
376
366
366
336
248
248
320
350
344
354
350
360
384
400
388
380
356
378
382
370
382
380
356
380
372
378
360
360
358
396
374
370
368
368
350
358
348
360
354
362
372
372
380
364
354
320
334
312
310
264
188
130
94
88
90
94
94
92
100
98
88
104
104
104
100
116
98
100
120
106
130
108
158
274
316
346
348
328
324
330
326
344
370
362
340
376
388
408
430
438
428
398
352
352
344
380
416
436
414
386
384
382
356
314
246
252
300
334
362
368
380
380
386
408
386
396
370
384
388
396
372
370
354
374
368
378
364
372
366
380
388
384
388
380
362
362
352
354
346
356
366
374
366
350
334
300
328
322
270
232
162
100
106
80
102
106
94
90
102
80
106
102
104
102
98
114
102
98
106
116
110
104
148
240
310
332
336
338
330
346
362
350
374
350
368
388
400
420
446
456
440
402
354
364
352
372
418
438
380
366
380
374
358
314
248
270
314
334
362
378
394
394
404
402
396
382
380
388
406
382
382
368
352
370
364
372
368
378
366
386
402
398
390
394
370
368
360
356
352
356
368
370
362
344
342
304
332
312
252
194
146
102
94
104
98
90
114
92
86
120
82
108
106
98
120
98
114
102
104
138
112
102
148
220
290
308
330
324
332
328
364
366
368
370
364
374
394
416
432
434
420
390
352
364
362
390
420
442
398
352
380
384
344
300
264
298
334
340
352
384
394
410
400
392
384
366
386
406
400
388
372
360
356
374
374
386
376
388
376
390
392
402
408
406
366
368
348
360
348
356
368
382
374
354
348
298
320
294
232
152
106
100
96
100
96
92
110
94
96
112
84
108
106
108
106
108
102
108
112
106
118
96
112
182
264
296
312
318
322
334
356
362
374
366
360
372
384
390
404
420
416
382
334
354
366
396
414
436
414
344
372
394
330
316
322
336
354
376
390
390
394
404
384
370
364
358
394
422
400
400
378
366
374
390
378
392
398
406
368
374
386
398
390
386
356
344
348
334
348
342
372
384
380
368
358
310
312
268
186
126
90
100
110
92
110
112
100
96
106
90
98
110
114
106
102
118
104
100
124
100
116
102
96
148
226
272
298
304
324
332
368
344
360
346
358
354
368
380
396
406
394
368
338
368
380
400
416
450
390
350
374
386
318
314
340
356
366
390
404
394
398
380
376
344
360
360
404
422
426
402
404
392
402
402
380
408
396
394
376
382
376
380
376
368
350
358
358
350
348
352
378
378
374
364
350
318
306
242
142
94
92
92
98
90
102
104
92
94
96
108
92
118
110
94
120
102
112
100
112
124
108
112
106
124
184
232
282
280
308
316
354
348
356
352
340
338
332
334
366
388
376
354
340
362
388
394
436
426
394
330
366
384
334
324
350
388
400
404
406
386
380
358
354
336
356
370
402
420
426
406
398
420
424
406
392
398
402
392
362
362
374
378
364
362
360
356
388
368
376
358
372
376
372
360
338
310
278
212
120
94
98
98
100
104
98
104
102
88
94
108
86
118
98
102
106
106
98
106
100
102
106
104
92
94
152
194
240
274
276
320
338
364
376
344
330
316
318
326
352
366
352
350
360
374
386
428
430
444
400
350
360
366
348
358
380
408
416
414
408
372
352
346
340
348
366
386
398
418
396
402
384
426
430
410
396
390
390
376
366
354
354
356
358
362
356
358
376
380
366
362
356
366
370
362
342
300
248
170
98
100
88
94
102
94
98
100
94
86
106
86
98
112
126
114
98
122
106
98
120
98
124
94
102
102
130
162
218
270
276
314
364
366
356
326
328
312
326
336
352
364
356
352
356
386
408
408
442
438
408
362
358
380
362
386
412
422
420
408
376
364
342
340
352
358
396
396
404
414
382
382
402
418
422
420
378
386
396
384
380
366
366
352
338
366
366
366
376
372
354
366
366
370
368
344
328
282
224
146
90
106
90
90
104
88
114
94
88
94
106
84
110
118
122
104
102
106
108
96
106
104
102
98
110
88
104
134
164
230
256
312
342
356
350
338
324
334
350
350
346
340
346
356
364
378
390
404
416
434
402
350
366
378
392
406
416
442
430
398
370
354
340
336
366
396
406
426
406
384
362
362
404
420
430
412
390
392
384
370
372
370
366
370
344
356
364
376
382
370
364
364
368
362
358
336
312
244
180
120
100
84
100
102
90
98
92
94
102
88
90
108
82
130
112
110
102
108
116
102
102
114
106
108
94
86
108
108
142
188
222
286
326
342
342
342
348
342
358
354
334
334
352
366
364
358
376
392
404
408
382
352
384
392
390
422
426
422
410
390
350
342
330
354
380
412
432
420
394
372
352
360
378
404
422
408
372
366
378
358
362
380
360
352
364
370
380
376
384
364
356
374
340
352
338
306
270
206
142
104
92
90
88
90
82
98
86
88
90
76
96
88
88
106
118
100
100
122
102
100
98
94
116
102
88
104
102
88
106
168
200
254
306
328
330
324
336
356
368
368
338
340
350
358
342
352
366
376
390
390
378
364
402
404
402
424
436
404
408
370
340
332
354
378
412
426
436
422
380
358
348
360
390
386
406
390
380
362
374
360
368
376
362
358
366
370
380
388
372
356
346
340
344
350
316
266
232
176
108
90
88
102
88
88
110
96
100
96
92
84
100
82
94
104
126
100
100
126
104
100
106
102
118
100
90
100
98
100
104
122
166
228
286
310
320
324
352
350
352
364
342
354
350
350
328
344
350
354
370
378
382
374
402
400
414
418
402
420
402
346
346
330
364
386
416
424
436
426
378
362
352
368
360
370
392
392
368
366
388
368
362
380
382
366
364
368
398
386
376
362
330
338
344
302
274
216
186
142
96
96
94
88
84
82
112
90
98
88
94
86
90
86
86
124
110
106
100
110
120
96
110
102
90
114
108
96
104
96
92
124
148
190
248
292
318
318
332
352
342
358
348
372
368
354
318
328
338
346
360
368
384
388
400
400
386
394
412
376
394
352
344
380
388
410
414
416
444
410
372
348
370
380
376
348
372
366
366
370
384
370
366
372
392
384
364
376
390
380
366
348
326
334
298
244
232
170
138
102
92
100
96
88
90
96
96
108
94
92
100
82
88
86
88
110
108
106
104
112
120
98
118
100
104
100
90
94
98
90
108
100
118
158
208
252
290
314
338
346
336
360
356
384
382
354
306
326
348
366
360
360
378
396
392
382
370
382
382
370
364
350
358
374
378
390
392
398
422
404
372
366
372
376
368
366
356
354
350
362
400
374
360
384
392
368
390
390
386
382
364
354
324
302
266
214
184
122
110
90
90
94
94
102
82
92
96
92
92
102
90
90
100
80
98
98
120
106
112
124
110
108
124
94
124
96
96
114
106
90
108
106
96
120
164
216
256
284
304
314
310
350
362
386
380
358
326
340
364
382
356
354
378
400
374
366
356
358
376
350
354
354
378
378
378
378
378
380
386
390
360
368
392
366
352
338
348
350
352
370
398
382
374
374
384
372
392
380
390
362
360
346
272
254
210
160
124
86
94
96
94
92
98
108
82
88
104
84
96
106
92
94
100
84
94
116
108
108
104
108
102
108
114
114
114
106
98
96
110
88
98
108
88
112
146
188
214
250
276
306
302
352
374
386
378
374
372
360
378
388
352
360
392
412
362
356
346
346
358
354
350
362
394
384
362
372
360
366
380
370
352
376
390
358
358
366
354
348
348
370
392
384
376
366
384
378
390
384
378
372
354
316
252
218
152
108
102
96
94
98
96
96
96
96
94
90
90
106
92
92
104
90
90
108
84
130
100
114
106
108
124
92
114
120
96
110
114
104
100
104
102
110
90
98
110
142
170
204
236
268
304
326
366
360
392
388
368
368
372
392
360
366
390
402
354
346
338
360
358
356
354
372
400
374
354
348
352
352
364
356
368
384
386
366
358
378
364
358
370
374
388
376
368
368
372
376
388
376
372
358
330
276
202
160
110
90
86
80
94
98
90
96
98
98
86
84
96
96
92
92
86
86
94
82
92
120
122
106
100
122
100
108
122
98
118
100
98
116
108
100
112
92
104
120
108
116
148
174
192
214
280
306
338
348
378
372
364
364
370
370
354
372
402
400
366
358
352
342
362
358
360
378
394
376
354
356
342
348
356
370
360
384
386
372
364
386
388
384
372
386
366
380
374
366
356
378
366
370
354
322
284
224
164
132
94
100
90
82
114
94
100
100
86
110
92
82
94
100
102
102
86
94
94
94
92
104
118
108
104
116
112
98
108
106
116
108
100
106
112
92
106
106
94
102
104
106
114
132
166
188
222
268
330
338
354
364
376
356
372
382
360
390
388
390
370
362
368
368
384
366
360
388
418
372
362
360
358
346
362
380
366
380
368
366
370
382
388
400
388
380
370
368
364
360
362
362
346
332
304
264
234
172
120
104
90
92
94
86
96
94
90
94
90
86
98
84
82
96
88
82
92
94
88
98
88
124
110
114
110
108
128
102
110
120
106
112
110
104
104
98
98
108
98
106
102
106
108
108
116
144
180
230
282
300
338
358
358
356
364
350
356
376
396
392
388
376
378
394
376
370
376
388
400
384
382
374
384
372
382
388
376
384
390
364
358
396
386
372
378
380
354
366
348
356
338
330
290
282
252
212
184
130
100
94
90
94
102
92
90
98
88
94
94
78
104
92
86
100
90
82
98
90
88
90
80
122
106
102
106
120
106
104
98
100
116
98
102
124
98
114
106
100
102
118
98
104
106
106
102
108
158
200
226
266
314
336
342
360
352
358
360
386
384
398
384
396
362
372
386
388
366
372
402
388
392
384
380
394
384
384
368
350
376
388
376
374
372
380
372
366
354
344
356
346
318
264
258
240
208
162
130
94
94
94
84
100
100
86
104
92
100
94
78
92
86
84
90
94
98
98
84
90
96
88
90
104
126
114
108
126
118
104
100
92
116
106
94
126
106
114
104
106
96
106
102
106
104
104
114
96
114
156
190
224
254
286
312
310
320
330
364
364
378
386
374
378
380
372
384
368
364
382
396
370
392
388
374
380
380
374
366
366
374
372
362
372
372
368
348
358
320
336
326
288
252
228
196
184
142
108
98
86
88
90
84
92
96
82
92
92
92
90
84
88
84
80
86
86
90
96
84
80
90
78
84
102
122
116
94
100
128
100
108
104
102
120
98
112
116
104
96
106
104
106
108
106
114
96
94
104
98
134
154
176
208
246
260
302
294
294
316
344
358
376
358
374
374
362
372
360
358
370
376
366
388
388
380
364
376
364
364
370
360
362
356
352
354
364
340
342
320
304
268
226
204
164
144
122
90
84
90
90
84
88
90
86
98
86
82
98
84
90
100
84
98
92
90
96
90
92
100
88
92
84
80
112
100
114
104
114
120
106
110
102
98
112
106
112
112
104
98
108
108
98
108
94
116
96
102
104
96
106
108
144
170
196
214
244
250
244
274
304
332
352
350
354
348
364
358
360
364
372
382
380
370
380
370
368
362
350
340
354
370
356
328
332
330
324
308
294
268
250
204
190
152
112
94
86
86
100
88
80
86
96
88
86
92
80
96
88
90
88
88
88
84
80
88
92
90
90
82
82
80
86
70
104
126
102
114
120
102
118
102
102
114
102
94
132
112
104
118
106
114
100
106
110
102
106
104
88
122
94
102
102
118
152
172
196
208
202
224
256
290
304
306
326
332
344
334
348
338
342
354
338
364
350
340
344
336
336
330
344
328
318
280
284
266
274
262
258
224
200
178
138
96
98
90
88
86
96
90
92
76
92
92
100
86
84
96
86
92
90
80
94
84
92
82
78
98
94
88
84
92
90
90
104
116
106
108
112
108
112
106
104
110
116
104
108
114
94
102
106
104
100
106
100
114
94
100
104
102
102
96
90
94
104
100
146
130
138
176
210
242
268
260
270
282
300
290
310
300
300
304
310
324
320
326
328
310
296
300
302
294
268
248
236
240
230
218
208
176
150
124
98
98
100
92
88
94
92
94
86
86
92
90
90
90
94
90
96
82
86
96
76
86
82
80
106
102
84
108
80
86
84
86
114
110
118
108
112
124
112
120
106
112
120
108
110
116
98
104
108
92
104
112
98
120
102
96
102
94
96
98
100
100
104
98
108
94
100
116
146
180
218
212
242
248
264
246
266
254
254
248
258
280
272
270
270
272
254
246
246
244
212
198
176
192
178
172
164
130
108
94
80
98
94
94
82
92
88
84
80
86
90
80
88
84
84
86
94
78
80
92
84
90
84
80
90
92
86
94
78
86
86
88
104
110
106
104
106
110
116
112
102
112
104
96
126
106
102
110
98
92
102
100
108
110
106
94
102
120
94
102
98
94
94
100
94
104
102
94
114
136
168
188
196
198
216
198
214
202
206
202
216
230
214
224
224
226
210
204
202
182
150
134
132
144
134
122
110
90
84
86
86
100
98
94
88
92
98
84
90
88
100
84
100
86
86
100
88
92
92
86
92
82
84
86
74
84
100
86
82
90
88
88
110
126
110
118
116
108
130
114
104
114
106
96
122
102
100
106
98
104
106
96
118
110
98
102
94
118
98
106
100
100
98
106
96
100
100
102
100
102
112
138
144
144
164
154
166
150
152
150
162
184
166
184
186
188
176
154
138
120
102
88
90
90
94
92
92
96
94
86
86
90
96
76
84
88
94
82
88
82
96
84
88
84
90
100
82
88
92
88
86
82
84
94
96
88
90
92
78
86
84
86
114
108
124
110
106
120
110
114
104
108
120
106
100
112
100
102
112
102
114
112
108
116
98
104
112
108
116
104
98
104
102
102
112
102
106
114
98
106
102
100
110
106
116
108
108
96
96
98
104
134
124
128
130
142
134
106
102
96
90
92
90
92
96
104
88
94
92
88
90
86
102
94
88
96
96
96
90
92
98
94
82
90
96
88
96
90
94
98
86
90
90
90
98
94
86
88
80
88
84
84
116
104
130
110
102
124
106
114
100
104
118
102
96
108
100
102
112
96
108
112
106
108
100
100
108
96
106
98
92
100
100
104
98
90
100
100
92
104
104
94
100
96
98
92
88
90
92
94
90
90
94
96
94
94
90
94
90
80
74
86
98
104
96
90
96
88
86
90
88
78
84
92
84
92
90
90
84
88
92
86
88
86
84
78
92
88
88
86
86
82
90
82
80
96
96
86
88
92
84
82
112
132
114
124
116
106
132
108
108
116
108
96
116
102
106
110
100
118
102
98
134
104
100
112
104
118
102
112
106
102
94
110
94
96
110
106
110
98
94
110
94
94
98
94
88
96
92
88
92
88
106
90
84
92
80
92
86
88
94
88
92
86
88
84
84
82
86
90
88
94
82
88
86
90
96
82
88
84
96
80
106
88
82
92
84
90
88
80
96
80
90
86
82
94
88
86
84
88
80
82
108
118
118
106
110
108
106
112
104
112
114
100
100
112
96
98
106
98
104
102
106
112
96
92
106
96
126
104
104
104
100
106
102
94
100
102
84
94
92
90
100
94
86
96
90
90
92
84
90
94
88
90
90
94
88
88
82
88
84
92
90
80
88
86
86
88
86
84
82
86
88
86
90
88
88
82
80
88
90
78
94
88
90
92
94
82
92
88
84
86
96
86
88
92
96
90
86
90
90
88
114
114
126
110
112
120
108
120
106
112
114
102
106
110
104
104
108
102
104
106
114
114
102
104
114
96
124
110
100
100
104
102
104
98
102
104
90
98
96
96
100
94
88
98
92
94
94
90
88
90
88
84
88
90
88
86
80
84
80
90
88
78
84
82
84
84
82
78
80
84
86
84
86
84
86
84
80
84
88
80
90
82
82
86
90
80
86
82
82
82
88
80
84
88
92
84
76
82
82
80
106
114
108
112
108
106
116
108
108
110
108
98
112
106
110
108
104
108
98
106
118
110
102
108
106
104
112
102
110
100
100
110
98
98
100
100
92
98
94
98
96
92
86
96
88
90
94
90
90
90
92
82
88
88
92
86
80
82
80
88
88
78
82
80
82
82
80
78
80
84
86
86
84
82
88
88
82
82
88
86
88
80
78
84
90
82
86
84
84
84
86
80
86
88
92
82
82
88
90
90
106
120
100
116
106
98
124
102
106
108
102
96
116
98
112
106
98
112
96
102
118
104
98
102
96
106
98
94
114
98
94
116
92
94
96
92
92
94
88
96
94
90
84
94
84
86
88
84
92
92
92
84
86
92
96
88
82
84
80
88
90
80
84
80
82
82
82
80
82
86
88
88
82
78
86
90
84
82
88
88
88
80
80
88
90
84
90
88
86
88
88
84
92
90
92
84
74
84
86
86
