98
90
88
104
90
86
106
76
100
106
80
104
100
86
98
82
92
106
82
104
90
82
112
88
90
98
88
94
82
84
94
82
76
84
86
82
80
74
70
78
70
80
58
66
76
66
74
70
70
66
62
60
58
72
64
66
62
76
78
62
74
66
74
68
60
72
70
66
82
70
86
84
88
92
88
86
94
96
96
102
108
84
90
96
96
86
90
82
96
92
98
84
96
94
84
98
90
78
94
86
88
92
90
76
94
82
88
98
86
94
100
80
86
92
86
106
90
92
92
90
90
94
88
98
82
94
90
88
92
96
82
88
84
86
90
78
76
76
66
80
64
62
68
70
72
74
74
74
68
64
64
60
60
68
60
60
58
68
72
64
74
62
70
68
58
68
68
66
84
72
84
80
88
98
100
86
98
100
84
102
118
88
108
116
94
108
88
94
108
96
110
92
98
96
82
108
108
78
98
102
90
88
96
88
96
86
96
98
80
92
90
78
92
88
92
98
86
84
92
82
88
90
82
96
88
86
86
82
74
82
74
74
74
90
76
74
70
58
64
60
56
64
56
72
62
50
70
52
54
50
52
46
48
52
52
54
56
62
66
62
68
52
60
62
60
68
66
64
80
70
78
74
78
108
86
80
92
86
88
100
98
92
96
96
100
92
84
94
86
100
96
82
88
88
92
90
94
80
88
82
96
86
84
108
86
84
104
80
98
100
80
100
102
86
110
86
96
94
90
100
96
82
106
90
94
96
86
94
80
80
92
80
72
90
74
74
72
60
66
60
60
58
62
64
60
58
62
58
52
50
54
46
50
48
52
52
52
56
60
60
62
50
58
58
54
60
60
60
76
70
78
80
80
110
88
88
94
90
100
104
100
98
94
90
104
90
94
104
90
104
94
84
96
98
104
88
92
92
92
80
92
96
80
100
88
80
90
86
94
86
80
90
80
82
90
86
92
88
84
92
90
80
102
84
74
94
80
88
86
74
72
72
70
68
76
58
56
64
48
62
48
48
48
46
50
50
46
52
48
54
62
56
58
48
48
40
48
50
52
54
54
50
56
54
52
58
58
60
70
66
70
74
80
86
100
92
86
102
86
94
118
92
106
106
86
106
96
100
112
92
102
90
98
102
88
100
102
88
94
100
86
90
96
98
96
82
84
96
82
90
86
84
82
92
88
94
92
88
94
82
90
96
88
96
80
84
86
84
76
74
64
68
66
66
74
62
58
56
42
54
42
56
40
46
54
44
52
56
68
82
88
86
84
76
76
64
52
50
50
50
48
46
50
42
48
54
54
56
64
62
60
68
78
80
92
90
80
98
88
92
108
90
100
98
88
98
92
90
106
92
100
88
88
90
90
100
90
90
88
92
82
78
94
104
92
82
88
92
82
94
80
84
86
86
94
86
86
92
88
80
80
88
82
88
80
70
76
78
64
70
68
64
48
60
52
56
56
42
48
52
56
54
70
60
60
72
72
94
110
132
138
140
130
126
116
98
80
70
66
72
66
60
58
50
48
48
46
48
58
62
62
72
80
96
82
94
86
94
102
106
94
100
96
90
108
94
96
96
96
104
96
92
92
88
106
96
86
104
90
86
90
92
78
108
88
84
96
96
106
92
88
90
80
74
100
92
92
110
84
100
80
74
104
80
72
82
64
74
70
58
54
48
50
50
46
46
52
54
66
86
102
104
108
104
90
94
122
134
158
192
202
210
192
180
154
126
112
96
90
104
98
88
86
80
68
60
48
44
50
54
54
66
66
84
74
78
74
82
76
92
90
88
94
88
88
100
82
96
90
84
86
88
92
84
90
82
92
90
82
90
82
90
88
84
98
92
96
94
92
86
84
88
92
80
88
94
92
90
102
78
88
82
76
88
74
76
66
62
62
52
48
48
52
50
54
54
78
104
124
148
166
172
152
156
130
138
164
196
216
254
272
270
262
250
216
178
154
126
140
150
146
148
136
122
98
90
68
56
48
54
60
58
66
74
64
70
76
92
90
82
114
90
96
100
96
108
90
106
116
90
106
94
90
102
84
112
108
98
96
104
84
82
88
90
96
84
84
96
92
88
78
92
84
84
86
94
86
88
90
86
78
66
86
78
66
72
56
54
52
42
48
52
46
54
80
90
126
156
192
226
234
226
222
214
194
190
234
252
276
310
328
320
314
298
270
236
212
192
208
216
214
218
200
176
144
124
98
82
60
46
48
44
52
70
62
62
72
80
84
90
92
92
78
100
98
88
100
92
94
96
92
92
96
86
100
96
92
108
86
92
90
84
92
98
96
92
100
88
104
88
88
96
86
82
98
92
96
94
82
88
80
70
86
66
66
66
46
48
56
56
68
68
88
82
100
124
188
230
268
288
314
294
290
278
254
242
288
298
310
330
346
340
350
342
322
292
260
254
276
284
282
288
270
246
212
172
134
110
76
52
58
58
48
66
58
52
70
74
82
96
86
82
88
94
96
92
94
90
92
98
96
94
102
84
104
92
96
108
88
94
80
90
82
92
94
86
98
80
96
86
84
82
88
78
92
88
90
92
76
72
78
74
64
60
62
58
52
58
74
86
98
102
110
116
146
190
250
290
320
332
342
326
316
316
294
290
322
332
338
338
346
336
358
356
344
322
296
298
324
326
318
324
312
298
274
222
176
142
106
80
90
88
68
68
56
46
62
64
76
84
96
78
102
88
94
106
90
96
104
90
108
100
106
100
96
108
114
94
100
104
82
94
88
98
102
84
84
100
88
98
80
86
92
92
86
100
84
92
82
78
76
70
64
66
56
58
78
90
106
132
148
164
170
174
190
246
300
342
350
344
340
336
330
340
338
332
346
350
340
334
340
328
352
360
368
368
338
336
358
358
348
348
338
334
316
270
226
190
156
126
126
110
104
86
68
56
58
56
72
72
84
78
84
80
90
92
94
84
92
82
94
92
94
98
96
112
108
86
94
92
90
74
94
100
82
90
84
92
92
86
84
88
80
82
90
84
82
84
72
76
64
52
68
50
54
66
104
134
164
198
216
230
240
246
252
292
318
352
356
348
332
336
342
352
368
352
356
342
348
332
330
318
338
352
360
370
360
350
362
364
362
364
358
358
344
306
272
234
212
184
178
154
144
118
94
78
60
56
70
68
82
82
82
88
96
98
102
88
92
106
92
98
96
96
116
112
106
112
102
90
102
80
94
104
82
98
104
86
100
84
96
94
84
80
102
82
92
82
74
68
64
54
66
46
64
92
138
194
234
264
282
276
292
292
292
322
346
368
354
322
316
322
336
358
368
362
364
340
344
328
330
330
346
358
358
370
366
350
352
346
344
354
354
360
356
332
308
278
272
252
250
228
200
170
130
106
78
60
60
60
70
66
76
80
84
96
88
86
90
98
94
90
92
90
106
104
102
112
104
86
88
98
76
98
98
84
94
98
84
96
84
84
88
90
88
96
80
72
76
50
60
54
48
58
90
138
188
258
294
306
330
310
322
328
330
342
346
354
350
324
312
318
328
364
354
370
366
340
350
346
356
356
356
356
344
358
378
360
350
330
320
328
334
346
360
346
334
316
322
306
306
286
268
236
176
142
108
80
58
58
70
70
74
82
82
96
90
92
100
80
110
88
96
104
94
116
118
100
116
96
82
98
88
92
104
92
86
92
88
94
76
88
76
100
74
88
76
70
60
56
42
52
56
76
122
186
240
300
328
328
336
324
340
340
350
348
364
336
344
346
326
330
356
366
360
372
362
354
360
374
372
376
386
366
346
362
382
368
338
340
328
342
348
352
342
348
350
344
334
332
328
316
314
286
228
190
138
112
76
50
62
62
62
76
92
84
88
96
96
106
82
98
96
84
110
94
96
98
106
96
100
88
102
94
94
94
86
90
102
78
100
94
82
86
96
76
90
70
52
52
58
74
84
104
156
222
280
338
348
342
328
328
346
332
358
366
360
360
328
360
346
348
370
380
372
370
360
352
374
386
396
390
394
354
348
372
384
370
336
336
330
348
348
344
316
342
362
368
358
348
340
332
334
322
276
242
186
144
92
60
42
58
62
64
92
68
96
84
94
100
88
98
94
88
102
94
84
100
96
86
94
86
86
88
90
84
88
80
94
86
96
90
82
82
84
74
70
56
56
68
92
110
130
156
198
258
316
352
354
334
312
320
322
326
360
370
362
350
346
380
386
380
386
386
368
358
356
356
394
394
406
400
408
356
354
374
390
380
348
346
348
366
356
334
334
352
356
352
346
334
330
330
344
350
316
272
216
174
118
78
66
58
64
68
84
80
88
98
94
88
106
96
90
96
90
100
94
88
110
86
92
102
86
94
104
94
92
90
86
104
88
88
86
90
68
80
74
70
82
94
126
154
190
220
244
294
336
340
350
318
314
318
324
326
356
358
374
372
376
392
402
404
404
402
368
350
348
358
402
412
436
424
410
356
362
390
380
396
386
376
364
370
360
344
348
362
354
342
340
322
322
322
342
366
340
290
238
206
154
106
94
68
64
58
68
78
70
86
92
86
100
92
90
92
90
94
92
88
102
90
92
90
86
90
90
98
74
86
94
96
92
84
86
82
80
72
72
80
108
140
184
238
270
286
284
326
338
328
342
320
334
332
324
348
340
360
372
364
386
396
420
426
420
410
360
350
346
370
412
432
452
434
400
356
360
382
386
412
410
402
392
388
370
352
348
362
350
332
328
308
316
318
334
360
350
318
276
242
194
146
116
100
86
62
80
76
100
84
92
98
88
96
102
86
106
90
90
116
90
96
104
92
92
102
86
96
92
88
96
92
92
84
80
76
82
64
84
110
152
202
232
294
310
306
310
346
332
330
334
338
352
352
350
354
382
366
378
372
374
430
446
446
430
402
350
350
352
386
428
444
448
424
378
350
348
358
386
408
412
410
404
386
364
348
370
376
356
332
332
318
336
332
330
344
350
344
316
282
248
214
178
148
118
82
74
60
80
78
82
82
94
88
90
82
94
94
98
96
104
82
100
94
92
104
94
88
104
88
92
106
86
86
76
80
70
68
104
142
192
252
252
320
332
328
326
352
336
336
336
354
368
372
374
370
386
358
386
376
380
434
452
444
434
388
352
358
358
388
434
450
448
416
358
338
346
362
384
420
440
438
414
374
360
364
368
376
362
348
354
344
360
340
336
342
354
358
336
318
308
284
244
188
146
116
84
66
74
98
88
82
112
94
94
96
96
110
114
90
122
84
96
88
102
90
100
88
86
86
82
102
82
80
70
72
62
62
130
176
230
298
272
334
330
320
332
342
340
332
338
354
370
378
386
396
396
364
370
388
376
448
452
432
422
360
344
362
372
402
440
440
428
394
348
340
350
358
386
416
436
440
420
370
348
348
380
392
388
372
370
360
380
358
336
344
358
356
336
332
334
308
300
246
184
142
112
58
78
72
84
84
86
90
102
90
108
94
100
118
94
94
118
86
106
108
78
106
100
90
112
100
98
84
76
74
64
72
154
216
274
326
310
334
322
312
312
332
346
370
350
352
376
382
404
418
392
356
368
362
374
444
446
422
386
360
342
360
390
418
434
430
404
372
350
348
356
358
382
414
432
430
412
368
340
364
366
386
398
398
378
378
368
352
344
348
366
350
338
332
340
336
332
302
242
184
136
90
74
70
78
96
84
96
94
82
102
92
86
110
92
102
104
94
90
100
98
92
84
92
92
94
84
88
76
54
62
92
180
242
300
340
312
312
298
298
316
342
338
354
364
360
364
390
416
432
392
364
370
384
388
436
430
398
364
350
342
370
400
416
442
424
390
352
340
350
350
352
378
412
442
432
416
360
344
354
364
394
412
418
400
388
378
362
344
368
362
340
340
332
338
338
362
342
276
212
166
110
66
68
78
88
92
80
106
116
90
114
104
92
118
86
92
100
92
90
106
98
88
98
82
106
96
86
68
64
80
116
194
250
306
344
324
314
304
314
310
320
348
380
370
346
348
374
418
420
392
374
386
378
390
426
398
374
340
344
364
380
394
422
416
402
378
342
338
350
350
358
352
390
422
420
404
352
342
334
362
400
420
428
416
386
374
352
364
356
350
334
322
314
320
326
360
362
300
234
192
136
60
62
68
72
86
84
88
98
94
100
94
90
98
90
92
90
100
88
92
108
94
94
96
96
100
88
72
86
102
160
228
276
322
348
332
322
316
332
334
342
358
374
386
364
354
378
406
412
380
398
386
382
380
414
370
360
342
354
374
390
398
422
414
390
356
338
354
356
350
344
362
398
420
432
402
364
346
322
356
398
416
422
414
372
360
338
384
352
350
338
324
320
318
326
352
368
326
258
212
164
68
56
72
78
92
108
88
88
114
96
98
112
90
116
98
92
98
100
88
106
92
90
96
88
98
86
82
124
160
216
262
308
342
356
334
330
332
352
354
362
378
374
386
384
384
384
388
390
378
380
392
376
380
384
374
360
368
384
378
406
424
410
384
376
352
352
358
334
350
354
364
392
416
430
400
364
348
316
348
392
412
418
404
358
356
344
366
366
348
340
342
338
326
322
344
354
336
282
226
180
90
68
62
70
90
92
98
102
96
110
94
90
96
96
84
104
90
98
94
104
96
86
86
92
92
84
108
168
232
270
316
344
356
362
336
340
338
348
352
348
382
392
390
380
394
376
372
374
364
380
376
366
358
378
372
356
374
404
396
404
404
384
366
362
350
376
384
350
374
368
364
382
418
424
408
366
358
330
342
386
412
418
390
348
352
354
366
384
360
374
368
346
350
326
336
332
330
296
238
192
116
88
60
70
86
86
102
102
90
120
96
88
104
92
80
104
88
88
94
100
96
86
92
82
80
90
160
216
274
332
338
346
340
356
340
364
366
370
366
368
370
374
410
386
382
374
368
358
370
374
388
352
356
384
378
376
390
420
418
404
382
372
346
354
366
384
370
326
362
372
372
376
408
418
410
372
356
332
342
376
406
416
380
348
348
354
372
386
378
396
368
346
352
330
342
340
346
320
270
224
154
114
80
76
78
96
92
84
100
104
94
100
98
106
108
98
100
98
100
100
96
100
100
88
92
94
202
280
316
376
352
350
336
352
334
368
376
388
368
386
388
374
398
382
390
360
358
352
364
364
384
362
356
376
376
388
402
408
390
392
376
350
360
360
374
378
356
322
366
382
372
368
392
418
414
392
362
344
342
366
396
412
382
360
350
352
374
400
408
390
368
366
350
352
334
348
364
338
304
266
200
144
110
84
78
100
96
90
106
96
88
92
92
96
96
102
90
96
92
82
96
86
98
78
84
132
232
310
354
374
358
338
336
344
346
376
378
404
406
394
400
386
410
390
382
360
352
358
358
376
372
362
366
382
390
390
408
390
372
368
352
352
364
364
384
354
312
300
344
368
392
372
390
400
404
396
384
346
352
362
386
400
380
364
358
358
390
416
420
388
366
362
340
358
334
344
342
346
320
302
248
194
140
118
88
86
100
84
94
116
96
94
114
84
94
102
84
100
96
84
106
96
100
80
80
164
268
320
362
364
328
314
336
350
340
362
392
422
410
408
394
388
386
362
370
354
360
388
390
394
396
370
364
384
382
388
402
378
356
356
350
356
374
360
372
344
276
274
320
362
364
370
374
398
398
412
386
366
356
346
372
398
352
376
366
380
390
414
398
368
356
360
354
366
358
344
332
342
344
332
284
228
164
128
74
94
88
82
96
98
86
100
94
92
96
86
92
94
90
90
90
98
88
82
94
182
284
338
378
356
314
320
332
338
346
368
406
434
426
418
398
406
386
370
372
364
384
402
408
398
396
378
384
392
380
384
390
370
352
358
362
368
372
354
372
316
230
230
302
348
370
364
354
356
394
412
390
368
382
372
372
392
356
368
386
388
396
410
380
354
350
358
356
358
344
348
344
332
342
356
330
274
200
164
88
104
92
82
102
100
96
112
98
108
96
86
98
92
90
94
86
92
100
68
124
204
292
344
350
356
320
322
334
350
354
376
412
418
428
404
398
406
386
386
376
382
406
410
406
392
390
392
400
398
374
372
374
372
368
380
382
386
382
362
348
314
216
248
308
344
358
366
354
360
374
406
374
362
372
378
352
364
354
358
380
380
388
394
374
360
364
372
360
356
336
332
330
328
342
364
346
306
222
192
108
88
98
80
96
100
92
94
94
90
86
96
88
92
90
88
100
88
84
80
128
228
304
334
358
344
324
358
350
370
388
390
394
422
410
384
386
392
378
378
378
396
412
428
408
392
402
408
394
398
380
374
368
384
384
386
384
384
388
362
344
308
252
272
338
356
356
354
358
362
368
396
374
362
370
374
350
356
344
382
372
380
370
370
372
372
378
378
350
348
334
336
332
330
330
364
348
324
252
216
136
88
104
100
104
104
104
102
98
96
92
98
96
90
88
96
104
96
80
72
154
220
294
352
342
338
332
364
358
366
366
384
390
390
384
372
374
394
394
384
392
396
414
424
410
398
400
412
398
400
386
380
370
396
392
386
384
386
386
384
344
314
274
324
346
348
358
332
354
348
374
380
378
358
370
362
352
354
342
372
376
358
360
362
380
390
390
384
350
352
344
356
352
334
324
362
352
332
264
218
154
92
88
102
104
100
104
112
92
104
104
94
112
94
90
110
96
104
94
88
168
240
306
344
336
342
356
378
366
360
372
394
388
382
374
372
382
410
416
402
394
396
416
408
402
392
394
408
406
402
386
380
362
392
390
390
396
398
396
388
364
318
324
356
336
324
338
322
356
364
378
372
362
358
366
360
362
362
368
368
382
352
334
348
372
388
386
376
354
358
374
356
348
344
340
358
342
332
272
228
170
94
90
96
102
102
100
108
98
98
88
82
98
90
88
100
90
94
80
112
190
262
326
362
366
352
376
362
372
390
394
394
396
392
386
386
412
428
422
412
388
410
416
410
394
378
404
410
400
404
404
390
360
384
380
382
388
384
380
378
380
350
342
342
296
336
352
316
354
348
398
372
368
362
368
366
378
374
380
386
358
358
340
366
384
402
394
380
368
368
364
360
366
344
336
348
338
326
286
244
180
84
114
98
104
106
108
100
120
92
92
102
90
104
102
94
112
84
96
142
214
282
344
384
362
352
362
376
372
408
388
402
408
390
414
420
430
436
432
396
376
400
416
422
430
412
412
430
418
416
400
376
352
380
368
352
368
360
358
370
398
364
364
346
308
322
354
318
352
364
378
384
364
366
378
380
384
392
366
390
374
364
352
380
386
396
384
382
372
372
382
370
364
354
354
346
340
306
274
234
190
90
88
100
96
94
92
86
108
86
92
94
110
104
84
98
94
98
118
176
260
330
374
392
360
354
366
374
376
404
398
414
426
440
434
438
432
426
424
400
376
406
428
438
420
420
416
414
400
390
380
364
372
396
366
348
360
348
344
392
414
382
376
360
278
326
350
330
364
376
390
382
362
370
384
388
386
380
382
388
376
354
356
386
388
388
388
388
392
400
374
386
376
358
364
354
344
326
286
234
190
114
96
106
108
104
94
102
98
100
100
100
110
108
88
108
96
104
130
196
286
358
394
390
352
352
354
378
392
398
414
446
448
454
456
432
418
402
380
386
382
404
440
432
416
408
408
416
380
380
390
366
392
384
378
338
362
370
366
396
420
392
380
342
284
322
342
338
364
366
384
374
374
384
378
372
396
382
360
392
362
354
346
374
384
392
406
394
386
390
374
362
352
346
352
356
362
346
300
244
188
96
110
94
100
94
90
90
104
84
98
108
90
110
102
104
112
94
158
234
322
390
408
382
338
344
350
364
386
406
438
460
454
450
452
420
398
382
360
386
394
418
440
420
408
390
402
418
374
374
374
380
386
384
384
358
356
380
402
446
428
420
402
370
328
360
346
358
384
380
386
368
372
370
380
376
380
364
364
398
344
352
380
382
382
402
414
406
396
394
372
350
334
334
340
356
372
356
310
276
214
98
110
86
106
112
100
94
118
88
90
100
90
100
98
94
108
98
160
254
344
400
400
358
316
334
344
358
378
406
436
454
456
434
404
394
364
354
368
394
390
432
426
400
380
374
396
390
370
360
378
390
392
370
386
366
394
408
420
442
436
422
418
392
378
370
362
366
382
376
358
334
360
374
380
382
386
372
362
354
358
348
378
374
372
398
402
408
398
382
366
370
350
340
344
352
362
366
350
298
214
112
100
104
106
96
94
100
96
96
106
96
114
100
102
114
106
120
172
268
346
388
396
364
332
354
348
370
386
396
412
430
426
392
374
368
346
354
380
410
416
442
418
376
374
370
394
390
382
392
392
390
392
414
390
390
420
442
442
408
390
422
406
424
384
372
362
370
386
396
364
324
350
390
396
408
390
378
390
378
364
368
380
384
372
378
374
402
406
396
366
356
344
350
340
336
354
376
356
312
230
112
104
94
92
96
98
98
104
94
100
92
104
94
94
110
94
112
186
278
334
364
380
366
344
364
368
374
382
388
396
396
374
366
354
346
344
366
390
418
432
420
388
348
372
362
376
390
380
406
412
376
392
404
390
386
434
460
424
376
342
348
418
412
372
382
380
388
382
384
356
316
334
396
388
402
404
392
380
386
370
384
382
394
380
374
372
380
378
378
368
338
330
350
336
334
352
366
362
322
244
100
126
106
102
104
94
88
116
84
100
116
104
116
108
108
108
112
176
274
326
352
372
366
348
368
370
378
376
362
376
394
360
360
346
356
360
388
422
436
434
400
368
360
382
382
378
388
390
394
394
378
398
398
392
406
424
440
380
358
324
310
406
400
394
390
390
408
386
380
364
332
326
386
396
420
414
396
410
396
392
392
412
414
380
358
364
352
348
366
362
364
350
350
346
350
348
348
362
330
264
106
98
94
94
92
86
94
98
94
94
98
104
92
102
104
94
112
166
266
308
338
352
372
352
368
368
376
370
364
370
384
354
360
352
368
400
420
448
432
424
386
364
360
390
386
376
374
384
400
376
380
366
410
392
406
432
436
328
318
292
266
404
388
368
410
398
378
378
378
370
346
336
388
398
398
428
418
412
406
398
386
398
406
400
372
370
358
356
352
360
358
360
372
362
340
340
350
356
320
260
120
96
102
98
82
94
104
92
104
100
98
114
100
104
110
94
112
142
256
292
318
342
372
374
376
382
372
390
366
380
388
376
404
392
410
426
452
448
434
408
382
372
374
412
410
382
380
392
396
392
380
388
402
390
390
408
420
312
258
242
242
370
370
364
390
366
338
376
392
392
372
344
382
382
392
420
432
412
394
390
390
400
414
400
398
376
368
356
370
380
376
364
360
356
354
354
348
344
316
268
98
106
84
92
90
94
94
104
90
102
104
98
118
98
110
106
102
144
224
284
336
368
368
360
388
374
370
372
360
384
384
404
422
428
434
450
448
436
398
382
362
364
392
422
406
380
394
396
394
396
386
400
394
386
380
396
390
306
278
294
260
344
362
376
380
364
324
382
392
396
392
362
374
372
398
410
432
414
394
380
364
378
412
408
426
398
384
364
374
370
376
370
360
350
352
354
342
340
312
266
98
116
90
98
96
94
90
102
92
98
108
96
116
100
100
100
98
120
236
294
346
384
378
380
364
362
372
364
374
398
412
444
444
462
458
452
444
410
382
374
376
378
420
406
362
358
386
380
386
388
408
418
414
398
384
394
358
310
288
300
288
330
356
358
380
374
302
354
384
392
378
364
386
378
378
390
440
434
392
366
366
358
402
420
434
424
394
378
372
366
370
372
370
358
352
352
342
342
306
254
116
104
96
92
86
100
100
94
112
96
100
118
104
112
112
96
126
126
212
302
360
400
388
368
378
366
366
384
388
408
432
448
452
452
442
438
420
392
366
368
376
408
426
366
300
316
368
378
390
402
424
422
416
384
382
382
354
334
288
310
310
344
348
366
394
374
328
362
376
380
376
374
364
366
382
410
438
428
388
360
368
360
392
420
436
436
404
390
378
376
366
358
362
362
362
360
338
326
290
244
116
102
96
98
98
96
96
88
96
100
92
98
108
94
110
100
110
122
230
316
378
408
388
374
366
370
356
376
390
418
422
444
442
450
424
418
374
374
358
388
400
418
416
332
242
262
354
394
390
422
408
404
398
372
384
372
364
338
306
344
338
348
352
384
384
376
342
362
390
402
388
390
388
398
378
382
430
448
402
354
356
362
372
402
438
432
412
390
384
376
362
352
352
358
372
368
336
316
276
236
98
118
96
104
106
102
96
110
82
118
112
94
122
98
106
110
100
124
234
346
390
404
396
360
362
364
356
366
394
416
416
442
428
400
392
388
378
366
378
380
388
408
402
312
210
236
332
386
380
406
384
398
394
386
386
378
370
340
334
344
378
362
386
386
392
386
372
372
384
398
388
382
382
378
392
388
428
440
414
374
368
362
354
384
422
412
408
380
374
368
362
356
356
358
376
380
352
318
270
228
102
112
94
94
90
102
92
106
84
88
106
104
92
118
96
102
124
118
234
346
392
398
390
362
372
360
356
378
388
376
398
392
392
380
370
368
354
358
374
384
388
386
380
290
208
250
316
366
392
380
376
394
378
374
358
388
380
338
356
370
370
386
384
398
406
398
374
364
388
404
378
360
386
390
404
378
430
448
430
388
368
374
352
378
396
386
392
372
360
366
354
348
350
354
374
388
372
312
266
226
134
98
106
100
96
106
94
90
106
92
100
100
94
116
102
92
114
108
226
356
378
398
384
364
380
382
374
380
372
372
378
386
362
352
360
350
364
390
378
398
390
380
388
310
244
274
330
356
390
370
352
376
398
364
358
400
400
364
372
368
372
390
390
390
410
402
394
384
418
372
340
314
384
382
388
376
404
438
432
394
398
376
366
360
374
370
380
384
356
358
348
346
348
340
384
362
362
320
258
228
108
122
86
102
98
112
86
92
92
104
104
100
116
98
112
108
114
130
220
334
360
380
378
374
386
402
402
382
378
362
378
378
358
356
360
376
398
396
406
416
402
402
388
354
336
336
358
390
402
374
350
402
412
382
378
404
414
376
406
374
376
376
414
392
388
374
388
392
404
346
292
284
362
392
388
374
396
428
428
410
418
392
378
368
378
368
372
374
362
368
360
334
348
362
360
380
364
344
252
232
124
114
94
110
90
98
86
96
86
90
98
96
94
102
98
98
104
114
176
294
346
372
382
382
376
400
408
382
384
360
370
382
388
374
396
408
386
418
416
412
426
416
408
392
392
374
370
394
396
360
356
404
424
402
384
416
420
398
414
384
372
386
402
390
378
384
392
378
386
308
230
236
342
394
380
368
380
420
434
426
416
408
398
380
374
360
362
370
372
352
370
368
370
362
362
364
364
348
250
238
134
96
104
90
88
110
94
100
106
98
106
114
92
124
104
98
112
106
144
270
334
346
362
378
390
412
418
384
380
380
386
402
400
416
426
440
398
430
428
442
448
444
440
422
434
404
390
408
414
372
376
406
432
414
392
418
414
412
410
392
376
402
374
376
372
368
384
360
374
270
196
218
352
372
374
378
366
392
414
432
424
414
420
400
378
360
366
370
374
368
358
366
368
370
368
344
364
328
258
224
120
102
96
84
90
104
88
90
102
96
78
100
106
94
108
100
110
114
114
226
306
328
352
370
388
400
424
398
386
380
390
414
418
430
454
448
424
444
450
456
458
450
436
426
462
420
404
424
430
402
392
414
422
402
400
392
398
400
408
392
390
394
370
352
354
374
384
356
362
286
226
232
324
366
360
362
348
374
400
432
422
422
434
422
398
376
376
370
372
344
370
380
356
364
350
362
348
314
264
196
100
120
84
108
88
94
100
104
104
116
90
104
116
80
100
92
96
108
96
178
276
322
346
364
374
410
412
378
392
392
404
414
428
448
452
448
432
436
438
454
428
438
438
428
452
426
416
424
432
402
396
392
402
390
394
382
382
396
408
402
418
416
398
362
368
368
372
368
366
326
274
284
344
348
346
362
356
362
366
406
426
440
438
426
408
384
376
368
380
358
378
372
370
370
342
352
332
306
246
176
102
98
92
102
92
82
90
90
102
104
98
104
104
106
104
104
112
108
112
152
248
298
320
374
396
420
408
386
400
390
388
404
438
454
456
436
406
426
412
420
404
410
420
414
416
408
402
404
410
388
394
374
386
384
386
386
374
378
386
398
414
422
404
374
392
404
382
376
372
366
334
332
356
358
344
356
362
364
356
382
404
440
428
416
398
376
372
368
382
372
398
392
374
344
346
344
330
284
218
150
108
84
98
90
100
100
100
92
112
96
112
104
100
112
94
98
98
102
110
110
216
290
320
394
406
410
396
386
370
376
378
402
416
448
424
412
406
384
398
408
378
390
374
396
408
396
384
398
396
386
382
378
368
374
382
366
360
368
388
404
412
414
416
388
414
422
410
404
392
388
392
384
386
370
358
364
364
358
346
370
396
418
412
406
390
370
374
366
368
388
388
382
374
370
354
344
304
256
202
120
100
114
92
112
102
88
102
94
104
118
92
104
108
108
118
100
100
120
100
106
196
270
310
394
420
420
376
370
380
382
396
400
400
416
394
370
376
370
400
400
352
374
364
376
392
400
384
398
370
378
368
354
370
382
382
380
360
366
402
410
414
416
428
424
418
430
420
430
418
422
426
402
400
382
376
378
370
380
356
358
386
400
416
386
366
380
356
370
382
398
412
412
392
376
328
326
286
210
142
114
92
104
92
102
90
92
100
100
100
96
102
104
100
114
96
104
108
102
96
94
152
260
316
394
414
404
382
384
380
404
408
414
380
390
386
378
388
382
392
390
374
380
392
386
392
390
388
380
356
372
378
366
362
376
384
386
366
374
380
392
406
414
420
410
422
424
420
436
428
416
420
418
428
394
404
390
402
378
374
346
372
376
402
384
388
366
348
372
376
384
404
404
394
388
334
302
272
180
120
94
100
106
102
102
96
96
92
92
106
96
110
108
102
114
96
110
112
106
106
108
128
240
306
384
406
404
400
396
414
424
414
408
386
388
374
384
398
384
396
414
402
400
408
408
404
388
402
402
358
352
382
382
372
386
384
386
374
378
394
416
410
406
420
400
400
404
390
400
406
406
418
432
438
414
422
420
418
404
396
372
378
372
366
378
376
390
372
382
376
404
386
398
380
392
318
298
240
136
100
88
98
106
100
98
94
92
100
102
106
110
102
104
106
102
108
108
96
110
98
112
120
206
280
368
400
398
394
392
418
422
406
394
394
402
376
390
400
392
418
448
428
442
432
438
418
404
408
418
364
364
388
380
368
386
370
374
378
374
388
410
416
408
404
382
384
394
390
390
384
376
382
400
412
424
420
432
404
414
392
388
376
360
376
362
384
400
384
394
398
388
388
374
382
382
318
268
212
108
98
100
94
106
96
104
94
90
102
104
102
110
102
102
104
102
110
108
94
114
98
104
110
176
258
342
392
398
392
402
396
422
416
414
408
404
390
398
404
418
430
456
450
454
440
432
412
418
412
412
386
376
392
374
370
392
374
372
388
382
388
398
416
412
404
388
378
376
382
380
370
366
372
388
406
416
416
432
408
408
396
396
382
374
370
378
382
390
392
388
412
394
386
370
400
352
302
264
176
94
96
94
90
102
94
104
98
98
96
94
104
96
110
106
100
116
100
112
106
106
112
106
100
148
224
302
374
390
392
406
394
410
420
416
412
404
392
402
412
422
418
458
464
462
436
416
408
396
392
384
376
376
404
386
380
388
372
372
398
374
390
402
420
412
404
394
380
384
384
384
370
362
362
366
382
388
396
424
408
398
388
390
380
388
364
376
384
396
386
410
394
388
384
356
366
340
280
232
144
98
100
82
94
102
98
96
98
100
102
100
106
96
104
106
98
114
98
104
106
96
104
104
98
120
174
248
322
370
384
398
410
412
424
420
416
404
386
392
402
410
402
456
452
436
406
394
394
382
386
392
390
402
428
400
384
368
356
366
406
384
394
418
436
422
414
406
408
390
376
396
390
362
356
360
376
384
386
414
402
394
380
386
374
374
360
390
402
384
396
392
394
374
368
356
368
328
274
210
126
98
106
86
100
106
100
94
100
98
108
104
100
116
96
110
108
106
118
102
98
118
102
108
110
108
138
206
256
328
346
370
388
418
422
428
400
388
390
374
378
412
402
440
428
412
400
390
374
392
388
396
410
424
442
408
404
388
376
378
420
396
414
434
414
398
420
410
396
410
368
392
402
380
380
374
372
368
360
376
382
372
378
380
370
362
364
398
400
402
386
382
380
364
360
366
324
306
218
164
112
76
96
90
90
102
88
94
96
98
94
86
90
108
96
108
104
106
104
100
102
96
108
98
96
118
104
152
208
266
312
348
392
412
430
430
402
394
374
386
398
406
392
412
398
400
380
386
390
394
392
412
426
444
434
426
412
400
402
418
436
416
434
442
414
390
406
400
406
422
368
412
426
402
410
392
376
370
364
374
380
378
376
370
360
354
364
392
416
388
398
378
368
366
364
344
306
254
186
134
100
98
98
84
102
90
102
88
92
108
92
90
102
94
112
102
100
114
98
104
106
92
114
100
108
110
98
116
162
202
264
316
380
430
442
432
412
398
392
398
416
400
388
396
398
396
402
388
418
404
420
418
430
438
446
440
430
430
414
414
444
446
452
446
418
392
398
386
384
406
368
416
422
422
428
418
388
382
370
378
376
354
376
364
378
368
366
390
422
396
392
370
368
360
354
322
252
208
150
96
98
92
102
88
88
96
88
102
88
90
88
88
88
104
104
106
100
108
110
104
94
102
106
110
108
104
96
114
106
158
206
282
366
420
438
442
418
416
418
418
430
400
382
380
392
406
418
404
422
430
438
438
444
430
424
442
454
444
442
448
458
456
462
454
428
394
384
380
376
388
370
422
434
426
416
416
408
406
378
382
372
364
388
388
390
380
380
394
416
390
390
368
356
348
334
270
212
170
110
96
112
90
104
96
88
108
88
102
88
88
90
94
92
110
96
106
98
104
110
100
90
108
96
108
102
100
96
118
96
106
142
240
342
402
424
438
412
424
426
428
426
408
384
384
398
410
414
420
424
452
430
416
418
406
414
426
444
456
456
438
446
456
470
464
436
396
376
374
364
390
380
406
432
416
408
398
394
390
390
386
398
370
390
402
406
396
398
400
410
394
402
378
352
324
296
212
174
128
90
100
104
90
98
92
92
102
94
84
94
94
88
92
98
100
112
100
102
118
104
110
112
104
110
104
108
106
104
108
122
100
124
188
278
366
406
432
434
402
410
414
408
398
388
392
410
424
412
408
418
430
418
380
414
398
414
432
448
460
464
432
430
436
450
456
436
408
394
392
370
378
386
404
414
396
396
384
374
388
384
402
400
406
394
416
404
412
404
392
398
388
388
358
322
284
238
162
128
92
102
96
100
94
102
88
94
96
96
84
98
100
86
86
98
98
98
96
96
108
100
104
110
94
104
108
100
100
102
106
104
104
108
154
234
320
380
412
420
392
408
410
406
390
402
406
424
414
404
410
424
422
406
350
396
398
402
428
442
434
448
428
418
430
442
458
436
408
396
392
370
370
374
400
400
386
376
374
372
376
388
422
424
406
398
402
422
410
408
390
386
378
378
340
286
244
190
110
104
94
102
94
114
88
110
90
100
102
98
96
86
102
92
90
94
118
96
108
102
108
116
112
110
112
102
120
106
108
112
124
94
124
112
134
190
252
328
382
402
382
400
410
400
398
422
428
432
416
410
418
408
404
378
344
390
412
424
426
424
428
440
410
428
414
418
442
424
402
396
396
384
392
372
386
390
382
380
370
368
382
382
412
412
422
402
402
410
398
406
390
380
376
372
326
256
198
144
84
102
100
86
92
102
88
106
88
102
102
98
96
78
100
92
90
90
102
110
100
96
110
106
110
108
112
96
102
112
104
102
102
104
104
110
112
140
190
252
296
340
348
358
382
368
396
424
440
426
400
412
422
416
406
386
362
404
420
410
416
424
418
438
414
420
418
406
424
408
396
396
390
380
406
394
396
392
364
384
370
370
382
392
394
420
430
410
408
412
390
390
372
366
354
324
264
196
154
100
96
102
92
102
102
90
112
108
92
108
96
110
94
98
102
94
92
96
100
120
100
96
116
108
116
116
92
104
98
118
112
108
112
118
110
116
116
106
140
198
242
296
276
312
342
372
412
446
444
432
426
424
438
430
420
374
390
428
414
412
424
408
414
420
418
420
430
418
406
396
388
412
390
382
406
406
412
392
376
396
388
396
386
408
402
404
432
408
390
408
382
386
364
344
310
266
216
156
116
100
84
98
98
88
100
96
104
98
98
86
88
98
86
86
92
96
88
84
96
104
102
98
112
110
112
110
108
114
114
108
120
110
116
110
122
106
112
128
110
148
192
226
236
260
292
354
402
448
440
446
432
422
436
430
416
374
402
448
424
408
400
410
428
422
430
428
438
410
390
392
398
402
384
382
418
402
414
410
396
400
398
414
404
400
388
396
404
400
384
376
356
360
312
292
254
204
178
120
108
110
98
88
110
90
100
94
102
110
96
100
104
96
102
90
94
96
90
88
112
100
108
100
106
112
110
110
106
106
112
98
112
102
110
104
118
106
106
120
106
114
128
164
182
194
250
294
378
418
426
426
436
424
434
418
408
392
426
452
418
408
426
428
434
432
418
426
434
418
394
388
408
412
408
398
414
392
416
424
410
398
394
404
402
390
382
392
392
398
374
342
314
296
256
228
198
166
140
104
108
100
92
100
100
88
96
94
108
108
96
94
96
92
94
92
92
94
90
90
112
120
98
108
114
100
126
108
112
112
116
112
114
104
110
122
110
128
102
108
132
106
118
130
124
136
188
242
328
398
414
432
440
422
442
404
416
396
442
438
432
414
436
432
438
444
416
424
428
430
398
390
404
414
416
404
414
396
426
430
416
404
400
396
398
392
388
378
374
362
324
282
258
238
212
172
134
110
96
94
104
88
82
98
90
84
92
94
106
102
94
90
90
88
90
92
94
92
90
92
98
98
102
98
112
112
104
110
110
110
110
106
106
94
102
112
110
102
108
98
114
112
102
106
116
104
136
188
274
344
376
416
418
420
416
426
398
410
422
442
424
418
428
450
448
430
420
428
434
430
392
404
412
414
414
418
402
390
416
418
408
400
402
396
388
374
380
354
344
320
280
230
200
178
138
122
106
96
108
102
100
100
96
84
104
92
98
96
94
106
86
100
102
88
102
92
92
88
84
86
108
98
122
100
114
128
100
122
112
114
110
100
114
102
116
106
120
104
118
112
110
124
104
116
130
108
118
134
212
272
320
354
358
370
384
380
386
388
412
430
414
426
442
456
440
422
414
424
450
438
400
420
424
422
416
418
384
374
396
406
394
384
384
382
378
348
358
322
290
254
214
150
152
120
94
88
94
100
96
90
92
88
90
86
96
88
88
86
88
92
80
84
88
82
86
82
90
84
82
86
96
112
98
104
108
94
118
104
106
116
104
104
116
104
122
108
100
128
96
110
122
104
120
112
112
118
106
118
148
220
258
294
292
320
332
326
348
362
388
416
422
426
430
424
416
426
416
420
444
438
410
410
408
414
406
390
380
374
382
384
362
350
342
342
336
308
312
274
240
204
166
120
104
88
104
96
94
104
94
108
100
86
90
104
92
92
90
92
108
100
98
86
88
98
88
96
94
86
90
96
90
100
104
112
106
100
122
100
102
116
94
116
110
98
112
110
100
112
108
90
118
114
112
106
104
114
110
106
116
148
190
230
222
252
266
264
284
286
320
376
398
414
404
420
412
408
426
428
414
412
402
394
396
402
404
386
372
366
352
332
300
294
286
286
284
268
254
206
176
142
106
94
104
94
94
94
92
90
86
86
84
86
92
78
92
84
86
88
96
98
88
84
90
92
92
86
88
82
86
92
104
104
122
104
104
118
104
114
108
104
120
106
122
102
110
104
124
104
120
106
110
130
110
112
118
112
126
118
106
142
138
164
186
184
206
224
214
238
266
314
338
374
384
384
390
362
382
368
348
356
338
366
374
382
360
368
336
328
300
290
236
230
226
228
224
208
182
156
132
104
104
90
98
98
92
100
94
88
100
90
78
104
88
92
100
88
92
96
90
108
82
88
90
88
98
90
92
86
84
86
98
112
108
108
110
102
112
102
96
108
98
104
106
92
100
94
106
100
102
96
106
116
102
104
104
106
106
112
106
118
108
116
114
122
134
142
146
170
192
258
272
306
306
318
328
314
322
298
284
290
290
310
310
322
306
302
278
264
250
226
180
166
174
164
164
146
138
118
100
98
94
100
100
82
100
86
98
94
100
94
100
88
88
88
86
88
86
90
96
102
90
92
88
92
88
100
92
84
84
94
106
122
104
124
108
106
126
102
108
124
108
116
112
104
104
106
114
124
110
112
128
122
120
122
104
128
106
96
114
122
106
138
100
110
106
104
124
114
162
196
204
242
250
264
262
254
256
240
214
214
232
246
252
274
264
248
232
210
190
156
120
108
120
102
108
102
104
100
88
98
90
100
100
92
88
92
94
92
100
90
98
78
88
90
90
90
82
88
94
98
82
86
84
94
84
90
86
82
84
94
100
110
102
106
102
104
110
104
102
110
112
102
106
102
92
104
110
104
112
102
112
118
102
116
104
108
116
102
98
122
106
118
120
100
110
110
94
118
110
140
156
176
178
196
200
192
184
164
144
140
162
174
192
216
208
194
178
166
138
118
98
106
108
92
96
100
94
106
100
98
102
96
106
106
86
104
96
96
106
94
94
94
92
94
106
92
90
102
92
112
84
90
88
98
96
86
94
94
92
90
102
114
118
98
122
108
108
118
104
114
118
108
112
114
100
114
118
96
126
108
106
126
102
120
108
106
110
102
110
124
102
108
116
98
112
110
98
116
96
112
118
118
122
134
138
124
118
108
108
102
118
120
138
152
142
140
112
120
102
96
98
104
98
90
94
92
88
92
96
90
100
90
94
80
90
84
90
92
96
92
92
90
86
80
90
82
86
94
82
106
90
90
82
88
90
88
84
82
80
78
100
108
110
120
108
108
114
106
106
124
110
116
108
112
102
110
112
116
112
118
112
110
122
112
108
128
100
98
130
116
102
134
104
114
114
104
128
98
118
114
118
110
116
122
118
104
108
114
106
104
110
106
110
110
106
116
100
112
106
100
108
100
100
102
104
90
100
96
104
102
96
92
94
90
90
96
94
96
100
96
102
82
98
86
90
96
98
88
94
96
98
96
94
96
86
100
98
92
92
100
104
106
108
132
100
112
116
104
108
120
110
112
104
108
102
106
102
124
106
116
114
102
122
104
100
112
106
108
114
102
100
108
102
104
110
98
108
110
98
116
118
98
96
108
106
106
96
96
106
102
104
104
94
98
102
102
100
100
96
100
96
96
102
102
96
86
94
94
96
98
86
82
92
100
80
106
90
94
98
88
92
76
96
92
94
94
98
80
96
86
90
84
94
92
82
94
92
86
84
86
106
114
120
104
126
114
108
116
110
104
120
102
108
116
110
114
116
120
136
112
118
132
102
118
108
118
124
108
116
124
108
106
118
104
116
106
108
114
112
110
116
106
106
122
106
112
98
100
116
104
102
110
96
106
116
100
110
100
90
116
94
106
102
96
98
98
86
98
94
94
98
90
94
86
90
96
92
96
92
86
84
94
88
88
98
76
94
84
90
94
90
82
94
84
92
94
92
92
88
78
110
110
110
122
108
100
126
102
104
106
114
110
100
104
108
106
116
114
120
110
116
108
118
116
106
118
104
110
114
112
104
124
100
118
108
102
110
100
104
116
102
114
104
110
108
100
114
114
104
100
108
102
100
106
98
104
100
98
102
102
100
96
100
100
102
92
96
90
92
102
96
94
96
94
102
90
90
88
90
102
98
84
92
92
94
94
82
90
96
100
96
88
96
98
88
94
92
94
90
90
118
118
120
124
114
106
126
108
108
110
118
116
108
110
112
110
110
130
110
114
120
102
134
108
108
118
114
112
114
114
110
128
104
112
108
104
110
106
102
112
104
112
102
106
108
104
112
112
98
94
98
98
100
104
100
100
94
92
94
96
92
90
92
94
94
88
96
92
90
96
90
88
90
92
92
86
88
82
86
88
82
80
80
80
82
84
80
80
86
96
84
82
88
84
82
82
86
86
80
76
110
110
114
112
112
106
118
112
106
106
116
112
106
110
108
106
114
108
128
100
108
124
116
110
106
116
120
110
112
110
116
124
106
104
106
104
108
110
98
104
106
106
100
100
106
110
110
110
106
106
102
106
108
106
106
96
102
98
100
104
98
98
100
100
92
86
98
92
90
94
88
88
96
102
96
92
96
90
98
86
80
86
82
80
82
84
88
80
90
106
90
90
96
86
92
90
90
92
88
86
106
108
114
104
114
110
118
122
108
108
116
112
108
112
108
110
114
102
122
96
106
124
116
106
104
110
120
104
106
104
118
118
106
94
102
102
102
112
94
100
102
98
98
94
104
114
106
108
100
102
94
100
98
92
96
80
94
92
92
96
90
90
90
92
94
90
96
90
86
92
90
92
86
90
88
82
88
86
92
78
84
88
84
78
78
82
84
80
80
96
84
84
88
82
86
88
86
90
86
82
