90
94
82
90
96
80
90
88
80
96
92
78
94
86
102
98
92
114
92
100
112
96
100
96
86
100
92
90
104
84
98
88
80
88
82
72
84
84
80
86
78
92
70
82
82
78
68
82
74
80
82
74
72
68
66
76
70
76
82
84
82
82
86
90
90
80
98
84
88
92
86
94
90
98
100
82
102
98
92
102
90
94
102
96
86
100
92
104
90
94
98
82
110
96
90
94
88
96
112
112
90
88
96
88
92
88
78
78
82
90
84
102
90
104
84
100
90
98
90
96
96
112
82
102
90
82
98
84
90
92
74
92
84
84
88
78
80
104
68
86
82
84
74
82
72
74
76
72
64
68
76
70
68
66
62
70
78
68
78
84
78
86
94
84
96
78
104
104
94
98
90
82
112
94
96
108
94
100
124
90
104
112
88
106
94
98
98
92
108
100
96
110
96
110
108
102
108
110
92
130
92
90
94
74
78
86
82
86
86
90
86
90
84
102
92
94
98
104
90
94
104
96
86
92
86
84
84
84
84
80
72
86
70
82
72
80
70
100
64
76
62
74
62
60
66
66
60
60
62
60
68
66
60
58
56
58
58
62
62
64
70
72
74
82
82
76
90
90
86
90
78
86
92
90
92
92
92
94
92
94
92
84
94
90
94
92
92
100
84
94
90
96
96
88
92
92
96
88
90
98
86
94
94
84
88
88
92
86
96
102
90
86
96
96
116
96
96
108
90
96
112
90
102
94
86
100
82
90
92
74
86
82
66
82
68
82
66
96
68
78
58
68
60
54
66
62
52
56
58
52
58
54
46
48
50
50
46
58
56
56
72
72
72
88
74
80
86
88
84
86
78
104
86
100
106
94
112
104
88
114
104
82
116
94
98
96
86
112
82
102
100
88
118
84
92
96
96
88
108
94
90
96
92
86
90
82
90
86
90
94
76
98
98
96
106
92
92
92
92
90
90
96
78
94
80
84
88
74
82
72
70
70
64
62
68
64
56
88
50
62
56
48
50
50
46
46
48
42
54
46
50
48
44
48
50
48
54
46
46
52
56
60
62
62
60
58
74
84
68
72
72
82
96
78
94
102
102
92
120
90
102
98
86
100
90
88
82
92
98
90
84
96
98
92
102
84
102
100
96
118
104
100
102
90
94
92
96
106
94
96
86
98
102
112
108
100
102
96
108
94
96
100
82
94
82
82
96
72
82
76
66
66
64
58
60
56
60
70
50
48
54
48
50
52
50
56
54
58
56
48
52
50
48
52
48
48
52
46
44
48
52
54
56
60
56
58
64
72
72
74
70
78
104
74
96
94
100
96
122
90
104
106
84
100
98
90
98
92
104
88
88
108
96
98
108
88
98
92
104
106
84
92
92
92
96
86
92
94
94
98
92
76
100
100
110
96
86
94
94
84
100
84
96
84
76
82
78
70
76
64
62
56
46
52
44
48
52
42
56
50
56
66
68
72
78
90
76
86
74
70
68
66
70
74
70
72
56
58
50
48
52
48
48
62
50
58
54
50
70
70
64
80
84
84
102
82
108
104
102
110
106
98
110
90
98
88
96
98
94
96
102
102
112
96
96
100
104
96
128
96
90
108
88
94
98
80
108
98
98
106
84
82
108
86
108
96
90
108
90
94
98
86
98
80
74
78
70
68
70
62
52
52
42
46
56
50
46
46
66
82
90
98
114
126
114
134
122
112
110
106
102
100
112
120
118
126
120
96
86
80
58
50
48
40
46
46
52
48
56
56
64
66
62
80
88
86
102
94
108
106
98
94
108
88
88
94
94
102
90
96
92
84
106
94
84
102
96
96
102
98
84
98
98
94
100
88
80
108
102
102
90
102
104
100
88
102
98
92
112
84
96
92
82
90
62
72
72
62
66
52
52
48
50
62
62
60
60
74
82
114
130
146
168
178
198
200
178
176
160
140
136
150
168
182
200
192
184
174
140
112
98
82
66
58
64
58
42
52
44
50
50
58
74
74
88
86
90
90
118
100
106
96
104
108
94
106
96
96
110
92
98
112
90
114
104
86
108
104
98
124
92
88
98
84
106
92
88
104
100
100
84
94
108
86
96
88
86
86
96
82
84
80
78
82
56
66
64
48
50
46
58
64
76
78
86
100
108
108
120
164
200
220
228
244
258
266
244
240
216
196
196
218
246
252
262
256
250
244
196
158
138
114
94
94
88
82
64
62
52
48
52
54
60
68
68
68
96
84
94
102
90
104
100
94
100
84
92
94
84
96
96
82
96
102
88
98
94
94
104
104
96
94
84
100
98
86
108
92
106
102
86
94
100
86
104
94
86
106
86
102
96
72
92
66
62
66
60
46
52
64
82
98
114
126
136
134
146
156
176
210
248
278
280
294
296
306
292
290
266
254
246
256
290
306
310
298
306
286
254
236
186
146
136
146
140
134
118
102
86
64
58
50
48
64
66
64
90
76
84
104
88
90
112
96
104
104
92
110
82
98
98
82
98
102
88
100
102
98
114
100
82
94
78
102
92
80
106
90
96
88
86
92
78
86
92
94
84
90
94
94
74
72
64
58
56
52
48
48
66
86
108
130
168
180
204
212
222
210
220
250
296
330
328
330
318
318
316
320
312
286
268
292
326
318
318
328
308
334
308
274
236
212
192
200
204
200
182
162
132
102
80
66
48
52
62
60
64
66
82
84
82
86
94
108
94
98
96
90
100
90
96
102
90
104
92
84
104
92
104
106
92
94
104
90
106
96
104
110
96
92
94
100
84
90
94
92
88
90
100
92
64
70
60
70
48
46
52
68
96
124
148
184
228
248
274
274
282
268
268
286
318
346
342
328
320
314
324
334
332
314
302
322
348
330
320
326
318
334
332
306
264
256
256
242
256
256
236
224
184
152
116
96
70
46
50
50
46
60
78
68
76
82
92
106
94
98
96
90
112
92
96
104
96
102
90
84
108
94
108
110
106
86
102
96
88
94
108
94
102
98
86
88
88
82
104
82
84
96
80
86
68
58
62
50
50
54
72
98
130
168
202
250
284
308
318
304
308
310
308
312
334
346
338
318
314
312
326
340
336
340
330
322
336
328
316
302
304
326
332
322
302
276
276
288
284
292
282
282
246
206
156
126
100
66
54
52
50
54
62
70
70
76
102
92
102
104
96
114
106
100
98
86
112
96
82
104
104
98
112
102
110
96
98
114
88
96
116
86
110
108
92
90
96
92
114
94
90
86
86
74
66
68
48
48
64
76
100
128
162
212
246
296
326
330
332
338
342
336
322
336
342
348
336
316
306
306
306
326
352
346
332
328
332
314
310
306
300
318
340
326
314
306
318
300
298
306
310
322
298
254
198
162
130
100
84
74
64
56
50
62
56
78
84
88
98
86
96
100
106
96
96
82
106
94
86
102
96
90
96
98
92
98
110
100
112
104
102
100
96
100
96
98
92
106
102
94
84
90
84
66
56
52
54
66
100
114
138
168
206
262
290
332
338
340
330
332
342
354
342
352
334
344
338
328
310
314
308
336
352
350
340
330
334
324
324
316
320
316
320
312
330
324
328
306
306
308
318
332
324
282
236
204
164
132
116
104
84
78
60
48
60
62
84
98
94
108
100
100
122
90
102
108
96
106
106
94
116
102
90
118
100
110
110
100
100
94
106
92
102
94
96
90
100
96
102
96
80
78
72
64
60
48
66
104
126
166
206
212
248
290
326
358
358
320
326
330
336
346
374
348
356
354
334
342
332
330
336
364
378
354
350
348
336
344
352
344
340
338
316
318
332
342
316
302
294
298
294
328
324
278
280
238
214
192
180
162
124
108
98
62
52
50
74
86
82
90
100
98
100
100
92
92
104
94
84
108
100
92
96
102
114
130
90
112
114
110
110
94
98
98
122
116
100
96
114
90
74
82
68
56
44
70
112
158
204
242
260
276
296
328
348
362
348
334
326
328
334
340
364
382
368
352
348
356
350
364
358
390
384
370
368
350
344
362
378
352
342
346
330
348
366
348
334
302
292
288
302
316
324
292
280
270
268
248
244
224
194
142
122
88
64
64
64
80
86
94
92
110
102
108
92
106
110
96
108
114
98
100
106
102
108
114
88
98
112
104
96
100
96
94
102
96
96
92
104
82
68
64
62
46
60
104
176
214
260
296
300
320
322
344
348
344
352
328
322
332
344
354
378
398
374
354
356
368
364
378
378
408
414
370
376
342
350
384
390
374
350
336
346
348
368
364
338
320
322
304
300
322
318
286
308
300
288
302
288
280
244
220
166
120
92
68
52
74
70
80
84
98
110
94
102
110
102
104
106
98
100
94
102
110
112
112
100
104
112
108
98
112
92
96
106
108
108
86
98
86
72
54
62
70
102
156
242
282
302
328
334
350
344
358
356
348
364
348
358
360
368
362
382
402
382
368
360
380
376
384
406
428
432
396
372
352
354
368
394
370
348
340
342
368
382
362
354
336
342
330
324
304
310
316
304
316
312
312
314
314
294
254
208
156
128
88
58
70
64
72
84
92
102
96
106
100
100
106
94
100
104
96
100
106
114
118
84
110
100
106
100
92
96
84
104
110
98
80
90
64
56
48
58
106
120
206
284
338
332
336
352
354
354
366
362
352
348
360
368
374
394
390
388
422
404
380
358
364
362
372
396
414
412
396
390
366
354
378
392
382
366
352
354
398
400
374
364
364
350
312
322
322
312
334
316
316
326
316
328
336
318
288
254
196
154
120
66
56
66
68
80
100
90
118
100
90
110
102
98
122
96
108
112
94
118
112
96
108
104
110
102
90
96
88
98
92
96
86
80
56
52
58
86
144
174
264
330
364
356
340
356
350
360
372
372
358
362
368
376
392
398
412
402
424
432
392
370
352
352
368
376
398
422
424
388
382
364
354
378
364
376
370
380
396
392
386
362
370
340
316
310
328
338
342
326
324
320
310
316
332
324
326
292
226
180
142
82
58
58
56
74
90
94
98
96
90
98
102
90
96
90
98
102
90
106
100
110
98
108
102
92
94
70
86
106
88
92
72
54
58
56
74
126
184
230
300
352
360
354
334
344
342
356
370
384
366
370
360
388
402
402
416
430
440
428
402
388
362
356
366
370
392
414
398
378
366
368
360
362
368
362
386
378
390
386
364
364
354
344
304
342
330
336
366
342
316
322
292
308
314
340
310
304
258
210
168
112
90
64
56
72
78
110
88
112
108
104
120
100
96
114
104
106
108
98
112
96
104
110
94
82
86
90
78
98
82
78
62
50
58
74
104
160
228
258
318
358
372
346
334
338
346
356
370
402
386
386
354
374
372
414
410
418
416
438
440
422
400
382
366
376
392
374
378
370
348
366
362
366
362
382
374
374
370
370
346
348
372
346
300
334
352
368
346
336
318
300
302
314
312
324
312
316
296
214
194
128
110
86
62
58
78
78
90
92
88
98
100
98
116
96
94
98
96
104
116
106
106
104
102
100
88
86
86
100
86
76
60
54
80
114
152
200
260
286
342
346
368
340
350
352
360
364
372
404
410
378
368
370
376
386
408
400
412
428
446
416
398
412
386
388
382
368
368
340
366
364
354
352
354
378
364
374
378
364
354
352
340
354
336
356
384
390
364
332
330
332
320
320
324
334
300
322
304
250
224
182
138
118
80
64
60
72
96
100
104
108
98
100
112
88
112
110
92
96
90
102
94
98
92
98
84
80
84
78
76
72
58
90
114
152
200
264
296
326
358
354
360
354
376
382
388
378
386
418
432
416
392
364
360
372
376
378
396
396
412
408
408
414
408
406
378
364
352
330
344
368
354
360
358
362
342
354
382
374
352
348
360
370
374
386
400
394
368
350
346
336
342
346
318
324
308
336
322
296
268
232
190
152
110
86
60
68
72
102
100
100
114
106
106
122
98
102
122
94
80
100
94
94
90
100
90
86
76
70
66
66
76
122
166
202
260
306
326
350
354
360
354
362
382
386
402
400
416
432
440
436
420
384
362
360
352
352
352
378
380
378
386
402
428
414
378
356
340
342
360
368
358
376
358
350
348
358
386
378
366
358
372
396
404
404
420
408
370
362
370
360
356
342
334
324
322
330
346
330
302
284
244
194
154
122
76
64
68
90
102
96
92
98
100
110
102
96
112
86
86
88
92
84
88
96
94
92
78
72
72
74
110
160
220
260
320
334
362
374
360
374
370
360
380
382
404
402
418
434
454
444
432
410
378
360
352
354
346
360
364
358
366
398
432
390
362
344
358
358
376
378
374
376
366
344
360
370
394
394
398
390
402
408
410
404
416
408
376
362
376
368
362
346
338
328
340
328
348
338
326
320
286
236
194
150
104
66
80
88
102
108
96
102
118
100
122
108
104
80
100
82
82
84
82
96
92
76
78
56
78
90
136
208
262
302
344
350
362
372
358
368
368
384
380
366
388
400
420
430
448
462
434
438
422
388
374
360
350
358
360
358
368
390
420
372
354
360
358
368
382
362
380
392
364
358
364
366
392
390
384
370
390
392
398
394
392
386
378
358
368
354
344
352
330
338
334
324
334
336
346
350
322
278
232
172
136
74
68
86
80
90
106
88
98
104
94
94
106
78
104
86
74
92
74
96
90
82
76
68
82
124
188
254
316
354
364
374
348
362
362
370
376
380
386
382
390
386
394
408
440
460
438
452
450
418
412
382
362
378
366
372
382
392
420
380
354
366
380
382
376
370
374
382
374
370
368
370
394
396
386
372
386
372
374
376
374
360
360
346
364
358
346
360
346
352
346
328
330
322
344
358
344
316
270
200
174
112
78
94
102
98
106
100
100
120
102
106
122
82
98
88
80
90
72
90
82
80
58
74
70
150
226
282
346
382
376
370
344
350
356
374
384
396
398
388
380
380
380
384
404
430
426
428
440
424
436
414
402
396
390
392
400
416
434
388
356
378
382
390
394
366
372
386
382
386
384
382
390
392
380
360
352
358
356
350
358
342
340
342
364
358
364
370
352
336
350
326
314
308
328
346
352
336
298
226
204
116
68
66
98
94
84
94
106
102
112
100
106
94
100
96
100
92
84
88
84
78
64
78
76
188
252
322
370
380
380
348
358
352
350
378
386
422
420
402
374
366
366
370
388
400
412
406
440
432
432
412
418
416
422
408
396
420
432
390
382
380
386
374
396
368
388
384
398
392
386
386
390
394
380
358
340
344
352
338
344
326
336
350
358
384
376
392
374
350
330
322
330
312
320
338
352
338
308
238
214
142
80
74
84
100
102
86
116
100
118
94
102
96
84
104
100
102
82
90
80
82
66
76
88
218
266
326
364
374
386
350
360
362
376
370
394
418
458
430
396
378
370
372
378
386
382
384
398
398
410
400
396
396
420
408
406
410
404
396
382
394
388
384
394
380
380
386
394
408
392
382
396
380
386
368
368
348
348
358
342
338
356
366
386
394
404
400
376
352
352
336
346
334
320
342
344
338
332
256
232
162
74
80
80
96
94
102
106
124
98
112
116
82
96
92
96
108
76
88
82
78
86
94
106
238
262
342
380
362
362
362
392
388
402
396
410
440
478
458
422
398
374
364
358
378
378
372
380
370
384
384
392
390
402
394
388
382
370
388
398
400
394
392
400
398
390
392
402
412
396
402
406
404
406
396
386
382
376
380
372
370
376
386
406
408
416
390
376
360
356
356
358
342
338
336
326
328
332
268
218
168
94
78
70
88
98
94
98
106
116
90
94
96
90
96
98
104
92
88
76
110
82
104
130
236
280
338
360
352
364
366
384
400
412
392
422
440
476
466
444
424
402
384
374
364
364
362
372
366
376
374
374
378
374
370
364
362
354
386
400
406
402
408
416
420
408
406
412
402
388
386
394
380
412
408
410
390
392
390
384
390
402
408
408
412
412
390
386
378
366
358
352
340
338
322
326
338
336
288
232
186
116
80
68
84
96
100
138
102
118
90
94
98
82
90
94
94
100
84
74
112
80
118
172
242
306
352
384
362
362
370
384
386
402
400
408
442
472
464
456
436
420
398
388
384
378
376
382
380
374
374
368
364
354
356
350
360
362
392
388
388
384
406
412
414
408
414
412
404
380
388
376
372
392
398
398
380
402
410
406
402
410
420
416
404
388
378
372
368
364
350
352
350
346
330
336
346
340
304
254
200
156
114
64
62
82
86
98
112
98
100
94
88
106
86
96
102
100
90
92
114
106
124
204
278
322
358
382
368
366
376
400
402
400
406
400
438
462
458
464
438
430
396
384
388
386
400
410
410
378
382
378
364
354
364
362
368
370
396
390
390
378
404
404
390
392
404
392
390
376
364
372
340
376
370
384
384
380
374
386
400
400
394
380
380
364
364
362
364
364
356
360
358
352
338
328
342
350
326
286
232
178
136
80
70
90
102
100
120
102
108
96
92
98
80
90
86
102
80
84
110
122
188
258
320
352
380
402
376
376
378
404
418
394
390
392
410
430
440
462
446
442
410
394
384
378
398
420
422
372
368
366
382
368
374
376
380
382
398
394
402
382
402
396
372
378
390
376
382
372
366
356
348
358
370
380
366
368
372
372
370
370
366
366
352
350
350
360
368
362
368
354
354
338
330
324
344
358
342
324
280
200
152
102
72
68
92
110
112
116
100
94
108
96
88
94
82
118
82
84
126
144
242
300
348
378
370
372
388
364
386
410
408
398
402
380
388
398
420
444
446
444
424
406
408
384
380
400
382
322
316
326
384
374
376
378
390
400
400
388
380
364
380
382
368
376
376
378
370
380
372
366
356
354
356
354
362
360
364
354
354
360
346
340
338
336
336
344
360
364
374
354
354
336
330
324
340
346
348
346
296
238
186
128
78
74
88
100
104
98
96
88
98
112
80
94
94
116
88
94
100
184
274
338
372
382
368
376
378
372
398
402
420
424
416
394
376
376
404
422
438
434
430
414
410
386
372
394
348
278
268
290
364
370
374
374
386
410
402
378
368
358
368
380
374
376
360
372
382
396
392
364
372
356
374
364
372
356
362
358
356
348
328
332
330
324
348
354
376
390
380
358
350
348
336
314
320
336
362
362
330
264
194
140
86
76
80
100
122
78
120
110
92
122
96
86
96
104
104
96
118
208
302
364
388
390
350
350
358
368
380
392
416
442
448
402
378
372
376
392
420
450
436
434
408
386
368
370
314
250
244
272
346
358
384
364
378
376
372
384
360
364
386
388
358
356
378
390
388
394
378
368
368
372
386
384
366
356
372
370
358
336
328
340
344
342
374
382
406
412
384
364
344
334
340
328
308
330
358
342
332
282
204
176
92
80
78
100
94
90
104
92
104
110
96
90
92
118
94
108
132
232
324
384
390
372
340
348
360
356
356
396
422
454
464
442
406
370
368
372
414
442
444
452
410
392
378
352
282
238
242
264
346
356
382
388
368
368
360
382
372
372
386
390
374
376
366
378
384
380
370
374
374
372
378
372
348
342
368
382
356
352
342
354
368
374
380
384
414
418
388
380
350
348
350
334
316
326
344
340
326
302
212
192
102
80
102
112
98
112
94
98
88
112
80
98
92
110
100
102
132
260
332
378
374
364
354
354
378
374
384
402
436
456
482
464
428
390
366
374
382
428
430
454
432
390
376
352
290
272
286
308
358
358
382
382
364
364
366
364
358
374
406
394
386
380
354
362
376
366
356
368
370
366
362
336
306
298
356
366
356
350
360
366
378
392
392
404
424
420
386
372
370
352
352
346
326
336
344
326
318
294
224
182
94
80
92
104
100
94
92
98
84
126
84
108
96
108
126
108
120
262
316
368
368
376
380
376
386
402
396
424
432
464
474
470
436
402
376
352
368
404
450
472
440
380
374
362
320
326
340
358
384
382
396
390
374
368
366
356
372
390
422
422
394
370
346
368
360
348
342
352
354
352
336
284
272
262
340
350
348
348
372
374
392
398
402
420
412
406
388
360
354
362
354
346
334
324
318
328
320
286
234
176
96
92
88
102
100
88
98
98
88
104
90
92
86
110
114
106
116
254
300
366
368
370
370
374
386
392
392
408
438
450
470
470
452
428
392
358
374
390
448
460
444
390
384
370
338
360
368
372
374
396
402
414
380
366
364
394
398
420
426
426
378
374
352
354
358
348
348
364
364
356
324
258
250
250
320
348
344
370
394
400
406
404
390
392
374
374
378
364
368
352
346
352
334
334
326
312
308
280
228
174
100
90
96
102
90
106
96
90
114
108
108
112
116
128
120
110
122
254
308
366
374
376
378
386
388
410
390
408
410
440
448
462
448
442
402
380
370
382
430
462
466
406
386
370
352
378
382
384
390
398
380
392
402
396
398
414
420
432
444
424
406
392
384
360
346
338
348
374
370
348
310
250
250
256
314
344
358
382
412
414
408
406
380
370
364
360
366
368
360
366
356
356
338
330
320
332
310
274
238
180
106
92
94
112
80
90
92
78
102
108
96
116
116
108
118
88
116
238
310
350
382
380
384
394
390
420
408
398
398
410
424
432
454
454
432
382
370
368
406
446
460
412
384
374
368
388
384
388
396
408
398
386
404
392
422
438
410
394
414
400
424
390
384
376
354
356
366
384
378
356
330
282
280
288
330
350
376
386
410
404
384
374
358
346
350
348
352
352
366
352
346
352
330
334
334
330
312
264
230
174
104
80
80
102
108
92
108
98
106
124
106
118
110
108
132
98
150
248
334
370
414
384
378
390
382
406
388
398
392
396
396
410
422
450
440
412
384
404
392
424
428
418
408
390
380
396
382
372
390
388
370
390
408
402
422
436
384
382
378
360
392
414
382
374
370
380
384
386
376
368
358
320
300
320
336
372
388
408
414
410
390
358
350
342
342
352
370
360
360
356
348
352
330
338
340
350
320
278
216
182
120
74
96
98
98
100
80
86
116
116
118
110
112
144
116
114
182
254
348
400
396
398
384
380
370
382
390
394
404
374
376
382
418
428
462
424
406
392
390
420
418
400
392
388
390
412
388
368
374
374
376
370
388
406
422
410
332
314
316
302
364
410
384
374
378
384
378
376
388
388
380
340
320
332
360
378
398
402
396
378
362
348
338
344
356
380
378
378
364
354
342
336
326
326
338
336
336
276
220
196
136
82
96
112
98
118
92
92
112
106
116
106
108
138
112
122
192
282
358
414
428
390
384
390
370
390
402
404
406
404
382
372
390
420
444
414
396
390
386
396
392
390
380
392
396
410
390
388
374
372
356
378
396
384
384
396
292
266
268
272
358
402
376
372
382
382
382
380
378
378
376
366
338
350
374
400
414
404
380
358
352
344
350
364
378
392
392
370
350
344
332
340
316
324
334
338
340
290
242
208
160
92
86
100
100
92
98
90
102
132
112
112
108
128
138
118
234
312
408
422
424
390
374
384
396
392
428
422
452
434
412
386
376
414
424
402
384
382
380
378
372
394
378
394
408
436
416
406
390
356
368
376
392
370
366
368
268
264
278
258
350
384
372
366
382
376
374
362
366
380
380
372
372
362
384
392
428
396
378
356
340
344
368
388
404
410
414
370
358
338
332
326
316
312
330
324
338
310
268
220
172
92
86
108
108
100
106
98
104
98
118
104
98
128
106
132
242
344
416
426
416
372
382
384
400
392
418
440
466
458
430
400
382
414
422
402
388
380
374
368
366
374
362
394
410
420
416
412
392
374
364
402
392
374
368
346
282
274
262
284
342
380
342
362
380
362
354
352
378
394
402
386
382
386
390
416
406
382
348
348
348
370
390
406
414
414
412
370
350
340
334
336
318
324
330
318
326
316
272
228
166
92
96
114
100
124
100
96
102
100
140
100
94
154
114
142
246
366
414
430
426
376
380
410
412
414
426
450
480
476
460
424
416
426
422
382
378
378
388
390
374
388
390
396
400
416
436
408
398
374
384
388
422
394
362
344
314
294
296
306
360
364
342
364
380
354
344
366
398
382
404
396
402
376
356
384
390
388
362
364
360
398
404
414
412
406
398
374
346
346
372
348
352
326
346
320
316
312
264
236
160
96
104
100
94
120
96
94
102
112
108
116
108
118
122
132
256
370
418
424
412
396
394
426
422
418
428
444
476
460
458
434
444
442
420
366
372
388
412
416
398
390
394
406
404
400
424
404
376
404
396
398
392
382
380
368
344
334
338
344
362
368
352
370
376
362
354
378
400
374
398
390
390
366
374
380
390
364
368
368
374
408
404
404
396
390
376
370
340
350
360
348
342
330
332
314
320
312
264
234
142
94
108
98
102
100
110
100
102
112
112
106
100
124
114
124
224
352
382
408
396
392
422
414
420
424
414
442
444
448
432
438
446
446
414
384
392
400
424
420
404
406
404
402
402
410
418
392
398
400
396
368
388
402
400
368
374
332
340
354
380
368
360
364
368
372
370
388
396
382
398
390
378
354
348
372
364
374
382
390
388
398
394
382
372
364
356
354
346
348
354
342
356
338
342
328
326
310
266
214
126
94
110
110
104
100
108
96
112
92
120
102
100
138
100
136
200
326
370
396
408
400
400
408
408
420
422
416
422
436
422
428
458
450
396
388
396
400
430
430
404
410
408
412
406
406
404
398
390
412
392
376
398
398
390
384
386
358
358
376
368
382
366
362
374
380
382
400
382
368
372
382
366
344
340
364
354
368
380
386
380
370
372
360
356
354
360
358
338
348
346
354
350
336
324
324
324
298
258
194
124
102
108
114
100
126
98
90
106
102
104
106
96
116
96
112
158
268
356
380
392
404
414
422
418
422
426
416
414
418
424
440
460
444
414
386
396
406
430
432
412
402
410
418
410
400
416
398
380
396
406
388
388
388
384
378
400
374
386
382
374
380
360
362
370
390
396
388
378
364
376
358
366
342
342
370
360
360
370
366
374
360
348
352
346
360
356
344
336
334
354
326
352
334
332
328
310
278
234
164
106
94
96
114
104
112
102
90
104
98
108
110
98
114
112
104
148
224
310
360
400
428
418
402
400
412
410
402
414
426
438
434
444
442
426
390
398
406
426
408
404
396
396
410
410
418
424
398
392
384
390
384
378
380
368
382
410
392
392
394
370
366
384
354
384
402
396
388
356
348
372
388
360
352
356
370
364
350
360
370
374
354
342
344
346
358
356
342
348
334
348
332
350
336
332
326
302
270
224
132
100
96
100
102
96
102
94
86
100
92
118
92
98
120
100
104
108
170
288
350
390
426
420
408
410
410
404
414
432
428
440
438
432
432
422
422
402
404
410
412
392
396
412
410
422
422
438
404
378
392
390
388
362
356
372
388
418
400
404
378
356
358
360
354
370
400
396
384
358
362
378
382
384
378
372
372
380
354
354
364
372
358
372
368
382
366
364
340
340
336
350
332
350
362
352
326
286
260
220
108
100
94
102
104
102
106
98
90
110
100
124
92
104
124
100
112
98
130
264
330
392
434
430
406
394
406
412
412
440
452
456
438
436
438
448
436
424
410
420
408
406
418
414
424
428
452
444
400
390
384
398
388
370
380
384
402
430
398
408
368
342
352
340
364
372
406
414
382
364
366
394
400
380
382
380
380
378
356
362
380
386
378
386
390
394
376
362
344
340
328
336
340
362
366
346
336
262
242
206
98
98
86
92
98
86
88
84
80
106
100
108
104
98
104
112
100
114
118
256
324
412
456
448
406
390
398
416
412
444
470
454
432
424
434
442
464
436
428
418
414
428
430
434
418
440
450
458
412
398
386
382
394
386
378
412
414
438
402
396
388
344
342
362
372
388
404
402
374
364
362
384
396
376
376
376
386
378
372
382
392
400
392
380
406
394
394
354
340
320
332
336
324
352
372
348
328
258
248
198
104
106
98
94
98
98
100
96
96
102
98
112
108
106
102
104
102
102
106
252
320
406
436
434
408
404
398
414
420
444
462
428
414
406
416
456
474
462
416
424
434
436
450
436
426
418
442
458
444
408
386
394
386
380
394
412
408
404
382
386
386
352
342
360
374
398
414
402
386
376
386
380
382
376
366
364
386
380
388
394
392
404
390
386
400
402
384
358
344
342
338
340
336
356
358
336
330
246
248
184
104
96
94
92
96
94
94
92
92
112
104
140
112
126
120
102
118
110
106
238
320
410
436
428
416
398
410
420
424
430
450
418
406
412
448
478
478
448
420
426
436
454
452
438
412
416
426
462
458
426
410
392
390
392
408
410
352
336
326
384
366
364
364
356
384
390
420
414
388
370
382
382
388
354
352
362
382
380
382
394
396
400
380
378
372
384
358
358
358
370
362
368
348
350
352
332
304
240
244
170
110
98
94
94
102
94
94
96
100
108
94
136
110
114
102
106
102
112
98
212
308
402
430
418
416
416
426
434
452
440
436
414
424
434
450
470
460
448
410
422
434
454
462
448
422
402
410
456
474
430
410
398
404
390
398
372
308
284
274
382
366
374
390
388
400
404
418
422
398
394
384
384
390
364
362
368
380
396
390
392
386
386
374
360
374
374
366
350
354
374
350
370
360
352
346
332
296
238
226
144
108
104
90
92
96
96
94
96
100
118
112
110
130
110
108
118
100
112
102
180
284
378
420
424
426
418
424
432
434
426
434
420
432
442
478
482
454
410
400
410
422
456
484
454
404
382
398
426
468
450
438
406
392
388
376
350
272
246
258
362
382
376
398
404
418
424
428
422
396
390
386
398
390
372
362
364
388
390
388
386
396
382
368
362
356
366
370
360
364
372
358
346
358
342
336
326
284
236
206
122
94
100
86
94
94
84
102
100
84
110
110
122
104
122
112
96
114
100
88
150
260
358
404
420
422
414
416
436
436
432
424
428
444
436
462
466
450
412
382
390
440
458
480
454
404
378
382
406
444
452
428
422
398
360
358
350
246
238
250
348
374
378
410
420
434
420
398
402
378
400
408
398
386
378
370
378
400
400
388
380
388
380
378
354
350
364
348
366
376
362
350
352
344
334
330
330
282
208
180
98
104
92
100
92
104
94
106
100
84
116
98
122
104
116
110
98
108
96
88
116
206
298
368
404
406
410
410
418
432
426
432
424
428
432
454
456
430
404
400
396
420
458
474
456
412
386
378
394
426
450
448
414
380
392
358
316
280
266
278
352
380
388
416
426
428
418
380
378
370
412
424
408
384
382
374
386
404
404
380
372
378
390
376
366
352
370
354
358
380
362
346
350
342
324
314
304
252
192
150
96
94
96
90
86
96
84
92
86
78
120
102
112
118
106
110
114
94
108
102
110
166
238
324
374
394
394
412
442
428
428
412
428
416
426
426
448
438
400
400
404
424
470
480
464
426
396
376
386
408
444
450
446
398
380
360
352
324
306
324
368
402
416
432
442
424
406
376
360
376
416
426
414
376
382
374
388
402
404
374
366
374
384
364
364
358
366
358
358
384
370
364
358
342
308
314
272
206
164
118
102
86
106
86
96
100
98
98
92
86
102
110
104
108
106
104
106
90
100
96
106
132
178
264
324
372
376
420
442
442
416
408
412
406
408
422
446
428
396
414
426
438
462
474
470
442
406
380
376
386
446
452
450
414
392
360
358
358
330
358
374
418
436
438
446
408
382
362
352
386
414
430
406
366
372
372
390
406
414
380
364
368
374
368
352
362
342
332
360
378
390
354
340
346
310
286
224
180
124
98
94
90
94
90
94
98
94
90
82
78
98
112
120
108
114
112
108
108
92
104
116
104
132
220
294
352
374
418
448
440
430
394
404
396
422
436
436
420
412
426
432
458
466
474
460
430
384
372
380
398
434
468
458
410
388
382
374
342
348
378
388
430
446
440
432
384
360
350
366
404
422
450
400
362
358
368
390
414
420
388
364
366
372
366
354
362
338
342
356
374
372
360
356
326
296
270
194
128
98
90
92
96
90
88
86
90
94
88
82
82
102
100
116
112
102
108
102
104
92
106
110
88
100
164
250
316
352
430
452
458
424
400
406
418
424
460
446
408
404
432
444
454
446
470
470
448
388
376
372
382
436
472
468
438
392
370
370
356
362
392
410
442
452
446
414
372
352
358
390
424
434
456
402
356
350
368
386
410
414
390
368
372
364
362
362
360
360
374
360
380
364
358
358
326
282
234
148
106
92
88
96
96
100
88
96
100
100
92
90
88
118
114
108
128
106
120
104
108
112
106
104
104
108
122
208
292
332
418
442
442
426
410
422
424
450
442
416
406
412
434
444
440
438
468
468
446
380
380
384
398
452
478
472
456
392
370
376
352
374
398
426
444
442
434
382
346
348
372
402
434
434
438
402
348
352
370
382
402
402
388
372
386
362
384
366
362
374
366
362
374
356
348
338
316
248
194
108
102
90
90
86
92
92
82
90
102
94
88
86
86
106
126
110
106
132
106
94
118
100
112
112
110
98
124
162
250
328
392
414
442
410
410
420
442
448
432
404
414
420
420
426
432
430
438
468
454
388
370
378
406
444
474
474
452
384
368
376
376
388
408
444
448
454
424
372
360
354
380
418
446
438
440
388
348
376
366
378
380
382
366
368
380
364
376
368
372
390
372
366
356
350
340
322
294
228
160
106
102
92
98
84
106
84
96
100
96
96
100
80
92
104
122
126
104
114
114
92
110
102
102
100
102
98
108
136
212
266
360
408
426
432
420
416
422
426
436
406
402
414
422
398
412
414
424
456
442
386
380
392
410
446
466
462
460
380
368
380
376
402
434
444
440
454
406
350
346
368
386
414
446
444
430
380
346
372
364
370
368
346
362
366
368
374
382
374
370
364
378
370
356
346
326
314
264
192
128
94
102
80
94
84
90
94
84
90
98
88
92
90
86
128
126
126
128
112
128
102
108
120
102
104
108
106
112
130
166
236
300
382
420
416
412
426
402
402
420
398
416
424
390
406
394
406
404
436
436
386
372
390
422
450
458
460
462
384
364
390
388
412
430
468
452
432
394
354
366
374
402
418
428
434
420
380
342
372
362
356
348
336
342
340
372
386
384
370
356
362
382
352
338
322
308
270
210
166
110
90
112
90
100
98
100
106
88
94
104
90
90
98
86
118
124
110
116
118
112
98
102
104
102
104
94
106
110
116
134
190
256
340
396
404
406
410
392
394
400
412
440
406
388
382
386
398
414
440
420
378
380
404
420
410
418
456
458
404
364
394
402
416
450
448
438
434
380
354
368
376
410
410
406
416
406
382
350
372
372
366
332
338
338
338
366
398
374
386
370
354
350
346
326
310
264
226
188
126
96
114
100
90
88
90
106
90
84
90
94
96
96
98
92
110
140
132
102
142
114
108
122
94
114
114
98
118
108
110
136
136
194
278
332
354
378
392
372
378
392
436
424
408
376
376
386
400
422
432
400
378
392
408
406
402
402
438
428
392
364
394
424
430
442
450
430
428
390
354
384
382
396
386
386
404
392
374
358
382
368
374
354
344
342
348
362
394
382
372
356
352
332
320
310
268
212
178
148
94
90
106
102
84
78
82
100
88
86
90
94
88
88
92
84
116
118
122
106
116
112
94
110
114
104
112
112
110
100
108
114
110
150
214
254
308
320
346
362
370
398
426
438
402
382
390
404
418
426
416
392
394
398
396
386
384
394
422
430
396
380
382
400
410
416
418
422
410
372
376
382
378
382
364
362
380
384
366
354
378
368
364
372
358
348
346
366
390
366
354
356
336
330
298
252
222
178
142
110
100
112
92
124
90
90
90
94
104
92
90
102
94
98
104
88
136
120
118
126
108
124
104
108
128
106
114
120
106
100
112
102
118
114
164
214
246
258
300
328
374
388
436
422
408
390
394
418
426
438
418
390
410
414
394
370
362
378
398
422
390
384
402
402
406
400
396
396
416
390
366
382
372
376
356
344
352
376
366
364
368
384
372
368
364
364
360
362
370
366
362
350
326
302
242
208
174
122
108
98
88
96
94
102
90
90
88
90
96
90
84
98
90
98
94
82
114
132
120
102
118
114
110
106
106
124
120
112
112
102
104
120
112
118
116
144
184
210
242
306
340
406
412
396
412
400
406
426
420
422
402
394
424
402
378
372
356
376
402
426
398
386
430
410
388
376
382
398
402
378
380
380
378
372
354
346
342
362
364
390
384
380
382
384
376
364
382
366
370
344
354
326
304
266
198
158
124
102
90
100
98
84
108
108
94
88
86
106
84
98
94
102
96
106
86
92
112
118
112
98
120
108
110
114
120
110
110
112
106
104
100
110
104
108
104
112
114
146
160
260
308
376
414
404
400
408
426
426
424
408
392
402
424
406
390
364
364
386
402
426
398
398
414
404
394
370
382
388
400
392
378
378
380
374
352
334
356
360
370
386
380
370
368
358
364
370
352
350
338
324
336
300
268
204
154
120
94
88
100
84
90
98
92
102
92
88
98
96
94
86
94
98
92
96
96
90
142
114
120
124
110
122
120
102
124
106
122
116
110
102
116
112
122
102
100
128
106
128
120
190
258
326
382
390
406
404
410
416
404
406
414
414
430
414
398
374
366
396
414
426
398
400
418
404
388
378
374
388
386
404
378
376
386
358
362
358
350
362
392
386
380
362
350
342
358
356
360
348
322
310
296
250
230
166
122
100
86
88
100
84
88
90
90
98
90
82
90
92
92
82
90
96
96
90
84
86
122
104
114
114
100
106
102
98
104
106
106
104
100
106
106
116
118
106
106
104
100
108
102
146
204
270
330
368
380
394
386
412
400
388
400
406
428
420
402
396
394
418
422
420
398
406
432
418
382
372
376
374
392
404
386
370
378
366
370
362
354
368
392
386
372
354
356
346
340
336
326
318
292
268
250
210
178
130
116
90
88
92
94
86
94
92
92
92
94
84
90
96
98
86
92
96
92
86
80
84
108
130
114
118
128
94
122
116
104
118
104
102
100
116
106
124
108
106
116
102
114
110
104
124
160
198
282
304
336
342
356
380
386
368
382
396
416
428
402
410
394
412
416
412
400
404
428
410
400
394
380
394
394
410
376
364
378
388
378
358
360
372
378
376
360
358
328
346
318
300
286
256
242
210
192
158
126
100
114
90
84
90
86
84
92
84
90
86
86
82
90
96
94
86
86
88
92
96
92
84
120
108
120
114
120
110
116
110
116
114
114
102
102
108
110
110
118
100
104
116
106
106
100
102
122
144
214
250
266
298
306
322
330
342
374
386
392
422
394
404
398
408
406
394
380
378
422
426
408
396
380
400
398
400
368
368
374
366
364
358
350
370
378
360
352
334
318
310
270
262
234
220
196
176
142
112
108
94
108
104
86
98
98
94
94
82
96
100
84
90
96
98
94
94
94
94
80
88
86
76
126
96
124
110
106
130
104
110
108
118
108
102
104
112
98
106
112
106
108
106
104
98
102
100
102
98
152
166
198
226
246
250
264
286
336
364
372
406
382
402
412
398
388
388
398
384
410
400
396
380
374
384
396
378
368
378
376
350
348
356
346
358
362
342
340
324
288
262
234
202
198
174
144
124
104
90
96
96
102
88
82
92
92
88
88
76
90
94
76
84
88
88
82
90
92
90
88
86
82
84
108
126
106
110
116
110
116
112
108
134
106
106
110
124
96
124
96
116
122
104
122
106
108
106
112
110
118
134
138
178
184
204
206
216
270
314
344
368
360
392
390
382
380
370
370
348
388
398
390
388
370
384
374
366
352
372
374
358
338
336
334
338
318
304
312
274
244
196
186
168
142
120
112
94
96
94
96
102
104
90
90
94
94
88
92
84
90
92
82
88
88
94
86
94
94
94
88
88
84
80
108
120
114
96
118
108
110
110
114
122
108
98
100
108
102
118
110
110
102
108
104
102
106
106
106
116
104
106
102
126
126
160
148
158
218
256
300
322
326
352
366
350
346
346
366
344
376
374
374
376
372
366
368
346
346
358
338
334
310
302
302
314
290
266
242
230
202
156
126
114
102
102
94
94
94
80
90
94
92
102
88
94
98
90
88
80
84
92
86
88
88
100
92
96
90
90
86
96
94
80
120
118
134
114
102
138
98
116
124
112
126
114
106
122
108
114
114
110
106
122
108
116
108
106
120
114
116
108
88
116
118
110
108
114
162
204
218
260
278
290
310
302
284
310
320
302
338
336
354
348
348
338
326
330
310
302
288
282
250
262
264
246
234
224
204
182
146
106
94
90
92
88
92
94
86
86
90
86
92
100
90
78
100
86
86
84
94
86
80
92
86
92
90
92
90
86
84
88
84
78
110
118
126
94
108
114
104
108
104
124
108
112
110
114
106
132
98
110
106
102
120
106
98
112
100
118
118
88
112
114
110
128
114
98
116
146
176
198
228
232
242
256
236
252
264
256
276
286
290
302
296
294
276
270
260
244
226
226
204
222
222
202
188
174
162
128
112
100
92
94
104
92
100
98
100
100
86
94
108
94
94
104
88
98
88
88
94
88
90
86
86
98
86
94
100
84
94
96
90
84
104
134
124
106
132
104
120
106
104
132
106
110
120
116
104
128
104
116
110
104
132
112
102
120
110
124
116
106
100
114
100
118
106
92
112
104
124
158
174
182
196
190
176
194
194
202
210
208
234
236
256
236
218
228
188
184
172
174
154
168
170
158
148
138
112
88
88
88
90
90
98
88
94
88
90
96
90
86
98
98
90
92
86
80
84
86
80
86
82
86
80
86
82
84
84
82
84
86
82
76
116
114
136
108
114
116
100
116
102
114
120
110
124
120
112
122
120
110
108
116
120
116
110
112
120
112
120
114
100
112
110
108
106
110
96
118
110
104
128
138
144
130
140
154
138
142
158
172
188
192
196
186
176
176
146
132
106
118
114
126
126
118
108
90
96
102
100
92
102
100
98
98
90
102
98
90
88
100
110
100
98
90
94
84
86
92
86
96
88
98
92
92
88
86
84
92
86
90
86
78
124
112
144
136
118
116
100
112
96
112
122
116
118
110
104
122
116
100
106
114
106
106
110
106
106
112
110
106
98
110
98
110
100
114
106
110
100
106
114
102
104
98
108
106
108
100
106
124
132
134
132
128
124
122
100
96
90
100
90
90
86
96
98
86
86
94
94
86
96
92
88
92
98
80
86
100
84
84
102
90
90
94
78
94
72
82
88
84
86
80
86
92
76
82
84
78
80
84
84
80
130
138
142
160
134
94
126
106
112
136
116
134
126
116
102
132
118
116
124
118
120
110
120
124
110
128
118
122
100
120
98
122
114
88
118
108
110
114
102
116
116
100
112
106
112
112
106
92
106
104
112
104
102
108
88
102
90
102
100
100
94
102
100
88
98
84
88
94
96
90
92
90
88
90
94
94
88
96
104
88
92
86
88
94
78
82
92
86
88
82
84
86
84
96
88
78
82
88
88
86
138
132
152
142
116
96
110
114
100
116
104
126
106
114
98
116
108
114
116
110
112
104
108
114
106
100
118
104
100
104
110
106
102
106
112
108
102
98
116
96
106
92
114
118
100
104
110
92
90
110
88
96
96
88
96
94
98
98
92
94
84
90
96
94
98
84
88
92
98
90
92
90
84
86
82
90
96
86
88
100
90
74
96
82
88
82
82
84
82
88
84
80
88
100
84
84
84
88
86
80
126
134
168
156
128
120
102
116
110
114
140
134
94
122
106
106
118
120
114
122
108
118
108
106
114
98
110
102
96
110
110
94
98
102
96
118
102
100
116
96
110
102
104
114
104
104
96
96
102
112
96
94
96
100
92
90
98
94
92
102
88
88
88
90
78
90
88
80
96
88
84
94
82
78
80
84
76
74
88
90
86
90
82
86
88
76
74
72
80
80
90
86
74
92
90
82
78
84
82
78
118
132
150
138
136
102
116
110
108
118
108
132
118
106
98
122
102
134
116
120
118
108
116
118
96
112
106
106
120
120
102
112
100
102
110
102
104
116
98
110
94
110
114
96
114
112
100
98
104
98
102
98
88
100
92
98
90
98
92
82
90
100
96
84
106
90
88
100
80
86
100
94
96
96
86
88
88
82
90
90
84
86
86
82
80
80
80
80
80
90
82
90
82
88
90
80
88
84
90
88
104
112
138
132
134
112
114
112
110
128
114
130
116
108
98
112
104
124
112
118
106
108
104
112
112
114
106
106
104
110
100
100
100
98
100
106
96
100
98
94
98
100
100
100
96
102
94
94
94
96
92
94
84
86
86
84
96
94
88
86
90
86
82
84
80
82
82
94
86
84
84
82
84
84
78
82
82
78
82
82
80
82
84
82
78
78
78
78
76
80
84
78
86
78
94
80
80
76
82
80
102
104
128
126
130
122
110
112
108
138
122
130
118
118
108
112
116
120
120
126
106
118
104
120
122
114
110
112
102
110
110
100
114
106
104
124
104
100
112
94
112
100
104
120
98
110
104
102
98
108
94
104
94
88
98
86
92
90
88
88
90
86
84
88
92
100
84
86
88
86
88
104
84
86
84
88
90
86
86
84
80
80
84
84
80
80
82
80
76
78
86
74
88
74
98
84
82
76
82
80
100
100
112
118
118
114
104
104
100
136
116
122
114
118
108
110
110
104
108
116
96
106
98
112
116
110
104
108
102
110
112
100
108
98
94
116
98
90
104
90
100
90
96
118
94
106
98
94
90
102
86
96
90
84
94
80
86
94
92
84
88
94
92
88
84
94
80
84
86
80
78
94
86
88
86
90
92
88
84
80
84
80
86
86
82
82
86
84
78
86
84
84
82
80
94
88
86
80
86
88
