486
454
486
504
488
438
466
464
488
466
476
474
454
486
466
456
440
496
438
492
474
450
470
480
472
450
466
482
470
456
438
444
456
486
472
446
480
486
480
464
450
466
472
474
468
478
486
486
498
506
438
492
460
450
484
448
454
474
450
444
464
444
432
414
434
418
444
472
432
430
428
416
448
396
434
398
422
424
416
418
382
412
406
438
408
402
406
406
394
376
424
432
396
408
422
382
420
434
420
390
408
392
416
380
428
402
398
372
384
394
402
390
376
396
396
386
390
398
386
400
384
390
390
382
386
376
398
370
366
380
376
376
386
358
360
368
386
350
350
344
358
356
350
366
356
364
360
344
348
340
352
342
348
350
346
350
352
356
356
340
354
492
494
456
474
458
466
444
496
460
464
470
480
472
464
486
460
474
454
470
488
510
488
498
476
484
472
466
472
472
464
480
460
484
450
454
480
456
490
456
510
474
470
470
486
454
464
494
464
510
488
482
460
472
438
454
444
476
452
460
480
432
446
442
428
466
444
454
422
440
454
422
438
412
434
396
416
392
412
392
414
428
398
414
410
380
402
412
436
400
418
382
412
422
456
406
396
422
382
402
420
410
392
414
398
376
392
406
394
398
396
412
392
406
418
392
398
386
374
390
390
380
388
376
392
380
400
380
382
360
374
376
368
382
376
358
376
364
360
360
358
358
354
358
362
336
348
360
358
354
344
348
342
360
346
348
364
352
358
350
352
344
454
476
450
440
476
502
488
470
464
470
448
456
482
490
450
454
486
456
476
468
482
448
470
486
496
510
486
444
456
472
476
450
464
450
444
496
450
470
478
474
466
482
500
470
472
490
464
480
508
450
470
474
456
440
438
480
472
472
456
440
440
506
456
466
428
448
438
466
430
420
434
400
406
426
424
398
412
406
422
432
408
412
412
402
402
406
396
392
400
412
400
386
434
402
424
390
446
406
438
398
404
412
402
454
412
422
408
386
392
402
402
390
402
362
392
392
376
390
386
386
384
390
396
396
390
366
374
382
380
410
348
384
358
358
364
366
352
352
352
356
350
356
360
360
350
334
362
352
346
348
350
352
350
358
350
358
346
354
356
342
356
436
456
466
486
470
472
456
448
470
466
482
472
466
494
472
494
478
476
498
456
470
496
492
486
466
472
454
462
446
466
460
470
460
464
470
476
466
496
444
472
470
476
468
488
462
456
484
450
444
488
510
484
462
480
428
454
492
476
478
460
458
446
496
432
446
422
446
438
424
426
416
434
420
412
424
418
412
412
382
402
412
422
398
412
416
426
426
392
414
398
410
406
396
406
454
392
396
362
424
426
424
408
440
392
366
402
402
382
382
382
386
374
366
390
410
364
400
376
366
382
390
380
392
370
364
382
390
392
406
380
382
382
380
360
362
354
358
354
350
346
354
346
360
350
350
346
352
354
344
350
352
350
344
344
348
342
334
352
354
350
336
472
472
450
448
478
476
488
456
482
482
492
454
478
438
464
470
504
480
460
510
458
472
480
480
460
456
460
474
456
476
482
494
456
476
460
490
468
472
488
496
450
476
454
474
460
476
508
462
448
488
470
480
450
482
470
478
460
466
424
474
466
416
480
448
442
416
440
438
438
426
380
392
400
402
348
416
416
380
370
410
406
410
400
416
398
406
396
400
410
402
384
392
414
422
396
414
398
402
384
380
406
414
390
388
390
388
382
380
358
374
382
374
348
364
382
398
368
398
366
366
356
380
360
366
360
406
374
380
364
360
364
382
376
350
374
366
342
346
352
352
348
358
358
370
342
354
348
350
354
336
350
344
354
356
354
358
352
342
354
354
352
500
480
488
490
472
476
490
464
482
470
480
486
488
484
440
488
480
444
476
502
488
504
432
472
472
502
448
504
466
466
500
470
446
480
464
502
490
472
480
470
464
496
440
450
496
484
510
468
464
476
476
468
440
474
464
444
502
454
480
448
444
448
436
418
422
412
426
416
438
422
384
326
388
408
408
408
420
398
374
370
408
410
398
422
402
396
402
406
402
416
416
396
410
428
388
410
412
412
406
382
384
390
380
378
372
358
362
350
364
330
348
360
366
360
372
378
370
386
380
382
376
382
344
364
354
376
360
344
360
380
348
358
350
364
382
352
350
350
354
338
354
360
350
350
344
366
344
350
344
360
348
364
350
340
340
344
354
354
350
352
350
452
470
470
464
464
486
474
448
506
454
464
492
478
496
472
496
466
476
486
470
450
472
450
482
450
482
480
480
460
486
470
480
504
472
486
480
510
460
472
474
502
492
482
486
446
476
476
458
496
494
466
486
476
454
464
450
468
470
454
454
448
448
432
386
378
416
444
426
396
340
388
406
370
380
428
432
412
382
386
414
412
410
350
364
410
402
400
414
402
396
368
410
388
378
408
430
368
394
378
378
364
324
310
354
354
336
262
310
332
310
278
322
350
362
336
364
350
380
358
372
358
370
358
354
344
376
356
376
370
360
360
354
344
354
344
366
356
346
350
360
344
354
356
362
344
344
344
350
360
348
352
346
342
350
354
356
360
350
328
348
326
460
496
482
472
448
492
464
486
480
488
510
472
470
482
448
486
486
450
464
474
444
486
496
460
472
472
480
472
464
476
470
472
454
480
484
492
496
506
456
452
484
482
488
464
496
456
456
460
454
468
474
448
448
456
464
464
448
464
452
446
442
400
406
416
386
372
432
432
368
332
290
330
406
372
414
424
420
162
300
402
378
226
332
332
372
402
404
382
398
396
410
408
364
384
396
386
378
368
364
354
332
288
210
276
294
294
228
264
278
298
284
288
310
284
200
306
330
344
384
352
364
374
338
364
350
364
356
360
358
354
366
364
354
344
360
352
366
340
344
350
340
334
354
344
348
352
346
350
344
344
346
350
348
354
354
340
348
348
346
338
348
460
502
490
480
506
470
470
478
498
482
496
476
486
460
486
444
474
482
502
492
460
464
460
486
496
464
496
474
480
472
450
488
492
484
492
488
492
476
464
508
466
448
476
480
490
486
508
480
502
480
470
496
468
446
468
462
448
426
426
446
424
406
364
422
412
432
416
440
326
366
282
310
424
416
390
320
326
304
160
404
404
276
258
258
340
394
396
390
396
374
400
412
366
398
374
370
374
348
210
132
162
108
224
256
272
258
262
238
274
280
264
206
310
232
190
238
300
326
324
348
340
338
334
340
342
386
358
344
358
354
338
328
344
338
344
322
364
334
356
350
342
356
338
346
352
352
350
338
348
348
336
346
350
338
348
348
348
334
320
334
340
496
488
480
490
466
480
498
464
470
508
454
464
480
482
474
472
510
494
448
470
486
482
486
480
484
510
488
510
510
476
472
482
480
482
496
464
490
470
440
476
480
450
510
510
466
504
438
494
450
466
448
470
462
448
458
470
450
406
352
394
442
412
386
348
434
442
422
394
216
296
360
384
432
406
382
160
322
310
262
268
386
378
152
400
380
352
258
290
384
374
422
380
376
376
350
244
160
90
8
12
152
148
132
208
272
252
280
268
210
280
262
294
118
208
144
180
222
328
332
322
334
338
318
338
316
338
346
344
332
350
328
318
342
324
348
346
342
334
354
334
338
354
358
344
340
346
360
348
356
338
354
348
334
350
334
304
332
334
312
334
322
464
464
484
464
468
494
464
478
482
476
488
488
458
484
498
494
488
480
488
488
452
486
468
502
502
496
488
476
480
464
472
496
496
462
474
496
466
446
476
476
464
464
492
484
494
472
480
456
440
450
454
470
466
454
448
458
390
410
404
384
370
436
428
422
428
422
336
406
308
278
420
420
396
368
342
304
152
278
374
388
402
332
326
410
402
382
210
252
404
374
410
434
394
378
178
120
64
4
72
8
72
90
90
170
216
230
246
212
216
246
262
228
46
128
144
136
138
274
328
310
338
322
322
326
326
332
332
338
332
342
328
326
326
348
314
342
328
334
338
342
350
334
332
336
334
338
354
346
342
340
344
340
346
346
344
350
344
338
336
348
352
472
480
460
488
496
480
504
510
474
478
480
492
464
510
498
476
460
486
496
492
482
466
484
490
478
472
462
476
464
466
480
480
480
476
508
484
464
480
482
448
456
466
446
502
472
450
470
472
460
470
456
450
440
448
468
458
358
406
396
422
434
418
428
438
440
298
268
316
410
282
404
418
414
206
344
294
246
284
412
390
406
380
400
364
388
366
90
220
358
416
414
406
370
352
122
38
58
34
4
0
26
146
44
0
6
142
206
182
238
264
206
120
10
12
8
246
192
158
314
316
316
322
316
308
296
332
302
310
328
332
322
334
326
318
350
318
328
328
334
356
346
342
328
338
342
342
328
326
334
344
338
332
338
360
334
330
348
346
338
350
354
510
472
480
452
486
494
502
464
470
478
458
462
470
480
486
482
472
510
472
486
502
482
460
466
482
476
508
500
464
490
466
466
488
476
492
482
470
498
470
492
510
476
458
490
492
496
474
462
464
458
466
422
392
358
422
458
298
396
356
366
456
458
356
356
396
420
260
288
352
398
406
408
386
234
190
418
410
368
396
410
252
242
402
194
36
148
176
228
440
386
396
398
362
200
0
28
0
48
78
16
50
72
102
74
106
212
158
282
292
250
138
102
16
12
10
16
102
164
304
266
296
306
310
316
296
314
286
326
328
316
318
302
320
326
298
326
336
328
338
346
348
314
318
324
344
344
332
334
334
332
340
338
316
332
348
342
342
330
344
352
336
482
496
476
482
472
482
468
474
474
446
470
470
442
422
462
478
470
486
488
444
484
480
464
464
486
480
480
504
502
464
480
464
466
480
472
472
494
460
484
506
464
454
448
482
484
488
472
470
422
432
446
418
402
390
418
438
422
328
400
408
462
456
428
330
340
434
406
382
406
392
406
330
352
406
402
388
418
282
156
294
398
268
412
322
176
340
374
280
416
158
404
382
364
186
18
86
14
204
178
120
250
254
218
146
256
234
252
194
246
112
4
186
200
98
20
28
22
218
232
264
304
290
300
286
282
272
290
290
298
290
292
312
326
294
300
306
312
320
332
322
328
316
312
316
338
336
338
336
318
338
328
328
322
346
342
332
340
334
342
336
350
470
480
482
510
496
482
476
452
468
476
438
422
438
428
404
378
464
450
488
486
502
490
466
498
480
498
476
486
476
456
474
450
466
460
480
458
464
488
472
486
460
472
476
480
468
436
442
468
462
474
448
390
354
378
468
456
394
378
438
446
416
316
342
394
320
438
432
406
428
394
446
146
294
420
394
306
212
366
150
186
404
370
74
400
262
372
374
308
318
420
258
360
334
300
262
186
186
282
330
214
100
196
254
236
224
200
138
120
128
142
142
100
128
18
0
26
150
192
190
270
276
278
278
284
282
286
288
296
292
290
292
338
290
300
286
310
322
316
296
312
312
318
318
330
324
326
326
338
332
328
344
324
342
330
326
330
324
344
336
346
342
488
482
492
496
454
474
472
470
472
444
412
418
394
412
434
438
438
458
468
392
468
454
480
492
480
492
502
492
498
496
498
472
466
498
482
488
466
472
464
466
502
486
480
480
466
472
464
452
332
362
442
402
410
346
318
390
384
382
364
454
432
246
306
446
430
430
464
416
232
226
374
384
246
416
438
162
306
418
366
250
396
416
138
402
378
152
358
400
240
400
352
124
198
234
238
210
90
52
48
14
44
64
98
190
204
142
108
88
70
124
156
50
44
16
2
10
0
104
100
176
180
174
142
140
126
174
254
270
274
290
286
318
296
292
284
290
304
290
312
318
310
306
312
316
318
326
318
318
312
322
322
328
334
344
334
334
350
334
352
344
336
502
510
476
482
480
482
476
466
432
444
450
436
382
402
394
468
480
452
448
418
430
386
398
474
474
460
502
456
490
480
480
466
488
502
498
486
508
480
464
476
488
476
476
468
438
372
384
378
332
414
354
422
444
424
404
452
440
350
410
452
416
428
288
436
438
322
224
394
458
358
428
454
402
180
422
420
220
410
396
36
118
378
70
6
156
150
186
214
194
148
38
112
124
178
148
134
164
58
28
22
82
68
90
100
48
108
144
94
42
130
52
50
188
94
74
98
8
66
30
2
156
156
108
108
98
188
134
74
112
236
300
296
276
256
292
282
296
276
290
282
276
298
300
296
286
320
316
312
334
316
324
322
324
344
328
330
334
334
342
338
336
508
508
496
496
480
468
480
464
420
402
436
450
444
426
446
448
442
466
438
342
354
452
390
394
454
484
502
482
492
486
470
484
488
466
492
454
508
496
480
482
470
480
480
470
406
396
352
322
406
348
432
440
458
402
458
434
392
380
456
422
382
434
402
426
456
412
228
432
436
446
100
434
452
206
328
410
0
0
220
8
0
34
22
0
0
100
150
182
156
160
172
82
70
126
150
46
108
60
152
82
166
76
68
76
102
60
90
90
96
90
66
168
74
118
66
60
72
18
0
60
136
146
140
106
88
70
70
14
40
46
114
168
212
252
232
296
258
280
270
280
276
286
300
312
302
294
316
298
316
320
314
322
314
330
322
334
330
334
340
338
340
460
470
486
486
486
482
470
430
400
434
432
452
456
464
466
480
422
372
376
454
448
338
410
496
454
350
420
462
464
470
476
490
448
498
470
482
490
480
492
480
468
468
460
364
316
350
396
460
440
286
390
468
454
236
402
450
310
374
442
464
302
452
450
220
348
468
422
214
400
428
106
80
274
156
152
48
0
0
0
0
0
0
4
0
32
126
130
178
182
162
172
184
146
228
64
102
112
166
164
58
64
92
176
146
144
152
142
102
166
150
156
88
124
114
198
108
64
118
130
62
20
104
120
110
98
112
86
78
68
12
20
72
118
110
134
162
206
262
260
264
280
270
290
266
276
328
298
298
304
318
318
312
334
330
334
334
326
342
332
338
342
492
488
502
484
474
490
470
466
466
460
462
462
466
442
402
442
452
452
410
406
414
474
478
432
462
390
376
430
310
434
494
456
470
478
508
488
498
504
480
478
476
452
458
390
396
386
454
488
246
384
252
326
448
436
418
458
480
368
210
466
444
212
412
464
70
128
262
168
188
198
120
194
210
148
98
142
68
34
30
38
16
4
10
8
100
112
162
184
194
176
214
176
184
164
182
204
172
156
206
42
86
68
92
46
120
26
16
26
72
68
136
172
158
126
124
90
42
114
86
26
16
28
24
124
112
62
6
44
118
78
124
50
98
86
142
96
146
94
126
206
260
256
260
284
258
276
278
308
298
312
310
320
308
324
330
332
314
326
344
338
332
510
504
502
496
488
466
438
442
474
480
482
470
464
366
374
392
416
478
490
486
444
460
476
494
432
448
452
438
348
414
438
468
472
498
486
480
498
496
454
480
464
412
342
460
470
458
474
434
264
264
440
386
474
474
428
188
466
478
226
362
430
172
98
106
62
144
138
78
240
242
162
242
186
200
162
110
76
104
62
52
36
22
26
30
116
140
168
208
170
220
250
228
198
136
178
204
206
216
226
176
136
116
94
120
130
20
18
18
36
146
106
220
168
162
130
116
50
88
24
2
46
30
84
110
156
152
112
82
56
78
32
16
98
88
90
98
120
90
102
114
116
170
234
256
262
280
280
266
296
296
298
302
312
318
318
322
318
328
336
336
342
508
496
492
482
464
450
456
460
438
466
478
454
446
448
426
418
396
452
442
444
480
488
424
432
454
446
460
488
326
474
452
174
488
478
502
492
506
492
484
484
470
390
300
468
442
126
214
238
206
242
494
482
266
372
468
268
134
282
262
160
250
250
188
268
202
194
154
154
252
224
208
220
246
162
226
102
84
28
62
28
22
58
40
54
120
152
206
204
196
228
260
208
172
116
138
164
218
224
182
220
168
102
74
52
72
104
106
102
88
112
86
184
136
102
72
94
68
70
42
108
142
116
136
114
174
242
176
174
86
134
110
120
152
140
66
18
60
82
44
84
130
142
122
150
138
158
216
270
276
270
310
304
306
306
314
306
316
328
322
334
342
482
466
498
486
486
452
452
462
462
478
448
420
354
378
426
458
486
474
466
378
400
370
488
466
386
426
480
438
480
452
424
224
406
378
486
484
484
466
490
474
458
450
454
360
142
258
206
422
478
484
72
278
292
46
54
82
180
196
146
160
218
206
176
158
156
138
192
226
230
198
176
202
232
186
192
172
50
42
38
34
74
68
48
108
176
204
158
180
190
230
236
204
174
126
124
156
188
212
220
182
156
178
156
102
134
146
74
128
168
146
148
180
176
126
72
14
74
4
84
154
112
116
76
118
102
158
86
142
174
116
66
150
140
148
158
136
114
68
20
38
28
154
138
222
134
110
120
142
258
286
282
296
306
310
308
312
328
316
334
348
348
486
476
486
476
488
472
468
486
492
480
446
388
402
384
364
400
432
448
358
450
460
476
444
464
426
488
436
428
426
436
386
390
352
162
352
458
484
480
464
474
458
442
452
230
94
156
370
160
14
26
26
24
40
40
52
68
176
144
194
168
234
242
214
136
58
194
156
96
204
168
192
174
178
192
198
182
76
42
48
22
64
36
40
182
188
174
198
186
204
204
228
218
160
138
152
166
166
214
218
192
154
152
184
182
180
182
142
176
226
90
106
128
124
100
42
10
8
52
106
36
42
142
52
52
44
130
120
98
100
126
88
126
84
130
112
118
90
158
126
140
84
102
64
110
70
84
90
60
162
270
280
280
302
312
308
318
328
326
334
348
344
474
502
496
480
468
426
406
444
490
496
458
470
446
444
448
458
452
390
306
312
452
478
480
480
358
446
474
432
428
434
420
288
132
208
362
366
382
392
424
478
478
428
400
332
298
286
162
36
12
30
22
16
38
46
68
126
100
152
220
232
216
170
128
98
68
140
128
110
144
190
116
108
162
156
184
118
174
52
42
32
44
32
34
150
168
172
206
206
212
214
188
184
180
164
152
162
186
216
204
188
144
162
178
194
208
178
194
208
212
150
132
150
134
124
26
28
62
132
68
58
56
104
96
142
66
140
148
150
124
140
110
50
130
28
98
166
130
136
124
84
118
74
18
56
60
46
32
66
72
146
190
270
280
292
312
326
320
342
336
346
354
504
494
488
486
460
460
478
490
454
454
448
388
414
432
456
466
448
426
442
428
436
452
444
240
436
472
432
396
470
392
374
162
48
96
166
198
246
240
248
222
278
290
240
234
228
216
188
108
16
38
42
18
58
46
30
84
138
156
144
144
192
162
78
58
48
26
78
82
176
200
172
102
188
196
214
192
72
36
88
6
2
24
56
134
114
164
158
132
150
178
156
174
160
152
146
178
184
184
216
202
154
168
210
204
194
186
180
216
174
74
104
90
90
88
30
106
120
104
74
14
54
10
126
50
44
80
74
98
120
126
102
94
104
136
152
94
96
44
80
26
18
32
52
36
38
8
2
54
74
80
80
194
286
280
294
306
316
328
334
334
342
490
492
482
480
444
432
452
456
466
458
400
376
388
342
358
382
432
420
396
430
448
464
468
484
360
422
442
428
452
368
352
84
48
40
6
22
22
232
266
234
236
216
246
172
230
194
206
176
26
18
36
18
12
10
16
88
160
168
172
204
192
198
158
102
88
28
66
180
140
172
166
170
176
168
152
82
62
56
58
38
6
64
2
84
160
114
126
152
158
180
184
168
122
64
104
170
136
170
218
184
150
76
156
216
166
178
190
178
164
132
32
36
84
34
118
102
134
34
2
54
0
38
84
68
64
110
88
74
68
76
10
84
102
172
138
98
94
26
80
84
76
22
8
64
106
26
10
22
18
92
76
90
168
232
288
298
304
322
326
340
340
504
486
486
494
480
484
470
492
488
444
378
368
394
400
434
452
436
384
368
388
406
408
410
422
412
476
464
384
310
358
386
96
18
52
20
22
22
58
210
228
152
184
182
102
156
192
150
64
38
2
4
14
30
28
104
162
168
184
140
198
180
156
138
42
108
72
162
148
156
152
176
122
142
174
162
126
114
50
20
76
6
26
38
154
178
128
190
144
130
180
180
162
166
136
134
164
196
158
166
130
172
170
196
220
212
192
194
130
130
170
136
72
100
110
140
170
138
106
86
90
68
62
126
30
38
126
52
110
100
30
12
80
120
132
136
48
72
74
92
74
38
20
20
88
98
100
68
36
10
48
110
134
140
154
222
302
306
316
322
324
338
502
488
470
468
464
446
412
424
442
444
470
466
392
356
426
454
460
464
466
414
456
470
480
478
422
326
416
380
246
362
354
210
74
12
8
20
6
44
130
196
204
158
212
186
210
136
136
78
60
22
8
26
2
12
100
122
128
164
142
128
182
132
140
156
120
124
40
146
112
136
180
158
158
162
160
176
150
84
82
66
62
82
84
84
148
124
112
84
66
124
152
214
186
98
130
190
192
86
88
68
154
182
188
234
228
172
110
62
174
174
132
126
142
154
184
166
162
124
148
182
168
102
142
104
132
64
304
198
202
126
96
104
54
62
48
30
28
24
90
32
18
82
122
90
78
42
34
96
32
70
10
50
112
120
172
204
292
302
308
328
322
496
496
488
490
490
464
454
396
404
394
444
434
432
346
332
346
332
354
394
402
340
322
354
372
402
352
326
420
398
410
378
330
216
68
16
26
2
4
62
188
194
152
170
168
162
146
154
76
18
36
74
106
40
12
42
130
132
126
172
154
176
162
176
182
160
140
168
178
176
130
136
58
40
104
150
184
144
36
116
148
66
196
94
46
70
32
22
68
94
90
150
204
256
214
178
178
116
64
96
84
138
110
122
194
212
162
22
130
200
192
166
166
170
174
198
156
168
130
78
136
188
136
126
116
44
94
108
146
164
156
0
64
94
94
16
2
4
4
28
50
96
120
80
46
6
44
80
38
82
136
106
58
42
62
116
124
158
312
322
326
328
490
480
466
452
460
408
396
386
376
394
438
428
418
338
348
342
346
364
398
426
300
254
278
326
398
312
262
390
342
318
336
262
180
58
50
56
16
6
108
150
96
78
72
50
38
58
104
18
10
36
124
142
26
36
14
92
164
152
160
88
84
172
120
186
174
138
144
188
200
182
44
42
20
64
88
114
94
72
210
226
162
224
142
22
16
20
68
120
88
100
154
230
246
252
246
210
184
168
172
188
148
108
96
200
236
208
220
176
200
166
176
194
192
184
184
184
168
38
14
108
176
140
152
154
78
108
22
104
110
106
74
42
78
56
36
2
2
32
78
84
120
98
100
54
52
52
126
96
82
136
136
152
58
38
112
94
130
236
326
320
334
492
486
460
472
484
454
444
450
454
480
466
430
398
412
422
426
426
454
454
424
392
410
386
380
372
320
254
316
332
284
308
146
38
28
32
62
50
120
248
260
180
16
82
2
72
184
194
60
6
22
186
150
158
92
74
108
150
72
28
30
84
68
72
206
180
144
72
164
188
64
26
36
54
180
180
94
224
180
218
226
210
154
54
52
32
20
32
48
48
142
238
224
214
236
186
210
178
118
160
138
118
84
110
184
190
212
210
74
126
222
226
220
194
210
184
194
140
158
152
192
166
86
122
144
146
22
140
52
76
80
140
88
78
108
20
80
68
78
120
116
78
102
84
64
106
96
116
84
80
152
164
154
148
144
94
90
100
180
334
322
344
486
510
468
454
468
434
410
408
392
394
420
410
386
348
338
342
374
388
406
412
362
412
400
450
460
478
444
300
354
350
252
32
2
20
70
42
88
234
284
286
160
144
52
60
104
246
248
154
18
36
70
192
216
224
170
122
72
48
78
30
58
132
152
184
214
162
120
130
106
120
48
118
172
230
214
236
232
240
226
192
124
88
104
52
74
18
108
70
46
98
222
214
200
248
262
228
188
154
140
192
178
204
242
226
244
238
204
146
116
150
224
220
208
206
228
210
146
114
182
146
130
94
110
140
156
142
46
8
6
28
78
24
138
150
84
90
84
90
100
84
98
120
70
66
90
104
136
124
136
152
154
142
162
154
180
154
168
248
360
348
350
470
496
438
432
434
400
380
370
356
354
374
378
396
326
312
338
396
448
422
380
416
428
446
360
326
394
352
314
324
352
282
60
2
186
214
206
174
278
292
306
150
154
116
152
136
282
278
234
46
46
70
268
266
248
154
8
46
70
84
38
166
208
238
220
238
230
172
88
110
142
34
160
156
254
252
252
214
232
234
204
96
126
166
58
80
120
152
62
110
110
220
256
204
226
252
276
230
176
194
240
252
266
272
232
210
216
242
220
162
178
252
252
254
232
210
192
148
16
74
104
52
68
86
140
174
154
130
84
116
2
172
86
78
134
142
112
104
86
120
104
18
32
114
2
146
106
92
82
30
80
184
162
168
194
184
200
168
306
338
374
338
476
478
488
398
384
396
358
324
372
348
396
386
354
356
360
378
364
310
278
268
374
392
296
290
294
380
396
370
330
342
242
2
6
214
352
348
342
332
332
324
276
298
300
300
296
294
284
310
136
184
118
196
278
272
102
92
142
90
78
136
248
274
272
282
272
134
144
110
114
146
120
168
98
252
240
228
206
246
274
246
194
92
112
62
60
150
138
106
202
224
252
240
204
260
272
288
280
248
242
270
260
246
308
258
242
234
260
236
126
148
254
214
260
236
234
160
72
24
8
62
48
78
110
200
168
166
148
162
140
140
126
46
148
146
156
154
126
152
142
88
46
2
2
6
136
156
84
114
136
78
48
172
198
230
198
176
292
334
350
372
350
74
80
136
354
354
328
314
290
314
314
322
270
272
302
316
364
362
300
292
292
308
372
376
306
306
350
360
316
324
344
110
268
262
316
396
272
132
132
176
156
186
236
182
212
276
246
316
310
310
316
308
272
306
312
258
214
162
124
124
206
266
272
274
256
262
262
224
96
120
94
140
58
246
306
262
226
212
236
252
252
120
76
150
188
114
148
154
104
228
258
258
252
270
272
280
304
306
304
326
326
318
316
334
322
300
286
274
290
294
238
246
276
198
204
214
192
174
206
36
62
186
194
116
188
176
176
172
122
234
172
162
200
198
120
140
176
120
144
136
2
38
8
64
138
162
130
142
178
58
72
90
172
200
194
322
226
234
206
206
302
352
90
70
128
338
340
292
294
302
338
348
304
244
226
252
278
318
352
322
290
288
292
278
288
290
350
302
268
254
354
378
256
368
310
72
76
86
78
64
136
74
80
54
68
84
200
356
366
354
328
332
310
320
318
322
320
264
312
230
284
258
186
232
250
210
292
270
284
264
270
242
264
232
246
260
266
264
266
234
268
272
284
260
270
252
258
242
242
268
290
290
278
268
236
308
294
304
308
310
310
320
268
314
338
330
214
178
278
304
308
282
266
226
248
236
116
100
160
38
152
214
212
182
216
232
218
206
186
198
156
252
194
202
148
170
110
150
194
190
74
32
94
36
182
196
80
188
240
242
82
220
196
176
220
224
230
226
204
190
270
344
344
228
234
248
336
326
278
306
354
358
352
252
192
228
248
306
338
290
260
238
276
338
354
298
214
298
374
326
280
362
356
168
94
116
490
80
104
88
78
78
58
74
92
64
98
252
324
326
322
256
274
340
196
192
332
294
266
326
324
312
312
318
318
304
296
292
266
278
298
292
298
278
288
256
268
276
292
276
258
274
276
310
282
256
258
250
244
268
264
292
274
296
286
280
302
304
300
296
306
300
300
324
336
332
340
324
300
274
296
138
292
278
190
190
262
194
232
248
198
84
258
266
230
248
242
254
234
198
224
210
158
60
114
178
152
148
82
152
68
58
148
40
100
230
110
122
190
254
208
142
198
172
182
198
206
204
128
188
330
322
322
254
234
234
244
246
346
336
310
316
276
296
258
244
222
238
244
274
312
322
226
316
288
314
240
258
346
306
290
242
220
236
234
222
228
232
238
218
218
228
238
226
228
222
254
334
330
326
298
290
268
230
296
350
296
262
332
354
296
352
348
350
320
336
354
344
336
330
310
314
270
296
284
288
290
288
294
290
278
294
270
282
272
274
262
266
268
252
280
276
284
284
260
286
286
284
272
284
282
310
338
306
316
314
322
332
332
330
310
310
246
238
226
272
272
272
232
216
246
250
216
196
274
276
298
264
228
242
224
272
202
204
218
154
138
238
272
122
80
180
230
100
102
236
238
148
68
82
160
152
166
88
160
172
162
190
212
58
158
166
158
158
166
250
222
218
244
242
296
320
298
344
356
322
300
280
286
290
312
306
290
292
270
224
220
236
232
250
248
232
378
238
240
226
228
228
220
240
218
242
236
240
234
224
228
244
282
306
344
330
320
360
326
334
374
374
354
210
160
150
294
210
314
330
336
346
332
332
308
296
272
234
236
210
204
186
190
200
196
226
254
258
242
222
252
230
232
206
232
232
224
222
208
238
274
292
278
290
280
280
262
306
320
336
346
342
358
338
316
318
316
320
306
288
292
292
282
258
240
256
256
260
264
276
282
296
262
296
274
254
278
264
198
228
230
226
238
232
258
238
236
242
206
182
264
260
196
222
244
238
262
154
176
190
192
136
170
192
192
180
150
174
150
150
230
228
240
230
242
232
234
254
244
240
222
232
218
226
214
236
230
212
232
220
224
232
236
238
240
216
250
240
214
246
248
242
228
236
252
226
230
218
226
208
188
192
182
244
340
328
288
252
216
200
156
166
184
238
234
178
152
284
174
164
146
146
168
202
204
192
194
180
180
190
190
180
180
198
190
188
194
152
158
148
180
176
216
214
204
226
218
208
226
216
210
206
214
238
196
212
224
266
290
312
364
364
370
330
346
344
336
338
322
286
304
312
310
298
242
268
270
264
238
258
284
288
280
226
238
230
262
260
234
202
226
226
222
220
236
226
230
228
224
250
266
260
258
256
268
272
262
236
230
190
200
236
222
198
208
218
214
212
218
218
198
244
252
218
248
248
248
236
228
260
314
264
254
262
228
248
238
228
226
246
244
338
302
344
250
222
250
202
254
222
264
192
212
186
254
218
384
224
318
298
360
276
462
364
320
436
312
342
370
382
384
260
302
364
360
338
316
392
268
218
180
160
190
174
140
142
146
122
144
138
174
154
162
226
148
148
150
150
170
166
214
128
158
154
178
154
148
150
148
154
164
158
156
184
234
206
142
154
174
160
320
316
322
302
314
322
330
326
322
296
280
316
310
300
284
276
274
294
290
278
274
260
218
190
198
214
212
222
222
226
226
226
214
228
226
214
220
208
222
218
242
226
212
220
208
230
212
212
218
196
198
202
198
200
250
222
234
224
224
242
256
226
470
464
430
380
360
374
382
422
322
400
464
350
472
374
356
340
328
310
446
392
322
402
388
406
400
492
378
470
392
382
510
376
286
380
378
480
362
444
436
462
498
408
418
348
348
358
412
372
336
366
312
352
310
286
302
510
266
242
294
294
292
306
370
280
274
274
244
244
290
248
456
318
426
244
254
254
292
236
286
254
244
270
456
230
236
230
248
220
234
238
232
238
254
268
300
242
238
232
228
232
232
224
314
332
326
338
316
270
286
272
370
316
316
282
272
232
272
254
254
242
216
218
196
238
258
224
232
242
226
264
222
210
286
254
222
218
224
228
210
218
228
248
244
236
226
232
234
224
296
222
206
206
252
326
206
272
256
224
308
286
304
344
302
332
280
324
260
270
238
268
230
232
256
258
276
268
256
284
246
278
260
244
272
244
276
246
296
234
266
260
374
230
360
306
232
250
292
370
258
378
362
498
306
428
492
266
332
250
288
236
294
244
214
204
236
286
306
296
206
234
246
272
298
396
302
336
304
328
300
396
368
280
322
282
258
274
264
280
318
244
322
244
470
254
222
242
252
362
260
256
296
222
246
264
280
312
250
284
296
360
294
476
288
320
310
392
480
286
298
300
250
310
314
310
236
266
244
338
354
280
322
250
482
238
272
258
254
256
262
254
332
218
206
304
318
238
238
276
308
216
222
432
294
266
218
300
292
316
218
226
254
254
212
206
270
230
290
268
260
296
366
334
390
354
390
510
382
414
420
364
350
380
384
418
402
510
390
462
438
492
476
390
482
418
396
396
376
418
438
510
384
364
370
354
306
510
422
434
430
412
472
510
480
332
372
498
450
460
474
390
498
392
388
448
282
296
306
306
386
382
346
510
454
384
424
404
288
342
224
488
220
164
336
228
226
332
266
294
298
336
252
232
222
276
310
252
186
220
230
336
266
208
228
212
276
180
208
228
250
294
244
222
212
228
342
294
354
328
256
254
332
238
260
494
342
390
326
318
298
248
262
234
244
238
402
510
276
250
368
300
250
364
294
260
226
284
326
246
280
370
264
246
316
314
492
344
304
360
326
254
244
260
236
248
246
250
260
278
268
260
272
260
274
218
214
236
226
242
308
510
218
212
308
398
394
350
352
360
376
318
306
292
304
510
510
254
222
262
254
244
238
244
210
228
246
254
244
284
308
282
186
216
272
250
238
316
324
214
264
240
246
264
244
238
256
510
190
262
348
262
312
288
280
236
228
240
342
322
226
250
236
510
230
268
254
250
230
240
244
236
354
238
276
338
510
244
436
504
382
338
458
270
254
266
218
250
282
312
306
510
274
224
264
234
288
286
380
372
318
338
510
286
270
504
510
392
298
278
296
308
276
342
260
240
232
300
258
372
268
338
510
222
328
266
254
266
258
296
256
284
294
314
254
500
318
352
292
440
266
412
302
274
260
252
242
286
252
282
322
378
266
268
370
292
