408
394
392
380
402
376
404
392
408
402
390
400
406
388
402
394
412
390
388
408
410
406
416
402
380
384
408
406
400
412
386
384
402
370
408
398
392
406
402
410
398
396
392
396
402
402
406
402
398
386
390
392
408
410
398
396
386
404
386
404
386
400
398
402
402
408
390
410
392
396
404
396
378
392
410
408
396
390
390
402
394
400
396
382
398
402
402
402
396
402
384
402
390
398
392
386
402
410
396
400
396
396
390
396
406
412
402
414
408
396
402
398
404
396
390
412
402
406
402
392
404
402
404
408
390
408
404
398
408
410
408
408
410
414
382
410
416
402
422
402
418
416
424
410
416
428
430
434
434
416
422
428
418
418
414
414
414
424
422
426
422
396
402
390
396
396
394
384
392
398
394
402
396
410
392
390
392
404
404
408
410
398
402
392
382
404
390
396
402
404
404
406
404
416
408
398
408
396
410
396
402
404
384
408
404
394
398
404
404
382
404
392
402
392
414
396
408
390
406
404
406
398
412
396
386
406
402
400
402
402
402
402
420
402
406
402
396
406
398
408
402
396
396
410
378
398
392
386
402
404
394
404
390
392
404
408
404
408
402
382
392
386
392
390
398
402
390
402
392
392
404
402
390
410
402
386
400
396
388
402
406
396
402
390
410
412
402
412
410
396
402
396
410
404
412
400
402
414
418
416
402
398
414
428
414
420
418
424
424
408
418
400
404
426
420
428
426
426
422
422
430
420
386
392
366
376
330
402
384
408
408
400
396
396
398
410
362
386
386
404
388
396
376
398
390
402
396
398
390
398
398
400
400
398
406
402
396
408
392
404
382
408
412
412
410
408
390
408
396
402
392
410
390
362
392
412
402
398
396
396
402
402
384
362
408
408
390
408
396
388
390
392
408
392
392
392
398
392
402
390
392
402
400
396
398
402
404
398
396
392
378
398
408
404
392
392
390
380
390
396
400
410
382
390
390
392
362
384
390
404
398
396
382
392
400
394
398
408
402
410
402
394
384
392
410
416
412
396
396
392
406
398
402
410
406
408
406
408
404
412
410
416
430
426
412
418
408
424
418
424
416
416
408
424
422
422
426
424
412
416
412
424
408
370
390
372
394
400
400
398
402
408
398
410
392
402
404
392
384
398
394
398
376
378
356
386
386
382
400
370
400
386
402
400
396
402
392
400
404
404
402
406
402
392
398
408
404
390
406
404
388
378
408
390
392
402
390
408
404
396
384
396
402
410
396
398
406
344
402
398
408
398
396
396
364
402
392
392
404
398
384
384
390
404
382
386
396
392
402
384
396
396
404
394
382
360
388
382
402
380
356
402
402
404
404
402
398
398
402
392
398
402
402
402
384
396
390
404
400
402
392
404
384
298
408
408
382
408
408
384
402
402
404
400
406
406
402
404
416
430
424
404
418
416
394
416
418
418
428
422
422
424
412
416
422
430
404
416
428
418
418
424
424
424
396
408
390
398
404
398
402
398
396
386
392
398
404
396
386
378
350
360
352
372
310
338
346
370
328
362
402
398
398
322
404
406
416
402
398
398
396
396
408
412
400
412
402
404
390
412
386
396
402
404
402
400
396
404
390
402
398
398
402
400
396
406
414
390
406
390
410
378
382
402
396
402
392
396
398
400
384
382
394
398
390
396
382
384
390
378
398
392
390
408
378
388
392
378
384
408
392
390
386
396
382
396
400
398
390
398
398
398
396
402
392
402
398
400
386
392
410
402
404
402
406
402
396
412
384
408
410
402
410
418
412
398
408
416
410
414
408
410
416
408
414
420
410
398
424
412
416
424
408
420
416
410
408
418
430
412
422
404
408
410
424
408
410
402
402
396
402
398
390
396
402
414
398
414
382
376
384
298
318
362
374
356
324
346
352
364
364
344
370
404
404
404
412
392
408
398
408
410
408
408
412
404
386
418
402
408
384
398
390
402
408
390
386
398
410
412
410
402
398
406
406
398
390
390
402
398
384
404
398
398
386
392
386
404
390
400
370
384
390
392
386
380
402
390
398
384
386
384
392
366
382
386
396
402
400
390
392
386
372
396
410
396
382
396
398
384
398
386
404
392
392
392
400
392
396
390
410
384
392
390
398
404
396
404
392
390
406
404
388
402
396
396
414
412
402
416
416
408
418
408
412
406
412
418
396
416
428
414
420
412
434
408
408
428
424
424
408
408
412
418
422
416
386
408
390
402
404
376
416
396
404
400
408
410
402
388
362
336
344
306
306
384
386
380
304
316
384
390
318
376
346
398
408
398
422
402
396
406
408
408
384
374
408
396
396
404
404
404
402
406
390
384
388
404
404
398
400
392
390
408
402
410
384
392
398
402
402
382
386
400
392
394
400
394
386
354
396
390
376
370
390
358
382
388
378
386
394
398
384
388
396
402
390
392
380
402
382
390
390
394
398
402
412
396
382
384
390
390
376
404
392
392
412
390
386
390
372
404
402
402
402
410
410
402
402
398
410
402
412
398
408
396
404
404
416
410
406
404
398
416
418
408
376
416
416
410
424
376
402
410
414
424
404
428
406
424
422
412
416
408
420
412
422
402
408
416
392
396
392
396
392
408
404
408
408
406
400
374
358
312
312
306
324
386
388
354
292
380
378
350
326
372
388
398
404
340
410
402
406
402
396
408
386
410
396
402
396
372
384
416
392
392
392
398
384
390
410
410
396
390
402
402
404
390
396
402
402
376
386
348
384
374
378
348
368
362
364
304
370
394
312
334
352
338
364
360
348
382
390
362
384
384
350
398
396
396
382
388
392
398
410
396
382
396
382
392
376
402
384
392
408
362
386
396
402
386
398
402
396
396
404
382
364
402
390
396
412
406
396
412
412
390
396
398
412
394
410
404
408
396
422
416
410
422
424
404
424
418
428
422
410
424
416
424
428
422
416
422
418
428
412
424
430
418
396
414
404
412
408
402
410
386
408
408
390
348
312
398
384
370
376
360
310
318
328
374
374
366
314
386
384
332
378
306
380
402
390
416
414
402
406
408
386
398
362
408
418
398
404
386
402
408
410
416
402
386
402
408
408
390
388
404
396
404
398
390
386
370
382
368
352
306
360
340
342
318
356
344
312
344
370
332
320
348
354
278
376
364
340
336
334
390
386
356
386
392
388
386
396
408
396
404
378
364
392
392
382
390
396
402
382
382
398
386
396
392
402
382
392
402
404
384
398
402
408
408
414
392
320
400
402
400
408
410
410
404
408
402
388
410
394
402
410
404
408
412
412
402
398
386
422
424
412
420
428
416
422
432
422
434
428
422
424
436
412
402
402
402
424
402
404
404
400
404
388
370
364
332
388
378
380
376
396
376
338
320
384
386
372
326
334
376
380
322
376
284
398
404
412
404
404
398
398
386
408
398
392
382
402
398
386
412
400
402
390
392
386
396
382
408
384
402
386
398
314
356
372
364
376
300
356
350
344
330
328
334
290
358
352
344
358
350
334
266
346
350
338
372
374
324
314
338
292
362
338
382
390
382
402
392
382
386
390
392
392
396
382
372
392
390
390
396
382
384
392
390
398
386
396
390
392
392
390
382
396
396
396
402
402
402
388
384
406
400
396
406
398
402
396
408
406
402
412
402
408
410
408
412
410
412
412
422
422
414
416
438
424
430
428
422
428
428
408
424
430
424
412
386
402
410
404
402
402
398
416
382
354
320
372
354
328
372
356
368
396
384
350
338
386
388
382
314
394
374
330
382
344
292
404
400
398
398
390
396
404
398
398
408
398
396
406
384
396
396
392
416
402
384
374
392
390
374
352
334
372
356
314
346
372
364
302
352
364
336
250
368
336
322
342
344
328
336
354
344
330
356
384
320
362
364
324
320
338
322
346
324
382
374
384
390
386
384
402
384
384
398
390
378
386
376
376
372
410
396
386
378
396
368
410
392
392
408
402
408
388
404
408
396
408
396
408
398
416
392
396
404
392
392
418
408
414
404
408
418
384
406
412
430
410
416
422
408
402
422
422
422
412
428
416
410
428
404
418
428
412
410
418
400
402
402
372
416
412
418
378
414
390
386
366
346
304
326
304
306
336
320
326
330
272
306
376
402
404
280
402
384
320
380
316
398
396
402
412
390
396
404
404
402
404
388
390
390
406
382
390
386
384
398
396
384
338
356
364
386
362
356
358
354
258
350
364
346
294
356
356
330
354
340
352
326
352
382
308
350
348
294
338
364
336
332
330
318
330
340
332
310
304
356
366
382
388
364
378
392
386
370
384
372
338
372
382
386
356
362
404
370
362
358
396
386
380
402
386
396
390
402
408
394
398
408
404
408
406
402
416
392
410
384
414
404
412
378
414
408
394
396
398
412
402
408
412
428
412
408
422
410
410
422
416
422
416
422
440
420
422
428
422
420
396
422
402
416
408
416
408
406
392
382
376
394
408
356
292
280
266
298
374
350
328
298
250
284
392
404
272
384
398
330
388
318
298
398
410
408
398
398
404
404
398
398
398
406
390
376
396
402
386
350
374
384
372
348
278
366
374
362
252
372
324
330
358
356
338
328
344
360
352
332
360
322
292
350
368
312
346
336
344
332
354
336
304
344
328
268
338
326
272
302
280
338
378
398
380
366
392
380
392
386
388
350
336
354
336
364
366
326
312
344
346
346
350
352
320
370
382
364
386
396
420
398
398
390
392
400
398
390
398
384
404
408
404
402
408
414
406
404
400
412
402
404
402
418
418
420
418
416
408
422
416
414
424
430
418
426
432
422
428
424
410
398
404
412
418
404
402
416
366
356
314
364
376
350
360
364
338
326
326
294
310
364
316
314
278
304
402
392
294
388
312
374
304
288
274
412
408
392
406
412
402
384
402
404
410
404
392
390
390
376
384
370
324
364
366
324
280
350
350
350
294
336
338
344
350
338
340
314
362
354
298
352
332
304
344
338
324
300
356
350
294
360
352
262
318
292
258
350
330
250
318
318
312
366
390
370
394
396
370
362
366
344
306
332
272
264
276
310
218
258
264
316
246
260
300
348
266
340
356
350
398
390
396
396
390
386
394
390
396
408
402
406
398
420
392
408
398
398
410
408
406
402
410
410
402
422
426
422
420
410
428
428
414
434
428
434
412
428
430
430
430
424
356
412
396
422
404
418
420
380
338
322
310
332
336
350
362
366
384
292
304
266
358
356
322
318
276
370
394
272
366
350
304
326
350
264
394
386
404
392
402
404
400
398
396
402
390
378
382
304
346
358
368
338
326
342
344
336
310
366
326
306
358
344
352
334
338
350
298
356
370
288
328
356
346
350
368
344
306
340
344
268
350
346
240
342
322
304
352
336
238
330
314
310
378
362
364
362
376
362
304
192
188
154
162
294
328
298
278
324
220
278
280
278
232
254
258
274
286
348
242
394
384
398
402
398
412
394
402
398
402
398
408
408
396
404
408
412
416
396
418
408
398
410
412
408
410
424
412
422
434
422
438
416
422
424
428
424
404
424
422
426
424
408
410
418
390
418
424
428
350
338
316
324
290
280
340
342
350
368
372
340
300
296
376
356
320
318
286
394
402
310
398
328
362
306
260
214
388
398
390
402
404
402
396
378
346
366
378
382
344
310
358
358
338
326
354
338
332
304
326
350
356
296
336
366
328
378
330
320
354
356
336
304
356
366
300
356
332
256
344
350
318
356
336
280
354
334
310
366
336
288
340
322
322
254
386
384
356
330
216
168
278
186
134
182
224
272
250
280
308
276
290
278
270
218
262
202
266
180
130
260
410
374
404
382
394
398
398
398
384
402
390
402
396
390
412
398
406
418
396
404
408
402
410
418
416
410
412
414
426
422
422
434
430
430
424
438
416
422
430
426
398
358
418
402
414
412
422
416
426
412
396
374
352
336
292
286
276
318
392
400
388
338
300
286
372
336
340
282
268
354
324
374
304
378
332
286
276
396
352
396
400
390
392
388
390
364
350
312
370
366
340
292
348
346
336
304
328
340
354
280
392
362
304
362
354
364
298
374
370
272
378
394
226
332
374
294
372
324
298
358
370
340
362
336
286
354
336
316
326
336
286
338
342
338
224
376
328
284
142
46
80
86
192
152
146
74
166
238
236
252
272
278
280
280
258
254
128
122
30
56
188
396
404
392
410
390
390
398
392
396
390
398
404
410
402
404
410
408
390
398
408
408
406
410
424
428
428
410
422
424
424
412
412
424
424
430
428
430
424
428
434
422
420
412
428
430
424
430
434
418
384
334
382
398
356
362
324
286
296
246
362
398
390
352
356
292
334
330
364
268
294
390
292
390
274
272
340
256
256
382
408
398
392
384
366
374
368
380
370
312
354
356
330
308
346
350
346
274
352
344
362
344
336
294
290
364
300
248
350
320
290
362
324
264
352
362
214
346
382
298
344
332
230
320
358
280
344
372
276
342
356
258
338
306
322
290
382
350
148
190
194
96
50
124
118
168
134
76
200
244
250
268
276
344
194
156
160
174
56
144
0
82
382
396
398
404
392
390
396
396
402
402
410
396
370
398
402
400
408
398
408
396
408
402
408
420
422
418
408
422
424
428
418
408
434
428
438
434
430
426
428
424
428
434
394
432
442
428
442
402
386
336
328
354
376
372
408
396
382
328
322
304
310
412
394
370
380
278
262
330
362
272
282
374
288
272
352
292
238
120
406
394
398
390
396
342
366
346
362
350
332
312
362
356
350
324
370
274
318
286
306
300
288
322
304
242
266
304
216
292
312
236
292
292
248
350
342
318
320
388
226
338
354
236
318
366
212
330
344
224
332
350
216
332
336
260
378
364
184
186
146
210
200
150
138
144
176
212
164
282
262
316
300
278
222
292
102
152
172
56
188
152
138
392
402
396
376
400
402
392
392
404
398
396
396
398
398
410
410
402
408
402
408
414
410
424
418
424
424
376
432
438
386
428
414
434
428
418
428
428
442
424
426
400
418
428
424
422
432
436
430
382
326
260
314
250
358
394
392
412
412
376
368
376
318
284
416
398
408
272
278
324
308
288
284
266
364
272
216
172
212
398
382
402
372
362
376
364
368
306
358
350
350
316
350
266
298
278
314
280
286
304
296
248
306
316
254
238
308
278
274
296
284
222
300
270
250
280
322
270
290
296
284
330
264
314
374
196
278
388
166
256
372
252
334
358
244
286
318
298
212
154
166
260
254
234
234
240
200
284
296
336
258
318
316
196
194
212
64
122
102
88
218
154
392
376
398
388
414
398
392
402
398
392
408
398
392
404
404
402
392
410
408
418
402
412
426
384
424
434
428
434
430
444
434
434
428
434
426
422
428
416
428
428
434
428
432
426
434
422
432
372
300
320
320
304
290
350
330
290
402
420
406
358
378
382
428
296
282
374
408
344
284
270
310
252
338
232
126
56
76
194
364
364
392
396
378
350
344
354
324
326
352
272
280
286
324
284
254
324
298
290
232
302
270
246
324
280
232
280
290
258
282
298
250
258
250
224
280
290
216
290
264
142
290
226
148
362
152
244
350
138
304
362
164
262
332
174
298
136
210
224
194
224
282
160
162
172
168
172
176
146
196
158
90
102
102
36
50
6
46
22
62
60
64
96
56
112
104
72
74
128
362
384
398
396
410
404
402
386
408
402
416
422
410
432
434
438
416
434
432
438
438
436
442
450
454
454
444
456
444
434
440
438
434
446
434
436
434
436
430
448
392
366
370
344
350
338
354
336
330
370
304
296
376
382
366
388
444
398
276
266
264
342
328
264
324
220
146
44
6
54
176
198
390
398
390
400
406
316
334
334
298
262
328
304
310
278
314
278
238
310
286
206
312
318
222
270
312
256
222
274
154
278
328
160
252
312
216
292
312
180
300
218
154
222
154
72
154
32
94
144
102
98
92
90
108
74
62
18
60
72
88
22
0
38
42
2
30
82
102
64
70
70
20
16
30
38
36
28
16
10
22
0
12
54
54
38
62
50
30
0
8
10
54
100
220
390
384
332
398
410
396
422
492
478
488
482
480
488
460
478
462
488
498
506
490
488
494
500
508
496
472
490
494
488
488
482
440
438
454
450
410
382
366
378
378
388
376
364
374
378
384
392
408
310
310
316
336
410
424
410
362
312
246
234
312
238
196
64
20
0
14
68
124
174
378
404
402
404
374
292
306
302
284
204
312
280
286
124
290
302
214
310
304
136
324
298
206
302
308
194
300
170
166
264
40
84
226
104
136
140
110
50
16
10
34
16
16
12
50
0
78
114
70
74
102
62
62
50
6
70
88
68
24
40
30
8
0
12
62
52
70
62
46
22
52
72
10
24
24
6
34
2
0
0
40
36
32
36
80
4
0
14
44
64
50
64
70
82
98
102
140
142
166
168
208
448
468
458
492
382
220
372
480
488
482
470
476
486
506
456
464
508
490
506
506
508
490
450
444
460
390
396
368
298
330
312
358
378
386
406
378
372
392
402
420
422
426
372
300
270
304
320
364
340
330
266
212
162
48
14
16
44
42
126
122
114
64
98
318
326
298
302
114
264
308
140
236
286
172
182
234
46
160
240
94
130
134
128
62
38
24
48
14
94
74
58
44
64
84
76
98
12
18
10
24
14
0
22
80
54
102
66
70
62
80
50
86
60
70
42
44
12
0
10
70
38
40
0
28
6
12
36
84
44
44
64
44
48
44
42
64
70
30
12
12
0
0
42
48
62
16
0
30
40
10
30
8
16
0
36
48
34
62
50
80
70
122
24
96
84
56
140
60
88
260
484
500
502
508
500
508
464
488
490
488
502
506
506
456
442
436
382
392
388
356
308
310
324
292
348
304
382
400
370
388
410
408
428
424
382
374
274
232
254
258
216
310
246
128
54
14
16
44
42
96
158
158
162
136
96
32
70
76
52
12
36
12
6
30
36
16
24
36
28
58
84
108
124
36
30
30
14
36
42
58
106
80
64
86
102
90
108
104
24
18
22
20
22
10
16
42
94
54
42
38
34
52
64
14
54
42
62
22
38
42
56
56
0
44
70
30
24
76
30
16
38
4
22
10
28
44
54
28
58
4
22
0
0
42
72
38
72
80
66
48
34
44
52
12
2
0
24
0
22
18
14
78
16
32
30
42
12
46
168
148
158
278
442
480
478
494
504
510
510
508
510
510
510
508
474
460
374
392
394
346
334
300
298
312
304
300
286
336
318
310
294
314
330
320
320
364
390
368
376
346
358
290
208
206
154
48
2
6
26
18
82
146
130
102
148
84
72
46
40
28
54
12
16
22
30
16
44
42
30
80
76
98
78
82
76
64
52
56
44
38
50
56
30
74
28
56
88
70
94
50
66
16
8
28
0
16
8
68
66
46
80
22
70
90
4
18
64
72
110
64
102
64
122
90
38
94
0
0
0
6
0
0
0
54
2
12
60
28
48
6
16
12
32
38
62
64
62
82
70
80
8
2
74
56
38
44
68
50
86
64
80
96
10
0
6
0
0
30
86
80
206
136
90
160
510
490
492
506
508
508
510
506
508
500
484
458
466
402
420
404
370
370
366
350
356
362
376
360
384
404
416
418
414
384
388
366
296
290
294
310
290
216
200
238
196
100
36
16
26
10
48
86
140
102
84
110
106
34
14
42
18
22
26
20
6
14
34
8
22
38
90
68
94
68
74
90
96
18
56
56
50
50
64
56
48
26
80
86
92
16
92
82
24
42
0
2
42
26
36
42
76
102
82
76
20
4
48
80
76
54
56
98
72
106
34
22
56
2
2
6
30
16
18
16
54
8
18
44
6
0
0
16
20
18
2
16
12
38
44
40
58
66
48
80
36
30
64
12
38
30
30
16
28
66
10
46
78
82
62
10
2
114
108
94
94
120
152
398
496
510
508
510
510
494
506
506
476
470
426
424
426
422
390
374
390
400
300
386
364
376
376
396
412
422
438
434
390
378
394
398
388
426
406
400
326
120
62
22
66
114
66
76
150
98
92
116
126
106
64
48
30
32
32
24
32
64
66
100
30
36
44
38
88
78
68
72
80
48
22
22
40
36
68
66
32
56
94
100
80
106
64
44
24
12
4
44
24
16
22
30
36
66
80
64
90
76
30
36
88
60
48
56
62
90
42
56
84
34
46
30
20
24
40
0
28
62
20
34
44
26
4
4
16
6
0
0
22
10
10
36
28
8
0
66
58
48
74
28
18
28
82
74
118
140
110
6
50
10
26
32
36
16
40
28
74
102
70
86
122
176
338
500
502
510
494
510
508
464
418
434
432
424
376
382
378
410
414
186
376
362
396
396
390
390
418
410
404
414
430
428
384
350
264
290
280
254
122
48
42
68
120
80
188
130
154
126
102
68
102
70
64
74
38
58
52
70
88
88
84
20
40
54
104
66
84
106
80
86
78
62
54
82
74
86
64
98
54
72
88
84
108
102
66
22
18
14
22
38
24
36
0
4
54
78
78
62
40
14
22
52
38
22
76
92
42
94
86
106
70
76
68
82
80
48
52
76
46
46
48
18
42
18
0
0
0
4
0
14
2
10
34
34
30
56
32
0
54
66
78
84
116
46
40
8
4
62
76
48
16
32
56
94
86
40
0
6
22
50
88
80
108
132
270
506
510
494
504
510
500
446
454
434
428
392
358
314
320
312
374
344
322
318
318
302
360
296
332
356
364
342
330
326
380
428
432
392
268
150
88
162
106
122
180
210
228
206
178
148
166
90
88
62
32
82
96
94
86
94
96
50
56
16
26
62
60
58
74
82
84
70
4
20
12
68
92
84
80
76
82
68
78
92
90
82
54
28
64
50
66
38
64
38
68
108
82
80
60
86
20
48
50
68
60
62
32
50
66
92
88
62
70
58
72
76
64
46
38
52
12
22
32
24
14
22
0
2
0
0
22
40
2
0
0
58
128
112
86
36
54
4
0
0
0
76
64
94
86
92
82
6
12
76
18
106
112
138
106
58
30
42
32
48
86
168
434
510
510
510
508
418
450
456
456
432
422
338
310
332
332
270
338
390
424
426
430
448
470
460
424
438
470
452
430
348
314
316
328
324
176
162
194
228
206
232
224
208
218
206
188
182
152
130
74
44
74
80
98
112
96
84
64
24
20
46
60
52
82
94
72
82
86
54
18
28
56
88
82
70
82
78
64
92
100
84
96
58
48
56
64
38
50
42
46
108
110
84
100
60
56
54
54
86
76
96
58
38
48
66
74
88
98
100
80
62
76
54
56
34
54
20
16
56
18
56
0
0
36
60
40
76
102
70
62
54
34
40
44
2
16
70
18
10
56
88
102
78
64
86
82
70
64
68
96
70
124
140
110
116
128
58
42
50
60
102
158
202
502
510
510
506
510
458
466
462
474
468
424
438
436
424
438
440
436
440
440
422
456
370
334
368
352
352
340
316
416
430
336
280
380
222
244
268
312
296
310
266
248
226
250
222
224
198
134
122
66
94
82
140
84
120
50
60
46
34
38
122
110
70
68
88
70
78
96
106
44
70
112
76
54
16
86
74
106
132
96
92
106
86
96
102
102
72
74
92
102
124
88
70
62
64
74
84
70
58
50
26
62
64
64
76
72
94
108
116
86
56
52
44
40
56
22
50
24
64
32
52
68
96
64
80
34
34
34
22
66
68
84
76
26
8
0
68
84
88
86
84
102
98
116
88
84
90
110
126
130
114
118
126
108
106
104
128
126
136
152
186
206
510
508
506
510
466
460
464
456
496
444
454
454
436
434
434
408
376
372
318
356
340
414
444
450
426
472
424
406
298
322
362
360
316
270
304
336
384
410
376
398
344
356
338
276
238
230
204
174
154
102
142
152
146
152
100
108
80
40
100
110
104
106
112
90
100
100
114
108
52
44
76
92
76
74
74
58
94
110
102
86
86
106
96
102
118
64
64
62
58
76
76
64
94
64
94
120
102
62
56
64
58
54
64
84
76
90
92
84
78
70
52
54
50
28
50
30
34
74
64
68
56
44
58
72
82
28
76
88
88
46
58
84
60
64
14
146
106
110
98
94
72
62
22
50
16
76
128
156
142
114
56
158
136
118
150
160
174
178
198
260
304
500
502
510
496
462
440
460
452
450
440
368
394
390
390
316
342
290
360
418
444
438
430
460
432
326
322
366
316
404
404
314
306
298
310
428
424
420
392
428
426
434
426
366
360
368
366
262
230
184
194
184
182
180
172
88
128
128
122
156
112
132
132
120
158
88
132
138
80
64
76
120
128
128
52
80
52
46
72
72
94
114
120
96
86
94
70
74
66
64
64
68
76
84
96
102
106
92
72
58
70
74
48
60
68
84
102
106
100
74
90
68
54
46
54
64
60
88
100
120
80
48
68
30
44
66
100
12
16
42
18
4
28
82
58
80
88
116
96
108
112
116
82
6
50
10
44
136
138
152
128
134
154
168
140
160
176
174
178
228
264
296
500
508
508
510
468
474
454
454
448
432
426
420
410
414
386
364
392
394
418
456
366
374
346
346
388
422
418
386
310
326
330
338
394
430
418
408
426
390
398
404
390
418
400
344
360
354
358
350
340
240
218
216
178
194
178
154
112
146
158
168
160
118
168
146
124
116
92
100
108
100
146
154
118
136
88
90
68
54
104
64
130
134
102
110
98
68
70
72
82
102
92
90
106
86
112
108
108
70
60
62
66
68
48
52
76
80
94
88
120
114
88
58
90
70
92
108
106
108
112
86
76
26
30
4
46
142
66
68
82
24
30
44
82
112
118
128
114
96
128
128
120
48
10
38
36
114
154
118
150
92
84
154
102
122
168
188
200
184
154
164
196
262
506
508
510
460
510
470
464
462
456
454
450
454
426
396
344
366
336
358
454
508
440
336
328
332
334
304
346
392
418
410
424
440
428
428
448
412
416
408
410
412
410
408
422
442
424
340
348
326
324
344
294
214
210
202
170
186
168
164
154
162
94
162
160
72
94
116
102
86
128
156
160
168
150
122
120
88
128
120
130
146
108
120
108
90
86
78
110
90
116
118
136
128
96
96
102
106
102
92
84
108
114
106
70
90
96
100
134
122
130
68
88
106
114
98
126
118
102
116
108
88
36
18
18
50
142
200
68
68
74
116
92
98
134
152
154
132
114
148
132
128
44
22
82
124
132
168
136
166
158
116
152
116
136
168
174
188
192
194
152
206
298
468
506
510
444
492
480
462
482
456
452
454
444
454
454
444
434
452
446
434
456
510
446
424
416
450
450
422
414
430
418
414
410
430
416
416
430
414
416
410
418
410
408
418
396
424
398
336
336
348
348
326
306
328
286
212
182
188
192
166
186
164
158
140
122
120
112
106
128
120
168
188
142
144
148
160
148
158
116
128
166
168
96
94
124
108
108
92
106
126
110
132
138
128
126
130
126
116
106
108
116
128
120
96
102
86
108
100
140
148
138
126
136
154
134
132
142
140
116
126
26
12
12
34
56
44
118
124
120
96
126
154
162
166
162
166
154
152
140
148
122
126
96
156
148
174
158
172
158
100
160
174
178
188
168
168
174
168
182
200
394
510
510
510
476
448
464
450
448
450
454
440
432
416
410
416
414
422
414
404
424
440
510
436
428
468
462
462
426
408
408
428
398
422
390
376
382
412
420
396
394
424
410
418
428
318
378
366
350
348
356
354
362
346
390
396
390
402
208
182
186
184
166
184
186
178
148
142
148
116
134
160
174
162
200
156
128
156
154
146
154
160
150
166
148
122
142
118
118
118
140
136
126
110
136
146
130
136
118
104
142
150
140
124
120
120
136
140
156
142
114
106
132
140
148
174
152
160
180
148
138
112
50
20
32
68
58
46
108
150
128
96
132
136
148
142
156
172
174
166
164
176
172
148
160
160
194
164
176
174
174
188
190
174
182
178
164
174
208
226
448
510
504
510
510
510
472
446
454
446
442
448
450
438
416
420
428
428
438
444
442
462
444
510
442
408
422
438
436
470
450
422
456
422
424
418
432
410
404
438
408
376
422
428
400
396
364
366
380
370
374
382
376
382
382
362
352
324
318
360
330
344
272
220
214
206
206
208
196
194
164
156
164
178
142
166
156
168
174
156
152
174
178
166
166
168
152
154
162
160
148
156
162
142
128
132
144
152
150
144
148
168
166
160
146
142
130
134
160
150
142
152
162
122
136
150
164
182
176
180
176
162
156
132
88
102
54
84
78
108
102
148
122
114
116
146
150
140
148
166
178
172
162
172
178
182
174
176
180
144
172
164
174
174
184
184
188
224
272
356
408
444
492
502
510
510
502
448
442
438
442
418
432
438
424
424
428
422
428
430
408
408
426
426
494
426
446
446
434
432
414
418
390
402
422
444
444
438
434
392
370
380
410
390
402
388
382
358
358
362
342
344
332
330
332
320
328
326
342
322
312
314
300
286
266
252
244
246
230
212
198
190
198
192
202
184
180
168
180
180
166
166
178
174
170
172
186
164
170
162
172
160
176
172
168
168
158
160
160
158
168
144
162
166
152
156
164
176
178
130
120
122
158
168
158
164
106
146
148
178
122
122
158
126
150
114
128
114
120
132
140
140
146
134
162
174
170
166
188
180
166
174
166
166
146
154
194
188
204
184
170
180
180
188
180
202
242
354
394
426
428
412
424
450
444
510
510
506
408
402
416
406
434
392
390
410
404
386
386
382
396
392
366
366
384
432
438
426
422
422
424
396
412
396
382
382
396
450
476
482
454
470
422
412
390
390
388
356
322
294
266
316
318
318
312
308
318
298
304
306
316
306
290
298
272
272
272
250
256
240
224
232
198
202
202
204
190
178
172
178
186
174
174
172
178
176
174
184
174
180
174
168
182
172
168
160
156
152
138
150
158
156
166
152
168
168
158
178
194
188
162
150
134
138
162
180
180
172
138
144
184
164
118
118
158
164
164
174
156
174
174
174
178
170
194
190
184
186
192
202
206
206
204
196
206
188
202
220
200
202
192
194
214
250
262
288
370
390
386
400
412
402
392
416
424
426
496
502
506
412
450
446
442
430
422
406
414
408
424
430
416
422
412
406
436
432
474
410
408
402
384
368
404
380
364
366
402
392
390
394
358
378
358
374
396
410
426
390
256
234
204
204
282
282
264
286
280
272
260
252
268
280
284
284
258
256
228
220
220
252
252
238
242
226
218
214
214
212
182
182
188
172
176
156
176
194
182
186
188
180
176
174
180
174
180
166
142
150
152
162
180
186
158
140
148
152
174
168
176
198
196
182
180
164
168
168
182
200
174
166
136
170
194
190
188
158
156
170
194
174
180
190
180
200
212
226
218
220
198
206
206
234
266
276
272
272
316
260
364
312
404
388
372
334
318
290
314
312
336
328
324
350
352
362
356
384
396
444
440
434
364
416
386
404
390
384
386
374
362
392
376
378
390
398
378
368
346
452
432
414
418
408
434
402
394
368
370
370
374
376
386
382
382
382
440
372
366
276
338
352
322
294
298
252
276
294
284
290
284
298
284
290
284
266
270
252
236
208
214
220
238
244
246
240
220
218
214
204
206
174
178
160
186
184
180
186
168
178
180
178
180
182
180
180
194
196
174
164
156
160
170
184
194
172
166
164
166
182
168
186
206
188
206
182
188
178
206
184
198
206
206
190
198
186
186
202
200
194
198
182
206
192
196
212
228
234
186
184
242
264
182
208
274
244
130
118
214
318
288
92
118
154
188
154
208
188
212
220
316
208
220
252
274
288
304
324
320
292
366
402
396
382
390
362
360
378
396
350
376
392
364
354
362
366
360
402
392
358
416
386
390
294
342
356
344
370
366
374
354
368
376
352
360
354
356
336
352
366
364
370
350
320
318
316
310
308
328
316
304
302
272
260
280
266
268
286
258
250
222
240
248
244
230
238
260
224
206
232
212
214
204
192
182
200
180
198
206
180
194
176
180
158
196
192
186
180
168
186
180
164
166
186
194
188
218
182
208
178
182
172
176
194
202
190
194
184
200
200
198
204
204
206
210
214
204
200
200
214
226
218
212
210
214
224
228
220
214
230
182
236
244
230
236
244
278
302
312
330
324
368
408
380
404
366
362
350
348
358
362
356
372
370
382
388
398
416
410
418
434
450
424
436
324
300
272
314
304
246
322
306
296
338
344
324
316
318
308
306
284
308
324
294
240
266
260
248
272
324
338
308
318
330
330
298
320
326
310
316
312
324
292
254
268
288
290
270
274
280
296
274
250
242
276
270
240
252
266
274
246
272
274
252
262
242
282
260
242
300
270
286
256
262
236
246
268
242
250
226
242
220
246
232
252
256
226
256
254
246
226
248
236
242
244
246
262
248
264
238
248
248
248
258
282
252
270
316
246
266
274
252
258
242
250
236
248
254
312
248
268
260
262
262
306
342
322
236
260
252
230
228
222
274
238
270
240
288
246
248
242
246
274
248
288
302
282
290
248
290
270
304
286
308
286
308
304
312
318
324
328
328
344
354
348
162
104
106
106
88
82
90
168
236
144
114
138
102
128
122
118
168
182
126
160
172
174
124
122
166
118
122
114
158
156
156
188
186
140
138
136
140
134
122
134
130
120
132
160
170
162
144
140
130
132
134
142
146
128
146
196
178
156
120
116
122
124
136
136
116
146
168
240
192
128
124
128
108
112
114
138
152
148
144
170
150
130
142
144
168
180
152
156
156
148
146
174
194
166
170
180
168
148
212
202
228
240
200
232
194
166
162
166
160
154
134
144
140
166
200
186
182
160
208
168
166
162
160
162
196
182
190
156
120
222
300
206
222
188
174
148
172
198
226
212
182
198
200
190
170
196
192
170
178
196
232
192
180
202
198
186
172
196
172
156
170
