430
426
432
422
422
432
428
424
436
424
424
412
432
426
432
430
416
430
432
438
424
432
434
426
430
432
430
436
430
436
432
430
432
306
428
428
426
428
424
422
432
436
430
422
416
432
432
416
424
428
416
432
430
420
432
432
430
416
422
410
424
126
428
426
418
420
420
424
414
432
430
348
402
414
416
416
410
396
400
404
408
384
408
406
414
408
410
400
408
400
402
396
406
396
402
402
402
410
386
396
390
396
400
396
392
388
388
392
394
392
414
400
388
396
394
358
386
390
392
392
402
402
392
396
400
388
394
396
388
386
386
374
394
372
390
402
400
394
388
394
390
396
392
400
396
402
376
390
392
394
388
400
398
398
402
402
380
404
394
394
408
430
442
432
430
422
422
418
430
430
422
432
422
424
420
424
422
430
422
436
430
428
420
426
432
426
432
426
436
428
436
440
432
424
430
426
422
430
430
436
418
430
436
430
432
426
432
430
432
430
438
428
430
422
424
422
428
426
422
408
422
416
316
416
410
416
416
418
422
410
428
422
412
418
402
396
410
396
402
392
400
408
410
396
404
402
410
402
400
402
408
414
410
406
390
402
408
388
402
402
406
404
388
400
398
408
390
382
396
406
402
394
404
394
402
384
390
394
388
400
394
376
354
390
388
388
388
386
390
390
396
406
388
386
394
392
376
394
396
390
396
398
396
396
394
394
402
400
396
388
376
394
392
414
394
386
396
376
384
392
402
404
430
430
424
432
416
418
432
438
408
424
418
424
420
416
404
422
424
422
432
430
432
424
436
422
430
432
432
430
438
424
424
436
432
432
438
432
444
430
432
436
426
416
432
432
424
432
428
428
438
436
412
430
422
432
426
432
418
396
406
426
430
426
426
426
424
420
424
416
422
400
402
414
408
410
410
408
388
404
402
394
410
408
414
412
406
404
406
410
404
394
396
402
406
394
396
394
402
400
394
390
408
400
396
388
374
390
394
402
400
392
394
392
388
396
396
392
396
394
394
392
388
394
380
402
392
396
394
386
382
394
406
370
386
392
392
384
394
394
396
390
372
388
400
388
392
402
408
382
402
402
396
408
402
400
386
382
398
398
386
396
394
428
432
420
410
424
422
430
432
424
432
428
428
430
432
432
442
436
442
438
422
424
432
438
438
432
424
424
432
430
432
442
432
430
386
430
414
430
430
430
432
422
430
422
428
430
428
410
430
438
438
452
426
436
428
432
432
424
414
412
436
422
396
426
422
378
416
420
422
412
414
402
394
408
402
412
398
410
412
402
400
414
400
402
400
394
402
414
386
392
386
402
390
388
386
400
400
406
396
380
404
392
390
386
396
394
348
348
288
314
264
332
236
394
386
396
386
396
366
374
400
388
384
378
396
396
394
386
396
380
390
394
388
380
376
386
396
388
388
374
388
380
394
360
352
374
386
388
386
372
408
386
386
352
400
400
396
394
392
386
394
392
436
436
432
428
430
422
422
428
428
432
430
424
426
424
438
408
424
432
438
430
418
440
432
440
410
442
436
432
432
428
422
436
416
430
428
432
428
424
442
430
420
432
436
438
430
424
420
416
420
430
416
432
432
428
436
422
430
418
424
430
422
408
432
422
396
422
414
420
396
406
416
410
412
410
410
400
390
402
394
374
400
396
382
406
396
412
406
402
402
396
382
406
398
388
402
406
380
400
402
390
386
374
390
338
308
216
266
284
260
134
172
188
140
262
392
392
386
402
384
386
390
386
400
390
388
394
380
386
390
390
386
388
380
390
386
394
374
384
388
390
388
386
386
408
400
392
402
384
392
388
396
396
380
400
390
382
392
382
388
396
394
432
424
420
430
422
438
428
432
426
426
434
432
436
422
436
424
438
436
410
426
430
438
442
432
432
436
440
436
424
438
430
436
438
432
436
430
432
424
436
424
436
436
432
430
432
414
436
430
436
430
424
438
430
430
422
424
430
426
430
420
412
422
436
424
416
408
412
402
422
408
390
396
394
392
394
400
386
408
390
396
394
394
400
392
400
396
406
380
390
400
394
400
396
396
410
386
408
396
398
358
316
308
332
294
244
200
140
176
222
184
178
32
50
28
382
386
382
380
388
374
396
388
386
392
394
386
388
386
392
402
390
380
388
384
394
392
376
390
386
376
392
382
392
380
386
394
400
396
386
402
394
390
404
388
392
392
400
400
394
380
402
432
422
430
430
430
428
424
428
436
426
424
430
432
436
430
430
436
428
430
430
432
432
436
438
432
428
432
438
428
438
430
440
436
428
438
418
432
432
436
436
430
422
438
430
436
418
430
432
424
430
436
430
436
438
430
424
428
432
424
424
418
416
418
430
414
428
414
410
404
344
408
408
404
394
396
396
392
388
384
364
394
394
394
408
406
392
414
396
386
398
360
396
388
382
380
382
388
368
284
254
266
182
206
214
214
214
140
148
116
116
56
72
138
32
66
392
390
374
388
386
388
402
378
380
386
384
372
400
388
388
392
394
388
374
394
382
384
390
388
388
396
386
394
388
390
396
392
396
388
396
388
384
396
388
388
396
408
396
394
386
384
424
436
424
422
430
438
368
416
426
418
422
430
424
430
410
432
430
444
432
428
444
424
438
438
432
432
432
416
432
424
428
432
428
430
430
436
428
438
428
432
438
432
420
436
432
420
426
428
422
432
426
436
436
430
428
424
438
424
418
418
416
418
414
422
408
394
374
412
408
402
400
396
402
392
396
400
400
382
402
380
382
392
380
382
388
368
402
394
390
396
394
390
396
386
388
374
334
220
216
136
98
146
120
128
140
152
94
102
100
126
96
60
108
72
12
200
388
366
392
378
394
392
384
382
388
390
388
392
388
402
410
380
372
400
386
396
386
374
378
382
382
388
400
382
390
394
368
388
400
400
410
382
372
374
396
402
396
388
390
400
398
408
424
432
418
438
424
418
432
426
428
420
432
436
440
420
406
426
436
438
436
432
440
442
434
442
438
432
438
430
424
438
436
436
438
436
426
432
438
428
436
430
436
426
428
422
430
424
374
432
424
436
430
436
436
430
424
428
432
416
410
422
414
422
428
418
402
408
394
410
392
388
394
402
400
404
394
372
402
388
380
386
392
386
390
384
390
404
392
414
388
380
400
384
390
328
290
202
166
128
72
78
86
74
76
108
182
200
138
28
80
220
132
124
100
84
110
380
394
378
388
380
392
396
400
382
388
390
368
380
386
380
378
382
374
380
374
388
402
388
386
374
400
394
388
402
392
392
396
394
396
388
392
402
400
380
402
384
396
396
368
394
412
426
436
438
430
422
424
430
428
430
438
430
434
436
430
430
424
436
444
426
442
424
430
440
430
422
436
430
416
428
432
424
426
442
432
312
424
438
436
438
442
436
432
422
432
442
436
428
436
426
426
422
428
422
428
418
424
422
408
410
416
412
418
400
410
402
404
386
402
394
400
398
396
396
396
378
382
386
370
358
382
376
396
392
394
398
392
390
402
402
372
396
370
338
288
142
18
32
36
14
164
136
62
214
122
260
120
284
200
262
90
260
178
140
176
172
214
384
394
386
404
386
388
390
380
396
408
382
394
396
386
392
388
396
380
382
386
400
366
394
374
382
390
358
376
398
390
388
388
388
366
396
400
404
390
388
406
378
380
390
388
422
428
430
380
436
436
434
432
428
432
442
432
424
430
436
414
436
420
432
444
440
436
436
438
428
426
432
426
436
422
430
436
430
432
408
330
430
438
432
428
430
438
426
430
424
426
432
432
420
428
428
424
416
424
410
424
414
422
416
420
412
408
414
402
404
400
406
396
396
402
382
402
402
394
392
396
378
378
380
382
392
382
392
386
388
394
378
400
384
394
402
378
344
184
130
66
44
114
102
70
96
158
260
206
246
354
320
132
234
242
290
172
136
162
132
240
228
206
400
392
388
380
396
386
382
388
394
388
396
404
380
380
380
382
382
386
382
376
380
392
386
390
374
388
392
384
382
386
400
384
390
386
394
394
396
392
400
400
388
386
394
430
432
426
430
430
424
430
430
428
436
422
430
422
436
436
432
430
432
432
436
426
424
442
438
438
438
418
418
426
428
430
432
438
426
432
322
418
416
418
440
424
422
430
416
422
416
420
424
422
422
424
432
414
428
424
430
416
424
400
400
400
404
402
406
406
412
394
388
390
396
404
364
342
322
240
170
290
238
270
234
238
238
342
382
364
376
388
392
392
402
396
336
262
126
32
44
16
54
86
132
204
208
246
274
184
198
220
266
148
144
130
94
58
42
116
72
70
72
186
170
160
230
400
364
400
382
380
382
382
386
384
382
374
388
382
396
394
378
352
386
392
380
372
388
394
388
378
366
392
370
386
378
406
394
384
384
386
382
392
408
396
416
432
424
432
424
432
432
426
430
424
436
418
430
422
432
430
432
438
440
440
436
358
436
432
438
436
436
424
420
430
428
432
432
430
430
430
436
430
430
436
432
432
430
390
436
430
438
432
416
438
430
438
432
430
418
430
420
414
396
382
410
398
388
396
398
404
402
374
344
310
222
286
298
270
234
284
282
206
182
216
236
196
270
266
194
322
386
370
390
390
382
304
56
14
14
24
44
108
202
224
204
50
50
76
200
36
54
56
36
34
12
22
4
16
16
6
8
24
50
46
74
58
72
70
92
302
372
380
390
394
374
368
374
388
384
386
388
392
376
386
392
386
382
382
354
386
394
386
388
386
394
394
388
394
392
386
386
402
394
390
398
428
436
414
428
410
428
436
432
424
430
430
436
426
440
430
438
444
430
436
436
430
430
428
436
438
428
428
432
428
402
416
420
416
436
426
438
436
430
424
442
438
432
436
416
426
438
438
430
430
430
422
436
424
400
424
388
416
414
430
408
406
394
404
380
404
338
280
330
336
274
280
276
302
276
220
188
182
240
262
176
280
236
176
238
264
146
222
280
400
364
220
112
40
8
20
40
128
130
62
64
24
12
14
46
44
44
44
24
4
22
10
8
16
22
30
40
2
42
40
8
22
44
48
52
62
56
74
284
378
386
380
386
382
382
378
382
380
380
382
386
396
386
386
370
386
380
390
396
396
392
378
382
364
388
392
394
394
402
396
400
408
422
428
420
426
430
436
424
436
436
430
428
410
438
434
442
432
418
430
438
438
438
436
430
430
420
432
438
430
436
432
416
394
400
436
426
424
430
426
412
428
436
436
432
424
438
438
438
430
430
404
424
410
416
408
416
416
410
402
402
406
406
386
392
394
366
336
292
292
294
186
186
156
186
224
258
196
156
194
276
286
172
186
150
236
160
144
102
180
78
48
40
44
42
46
20
20
30
36
12
24
28
6
24
16
16
14
30
6
20
20
50
16
26
14
10
20
6
2
14
8
4
18
20
48
28
16
32
44
58
112
374
376
370
378
380
386
380
388
392
378
376
386
380
386
380
386
368
386
396
386
384
372
380
402
374
372
402
376
396
390
376
436
418
436
424
422
430
434
428
444
432
438
436
438
436
438
444
438
430
440
444
432
436
430
436
436
438
430
436
436
428
436
424
390
404
416
422
418
430
432
440
424
396
428
432
418
430
430
416
422
414
422
422
424
430
410
396
400
400
402
406
402
386
386
392
338
296
290
272
242
212
212
188
120
156
180
154
244
190
110
148
52
178
192
102
76
46
120
60
42
58
52
56
14
24
28
14
20
0
22
10
54
32
18
32
32
14
24
44
26
22
8
4
8
14
0
6
8
8
22
6
32
24
20
26
14
12
12
26
12
26
38
378
368
380
388
368
374
354
386
382
388
380
380
382
350
372
394
388
388
394
392
368
388
394
400
392
386
396
394
398
392
428
422
436
430
426
430
438
416
424
444
428
436
436
444
432
438
448
386
442
444
438
442
432
436
442
428
436
426
424
430
430
410
434
426
428
412
434
442
422
428
426
432
438
446
424
444
436
432
438
430
430
422
422
410
398
404
400
416
400
408
400
302
208
158
144
166
108
114
116
124
120
114
114
126
74
106
94
52
34
52
112
44
78
80
56
50
44
36
74
56
34
32
6
32
6
16
28
24
16
0
4
26
0
20
20
26
24
10
14
12
14
16
40
4
22
6
6
0
8
42
28
10
52
32
14
8
8
32
4
0
28
42
64
100
382
394
386
390
376
388
382
380
386
388
390
374
384
376
358
382
380
372
374
394
374
382
396
390
396
380
396
430
428
438
444
446
418
424
432
436
444
432
430
430
428
442
430
430
436
432
416
438
438
428
438
436
432
436
436
424
438
436
446
430
438
436
428
428
430
438
436
432
438
432
432
416
444
422
416
428
422
412
422
388
408
378
408
364
294
244
188
156
186
170
196
202
200
212
214
186
116
170
44
102
114
42
0
30
30
14
16
16
14
56
66
44
66
32
18
26
30
72
40
8
24
36
28
32
54
24
14
2
6
0
4
54
24
6
24
44
22
8
46
8
2
22
14
42
0
14
10
16
12
50
32
2
18
32
0
48
34
30
18
48
50
52
84
188
380
386
390
386
386
376
388
392
380
370
400
394
386
394
394
388
394
388
386
390
388
386
388
396
450
426
436
426
420
432
438
436
434
430
438
442
436
436
438
434
442
442
438
444
436
436
442
446
442
424
422
432
432
416
432
426
424
440
406
426
422
428
442
430
432
424
430
424
416
432
420
428
424
422
414
406
396
394
408
360
344
200
258
206
126
190
120
130
52
150
64
100
54
44
36
28
8
22
28
16
18
0
20
12
10
20
46
30
34
30
28
38
72
28
48
46
40
42
30
20
8
12
82
28
32
38
0
8
0
4
6
14
24
14
14
8
14
26
6
36
0
16
36
6
2
8
54
24
28
22
38
30
8
18
26
22
42
6
30
54
48
60
80
102
108
354
384
382
394
386
392
386
388
398
394
386
378
388
388
386
388
396
388
394
406
430
424
430
428
432
440
444
432
436
432
436
440
420
438
434
442
434
442
438
436
438
432
426
438
432
444
434
444
440
430
440
450
438
438
430
432
424
438
438
430
438
432
436
436
428
432
436
426
424
442
420
410
404
376
286
260
166
160
116
174
136
194
214
202
150
92
88
62
50
12
22
38
16
6
12
16
42
0
14
6
10
46
60
40
42
42
36
42
18
28
14
10
70
46
54
48
28
44
32
44
26
16
0
2
14
24
0
0
34
0
18
32
22
34
44
16
36
40
44
12
26
24
44
40
40
46
30
36
18
20
26
48
34
10
18
46
8
30
14
26
34
96
104
196
392
386
374
370
388
386
380
396
388
388
386
388
394
396
388
388
408
432
438
424
428
438
432
440
426
432
436
436
438
442
434
430
438
436
438
428
424
436
430
430
442
450
444
438
438
438
436
432
430
416
444
436
432
450
438
436
432
428
436
430
436
430
414
418
428
424
420
412
378
304
178
168
168
116
102
192
114
130
134
108
68
32
76
72
26
12
28
12
20
18
20
6
26
4
14
30
0
44
22
116
82
42
36
36
42
28
32
20
34
28
4
24
36
28
42
10
28
50
22
0
4
24
46
10
6
38
28
16
34
40
0
20
20
0
28
12
10
40
34
38
38
38
36
44
24
20
20
8
28
42
4
44
10
32
0
2
4
14
16
36
62
54
106
50
48
58
396
380
378
388
386
390
394
386
388
388
400
398
428
438
430
432
430
438
436
444
424
430
438
426
430
430
434
430
438
430
436
394
444
440
436
446
446
428
428
428
432
422
436
438
436
436
422
436
426
432
416
432
428
424
432
432
424
424
410
430
422
410
364
304
270
286
216
196
132
178
154
144
120
26
26
32
56
54
52
18
16
20
12
16
8
18
22
20
6
32
0
0
28
62
34
6
24
42
44
46
30
38
42
42
32
16
50
48
60
70
30
52
42
38
30
6
28
18
14
12
20
68
14
6
36
18
0
12
0
26
40
30
32
24
10
18
30
44
46
28
32
30
2
32
24
12
26
14
20
36
40
22
0
0
26
68
14
90
34
52
42
92
372
386
380
368
378
386
396
396
392
396
386
432
432
438
438
432
446
422
416
424
424
434
436
442
428
438
430
444
428
434
438
440
440
432
436
436
436
444
432
420
418
426
438
440
430
416
432
450
450
422
436
430
440
424
430
428
416
428
408
396
316
236
312
258
222
200
120
94
76
36
80
28
48
48
104
44
56
56
12
22
64
8
56
4
34
34
28
32
30
16
28
50
36
0
4
34
72
38
32
48
52
44
60
46
34
40
42
56
40
32
86
42
30
28
26
8
24
28
28
26
40
26
38
30
40
28
20
18
6
16
12
46
10
14
26
18
18
42
32
20
30
48
28
22
20
32
8
34
34
32
20
16
6
8
34
20
14
38
12
110
56
170
388
392
392
390
386
394
388
406
408
410
432
436
428
428
426
428
432
432
416
444
440
424
432
444
440
444
436
432
444
446
430
438
432
438
432
436
434
430
432
430
428
438
440
438
436
436
442
428
416
418
416
428
424
414
424
408
412
386
356
222
218
158
84
98
58
48
58
70
70
56
52
56
32
28
66
76
50
62
52
34
18
14
44
30
12
4
14
12
12
52
22
16
14
12
48
42
74
50
42
50
32
32
66
4
26
40
64
38
50
62
38
60
64
36
46
68
28
48
40
46
38
34
20
6
20
0
14
16
52
42
20
18
20
14
24
20
44
24
12
28
16
6
0
30
42
30
0
12
40
16
18
16
0
20
0
0
28
36
28
40
44
50
378
386
394
382
386
394
394
406
404
434
438
432
424
426
438
436
432
436
428
438
432
438
442
438
432
452
430
442
436
444
430
436
438
430
438
430
436
436
424
430
438
436
436
430
436
432
436
424
420
436
428
428
430
382
410
388
340
158
94
86
64
32
74
62
70
50
58
58
56
38
60
64
40
42
48
40
48
86
48
4
12
34
20
22
26
16
50
36
30
44
20
8
34
34
38
62
42
46
56
56
46
12
28
42
66
40
72
56
62
32
74
58
36
40
42
52
44
40
40
22
60
48
46
26
14
6
8
12
36
38
12
18
22
6
20
32
26
24
34
10
20
22
14
26
12
18
34
20
14
0
20
0
24
0
0
0
34
4
20
34
68
92
78
346
360
402
400
408
408
406
436
448
432
434
442
432
444
436
436
438
442
442
424
444
436
432
428
438
438
436
438
428
438
444
430
430
436
436
436
408
436
426
438
430
426
432
430
432
426
432
438
422
442
410
392
382
178
158
72
40
22
54
68
90
88
70
40
38
48
48
34
22
10
38
30
42
58
84
64
66
50
46
32
34
32
14
20
50
34
28
14
8
10
12
24
36
50
36
66
40
84
10
40
48
48
50
42
38
12
44
44
36
54
40
54
18
52
20
54
42
52
14
30
32
24
0
0
0
22
10
34
44
16
14
14
18
0
48
34
36
4
20
0
32
34
0
0
26
10
34
6
18
30
54
20
0
6
14
0
20
12
24
44
44
46
82
402
384
406
408
410
436
438
444
436
436
450
428
430
436
438
378
440
442
430
438
438
438
436
438
430
442
434
430
436
428
442
436
440
436
436
438
430
436
436
432
428
436
428
416
418
426
426
388
366
148
116
50
42
32
44
20
52
72
58
62
22
40
28
28
10
32
20
34
60
60
68
98
48
70
82
8
42
8
20
6
34
12
40
4
16
28
34
36
24
36
38
58
44
72
56
50
0
36
34
8
60
62
14
14
58
66
32
38
36
76
46
40
0
38
56
34
12
24
38
26
4
0
8
68
16
18
34
8
8
42
18
14
32
40
46
24
40
34
6
26
10
26
0
4
14
0
32
26
6
18
24
16
4
6
6
6
56
48
28
22
54
66
396
396
418
410
438
380
450
442
436
450
454
444
438
452
442
440
458
450
452
454
444
436
440
430
450
446
446
432
446
444
444
438
432
440
436
440
436
430
440
446
436
422
426
418
400
258
152
96
58
44
44
26
136
18
18
64
58
42
58
44
48
46
46
34
8
26
4
50
48
62
76
56
66
76
18
30
62
10
38
36
20
36
18
32
24
56
26
8
0
40
70
38
58
76
48
38
36
52
44
56
16
92
56
64
62
46
56
62
38
48
32
42
36
32
54
28
34
20
60
12
4
6
40
58
14
36
28
18
28
22
32
48
34
30
8
16
28
22
28
8
6
6
4
16
32
42
42
42
0
2
0
16
16
0
4
14
2
20
18
46
48
114
402
414
424
484
478
510
504
508
510
510
508
502
500
502
482
476
502
502
502
446
436
444
432
446
496
496
502
490
450
416
408
416
420
424
432
438
444
438
468
432
414
396
388
196
122
50
24
32
30
10
32
12
38
0
16
44
62
56
52
78
36
14
10
18
28
20
66
52
56
66
76
56
74
44
0
16
20
54
20
34
8
34
12
2
40
14
8
4
52
58
70
62
0
26
62
46
60
38
54
20
30
48
64
38
48
54
44
28
42
48
42
52
28
22
44
6
22
44
12
12
20
80
78
48
34
52
20
30
38
50
40
58
48
22
26
10
58
12
34
36
24
18
50
50
34
24
40
12
36
2
14
28
42
28
26
22
0
36
38
54
80
392
460
454
508
498
510
510
510
510
510
510
508
508
508
486
510
508
498
442
432
430
430
408
382
274
194
238
162
134
126
118
98
94
72
164
230
316
386
394
318
214
170
130
84
42
40
20
18
12
6
58
0
12
34
102
54
66
54
38
46
58
16
54
58
56
72
56
50
48
56
70
58
72
34
22
2
34
24
50
46
24
38
62
36
40
46
64
52
66
16
58
28
36
38
48
42
56
22
26
52
50
62
50
86
58
64
80
52
70
34
64
78
68
82
28
70
30
32
40
56
52
24
38
62
66
34
78
26
54
34
54
42
24
22
24
0
32
40
24
54
20
24
46
26
34
20
8
0
6
48
0
0
20
34
24
52
48
24
44
20
56
100
480
490
508
510
510
510
510
510
510
510
510
510
510
498
500
500
484
422
338
246
272
222
218
238
228
222
192
136
150
102
38
46
40
126
144
158
134
142
72
104
88
84
26
22
22
56
6
12
8
64
50
50
8
40
10
32
18
26
62
50
56
62
34
32
86
6
42
50
78
76
72
72
50
32
34
20
42
38
42
42
26
40
50
50
40
32
42
32
66
52
44
34
46
38
44
36
48
78
56
58
52
62
102
68
64
84
106
60
34
70
58
36
80
54
84
56
52
26
22
74
20
58
68
62
34
68
42
54
14
8
10
18
30
0
42
22
54
34
28
32
46
38
34
24
18
16
12
22
24
6
32
34
28
48
40
56
36
14
26
42
94
224
490
488
510
508
510
508
510
504
508
510
464
358
322
366
364
308
300
272
250
274
252
228
224
234
224
202
162
150
120
50
16
30
26
20
88
46
62
72
70
84
66
14
10
8
22
18
64
44
46
12
22
50
12
20
14
8
34
52
32
68
48
40
92
78
18
56
20
58
62
34
42
34
54
50
62
68
80
62
54
58
56
40
58
52
60
34
42
84
76
42
42
44
62
62
62
88
86
70
84
64
122
100
52
70
64
98
106
40
26
110
62
88
84
80
72
44
54
28
78
34
16
80
100
46
36
76
24
56
40
14
18
32
48
30
60
40
44
44
32
28
10
24
36
42
34
22
56
12
24
28
42
50
14
38
16
16
12
32
60
60
152
486
510
510
510
508
460
506
452
356
378
352
298
298
284
308
294
284
264
256
250
234
232
196
212
202
170
162
136
106
50
14
20
28
26
14
64
90
102
70
82
80
4
14
26
22
10
34
42
76
24
28
62
2
40
24
44
32
6
24
58
56
52
20
38
62
74
32
44
62
38
52
32
66
92
98
84
100
86
54
44
84
76
56
60
30
50
44
110
100
66
92
92
80
124
110
82
88
78
70
82
112
96
56
98
50
24
92
80
58
142
90
134
114
84
76
60
56
40
46
24
20
38
70
38
32
66
36
62
22
30
28
20
22
26
48
44
38
38
28
24
16
4
10
8
4
26
30
30
28
36
6
32
48
14
14
32
32
50
54
62
160
482
510
490
510
510
480
358
328
288
248
242
216
206
252
238
270
244
206
194
188
212
188
172
196
158
156
164
132
132
64
4
12
30
26
22
40
110
82
108
102
40
32
24
12
58
72
80
64
62
20
40
86
46
72
32
66
64
48
50
36
34
62
56
46
76
80
42
62
72
72
88
46
112
112
126
108
82
66
54
30
46
44
60
44
34
72
46
98
116
88
84
90
96
124
152
130
70
74
110
100
50
58
84
132
86
60
124
98
110
112
114
110
120
118
76
52
46
68
28
0
2
4
66
34
26
62
82
64
28
34
56
70
48
26
42
62
30
56
72
22
22
12
8
6
14
12
48
14
46
36
28
16
38
42
44
38
74
92
114
174
492
502
510
510
508
446
346
274
306
274
238
252
194
218
200
204
228
208
166
144
122
172
172
118
154
132
136
132
132
106
44
12
14
14
12
32
26
82
92
92
110
8
10
24
66
98
24
96
54
58
38
32
70
76
102
34
62
86
68
54
76
62
86
118
36
86
114
66
52
90
98
106
94
98
112
126
124
58
26
40
50
44
46
34
44
32
86
140
130
118
108
122
120
100
94
118
118
100
148
150
108
94
102
122
78
100
74
86
106
116
136
88
120
72
84
84
64
44
50
42
36
24
22
74
48
44
94
86
72
22
64
72
92
58
32
72
56
34
70
72
44
14
0
30
16
20
4
28
34
70
28
14
28
50
62
56
74
84
118
164
394
434
460
510
510
402
250
168
116
118
108
130
134
98
132
128
120
120
122
114
104
110
108
114
130
102
108
130
154
120
106
88
48
24
26
12
20
28
66
44
28
22
26
28
48
50
70
86
74
26
48
58
60
60
86
66
30
32
50
68
92
104
110
78
84
70
100
78
46
56
86
94
106
104
98
94
40
66
74
68
32
64
62
44
40
42
118
100
106
110
116
122
156
164
126
134
116
110
162
140
136
122
120
140
146
82
78
112
110
116
124
132
116
124
100
100
78
56
44
50
30
20
26
10
38
48
72
44
50
48
72
62
44
94
44
62
78
44
74
24
78
60
22
24
12
28
20
28
78
20
72
26
34
60
42
56
84
72
92
158
324
396
408
402
510
510
372
260
114
84
62
60
60
88
76
100
98
100
94
102
114
130
114
94
110
114
116
106
90
108
106
100
102
78
14
20
20
28
20
36
24
32
40
26
24
48
42
40
42
34
48
54
86
58
144
88
58
36
34
64
62
66
122
108
78
66
84
98
76
22
46
66
84
118
116
114
56
76
72
62
68
36
62
56
42
56
180
184
124
114
116
128
162
158
142
142
156
152
108
128
142
130
136
134
130
156
118
112
134
80
64
136
92
108
120
98
128
66
76
48
52
28
46
28
24
26
114
80
108
62
58
92
80
70
64
88
94
66
24
82
22
62
40
40
26
24
40
20
62
68
66
66
56
28
54
20
58
88
96
106
184
388
406
402
410
510
510
346
224
78
48
66
34
32
52
56
70
72
94
120
112
126
124
96
110
126
124
110
102
106
66
74
108
94
18
14
12
22
22
44
66
106
84
122
50
44
42
32
28
28
78
42
36
106
72
108
136
62
60
50
94
52
60
66
114
94
72
60
70
78
92
42
70
96
132
122
120
144
66
48
50
36
56
52
54
64
84
118
180
158
132
126
136
124
134
148
160
164
140
134
122
148
130
136
120
144
122
102
86
96
86
70
86
102
112
120
116
70
100
66
106
70
42
22
14
28
26
70
36
120
78
74
104
160
130
148
116
86
56
46
98
54
42
26
30
38
28
42
40
72
42
58
58
56
40
70
34
62
56
106
112
134
156
194
248
396
510
510
406
196
84
46
68
50
58
58
60
70
92
116
106
120
118
134
172
110
114
114
96
100
78
70
122
78
88
28
16
34
24
18
32
92
114
132
86
60
38
30
32
52
34
44
44
46
56
98
88
102
72
66
72
74
58
84
82
98
120
112
70
86
56
96
76
98
84
100
116
114
128
130
54
50
46
62
78
66
70
80
94
92
166
170
156
140
130
118
140
130
120
132
120
114
130
116
118
156
150
134
136
126
130
118
122
98
52
112
108
120
100
110
48
122
24
86
34
24
22
32
30
80
100
164
62
76
136
100
100
108
98
48
52
78
86
48
34
26
20
42
40
52
46
50
66
86
48
56
62
78
56
78
106
88
100
90
108
142
396
502
510
460
244
130
88
124
124
66
92
90
84
82
122
114
136
106
108
94
114
116
114
102
78
78
112
106
82
28
14
20
20
42
34
50
122
148
94
106
68
68
38
56
56
66
56
48
54
120
68
98
124
54
78
90
112
70
96
106
78
108
106
62
70
92
92
76
122
114
98
148
140
152
150
98
78
62
68
70
90
114
104
74
70
62
144
116
130
148
128
116
136
130
116
126
134
142
148
142
126
140
116
132
128
116
120
122
88
112
116
62
88
56
90
84
104
92
56
80
76
82
64
70
92
110
94
56
76
72
70
58
60
110
78
58
72
56
48
48
34
44
52
40
54
44
72
108
66
34
74
102
86
84
84
100
86
82
78
96
142
392
494
508
462
302
206
142
106
86
96
82
114
140
98
96
128
134
110
110
130
122
110
120
118
110
116
114
108
90
34
20
20
50
46
66
54
114
142
162
100
102
110
54
82
74
98
98
86
96
70
122
116
104
100
104
92
84
116
84
84
88
92
170
102
124
128
128
106
84
120
124
134
116
138
124
102
114
76
92
86
100
114
128
106
102
124
140
132
158
172
158
140
150
152
150
150
142
120
136
122
138
132
110
134
132
140
128
104
146
122
124
120
118
122
116
84
106
122
136
130
102
92
68
50
78
86
94
98
56
72
66
74
50
52
76
84
108
62
52
38
52
54
92
100
104
78
66
112
40
84
68
100
90
102
116
104
92
94
98
90
172
392
510
508
458
352
250
188
174
132
130
170
188
128
116
144
144
148
140
124
144
154
126
140
108
120
92
142
126
108
42
22
64
60
108
118
78
138
150
142
142
112
140
128
114
122
116
108
120
112
118
110
118
102
74
74
64
68
86
80
96
106
108
98
136
130
138
132
114
106
124
122
126
144
122
132
132
144
114
130
130
128
144
150
134
138
150
138
162
150
150
138
142
130
122
164
150
144
136
136
128
134
152
162
142
114
122
130
120
146
136
128
152
114
136
122
136
150
162
162
132
140
136
124
116
68
102
88
106
84
62
66
56
68
54
90
54
56
50
72
96
48
66
92
114
92
90
52
100
70
74
102
114
122
90
120
110
92
64
120
212
256
162
510
494
498
478
430
396
316
282
262
314
256
212
220
194
222
216
194
180
174
166
180
164
154
126
126
118
116
114
114
130
124
160
170
168
144
144
144
160
152
172
174
166
176
166
128
122
110
100
112
110
96
90
96
88
96
90
90
76
68
96
94
100
96
94
96
98
104
110
98
104
102
128
124
154
144
148
142
148
160
144
152
142
154
138
154
138
154
150
158
164
164
160
162
164
144
130
160
160
158
170
150
142
130
140
148
154
150
126
132
146
144
160
122
136
176
180
168
148
140
128
142
142
136
122
100
128
118
122
70
70
92
52
66
84
86
80
72
46
54
62
98
58
78
58
78
72
64
68
74
78
78
52
68
80
128
110
132
156
264
278
268
486
480
476
492
452
450
432
422
422
398
366
406
328
274
254
230
208
200
222
192
194
190
172
166
138
144
204
200
138
160
150
174
200
214
214
178
264
308
240
272
210
154
150
132
144
126
138
148
130
136
158
126
92
122
116
146
204
98
90
122
162
144
132
128
190
152
128
134
136
164
144
136
136
132
140
136
120
124
136
130
130
128
132
146
158
176
236
248
274
220
196
136
182
174
158
158
198
184
174
180
128
162
166
154
162
138
148
156
158
160
170
154
164
180
154
136
146
150
136
150
162
170
136
112
130
112
78
114
108
94
94
90
96
102
96
82
92
56
64
86
98
102
104
114
132
104
118
104
104
132
132
104
106
120
128
228
292
302
294
282
332
416
410
332
340
298
324
300
196
330
308
282
274
294
224
208
250
240
230
242
238
210
204
216
148
150
180
144
144
114
116
164
154
156
142
206
248
176
244
226
326
338
284
302
256
178
146
136
156
134
116
120
122
116
104
112
114
142
122
126
120
126
128
142
140
162
150
126
154
180
190
166
150
154
154
182
184
184
164
146
166
176
178
154
164
284
306
302
294
304
274
132
92
152
166
212
214
220
182
188
176
168
140
184
202
168
164
164
178
170
184
178
160
156
154
148
202
172
170
164
140
128
156
146
136
138
128
118
118
98
124
108
104
98
106
106
102
90
84
88
84
102
122
126
164
166
158
124
152
120
118
152
170
178
194
226
228
236
272
328
358
358
194
186
302
280
326
238
336
350
360
322
266
208
210
188
216
194
180
172
156
168
174
172
158
138
144
124
132
130
116
86
152
160
172
142
144
204
272
220
236
238
244
190
166
154
184
176
138
124
140
146
148
132
120
110
116
134
128
110
98
114
152
138
122
126
150
142
140
148
168
184
154
158
146
166
158
158
152
150
132
168
170
156
152
154
176
188
194
214
188
194
174
166
164
180
176
184
186
194
184
188
186
190
210
194
214
200
194
216
212
182
220
206
212
222
204
206
192
224
194
200
212
206
212
176
212
166
176
156
154
186
174
162
160
220
200
230
190
206
190
150
178
188
164
166
162
162
162
188
200
212
188
216
186
220
246
214
272
258
258
266
288
