360
382
356
390
358
420
428
424
428
428
432
402
416
424
398
402
416
436
414
406
382
382
396
384
394
414
408
432
394
408
422
382
436
410
378
406
374
368
404
424
410
404
412
382
410
398
420
408
398
420
420
432
402
404
402
388
396
400
418
416
416
406
428
402
428
414
414
428
428
450
420
404
412
462
394
430
410
440
410
410
474
410
496
470
422
418
436
466
424
436
416
446
404
432
396
428
440
460
448
426
464
450
422
460
448
458
428
444
494
452
434
424
448
466
424
450
416
456
422
478
476
478
444
416
426
430
450
456
462
460
452
482
436
412
448
468
436
460
438
460
486
414
436
460
470
486
496
460
460
456
468
452
446
416
434
452
450
432
432
446
438
400
370
416
388
398
410
414
428
440
398
410
416
420
440
422
410
382
454
392
440
386
398
402
396
394
398
404
428
396
398
412
394
442
418
390
412
402
382
392
428
390
418
432
404
432
390
412
388
426
420
398
378
446
412
418
382
398
422
404
400
382
378
430
408
428
406
444
404
386
430
428
394
406
438
450
428
424
408
432
440
450
432
458
422
460
428
450
430
410
396
398
416
436
446
438
446
458
440
428
444
464
404
430
472
466
484
466
444
440
426
450
468
442
436
436
446
426
430
432
472
450
464
462
422
490
452
460
446
466
450
460
430
462
428
450
478
424
424
450
438
412
452
468
466
460
468
482
440
456
428
448
462
482
436
434
460
438
430
416
464
430
374
378
414
402
406
402
424
406
426
428
428
434
420
420
440
404
400
412
426
394
418
402
402
382
420
408
420
392
402
388
428
420
382
418
406
398
412
416
356
384
360
386
394
398
410
408
416
424
420
424
404
418
392
410
410
422
414
422
402
412
418
422
414
414
420
408
406
412
428
424
420
432
426
478
424
438
394
438
418
448
448
454
402
456
434
448
416
448
438
428
404
436
418
410
456
444
462
424
448
460
442
462
452
424
428
438
440
394
444
436
456
414
430
418
418
492
438
456
456
484
462
452
448
452
452
476
446
440
462
450
458
454
452
446
422
450
454
448
434
482
404
470
498
448
432
432
462
448
420
430
428
430
450
402
452
456
448
440
468
446
406
370
412
412
382
406
400
418
428
428
428
440
412
414
416
414
436
412
428
400
408
414
410
420
396
402
398
404
398
412
412
420
396
414
422
416
406
384
394
416
386
402
432
396
386
408
398
418
390
406
398
416
408
404
406
414
438
448
422
424
416
420
392
358
410
432
422
416
376
350
378
388
378
364
424
426
430
442
396
424
446
450
450
436
396
458
450
436
466
456
422
428
414
440
414
432
436
458
446
452
474
464
450
424
424
462
440
452
486
452
464
404
434
432
424
422
452
462
446
476
478
448
454
444
456
454
458
466
482
460
448
448
446
452
424
446
402
476
414
460
474
474
444
446
462
452
452
440
436
472
452
428
460
436
452
418
452
450
426
394
450
424
390
384
402
420
386
406
424
404
434
424
484
412
420
434
414
416
410
446
398
424
432
410
408
412
418
418
398
404
402
408
424
416
412
406
398
392
398
370
408
406
420
402
428
412
412
402
400
416
412
432
406
436
384
402
428
406
434
436
402
414
394
386
378
400
398
412
380
366
374
328
374
388
380
406
418
426
422
434
454
444
428
430
464
410
442
458
416
414
418
404
436
462
472
472
452
418
472
424
452
448
444
416
432
424
434
428
436
426
466
466
444
442
452
472
448
476
464
440
458
458
444
436
450
472
464
488
426
482
434
494
432
478
470
452
456
448
448
464
482
420
464
434
468
472
442
446
456
460
456
424
416
466
412
434
446
468
476
458
428
444
444
372
386
406
428
438
434
422
396
424
434
420
438
432
390
424
402
414
402
418
412
406
432
402
398
402
406
412
420
400
402
394
400
398
432
388
384
390
398
434
402
418
424
402
410
402
392
408
412
402
396
398
412
416
396
402
408
404
406
424
394
348
326
392
412
414
404
318
350
360
356
328
372
428
422
422
388
394
358
272
422
418
462
456
428
418
412
438
470
444
446
446
424
402
428
452
438
424
434
452
428
446
436
432
458
450
444
430
428
432
446
442
464
452
430
426
434
420
430
478
438
468
436
472
476
444
430
460
460
440
486
456
428
488
428
454
458
466
468
446
460
460
434
448
458
430
440
422
436
432
424
438
454
416
440
452
440
446
432
424
408
446
400
402
416
414
412
398
428
422
418
418
450
436
392
412
396
398
416
388
420
402
398
390
418
428
400
420
398
394
372
412
394
402
408
398
392
446
432
394
428
436
418
394
408
378
408
410
398
418
420
420
428
420
428
424
416
414
396
408
368
372
356
372
312
364
398
382
400
286
346
378
352
398
418
424
384
368
300
376
366
328
430
396
320
458
418
458
436
440
438
402
460
434
436
450
436
450
408
378
330
378
390
346
358
354
402
382
394
422
388
414
414
426
422
462
462
416
450
486
456
468
446
436
444
448
422
488
432
418
418
438
462
438
478
462
456
470
464
456
454
456
418
452
432
434
408
412
428
430
466
424
422
428
424
410
424
436
444
408
430
458
458
344
382
392
388
402
412
402
394
420
412
428
390
406
428
418
394
398
412
408
408
414
428
406
432
416
390
404
390
412
412
390
420
398
394
390
414
398
412
408
450
420
422
380
398
404
398
434
430
432
422
424
438
408
416
378
400
400
422
394
304
278
312
338
366
402
392
352
354
358
336
404
422
398
348
332
346
378
320
380
376
394
420
350
316
382
410
428
380
428
428
426
398
416
446
424
378
196
224
210
286
324
290
322
160
230
322
174
174
218
188
330
402
170
466
436
462
434
452
424
430
474
434
466
426
420
466
444
452
424
470
464
468
454
428
448
440
488
482
444
428
426
458
416
436
428
482
444
402
402
428
456
396
424
440
424
412
452
414
436
434
452
366
376
382
390
390
402
418
398
408
418
400
424
426
416
428
410
418
414
446
402
420
432
424
422
410
408
422
406
408
406
386
416
420
402
406
396
404
442
426
410
424
412
398
398
456
400
432
400
406
412
420
408
412
406
306
306
366
352
372
342
304
374
174
388
410
400
292
392
380
336
360
416
384
400
314
362
412
344
336
420
432
416
364
310
330
430
392
388
440
420
398
416
464
420
328
206
190
140
186
200
124
294
290
286
308
140
92
62
74
260
240
308
332
378
448
416
422
454
422
444
474
468
448
446
422
484
442
446
476
458
428
492
454
428
468
462
444
454
452
448
446
440
430
426
456
442
408
420
432
426
450
444
454
402
428
436
444
462
428
410
426
360
402
382
410
380
416
386
414
454
422
408
408
432
424
394
446
416
442
420
440
422
414
414
386
440
414
396
420
388
398
400
390
386
408
408
398
412
402
432
422
412
412
398
416
382
402
410
424
424
438
424
404
350
346
324
358
334
358
372
404
330
326
288
392
418
236
344
330
304
366
404
382
396
408
386
334
310
420
392
398
428
388
302
264
392
374
404
416
418
374
428
432
402
250
256
174
138
128
164
104
184
180
338
340
304
376
324
324
368
250
262
172
220
274
310
450
466
456
414
450
428
424
428
448
470
454
432
450
462
454
444
456
466
468
460
428
428
452
422
436
440
448
422
462
406
432
454
460
394
436
438
434
414
426
410
446
430
474
420
432
412
392
392
370
382
402
408
398
414
414
406
390
420
416
416
428
418
420
412
450
412
408
406
390
450
416
412
404
428
410
402
408
420
436
396
406
428
430
426
390
392
416
406
390
406
432
430
458
448
406
426
408
398
354
290
332
358
342
346
406
416
354
394
344
392
410
344
252
304
308
368
416
400
342
382
408
338
318
404
424
394
334
350
364
212
412
410
372
412
412
436
428
396
248
152
142
100
136
248
70
238
170
22
152
322
338
266
342
246
254
216
266
286
246
212
224
366
410
444
452
466
476
446
454
466
470
412
458
486
466
436
410
430
452
456
418
448
432
468
418
430
436
416
436
440
428
438
446
418
462
420
414
432
446
432
438
414
444
430
430
452
446
406
398
390
394
400
388
376
416
394
428
446
408
400
426
440
416
424
392
418
434
398
426
446
390
418
424
402
414
434
384
450
408
424
424
420
424
454
450
412
390
406
402
406
390
416
418
418
442
370
338
380
366
358
376
322
336
356
342
420
416
350
404
412
418
398
78
348
384
388
378
400
408
346
266
404
420
420
376
416
424
276
274
418
364
356
430
420
320
406
336
422
300
248
266
158
292
232
170
66
234
172
186
182
328
288
416
348
238
282
170
238
242
220
218
66
268
434
440
468
458
428
492
430
468
450
466
466
450
454
382
456
446
452
408
412
428
426
422
438
444
440
430
426
402
432
462
424
448
482
444
456
422
470
450
452
412
414
432
440
440
434
358
378
394
392
384
382
402
402
416
436
412
426
460
406
458
408
420
402
410
420
410
422
428
396
446
406
418
406
402
392
396
406
406
432
386
408
378
400
384
404
420
422
412
424
486
406
366
372
372
342
298
320
356
366
388
350
344
344
392
420
370
342
388
352
392
376
260
360
398
400
308
376
392
418
332
384
422
378
264
412
416
284
392
428
414
206
400
368
302
410
156
360
400
252
284
266
402
314
262
326
266
360
394
348
266
382
400
280
246
272
308
264
280
316
330
308
252
476
468
434
484
484
446
448
456
486
444
494
444
424
436
478
440
440
456
424
458
432
450
442
416
414
426
426
424
448
446
460
458
418
422
428
432
434
458
458
424
436
458
422
424
378
390
392
398
394
394
410
382
432
398
428
408
412
460
426
434
402
436
428
444
402
432
418
390
382
396
394
410
424
412
420
428
416
380
408
418
432
416
408
398
414
422
422
428
414
366
336
264
342
364
374
342
338
366
416
420
352
384
400
412
412
346
354
358
386
406
392
348
364
364
326
248
332
400
410
276
410
428
376
302
400
430
220
358
412
318
244
348
348
250
244
242
238
146
172
138
172
150
224
154
222
254
310
260
276
228
258
246
188
156
162
180
100
204
164
216
204
382
422
442
466
428
442
434
422
448
424
418
412
432
416
414
442
442
378
414
450
436
462
414
440
428
424
428
450
432
432
460
460
444
424
428
448
448
424
460
452
426
444
466
456
400
394
390
402
374
416
386
410
390
416
408
440
420
406
404
412
402
396
404
424
384
428
422
408
436
412
412
402
430
432
424
424
398
436
424
402
410
428
408
424
480
460
470
430
362
380
344
352
344
340
360
408
420
416
422
406
326
408
436
408
296
368
416
390
328
354
378
324
320
234
278
358
322
362
412
386
232
336
376
220
100
286
326
294
226
230
272
294
326
180
264
294
186
234
188
196
172
140
118
176
182
234
222
264
186
240
252
178
304
222
114
200
46
84
104
164
226
214
252
302
306
254
282
256
404
418
448
408
466
444
410
438
410
424
444
422
436
428
440
468
434
444
408
428
432
428
428
436
422
464
424
418
452
452
422
448
434
476
426
448
458
376
392
392
402
390
392
392
420
374
408
402
400
438
402
436
400
432
420
426
440
412
452
386
446
424
406
394
420
420
394
422
424
432
426
416
430
428
402
434
424
426
438
440
412
334
270
372
326
338
324
422
420
400
362
404
408
284
320
352
380
388
304
362
378
382
268
318
318
308
288
252
258
378
216
154
264
190
188
182
136
250
374
288
278
256
274
216
314
232
234
314
230
174
230
170
330
276
226
182
234
136
330
206
210
240
252
272
128
252
282
310
240
274
150
130
40
190
250
210
230
274
234
276
218
192
178
194
194
412
410
438
436
416
422
410
432
466
436
432
434
426
414
472
410
448
432
432
442
444
428
406
452
420
478
432
438
442
444
426
456
450
386
382
366
392
424
402
406
402
398
414
434
424
396
456
444
398
424
394
436
412
440
410
440
396
420
406
402
392
420
406
416
418
418
436
432
396
446
420
418
404
310
432
428
348
368
384
354
334
324
358
412
398
372
300
348
372
392
380
344
390
398
398
348
334
350
362
338
294
298
338
208
156
150
160
152
158
156
222
198
220
222
264
250
172
284
210
244
206
254
250
182
182
190
214
314
258
276
280
148
234
290
246
290
248
270
232
294
256
224
258
214
176
184
164
206
158
234
206
126
206
212
234
194
30
156
62
124
142
76
210
208
448
430
426
428
444
430
432
422
416
432
440
436
410
436
448
426
474
432
432
444
444
450
468
462
432
456
474
490
406
466
364
364
398
390
410
414
394
410
408
398
408
420
390
382
412
432
390
446
414
410
420
382
392
426
398
400
388
418
416
418
410
406
420
398
402
388
424
422
420
378
412
438
432
354
302
330
340
350
380
390
424
408
384
348
326
334
398
412
420
336
236
390
370
304
410
252
282
328
262
288
244
156
192
142
186
220
236
180
198
206
204
262
346
304
296
226
252
172
204
250
278
276
304
236
214
228
206
216
210
232
230
210
308
280
282
244
138
274
282
276
208
282
214
262
188
184
196
176
218
176
162
200
194
116
60
112
98
120
42
110
78
92
124
224
292
396
424
470
432
450
410
438
424
412
428
476
454
446
476
450
432
456
458
456
418
502
486
482
492
482
470
368
352
354
360
388
386
402
400
398
398
430
374
398
374
406
424
406
390
368
410
402
400
432
412
416
420
400
414
424
408
414
436
424
402
410
418
446
446
390
322
386
406
376
324
338
336
314
340
400
406
422
364
268
262
386
392
366
230
348
410
404
250
156
224
372
200
154
258
390
266
206
166
210
286
192
298
228
302
212
186
110
216
250
286
264
270
344
242
276
270
288
262
274
260
392
238
332
362
262
130
206
168
312
204
224
282
330
198
226
282
256
202
272
250
218
236
198
184
198
124
204
180
150
98
78
118
132
118
122
48
114
180
152
218
170
216
126
208
264
424
414
470
456
428
438
426
428
428
490
436
476
432
482
452
488
456
466
426
496
482
462
350
360
350
376
356
374
370
416
398
374
382
390
390
398
388
402
378
416
390
422
400
432
430
434
430
420
416
410
436
374
384
410
382
394
414
416
416
370
368
372
360
420
366
304
316
316
312
366
398
370
370
372
330
320
300
356
370
364
318
272
152
256
186
366
420
240
210
300
266
254
214
198
212
234
186
208
240
196
214
218
220
290
278
344
348
262
230
326
286
300
202
268
366
404
316
220
304
300
300
254
152
170
164
96
178
296
266
260
262
228
146
200
240
142
82
128
232
92
32
6
76
156
176
118
130
74
90
180
134
114
186
142
160
164
142
144
170
172
182
238
202
208
350
434
454
438
460
440
498
492
480
498
466
478
486
492
458
466
492
492
480
366
372
344
368
360
368
382
362
382
382
398
400
382
366
384
402
412
404
428
412
424
412
440
420
398
424
412
414
392
394
386
418
424
408
406
454
404
402
332
310
372
324
334
328
330
310
364
366
372
370
262
286
342
402
302
338
276
276
216
264
276
200
218
274
278
276
296
222
226
214
236
254
188
168
204
226
190
216
248
198
208
202
182
300
292
238
256
340
290
240
200
230
214
222
216
260
270
240
228
310
184
240
188
224
154
212
150
346
290
230
154
230
228
172
172
124
66
60
160
72
84
178
226
180
212
218
206
24
136
160
140
208
234
38
200
160
160
146
168
130
208
108
188
166
252
76
268
358
450
474
456
470
476
502
492
486
458
462
470
452
452
340
364
380
358
360
356
360
368
370
354
344
366
366
380
382
394
384
378
402
398
402
426
432
388
404
438
382
410
412
418
432
426
428
434
414
420
398
370
360
364
390
358
324
322
320
372
366
252
298
360
346
330
294
146
294
264
258
242
242
214
286
192
204
270
198
170
186
338
276
238
246
308
208
184
284
238
210
200
214
224
184
188
208
228
250
284
210
322
212
154
166
146
204
318
256
216
288
372
264
226
252
260
190
230
240
252
172
248
352
228
170
216
190
72
36
154
122
206
252
98
174
268
176
278
270
274
164
198
186
68
130
250
250
148
120
62
134
84
150
164
184
222
268
212
102
120
154
132
118
440
498
466
486
480
506
474
474
482
492
462
478
352
350
366
352
340
352
360
350
350
364
370
360
374
364
366
378
354
390
410
392
412
412
406
456
388
416
450
458
412
416
418
428
412
424
448
468
438
422
332
294
330
320
362
364
280
350
316
362
376
240
204
228
190
250
354
366
320
308
266
188
182
266
202
196
204
230
246
278
298
230
370
306
260
262
196
182
214
140
164
162
200
164
270
256
286
206
214
228
174
280
196
232
174
290
266
208
282
274
236
288
298
334
228
356
354
284
318
398
300
256
228
204
172
158
128
24
182
234
234
180
170
102
156
274
220
222
232
130
142
266
338
220
240
188
230
182
168
98
112
22
62
396
60
56
4
132
24
66
86
118
482
486
466
462
492
484
482
486
472
474
462
346
336
324
344
344
350
350
366
338
350
370
376
358
382
368
396
388
390
388
402
406
394
430
410
414
426
464
424
406
420
406
402
386
408
402
408
398
364
288
366
308
274
254
362
276
344
222
180
202
184
166
166
258
248
268
160
234
270
242
250
276
190
190
194
262
296
300
254
282
230
286
258
296
202
192
162
252
196
150
174
150
140
206
244
226
192
236
184
194
218
230
162
212
262
274
244
250
392
274
248
300
286
372
312
342
310
306
310
274
208
282
226
304
366
158
196
194
194
184
58
128
168
262
250
358
366
258
288
286
340
194
204
246
162
114
112
114
184
168
188
116
0
56
4
56
6
0
0
32
148
152
484
488
480
490
470
458
472
466
478
476
328
340
356
350
352
362
374
370
368
362
382
368
370
392
384
378
370
386
384
376
400
390
386
394
418
428
444
406
398
388
390
402
386
400
390
402
424
386
274
296
300
254
222
236
136
212
112
140
164
190
252
164
130
78
210
214
224
226
268
206
252
162
184
254
256
310
206
242
234
262
220
228
236
218
154
196
128
124
152
138
220
144
188
208
176
248
168
198
204
292
220
240
228
230
272
252
322
336
338
262
346
362
352
406
300
240
314
302
292
282
314
294
292
238
222
154
214
130
104
210
136
228
330
306
368
320
378
278
292
232
174
204
180
174
144
102
130
128
76
0
72
10
4
2
0
0
8
2
0
68
140
160
482
472
496
444
498
478
470
458
458
340
358
360
384
412
398
390
390
416
392
384
382
370
380
376
388
380
412
394
384
382
386
390
346
382
370
374
396
382
376
404
358
354
362
374
408
442
422
376
270
250
174
220
152
134
134
84
120
146
112
142
138
146
200
296
250
282
258
282
240
286
218
134
218
192
200
198
228
216
250
206
266
208
208
232
122
102
96
104
170
274
240
226
294
334
378
350
314
290
256
356
346
308
304
400
362
426
404
354
336
398
434
358
198
68
112
276
332
274
98
172
260
218
218
238
264
252
170
156
288
248
296
110
190
266
240
328
384
316
168
232
236
82
102
28
16
84
98
150
12
26
0
0
194
2
0
2
0
0
16
6
84
192
270
470
492
448
448
492
446
492
364
386
362
386
406
406
386
386
418
394
386
394
382
394
378
380
382
410
386
404
410
382
372
370
354
358
354
354
372
368
358
374
408
432
440
416
416
396
340
232
240
288
250
228
90
26
60
42
126
112
152
176
282
262
270
310
276
200
288
188
204
162
184
132
216
192
208
190
172
218
226
178
202
182
176
108
166
126
124
202
210
218
336
392
378
402
402
344
336
310
294
342
360
342
256
220
398
440
432
272
288
348
390
340
190
196
244
302
224
166
156
196
228
224
184
66
132
166
246
114
274
390
292
230
218
114
282
310
172
120
220
128
46
176
142
42
136
54
16
0
0
0
8
22
4
0
60
0
0
2
84
58
108
68
138
280
470
504
474
476
462
384
366
382
398
410
400
378
398
406
412
404
402
374
380
374
366
366
388
330
332
404
398
238
320
388
272
236
350
266
158
274
314
302
296
258
292
276
324
322
258
280
368
230
152
124
142
160
174
240
224
266
156
224
218
316
224
266
172
240
230
150
220
272
202
216
182
148
178
238
250
188
224
174
244
254
100
200
140
132
220
238
218
266
386
396
410
394
404
342
270
256
282
282
310
338
378
386
314
332
398
448
402
346
234
320
266
234
256
290
198
148
202
250
228
232
112
2
220
218
156
178
490
408
314
284
240
190
410
220
100
342
124
84
116
70
4
0
92
42
50
104
146
80
20
18
18
46
80
0
72
32
68
52
86
100
150
190
470
482
430
434
356
378
384
382
386
406
366
442
356
332
362
314
452
388
296
262
262
358
326
338
364
414
394
320
376
348
350
352
262
210
336
338
328
356
272
270
250
284
346
332
320
278
234
188
192
228
204
116
236
200
122
228
176
220
278
220
246
164
168
240
240
190
172
178
232
92
190
124
152
212
214
122
132
196
208
210
238
256
242
238
260
178
146
120
112
308
362
382
348
306
244
178
264
312
370
426
390
422
394
378
370
410
394
336
188
200
274
314
248
190
262
230
340
304
290
236
286
314
174
202
152
338
440
314
236
136
256
496
392
330
338
118
146
76
0
26
62
36
46
54
86
56
66
0
4
58
64
16
46
108
68
0
0
92
32
162
114
182
468
458
464
412
376
394
400
402
392
422
438
314
296
266
352
390
334
254
282
292
344
364
322
344
360
410
384
396
414
388
384
244
240
236
294
240
272
320
290
302
294
302
340
238
294
184
220
238
206
338
312
278
328
200
190
214
188
290
346
248
198
140
230
268
206
264
252
260
146
92
78
160
280
172
198
172
146
112
232
298
268
250
290
198
148
170
144
120
332
368
354
364
370
364
316
308
354
364
348
292
242
288
312
346
434
442
406
274
208
260
300
296
252
244
278
316
320
344
198
302
332
236
210
188
436
446
470
290
244
230
166
412
196
220
108
156
144
128
58
36
74
136
104
82
106
48
52
66
48
144
70
0
136
134
40
78
76
136
94
72
110
168
466
500
410
402
406
384
392
364
378
360
302
260
266
268
372
366
294
296
328
356
410
382
332
348
388
354
344
388
430
336
318
350
370
306
252
256
310
314
332
232
278
252
230
254
274
180
298
354
312
356
256
318
344
250
248
252
322
244
222
212
170
224
210
246
234
226
194
166
100
162
178
226
228
242
184
88
120
174
282
294
310
268
200
218
148
232
206
318
352
350
352
372
384
368
356
336
328
332
324
316
376
374
402
394
394
266
166
248
314
378
318
292
268
312
282
326
348
294
300
282
238
216
208
264
468
342
376
434
234
172
248
330
206
142
168
108
96
58
114
128
104
106
84
82
28
88
112
132
146
146
160
152
126
142
178
180
140
104
54
148
110
450
482
312
318
344
332
366
378
314
352
368
296
236
198
266
292
278
362
352
318
318
352
394
410
336
312
330
362
384
436
356
326
318
298
196
228
146
184
276
290
260
262
266
278
338
364
326
306
220
302
176
208
198
268
288
300
322
136
220
232
148
192
206
270
272
240
252
242
130
200
230
268
264
298
228
140
176
202
264
266
354
286
250
258
256
264
228
302
256
372
438
404
382
386
392
368
364
360
330
368
438
406
398
320
328
330
280
314
326
314
292
300
342
306
330
314
374
356
356
312
256
190
222
166
348
468
380
342
170
154
192
70
442
218
202
154
124
100
86
136
120
46
30
0
92
52
100
132
136
166
174
184
148
156
192
124
164
14
80
56
154
476
470
98
82
82
328
396
342
348
440
430
294
138
106
152
168
216
242
210
234
286
334
336
288
260
288
308
334
364
410
410
306
326
342
326
214
232
250
326
376
276
284
234
190
382
338
260
222
232
154
206
128
202
250
274
364
320
334
252
252
268
238
160
260
298
298
260
226
228
244
252
264
322
256
230
232
228
270
264
292
346
280
296
298
378
274
278
352
250
494
350
436
394
416
420
436
430
418
390
360
388
314
384
370
378
332
200
282
328
314
286
326
322
306
306
322
342
382
370
318
256
248
194
174
262
436
374
154
158
266
126
132
284
330
256
252
174
164
98
140
124
22
12
48
0
0
148
136
160
174
152
154
146
200
164
130
142
180
140
224
446
450
444
62
100
138
354
424
458
420
276
220
188
154
126
138
164
262
284
296
294
264
322
400
374
328
292
270
256
316
366
418
426
364
372
416
294
286
338
440
440
406
324
368
362
424
350
262
256
258
254
250
278
272
294
390
372
358
388
288
276
298
208
244
274
314
338
286
282
248
268
258
322
314
274
256
236
262
248
282
342
330
326
260
284
340
226
274
328
322
348
408
464
382
436
446
460
462
456
462
438
438
388
342
352
376
312
368
320
342
360
254
290
336
310
298
320
362
400
400
330
336
296
216
196
208
308
430
324
306
324
230
114
108
340
240
192
168
158
126
122
106
30
24
40
82
34
172
172
184
170
116
192
158
222
186
202
200
118
136
442
464
476
466
148
134
180
346
386
296
292
314
314
194
150
126
120
124
156
200
282
258
214
228
306
322
294
224
282
320
284
296
380
366
224
334
398
308
298
274
424
470
444
460
446
466
440
266
338
362
322
350
330
300
330
318
308
346
356
342
310
298
278
302
278
316
346
354
334
282
310
252
276
368
326
252
274
280
290
286
274
326
308
312
288
298
328
274
324
324
332
488
426
464
418
456
400
502
508
494
490
488
470
462
442
430
416
378
392
392
356
196
244
336
344
346
284
344
390
404
70
198
338
318
286
224
200
224
262
374
382
330
354
224
206
280
236
194
194
186
108
144
102
90
148
144
172
172
198
162
198
202
198
174
206
146
214
216
186
280
442
396
348
494
420
242
236
250
294
426
406
370
304
234
180
174
156
176
246
250
230
228
232
294
328
326
302
272
280
286
350
304
290
362
344
268
384
396
336
320
324
386
424
330
358
374
378
394
382
362
366
266
348
338
346
346
342
312
292
320
342
322
326
290
298
314
324
338
336
298
308
318
302
302
296
294
322
302
304
296
290
318
326
338
326
264
288
318
308
308
332
340
362
414
400
460
460
468
432
434
502
476
490
502
476
434
458
446
434
406
362
366
384
382
358
236
334
360
356
324
364
372
314
404
384
332
286
232
220
244
254
262
384
428
354
302
204
240
232
160
192
222
192
186
170
198
186
190
240
144
144
230
226
198
194
200
118
202
208
284
274
278
292
316
300
344
270
264
282
284
342
420
412
390
314
232
180
188
270
286
230
164
198
220
294
308
280
262
318
320
306
266
302
330
312
284
202
280
370
386
360
366
342
338
340
332
328
322
394
394
380
378
362
362
378
378
382
394
366
382
374
388
392
378
342
354
350
350
330
330
308
310
320
318
306
294
296
268
302
304
292
306
300
316
312
316
296
312
294
314
306
316
386
368
366
422
502
502
484
496
506
490
436
492
508
460
416
450
446
440
420
406
388
350
382
386
376
374
374
350
312
356
292
342
452
388
392
330
160
244
228
252
194
206
140
192
276
220
206
260
206
210
222
200
284
254
234
230
222
200
186
168
272
192
226
218
224
168
236
234
264
264
230
186
246
294
318
258
250
276
260
290
330
330
298
250
216
226
308
332
266
226
160
254
296
302
238
236
258
328
346
326
254
304
304
290
290
358
288
336
364
374
350
314
302
308
310
306
270
408
454
422
386
340
300
304
328
312
318
366
340
378
402
430
408
408
400
400
364
366
362
338
350
340
338
322
328
320
322
324
328
326
314
340
322
330
340
328
320
316
324
322
340
350
352
352
422
492
498
504
504
506
484
490
506
502
464
420
384
434
492
474
450
406
416
392
390
406
384
372
316
320
354
396
334
454
448
332
342
304
260
250
218
222
198
174
156
146
158
198
190
218
254
284
254
216
226
250
250
160
218
222
230
238
234
252
232
242
238
246
242
254
290
284
226
234
246
306
362
456
270
230
316
274
282
280
382
300
344
358
378
278
274
278
338
294
232
242
278
354
350
252
344
278
318
338
220
286
390
348
336
244
244
248
260
266
302
274
356
352
356
344
422
404
346
318
346
336
308
320
362
408
394
398
378
390
366
382
390
354
300
354
374
346
320
302
320
354
382
354
354
358
410
366
470
402
340
314
442
348
280
348
278
290
300
320
340
380
406
448
500
474
460
502
482
488
504
438
450
414
408
462
426
406
400
442
432
406
406
418
394
420
374
382
404
396
392
478
428
416
374
294
264
240
230
224
194
142
176
194
216
206
210
214
216
214
234
224
262
254
254
214
224
238
264
258
258
256
254
238
272
282
272
280
296
314
332
322
338
380
266
384
268
248
242
222
270
234
362
290
244
248
230
240
234
260
240
212
218
210
230
268
260
280
376
234
252
214
230
246
256
232
218
222
244
286
260
318
290
350
330
296
344
398
434
406
374
298
336
334
294
304
374
374
380
348
324
420
420
384
348
344
396
418
436
424
382
424
452
434
414
458
376
364
338
346
498
472
348
304
416
390
130
114
138
314
198
294
384
356
376
456
416
454
442
496
488
434
448
418
406
376
436
374
340
308
364
334
318
310
318
404
460
452
426
420
438
440
470
478
486
396
390
292
272
252
256
242
276
260
208
218
242
234
230
206
222
254
248
244
250
260
242
252
280
296
300
266
282
284
284
300
336
312
320
438
414
390
400
384
234
270
188
202
218
166
182
282
192
274
258
218
242
194
186
202
278
278
218
206
220
254
240
198
228
256
236
206
182
204
214
220
248
224
206
214
238
210
250
232
210
388
246
226
266
270
246
240
228
236
216
192
184
272
230
218
214
216
258
260
240
258
250
240
222
232
228
200
210
188
222
236
246
226
320
242
200
214
250
304
296
122
126
164
128
188
178
218
206
318
396
372
378
402
418
434
396
414
410
390
320
308
352
332
300
282
282
318
340
310
314
328
334
366
394
388
406
438
466
504
504
494
472
422
330
308
296
296
278
238
260
280
304
296
226
270
290
282
260
260
254
258
264
254
276
284
296
332
342
368
334
364
308
446
446
426
448
438
432
430
418
328
336
342
340
378
362
352
310
278
266
280
270
270
284
250
248
282
262
282
276
256
292
278
248
224
226
234
264
176
170
224
228
228
216
240
286
236
244
244
282
220
332
216
212
252
344
236
248
194
164
172
226
208
196
242
242
224
184
224
234
204
208
184
196
230
200
226
250
340
212
240
268
190
206
176
164
166
250
234
180
140
218
216
116
160
180
228
226
104
182
214
202
186
214
200
426
506
506
486
448
446
476
440
374
344
316
318
304
292
286
278
286
282
274
262
262
272
506
426
442
464
506
342
348
360
358
336
332
308
280
306
298
300
304
304
324
346
364
360
356
380
368
368
376
366
390
378
400
422
382
348
348
306
460
458
450
472
456
434
414
394
356
368
344
358
376
374
362
356
322
318
326
280
324
388
320
308
302
278
352
380
320
302
320
330
322
314
310
326
318
302
302
480
328
330
370
390
352
376
370
370
372
330
342
360
372
338
342
310
334
304
304
276
350
286
276
362
282
286
288
268
258
308
204
216
180
194
236
278
336
226
270
282
284
186
200
268
240
186
236
238
200
164
240
208
194
250
252
336
274
310
242
272
288
282
250
242
298
298
264
310
402
358
332
334
364
368
344
332
324
346
354
342
344
334
328
302
274
286
270
258
236
278
290
322
328
352
348
366
386
280
266
326
222
210
274
342
350
430
450
446
420
418
416
418
434
456
464
444
430
468
436
332
360
392
414
438
418
436
442
448
472
350
476
344
336
346
332
402
292
310
328
310
310
332
318
294
332
336
330
416
358
330
352
336
314
324
310
310
338
370
338
330
490
344
330
338
356
338
330
360
340
368
368
356
376
360
380
348
360
352
386
368
378
362
386
352
368
504
380
372
374
364
356
386
364
350
376
304
368
374
336
332
344
338
308
352
382
376
336
282
334
300
324
322
340
328
344
360
382
320
364
352
398
412
378
380
322
306
286
396
356
376
392
358
328
256
208
190
182
252
234
278
230
180
212
224
220
190
182
184
170
212
170
178
202
274
236
216
210
220
248
242
238
260
220
252
260
254
312
282
266
290
386
392
392
428
422
388
420
442
432
396
388
380
450
428
430
434
466
368
340
352
256
276
286
260
320
202
358
296
288
342
146
284
334
274
324
204
402
384
370
308
376
370
454
348
470
356
362
402
352
352
356
504
360
344
276
322
308
296
326
334
346
288
232
296
246
368
382
322
476
340
298
278
414
320
344
318
374
314
202
136
168
286
356
360
308
368
222
188
202
418
310
312
332
344
312
308
314
280
294
196
226
310
308
408
364
290
266
266
194
260
302
218
322
356
374
384
438
388
362
388
368
386
354
322
336
326
322
326
320
334
306
368
338
318
334
348
310
306
356
318
266
370
344
510
262
316
330
306
366
306
356
326
282
280
302
342
298
340
352
378
396
344
306
304
306
376
398
372
386
400
392
412
418
412
420
424
446
430
436
442
454
222
404
308
298
444
284
212
426
308
436
472
468
234
322
284
308
510
264
252
238
262
204
350
466
374
432
420
510
372
470
380
328
354
334
350
292
300
334
354
332
438
392
332
392
308
340
328
298
406
282
290
214
228
366
300
284
456
340
232
318
244
144
290
262
242
262
282
156
130
328
252
170
136
198
212
240
272
314
282
266
216
264
152
206
256
270
202
232
210
354
180
270
202
338
238
286
216
212
202
186
186
194
198
194
214
196
212
206
184
230
198
218
228
232
226
294
322
292
298
274
328
200
296
372
252
304
286
280
306
340
312
228
258
210
252
376
226
320
330
336
358
374
320
346
396
274
344
338
354
352
360
350
358
362
416
434
404
420
406
430
428
