440
430
444
448
456
430
448
448
450
438
434
434
438
442
454
452
434
436
444
418
444
434
428
446
440
448
450
440
442
450
444
440
444
434
422
446
462
454
462
454
442
448
454
442
446
434
466
446
444
444
462
430
456
442
450
446
460
446
450
434
436
434
436
422
416
436
440
434
440
436
422
424
426
424
408
398
430
420
416
412
424
422
434
426
410
414
420
410
416
420
416
414
410
416
398
384
418
404
416
410
414
398
414
398
404
400
408
408
404
410
404
388
408
414
404
406
420
404
410
404
414
402
414
420
400
398
394
404
378
402
410
392
392
396
392
382
394
402
394
406
388
394
398
398
410
380
392
398
402
388
408
384
398
380
408
402
398
394
378
398
388
450
454
440
428
442
450
438
458
440
448
430
454
444
440
428
446
440
434
428
430
434
450
434
444
440
444
450
450
438
442
428
444
452
440
428
450
424
454
440
440
442
450
446
476
440
442
444
448
440
450
456
472
440
410
440
436
450
450
434
450
436
430
434
416
400
430
434
420
430
416
426
414
414
430
390
414
424
404
398
408
410
420
420
428
400
404
404
408
416
420
420
436
408
414
410
414
394
400
410
410
400
410
392
394
416
400
410
394
410
404
416
416
404
388
416
398
402
408
398
410
398
378
398
420
400
408
402
404
392
396
372
398
402
394
402
408
398
404
398
404
404
394
398
398
394
388
400
388
392
392
388
398
402
404
394
398
402
382
388
398
376
440
440
424
444
434
440
454
450
440
412
444
434
424
454
440
448
444
462
428
442
434
434
424
440
436
442
454
440
440
448
440
450
444
448
464
442
450
424
440
434
440
434
448
446
436
454
448
450
458
434
454
440
442
440
430
446
442
440
430
424
410
436
434
420
384
418
424
426
416
418
408
434
416
416
424
414
406
408
406
404
404
408
414
410
414
416
420
380
410
384
408
410
392
410
404
402
398
416
406
408
388
398
406
392
384
400
396
400
374
404
398
410
404
394
396
414
412
394
424
400
394
388
394
406
340
392
398
414
398
402
384
394
406
388
408
402
398
378
382
398
404
408
404
400
420
364
402
394
388
394
396
398
414
416
402
392
406
398
402
392
404
450
450
440
450
454
444
438
428
450
444
424
434
450
404
450
440
436
446
440
440
432
434
434
448
434
430
404
444
440
430
454
448
450
440
438
440
438
454
442
454
434
444
446
456
466
450
436
462
454
440
460
456
464
426
434
440
434
434
430
436
454
408
406
418
406
406
396
342
298
332
386
402
354
306
376
380
300
380
414
362
404
416
394
404
416
398
404
432
408
394
414
408
408
396
406
402
398
394
416
398
388
398
378
350
330
332
380
354
306
330
382
404
388
400
380
404
404
398
412
416
398
402
410
394
396
378
390
404
408
398
402
382
336
402
378
402
388
350
404
408
396
386
396
390
404
398
406
408
414
398
414
410
408
428
410
402
402
408
306
398
414
434
448
440
438
440
450
450
442
434
422
434
436
428
424
432
412
444
450
448
454
444
444
430
444
444
434
440
450
414
444
444
450
448
442
436
450
458
454
450
460
442
444
436
454
440
440
434
440
442
440
448
446
442
446
446
434
424
436
436
422
430
406
416
408
396
280
364
358
370
362
338
388
362
340
328
358
358
352
282
360
330
368
406
412
390
404
394
404
402
404
414
420
394
414
408
410
388
418
426
354
324
330
324
316
342
354
346
318
326
330
310
324
330
332
384
416
400
398
404
414
404
388
404
402
394
390
408
402
400
394
402
402
404
402
404
398
402
392
398
368
362
394
398
394
392
402
408
408
408
404
424
410
376
394
406
402
414
404
412
402
382
444
444
454
448
424
442
450
440
442
434
442
408
444
434
428
424
418
414
430
448
452
454
440
434
442
450
436
450
440
450
440
440
448
450
436
446
450
434
466
466
454
462
460
444
430
428
440
434
430
440
456
450
436
448
426
446
436
432
434
436
424
318
350
384
386
342
336
328
382
370
368
396
346
372
346
360
362
380
368
398
356
318
394
340
410
416
388
420
420
410
384
398
388
400
400
402
434
404
354
294
322
362
284
254
270
346
336
340
298
354
348
278
322
380
404
438
368
404
414
404
406
408
394
420
402
404
400
400
388
392
414
398
396
410
388
398
410
408
410
404
398
402
402
368
414
382
388
402
394
392
408
418
402
396
398
398
414
408
410
408
394
450
444
452
454
468
444
438
418
440
428
434
434
446
456
440
440
442
414
448
448
424
444
440
448
446
418
444
444
454
384
448
440
460
438
442
436
450
450
444
456
444
434
454
436
440
440
430
428
420
438
438
440
434
436
426
442
432
432
376
326
356
368
342
336
332
392
386
354
318
382
416
392
316
318
390
374
336
398
404
378
358
380
400
296
334
396
402
404
410
408
408
394
378
394
426
438
358
286
234
196
184
312
308
264
264
266
336
320
218
308
292
244
246
310
294
310
356
394
410
414
414
408
406
398
404
372
376
378
424
402
390
404
392
398
406
398
400
408
408
392
398
400
414
402
402
404
408
414
410
408
406
418
410
420
412
408
408
410
412
398
414
448
442
450
444
448
440
450
438
430
448
440
434
430
444
424
432
424
436
444
450
448
442
452
442
454
450
436
450
456
434
454
440
456
438
442
446
448
422
450
446
434
442
428
460
434
428
426
430
434
404
430
446
430
416
438
418
352
340
354
362
364
356
378
384
362
328
378
410
398
400
378
386
382
314
366
408
412
378
376
398
336
354
398
306
336
358
400
404
398
394
410
394
410
392
398
300
174
270
306
184
194
206
302
316
290
258
330
332
246
290
240
198
172
210
172
276
346
398
414
410
416
398
408
416
408
406
410
408
398
408
398
398
408
382
408
402
388
398
392
398
424
418
392
404
414
410
414
418
420
414
394
418
410
420
408
408
418
408
408
402
398
454
450
442
444
438
444
430
422
440
424
440
422
444
434
452
450
424
402
444
450
436
430
448
456
456
444
446
434
426
452
460
448
444
454
440
440
438
434
420
418
422
424
444
434
414
434
440
424
440
424
420
420
406
380
422
396
342
348
348
372
398
360
354
394
412
384
390
330
358
392
382
306
386
402
302
306
396
396
256
384
392
328
360
386
288
388
334
382
396
396
394
410
414
428
312
216
150
140
220
288
202
232
320
348
362
308
288
346
358
302
252
246
136
168
192
136
200
406
388
426
414
408
396
414
414
394
416
398
420
400
414
402
424
414
408
408
384
390
418
402
424
400
398
424
428
424
416
414
408
428
410
424
438
418
418
424
420
414
418
398
408
442
450
422
440
440
434
438
434
424
444
424
444
434
440
424
436
424
424
428
424
442
444
460
436
442
450
442
454
456
436
450
444
428
436
424
420
446
434
430
420
442
446
422
422
434
430
426
440
414
404
410
376
348
338
342
396
374
370
368
368
370
398
390
394
332
336
402
402
296
358
388
390
314
408
402
370
308
376
358
300
366
398
364
376
382
358
362
220
396
396
400
420
348
252
272
154
160
178
140
240
332
290
324
288
370
376
312
334
376
280
216
240
196
172
258
162
222
426
394
404
388
394
394
392
398
392
414
416
414
414
404
402
376
402
418
418
410
408
398
362
400
416
404
380
414
388
388
424
430
408
418
400
408
418
422
420
404
408
414
388
398
450
444
442
440
428
440
444
448
440
438
448
430
434
428
440
434
436
442
434
434
456
446
438
440
450
428
450
454
406
354
442
454
428
424
428
444
430
440
430
440
438
420
434
428
416
426
416
426
426
386
360
356
368
366
378
382
354
342
382
380
362
374
376
390
392
312
318
398
392
334
336
388
354
374
428
392
242
378
396
364
398
396
338
332
396
306
378
298
354
386
402
410
264
254
264
258
204
256
216
354
336
370
388
308
298
370
320
302
332
296
156
258
244
200
292
254
232
404
360
398
410
398
420
416
404
394
388
404
408
404
418
418
408
414
424
420
414
404
408
424
392
400
402
420
410
410
412
424
414
426
418
412
424
408
392
412
404
394
424
414
410
448
442
450
442
450
434
406
434
448
430
430
436
434
432
428
444
444
450
450
456
444
446
448
446
446
456
454
428
450
440
446
444
442
450
440
424
440
430
428
420
436
430
442
408
430
414
418
422
406
360
356
354
352
388
400
402
388
342
338
358
398
410
306
316
394
402
390
342
392
418
342
370
386
298
286
402
362
310
396
350
302
386
406
294
394
366
324
394
280
400
382
364
230
160
184
318
344
348
378
370
314
328
360
292
264
322
302
186
210
300
198
174
254
178
252
282
228
394
398
392
394
410
386
410
382
406
408
400
378
410
416
404
420
416
418
408
408
402
416
384
414
404
394
404
404
418
398
410
430
414
412
414
410
422
424
402
408
428
414
394
414
448
434
440
446
460
434
454
434
450
430
442
440
434
444
448
430
440
440
440
446
460
418
444
442
436
434
446
260
462
430
442
428
460
428
444
440
440
430
422
420
426
436
402
440
410
408
344
330
354
372
368
376
348
384
404
336
392
396
386
340
370
396
396
372
310
364
402
388
342
372
392
302
342
400
278
278
392
278
276
378
322
290
378
350
252
368
238
258
328
232
324
356
332
286
322
356
288
192
242
240
196
212
140
200
176
216
222
128
84
170
122
86
34
68
118
124
146
134
156
130
172
216
326
396
416
398
388
406
408
414
400
416
416
394
406
400
416
404
408
408
414
422
408
428
414
418
398
422
414
418
414
408
410
398
414
408
414
404
412
414
398
454
450
434
432
448
422
428
440
438
430
438
450
442
436
440
440
436
434
434
462
452
430
440
450
456
458
440
440
434
446
436
424
410
434
434
440
430
426
420
426
422
414
430
410
378
356
366
348
356
358
356
366
408
396
380
382
316
332
378
398
388
292
348
394
398
324
272
406
398
332
356
396
302
332
376
180
238
358
166
180
342
254
240
278
192
196
192
198
178
188
182
198
104
36
124
164
82
36
86
110
192
156
118
150
170
182
150
142
136
120
108
110
110
136
102
162
166
152
144
156
118
218
100
102
128
154
318
380
404
416
404
420
426
416
418
418
408
414
414
408
414
414
410
402
422
420
418
408
430
420
402
402
408
418
402
420
414
408
408
402
388
448
440
448
450
442
450
444
450
444
448
446
440
462
434
444
418
430
428
450
448
454
430
454
438
434
440
434
428
450
428
446
436
440
434
418
440
410
442
420
422
408
420
422
386
326
342
336
380
354
346
372
386
396
358
386
396
386
334
340
372
396
376
294
374
388
398
310
326
382
320
278
362
358
78
276
298
92
142
112
110
218
200
168
206
224
224
186
188
182
222
78
78
82
78
192
146
142
176
172
170
130
148
172
160
150
160
120
130
124
142
110
100
94
164
132
144
138
146
162
124
90
98
78
100
74
108
114
100
234
400
418
412
408
410
410
420
408
410
414
410
420
404
414
414
414
414
422
414
414
414
408
402
408
400
394
414
410
418
398
408
394
438
444
428
452
420
408
446
460
458
434
440
440
450
444
424
444
442
424
440
446
454
448
436
450
444
438
450
434
402
414
440
430
430
424
414
428
416
426
416
420
410
410
406
364
366
376
392
388
368
344
360
398
396
382
356
354
342
406
406
334
276
382
354
292
294
344
382
176
226
314
198
122
214
130
50
44
34
18
72
170
204
188
206
208
208
178
154
210
194
204
228
146
148
204
166
224
192
150
196
178
118
126
126
136
134
146
134
64
92
68
166
32
102
114
166
126
148
158
166
114
64
60
54
84
62
42
114
136
88
182
254
338
384
410
424
390
404
410
404
408
420
442
408
404
388
408
400
416
414
420
414
414
412
418
350
414
408
410
414
396
394
444
444
454
444
438
422
430
436
450
424
430
444
424
442
440
442
452
436
430
428
440
434
428
440
456
460
440
434
436
454
434
448
422
438
424
420
408
404
408
410
406
412
326
338
362
368
414
386
366
372
354
324
352
368
398
392
316
358
388
382
338
274
308
368
270
120
202
208
198
162
190
160
106
146
26
58
86
56
194
212
192
238
214
232
224
148
176
120
182
244
192
178
182
198
168
126
250
196
80
134
160
182
118
136
166
160
116
156
126
192
22
110
52
72
108
144
102
82
142
100
112
174
48
122
120
114
100
126
130
290
150
100
94
98
124
184
300
390
396
416
404
408
410
408
402
400
388
388
402
414
418
392
404
410
410
402
408
398
414
404
398
448
444
448
448
446
446
454
450
414
440
448
438
440
434
442
446
430
446
456
442
430
442
442
434
436
420
434
440
434
454
450
440
446
416
424
414
430
408
414
404
400
396
362
368
368
360
372
374
336
366
380
396
394
348
294
378
392
332
290
324
370
230
76
104
176
228
192
192
220
212
214
224
116
84
76
78
44
68
222
230
236
196
178
180
156
114
94
156
178
202
232
210
248
208
196
58
146
190
146
110
58
136
156
176
32
68
100
112
88
88
78
106
78
78
94
110
82
158
152
152
186
186
172
120
114
122
96
110
120
92
104
106
118
130
100
114
112
136
124
144
218
354
374
408
408
394
396
398
404
392
400
394
398
400
410
404
414
408
404
404
394
446
444
450
440
444
444
446
454
442
436
444
434
442
414
436
424
436
420
436
440
406
434
436
428
440
442
446
442
446
428
434
440
440
424
430
424
422
420
388
390
398
348
362
368
366
346
380
360
356
282
330
410
352
390
346
240
320
352
312
202
186
166
174
186
230
214
232
228
258
226
208
86
50
36
196
66
26
98
170
150
298
208
172
104
176
100
170
270
182
186
278
58
204
212
138
52
2
64
92
26
102
150
90
54
22
58
64
174
140
12
68
8
118
84
84
134
166
250
238
194
236
176
144
114
146
138
80
86
28
104
108
182
132
176
142
146
140
140
212
214
150
144
118
138
152
146
98
178
318
388
398
416
398
392
390
400
408
402
396
418
392
446
450
434
440
458
434
440
442
436
440
442
436
434
426
436
434
442
420
442
436
414
442
416
438
434
424
426
436
446
434
436
436
410
404
416
430
414
398
400
404
378
356
350
368
368
302
314
366
374
362
350
298
260
374
382
276
204
156
170
216
196
212
182
230
202
230
228
234
238
164
176
92
110
60
50
18
70
160
204
132
158
154
114
124
130
80
216
258
206
218
204
110
284
208
4
52
76
0
40
10
216
182
210
66
144
72
90
126
98
30
68
98
130
184
182
264
264
214
238
200
194
138
142
92
126
126
152
128
82
150
96
118
62
180
150
142
276
262
226
324
202
154
176
132
104
134
94
154
156
404
388
378
414
416
390
398
410
414
356
398
408
444
422
446
450
438
424
422
422
400
388
404
368
404
348
344
354
342
384
428
434
422
414
428
432
442
430
426
436
426
414
426
430
404
420
416
426
410
404
396
370
358
340
344
320
346
330
332
292
276
360
368
358
302
168
226
196
160
192
208
208
192
212
214
232
232
160
200
242
196
102
114
150
56
54
62
86
148
40
164
134
170
216
30
184
198
246
202
74
260
214
98
192
270
278
88
220
174
76
186
184
112
192
156
138
182
140
134
164
46
0
0
158
92
212
188
238
224
196
194
234
184
170
190
188
192
174
194
222
214
136
230
178
148
222
72
160
216
254
198
200
184
204
220
204
130
180
94
114
132
270
328
404
408
408
404
408
408
378
388
410
396
440
444
434
450
430
406
366
434
420
356
332
336
336
336
394
348
356
392
394
358
266
348
418
422
406
430
432
430
420
426
422
406
426
414
420
384
422
384
390
360
352
378
374
316
264
290
336
350
356
172
156
96
62
222
172
156
176
184
192
136
182
192
222
166
74
176
172
182
158
128
160
158
16
28
34
12
52
44
114
244
274
236
176
248
306
270
262
232
222
250
220
198
248
262
102
232
110
126
176
164
210
176
68
134
178
34
142
0
108
104
30
160
168
180
148
156
202
226
186
204
224
252
178
108
90
152
182
102
130
98
102
150
160
200
178
22
128
130
250
14
196
186
180
208
152
160
138
124
90
124
164
386
418
402
368
398
394
404
414
400
408
440
454
428
444
434
416
406
416
412
380
358
324
340
358
370
372
404
368
362
368
382
334
364
334
276
352
396
422
390
414
404
420
404
412
406
392
396
386
390
390
376
346
296
272
276
316
216
158
178
130
90
94
124
190
176
192
108
102
66
86
46
176
252
130
134
206
252
250
190
154
206
226
186
186
138
138
160
188
222
264
274
258
272
284
220
274
300
202
82
198
260
172
320
202
202
84
176
148
130
106
220
204
178
264
266
164
232
88
46
138
106
152
176
146
122
178
158
176
160
140
194
204
152
116
176
186
248
148
92
188
130
136
180
138
78
74
84
54
0
0
0
12
56
0
110
66
80
108
108
88
76
394
398
398
404
394
376
398
400
410
388
440
418
440
420
422
386
370
386
396
396
362
362
358
362
362
362
372
398
378
358
378
392
362
324
324
348
308
220
362
406
408
410
402
396
408
402
396
396
396
372
384
356
318
274
244
302
232
138
86
76
52
168
220
202
130
46
210
18
86
88
174
232
250
278
230
252
276
268
222
196
248
252
150
146
84
96
80
108
254
292
254
268
254
226
210
296
256
124
130
288
228
316
302
228
264
280
270
236
296
228
240
246
240
242
234
126
194
186
62
220
196
174
156
204
90
114
156
186
164
174
156
250
84
242
184
152
172
124
80
188
186
178
116
66
48
2
34
62
0
0
0
0
0
0
58
88
104
110
140
136
134
162
388
400
388
392
378
400
398
410
400
446
444
430
434
432
356
360
376
374
394
378
374
388
390
404
388
394
362
352
388
404
352
334
352
368
326
360
342
252
268
130
266
380
390
384
402
396
390
384
380
380
346
338
306
244
200
190
132
110
106
148
122
198
112
116
72
174
148
134
98
170
152
228
228
240
234
224
210
146
274
270
274
124
134
62
118
138
124
286
286
246
310
306
306
314
256
218
308
346
266
262
276
270
290
308
260
270
260
258
254
206
270
186
220
194
226
218
198
228
148
184
224
210
136
162
114
108
114
128
168
236
276
238
236
210
152
140
54
156
96
108
152
56
94
0
0
4
100
114
34
20
2
0
0
18
114
152
150
188
166
224
208
192
334
398
404
404
416
420
402
414
440
444
444
422
426
412
376
328
356
360
396
382
372
360
352
372
396
418
394
364
354
332
384
362
324
314
330
288
310
292
200
160
152
190
258
302
386
382
372
316
228
188
160
178
214
214
64
38
54
74
150
256
228
148
82
180
80
128
86
120
106
216
250
236
266
212
202
234
228
296
294
280
280
222
252
224
150
172
290
320
300
320
320
258
278
260
240
298
320
312
272
238
322
302
328
302
234
298
276
248
292
246
168
194
264
236
148
256
114
70
158
238
296
178
136
198
196
202
140
212
290
224
250
144
162
248
40
30
88
156
134
154
244
242
242
172
56
66
6
6
10
8
20
0
0
90
144
162
108
160
160
150
190
218
242
364
372
404
416
402
414
450
444
442
430
416
420
396
368
354
354
364
352
338
352
372
370
354
372
364
368
392
410
354
320
320
322
334
268
214
168
80
48
108
158
126
130
144
158
186
128
170
130
240
186
170
160
100
98
112
184
176
196
104
126
62
136
46
182
136
208
150
192
180
236
182
198
218
172
260
316
260
280
238
288
238
154
196
152
310
318
322
342
336
300
244
270
296
292
308
360
338
332
320
322
340
332
286
296
268
284
298
208
226
282
220
296
276
34
134
148
262
242
238
320
156
204
204
218
260
296
220
142
122
174
232
236
150
262
202
234
232
214
230
244
236
172
54
48
88
14
124
36
44
116
212
192
112
78
48
76
58
192
110
190
152
138
284
384
398
410
414
436
426
430
384
412
408
382
354
358
362
362
358
366
404
414
402
400
352
334
318
324
316
342
332
342
376
324
232
168
74
12
42
64
312
26
4
20
76
158
194
250
306
374
168
166
74
74
110
142
174
150
154
78
162
148
186
198
212
222
190
208
160
184
218
170
196
214
238
254
296
288
262
232
316
220
272
324
366
284
286
300
286
326
376
352
334
296
320
338
354
352
250
320
360
348
342
364
292
222
296
332
230
298
188
164
324
292
186
224
318
280
314
298
306
246
214
158
210
380
336
300
180
178
234
284
192
200
186
188
182
186
214
164
170
202
166
130
78
56
82
66
158
212
254
302
274
188
174
172
192
134
136
130
120
148
120
148
328
396
392
414
424
446
454
436
402
376
362
342
360
362
370
356
368
378
376
378
384
392
418
408
376
356
342
316
288
296
268
242
200
86
32
118
116
126
76
4
2
130
138
136
220
326
248
136
184
138
136
220
200
192
150
162
136
192
246
198
198
228
220
192
226
132
186
208
174
164
216
270
294
296
258
232
228
318
288
302
318
336
300
302
342
312
314
344
362
336
300
310
348
358
370
362
364
358
344
342
338
308
288
304
338
374
286
236
134
294
234
260
290
356
360
292
292
332
304
250
244
228
274
326
298
298
206
166
116
190
196
156
258
196
204
202
196
222
116
144
138
158
144
272
284
290
296
272
232
302
286
352
240
162
256
102
6
90
186
192
170
344
384
402
416
450
454
436
428
418
330
320
328
346
342
348
348
374
398
342
348
332
304
316
328
350
334
328
326
328
334
340
246
174
62
8
78
42
82
16
38
70
112
148
134
182
184
128
138
152
168
152
138
110
170
160
156
126
116
220
224
204
216
232
232
164
176
224
172
238
182
156
288
306
298
310
244
318
348
356
350
324
290
304
298
326
370
384
356
374
358
368
366
358
354
360
380
386
378
348
330
346
358
334
302
350
284
314
264
292
288
246
264
298
322
376
348
358
292
290
266
202
202
238
130
188
160
192
222
164
136
162
192
202
210
196
162
166
178
230
162
162
160
108
150
194
150
218
264
284
274
230
166
214
154
108
30
52
202
202
218
242
188
394
384
410
456
452
460
442
436
392
392
410
396
402
400
410
422
422
408
434
430
412
418
412
408
398
374
372
372
346
298
226
152
138
8
4
168
132
108
136
80
96
112
116
178
164
140
194
310
126
42
136
56
150
158
170
112
124
80
120
184
202
238
216
154
170
228
254
274
262
250
254
308
288
316
286
292
356
350
338
290
306
328
336
360
370
364
304
326
334
342
346
394
394
360
336
332
340
370
378
336
340
364
314
322
388
352
268
326
298
292
256
308
368
342
332
334
414
314
226
142
186
166
154
150
314
238
230
248
258
234
222
264
218
160
94
208
72
122
114
90
126
130
178
170
154
152
228
184
212
202
202
154
94
96
128
84
162
176
170
206
216
388
404
414
434
456
442
430
396
334
320
314
300
310
348
320
368
348
320
300
292
302
328
342
356
338
304
294
312
282
242
198
184
134
108
10
28
248
244
66
8
74
90
92
186
172
136
136
128
136
62
94
74
144
184
180
186
120
200
174
220
228
274
216
238
226
258
310
290
274
266
294
266
316
310
328
402
428
358
310
320
346
328
372
350
364
358
384
416
394
410
408
406
398
386
400
410
406
404
328
394
308
370
380
396
366
386
342
370
322
260
268
194
242
404
332
314
420
274
346
132
238
128
134
212
298
340
310
314
274
232
200
202
204
58
116
198
136
112
8
88
136
108
150
136
120
110
160
132
86
116
94
126
202
150
202
176
130
160
178
200
142
350
394
420
446
444
440
436
376
312
312
318
312
318
322
316
350
354
318
322
312
322
336
358
362
388
368
394
378
356
316
246
194
126
100
52
14
22
58
34
88
132
162
194
186
148
182
210
94
78
120
148
152
220
184
206
174
170
164
206
272
266
294
180
256
244
250
322
308
304
304
288
284
312
324
344
350
366
366
344
298
288
334
360
366
338
322
362
352
352
362
394
398
366
352
378
378
412
412
378
378
368
354
384
380
358
384
370
364
290
284
272
234
152
182
330
286
292
382
350
320
252
170
186
184
222
314
306
274
272
206
202
168
146
122
156
108
14
54
86
162
150
176
192
142
98
92
46
62
132
62
128
196
194
172
140
104
108
140
182
184
186
414
396
408
428
440
432
412
356
310
300
296
286
300
306
352
348
354
366
374
366
362
368
374
356
324
308
288
274
240
230
184
128
110
76
128
42
108
106
58
156
158
160
164
168
162
180
90
90
96
168
170
168
222
194
226
164
222
194
164
226
290
294
216
226
258
272
320
294
338
316
260
310
298
304
324
344
362
344
346
344
308
340
344
350
360
380
372
370
388
400
404
410
408
410
432
426
416
436
424
404
344
352
390
406
376
386
358
366
312
274
234
290
126
200
264
236
298
286
342
336
318
264
278
216
236
354
252
272
250
216
188
178
164
138
140
108
84
130
176
132
198
180
146
82
124
120
128
152
96
92
134
176
160
138
68
52
116
114
154
152
268
404
404
394
434
426
412
376
288
244
264
306
310
326
346
352
362
348
342
332
316
312
310
308
318
310
298
294
296
258
198
200
134
126
16
66
52
108
170
160
140
198
214
194
158
158
194
204
162
166
166
200
250
214
220
226
226
200
210
184
206
296
300
248
262
224
314
330
336
326
334
262
306
302
300
334
360
372
380
360
344
342
330
342
356
366
378
398
408
426
420
408
410
382
416
430
398
390
390
414
404
416
404
420
404
396
396
392
400
330
302
260
204
208
178
162
230
338
302
284
354
288
340
374
316
302
298
318
276
286
328
232
202
184
148
120
136
134
138
122
136
114
98
66
152
216
210
188
154
70
134
130
134
98
92
92
116
136
158
206
170
280
414
410
400
396
414
390
362
282
260
264
260
262
214
244
252
242
290
300
284
294
262
248
248
272
280
278
258
248
260
226
186
166
48
6
6
54
146
144
160
260
234
252
214
238
240
252
270
252
252
248
288
278
282
242
238
250
258
200
186
230
262
292
310
286
308
314
288
320
338
328
314
324
316
324
360
346
354
366
374
362
348
344
382
346
342
356
372
422
386
388
358
384
404
442
438
442
428
430
418
348
334
404
394
400
390
376
378
352
292
302
202
148
256
256
174
192
242
358
310
282
246
294
322
336
328
216
230
280
318
266
252
282
218
220
196
190
164
172
178
190
124
106
174
264
260
234
182
124
112
134
118
162
190
210
232
226
230
248
296
310
258
256
408
404
132
118
350
294
198
252
240
194
172
192
226
240
244
270
300
312
282
256
278
298
314
306
298
308
284
272
238
238
196
96
6
54
148
194
226
224
216
260
296
272
274
288
294
316
320
320
342
346
336
362
366
332
342
318
292
260
256
296
318
314
340
322
320
324
336
322
342
324
298
320
318
334
336
354
362
384
342
362
380
364
338
358
368
390
408
412
418
424
430
404
368
374
384
394
442
442
458
440
438
352
400
358
404
378
370
330
280
204
144
132
180
228
186
176
302
344
294
300
234
274
254
264
232
218
226
330
256
272
278
262
236
252
246
242
232
224
214
194
182
270
240
244
222
214
250
140
142
146
194
200
200
236
288
266
276
286
266
292
394
410
424
192
156
274
62
52
58
220
276
256
220
250
260
242
284
328
314
272
278
294
308
320
306
278
262
274
258
258
232
202
174
30
74
200
224
234
246
270
276
312
256
256
200
206
222
168
202
246
244
320
324
376
352
356
368
336
346
330
330
348
354
332
342
332
312
312
332
344
316
276
326
328
334
328
354
358
364
370
384
354
376
378
376
396
390
402
392
412
424
428
396
408
434
462
460
432
384
410
420
362
340
398
388
404
398
394
360
328
276
230
84
108
228
232
212
284
362
314
318
282
188
252
250
190
164
180
218
274
250
260
268
240
294
308
308
306
276
234
224
200
286
234
230
234
260
208
178
162
162
152
188
188
214
226
210
252
256
248
326
408
402
398
204
262
222
86
70
50
106
234
248
270
316
334
328
280
334
310
326
320
348
292
322
318
314
296
292
328
246
264
322
230
244
238
264
296
296
298
278
268
248
232
194
200
224
126
138
252
330
334
340
344
336
326
322
302
326
338
346
342
348
364
366
342
326
316
312
306
306
300
320
314
314
318
326
328
326
332
370
354
384
400
396
364
376
386
412
402
404
410
422
444
434
448
404
418
382
376
428
456
442
412
398
410
404
342
296
332
332
332
218
268
228
238
260
202
202
272
262
276
286
290
226
218
224
170
160
190
186
170
234
294
270
212
282
296
296
300
274
230
210
214
238
268
268
206
192
174
156
166
154
168
142
152
160
156
166
194
318
354
394
398
388
258
264
238
240
246
190
282
338
294
310
340
330
310
324
330
342
300
306
350
328
294
298
326
322
308
316
316
268
324
290
298
282
242
244
252
302
288
304
286
306
244
244
226
208
230
298
320
334
330
332
322
310
322
290
302
340
318
298
278
304
288
276
252
272
266
304
352
366
352
332
316
306
310
320
338
368
360
362
394
394
400
376
372
368
410
406
406
390
410
428
426
434
438
444
438
432
414
438
428
338
358
424
448
402
336
340
350
290
310
278
270
276
260
250
216
208
224
308
284
302
286
264
250
228
200
162
178
172
208
220
238
222
250
290
298
308
292
268
264
238
218
230
250
198
178
216
174
162
166
130
134
144
132
152
190
296
368
376
348
404
388
322
368
204
232
350
274
298
312
346
304
308
346
346
334
334
328
258
312
330
336
322
274
348
332
316
322
386
258
308
268
274
274
266
312
314
338
320
320
328
230
204
214
168
254
236
304
330
324
326
314
304
304
304
314
318
324
298
240
244
314
278
252
248
264
240
288
274
346
360
338
326
300
296
280
252
296
284
288
320
306
340
346
418
398
420
440
426
394
388
404
424
418
418
430
434
422
454
448
438
446
442
390
418
414
404
416
410
364
290
334
332
316
316
316
288
246
256
276
314
310
302
292
264
264
260
232
218
240
236
210
226
238
248
300
296
292
278
272
194
186
240
236
224
212
198
180
156
166
174
176
188
146
142
52
56
76
78
68
42
64
106
410
400
380
334
356
318
322
366
368
350
376
350
340
336
374
376
374
368
360
390
414
386
316
362
346
374
380
284
322
290
282
256
346
310
330
334
370
384
326
336
366
330
342
370
334
324
356
354
380
358
344
366
324
376
384
318
338
352
346
362
344
360
332
304
338
348
376
360
356
420
350
414
318
320
298
310
298
320
302
350
408
392
398
396
320
322
302
140
98
266
360
398
408
440
454
462
438
430
418
426
448
426
442
426
424
410
416
386
394
382
372
348
366
340
290
298
288
268
312
346
324
324
330
304
278
264
262
244
264
284
250
268
244
252
238
234
192
212
210
198
214
238
196
166
196
186
202
218
224
238
238
194
198
188
184
184
210
210
198
238
204
448
474
464
408
504
408
428
490
460
466
388
510
410
406
456
472
504
452
452
448
510
418
392
380
394
382
360
344
318
322
332
328
302
282
324
338
328
304
300
432
284
318
324
356
320
284
350
346
346
350
372
336
360
362
316
340
360
346
304
346
348
342
342
346
350
346
356
434
312
312
442
394
352
342
320
326
364
350
378
382
234
340
370
374
356
344
230
88
86
198
350
430
466
454
456
460
420
436
460
442
456
458
426
436
438
432
374
416
422
410
398
394
356
336
330
332
340
350
340
336
342
336
336
316
314
300
302
300
304
272
280
300
302
298
294
278
248
238
254
252
266
228
268
248
218
240
236
192
202
284
290
260
260
166
220
258
194
246
196
302
246
454
334
374
416
380
400
402
478
448
422
438
462
422
468
448
464
360
370
432
418
426
442
500
474
438
492
470
498
484
476
470
460
454
510
468
418
452
356
438
478
446
428
330
258
402
438
434
424
296
418
408
380
418
404
432
436
472
378
410
414
410
386
382
380
348
374
386
342
346
290
276
358
382
344
392
360
360
284
384
348
340
372
382
372
398
374
336
342
326
384
430
444
432
448
440
438
444
482
444
444
440
454
464
450
446
466
446
442
410
402
400
374
378
376
332
266
326
336
340
346
308
330
254
340
342
342
340
342
336
324
304
334
300
310
314
330
316
300
278
296
294
290
288
216
236
232
292
222
194
200
276
222
62
116
188
196
170
54
196
288
148
412
422
432
406
416
412
406
406
406
422
406
426
422
472
468
486
442
490
472
432
468
510
482
510
506
468
510
510
500
510
500
498
478
428
326
356
462
458
356
370
392
392
340
342
344
412
402
454
444
406
422
418
412
458
444
432
438
454
490
496
500
496
500
480
486
480
496
498
494
498
490
484
474
464
498
462
498
476
478
476
502
498
508
488
504
478
488
436
468
502
494
500
494
430
488
458
478
472
500
480
488
476
472
450
440
486
434
416
384
418
460
388
422
398
390
402
388
366
346
398
340
344
288
258
344
334
340
314
340
334
308
322
370
386
302
340
270
346
364
280
284
258
226
228
248
298
238
278
150
316
332
282
180
120
108
256
204
178
236
284
278
400
360
408
406
416
412
416
410
404
404
458
482
492
486
496
478
442
468
432
454
444
458
488
422
510
438
500
492
426
502
406
500
494
494
500
474
468
452
406
462
458
462
438
470
442
454
498
444
438
444
448
442
432
452
448
452
460
470
474
474
480
484
484
464
484
492
472
484
496
484
484
462
482
488
428
422
474
458
468
458
458
458
458
458
438
418
408
418
402
396
404
406
412
434
462
438
416
424
410
366
350
366
366
384
390
400
386
382
400
388
372
352
340
324
344
360
378
378
246
210
140
220
392
462
404
404
328
410
428
400
476
408
398
380
380
350
394
374
404
352
468
350
406
502
404
450
456
370
320
370
456
424
460
386
502
458
410
392
378
380
348
