280
278
282
280
280
278
282
278
284
278
274
270
278
270
272
272
276
270
278
268
272
266
268
272
270
268
266
268
266
270
278
280
274
274
274
274
272
276
264
274
276
280
276
280
276
250
266
278
276
278
278
282
276
280
274
278
276
268
276
280
278
278
280
266
184
42
58
274
276
274
274
280
282
272
280
268
276
284
282
282
284
278
282
282
286
284
278
282
280
280
284
272
280
272
274
280
286
272
274
280
276
282
268
284
280
280
284
282
280
262
282
282
276
280
288
270
280
284
284
284
282
290
282
288
282
280
280
276
268
274
280
280
280
274
276
280
272
280
274
274
280
284
282
286
282
282
282
282
290
284
282
288
284
286
290
276
268
58
146
134
154
284
286
288
282
284
282
284
280
276
278
276
278
280
260
256
268
268
270
270
270
260
266
270
266
266
262
270
268
268
270
274
270
284
268
280
278
280
272
280
282
276
280
278
270
278
276
274
278
274
280
276
272
274
278
280
278
270
280
278
274
276
278
274
272
260
226
274
282
280
276
280
280
274
282
274
290
280
280
280
280
284
284
278
282
286
286
282
280
282
282
288
286
278
284
278
276
276
274
278
280
278
278
280
280
274
278
282
282
280
282
278
284
280
268
280
290
282
284
278
286
278
276
282
276
278
276
280
284
288
282
278
270
276
270
274
276
278
272
276
282
282
288
284
280
284
280
286
282
282
290
286
292
278
290
288
286
256
84
138
124
128
288
290
276
286
284
288
286
284
282
282
278
276
272
230
204
192
210
158
182
248
268
272
266
272
268
270
266
270
268
272
270
264
272
272
272
278
274
278
284
280
282
282
286
282
282
274
278
278
278
268
272
270
266
270
272
278
286
272
274
278
270
276
282
278
280
246
280
280
278
280
280
274
282
278
282
282
280
278
272
276
282
282
282
276
284
280
286
280
278
282
278
274
274
270
274
280
282
278
270
278
286
278
278
278
282
280
276
284
282
272
278
276
282
282
286
290
270
284
280
286
278
272
280
282
258
284
286
272
282
274
270
272
272
282
280
276
280
278
278
286
288
288
284
282
294
278
278
282
278
280
290
282
290
266
282
280
120
132
152
140
148
290
292
284
286
278
280
278
278
282
278
278
278
224
200
212
176
190
166
164
178
162
258
262
272
266
260
260
256
264
262
268
274
270
274
272
276
272
280
278
246
276
274
282
282
266
272
272
274
268
280
276
274
278
274
276
272
274
278
274
274
272
276
278
276
274
276
280
270
280
270
280
272
282
272
278
282
274
284
276
270
282
282
280
280
282
282
282
270
276
280
270
278
272
274
280
290
282
284
278
278
276
274
282
268
280
280
284
282
280
282
280
268
284
268
282
282
274
284
282
280
282
280
284
284
274
278
274
278
276
270
276
272
270
272
272
278
278
276
280
282
280
282
284
258
278
284
288
286
282
288
286
284
288
288
280
276
100
166
124
140
154
290
286
288
290
290
286
286
280
278
280
274
212
204
194
208
178
128
190
128
166
128
128
132
230
262
262
264
264
270
272
266
268
272
268
272
268
272
280
282
274
278
274
276
280
282
282
282
276
272
274
278
276
280
274
268
274
270
272
272
278
274
278
272
278
266
278
276
276
266
282
282
274
278
276
276
274
274
276
278
276
278
282
268
284
282
282
276
278
270
276
278
282
272
276
282
278
274
274
274
274
274
274
278
278
278
274
282
274
278
282
282
282
278
280
278
284
280
280
274
282
282
280
282
290
276
280
274
278
282
282
278
280
268
282
280
278
270
274
280
278
280
280
276
282
282
274
284
278
284
298
290
274
288
282
276
244
96
172
122
168
160
288
298
296
292
284
286
284
284
276
252
226
188
186
152
178
166
140
98
206
168
196
108
148
120
138
270
260
272
262
266
266
272
266
270
274
270
272
270
280
274
272
274
282
274
280
274
276
278
278
276
280
274
268
274
274
270
272
272
266
276
280
272
280
262
270
266
266
274
264
264
272
274
274
280
270
276
272
276
278
282
272
276
274
278
280
278
284
276
274
268
280
276
278
278
282
268
270
274
268
278
270
268
280
278
268
280
278
278
278
282
278
288
282
282
278
278
280
272
282
278
276
284
272
270
282
280
282
276
278
278
276
282
278
276
270
274
278
270
284
288
282
276
288
288
278
280
290
294
292
290
284
288
254
286
278
268
104
158
154
156
166
300
290
298
290
286
284
276
278
268
220
220
204
194
164
132
164
180
162
94
222
146
162
116
180
122
110
238
244
258
268
266
264
268
268
264
272
264
272
274
276
272
278
276
278
280
278
276
276
282
272
270
272
276
272
278
266
274
278
258
268
276
274
230
270
258
206
258
222
190
256
230
236
270
280
272
270
272
272
262
280
278
288
278
266
278
278
272
286
278
280
278
270
280
272
276
274
282
278
270
274
272
272
274
280
278
272
272
280
282
280
274
276
282
270
276
284
282
272
280
286
280
274
270
280
272
256
282
282
264
274
272
270
270
274
274
270
276
280
282
288
282
280
284
282
282
274
286
282
282
284
286
282
284
268
278
206
114
164
158
162
174
296
298
288
288
286
282
286
246
222
196
218
206
158
166
176
134
106
146
186
114
200
114
164
122
182
124
134
182
252
268
260
262
264
266
270
270
270
276
266
282
282
278
274
266
280
270
278
270
278
272
272
274
278
278
266
266
270
278
232
214
182
208
198
228
166
160
202
210
202
222
180
236
220
200
204
208
278
268
268
276
278
278
282
274
270
268
272
280
280
272
274
270
278
276
278
278
272
272
280
274
276
272
270
268
272
270
270
272
284
282
270
278
282
272
278
276
270
258
280
272
282
280
282
278
274
282
274
270
270
276
274
280
266
272
272
282
272
274
290
278
284
288
284
280
286
284
282
286
290
290
276
294
286
210
262
128
152
116
148
172
170
290
292
288
290
282
290
280
222
226
162
196
166
208
146
130
160
156
112
126
172
120
198
132
138
140
156
124
124
86
258
256
264
270
260
264
264
280
280
274
270
280
274
282
274
276
280
276
272
276
280
274
272
250
238
232
208
228
226
156
204
210
196
128
188
192
134
172
202
156
228
180
120
170
220
142
224
236
138
244
166
270
274
270
276
270
270
276
280
270
278
268
276
276
278
278
282
268
280
272
278
274
276
278
218
222
232
190
216
212
178
204
218
216
242
274
278
274
282
278
278
280
278
278
274
268
266
280
278
280
280
280
270
272
280
276
278
274
278
284
274
284
284
282
282
288
286
290
282
178
282
284
290
282
282
126
108
184
148
172
164
160
294
300
296
288
288
282
234
200
192
200
158
172
152
196
172
130
160
140
162
152
164
130
178
140
94
198
116
162
128
80
252
260
264
268
262
262
276
266
280
274
282
266
270
272
280
282
272
274
274
218
208
210
204
214
220
154
200
188
210
120
168
192
196
118
152
202
152
152
202
152
210
212
106
166
216
138
222
214
140
246
210
262
224
274
274
278
274
272
278
272
270
276
280
272
266
268
272
278
260
262
266
232
196
190
196
152
132
162
150
178
142
136
202
210
250
270
270
280
260
280
268
272
278
274
288
272
284
278
270
278
260
280
280
276
272
268
270
276
280
282
280
280
288
284
284
280
282
282
276
288
278
286
284
280
280
124
186
172
182
174
136
296
292
282
290
286
258
190
234
190
178
140
206
172
126
142
160
142
124
160
192
116
142
96
192
118
118
196
134
202
92
142
256
264
262
262
270
272
274
276
270
278
280
272
216
272
262
214
208
214
196
200
202
160
170
194
196
168
148
168
212
178
124
156
186
122
128
166
124
148
194
114
214
178
108
138
206
120
166
234
146
162
180
148
162
276
270
272
276
276
260
268
282
272
278
270
226
242
230
224
208
166
146
126
140
118
196
148
92
106
126
138
80
86
44
66
276
284
262
282
270
266
276
278
274
272
274
274
252
274
280
264
274
268
280
272
278
278
280
280
280
272
286
292
286
290
282
284
296
280
290
286
284
290
280
246
142
172
156
156
186
132
300
294
290
290
284
200
214
222
178
200
164
160
166
188
178
130
134
150
76
172
172
136
146
118
192
116
134
190
148
104
124
176
254
258
254
268
268
270
272
266
274
266
234
188
210
218
220
222
216
174
174
118
158
184
134
144
104
170
128
128
180
166
138
148
160
106
138
152
86
160
182
128
206
212
122
216
200
134
184
202
138
204
216
110
186
268
274
270
270
274
274
274
240
206
196
178
188
174
160
148
218
202
192
146
174
126
80
112
26
2
18
8
114
0
16
86
264
272
274
270
280
272
282
276
266
272
272
272
270
268
270
268
280
280
274
264
282
272
280
290
282
276
282
288
282
284
288
284
280
292
280
292
284
284
114
158
144
134
190
192
134
298
298
294
288
272
204
204
180
170
180
160
200
164
132
182
158
158
110
136
90
170
190
180
82
132
204
118
188
138
208
118
104
248
248
258
250
256
264
270
262
250
208
206
214
210
180
148
176
174
178
176
136
158
72
102
98
128
142
168
136
140
156
134
128
128
168
80
122
140
112
184
164
142
216
212
142
214
216
134
184
230
114
200
132
184
146
250
268
276
268
270
174
210
148
132
160
56
42
76
116
148
150
68
126
128
82
86
0
22
52
12
10
80
26
40
52
262
272
266
268
282
276
274
270
276
276
272
280
274
278
282
270
274
268
276
280
274
276
274
282
274
280
280
288
280
286
280
280
294
294
296
280
290
278
138
180
140
154
188
170
122
306
302
298
282
208
212
198
192
170
146
152
140
146
172
134
124
154
142
162
92
122
164
184
194
104
158
208
140
208
140
120
148
92
240
250
258
264
262
240
208
220
202
166
146
186
176
118
150
128
154
144
158
94
88
120
104
100
128
148
174
108
142
154
112
160
158
180
180
134
178
76
166
136
160
208
178
140
212
216
76
202
204
162
224
124
222
208
254
270
262
192
174
46
26
14
22
56
50
16
26
12
74
80
142
92
108
58
30
26
30
50
62
4
38
118
112
118
266
272
266
270
272
274
270
272
276
274
282
274
268
266
280
276
278
280
280
284
276
284
280
274
282
280
294
288
290
288
288
290
292
290
306
288
274
132
156
174
174
176
148
150
308
298
290
252
190
190
188
174
138
146
156
162
176
112
146
148
106
136
174
182
144
102
122
174
190
128
166
174
116
134
164
90
88
98
244
246
242
224
224
184
152
164
164
162
158
136
148
130
138
116
166
152
130
116
138
130
148
106
148
150
154
118
144
138
82
154
138
84
146
152
140
104
168
118
142
184
164
136
210
160
130
218
150
198
218
130
212
108
258
262
192
148
68
42
22
0
12
34
116
44
40
32
116
104
114
120
100
84
92
56
48
54
42
30
50
66
50
158
236
240
256
252
276
276
266
270
274
266
278
272
272
272
274
280
272
284
284
264
286
282
280
284
282
272
290
290
284
290
294
288
284
280
296
276
116
158
158
154
166
124
254
302
296
290
274
216
194
184
168
152
134
108
122
186
154
154
124
112
140
98
162
186
188
94
114
188
192
120
168
118
182
128
116
94
88
170
238
230
186
180
160
170
148
126
132
138
160
140
102
130
122
160
126
136
132
124
86
118
162
112
134
180
116
102
132
138
78
160
162
82
136
150
68
110
186
128
190
178
130
158
188
124
178
208
122
204
184
134
216
102
246
198
30
68
118
162
118
74
122
124
102
78
104
126
114
74
96
100
32
20
38
4
14
38
14
16
40
80
78
78
72
68
74
42
34
22
16
64
34
122
212
220
268
280
280
268
280
278
278
282
276
278
288
284
284
282
282
282
290
292
290
296
288
288
152
128
142
160
150
156
132
262
302
288
276
264
200
206
196
204
172
164
166
172
170
146
144
148
170
172
112
130
94
196
178
180
98
150
184
130
150
116
112
122
114
48
84
222
220
186
194
152
128
162
138
138
116
112
116
118
118
118
138
154
104
124
160
138
102
152
134
80
148
148
78
158
156
78
140
172
124
76
162
100
64
150
178
84
188
162
94
170
146
46
148
138
92
178
98
100
164
58
134
158
154
146
122
116
74
78
72
30
12
78
76
80
48
70
68
40
50
0
30
72
50
10
0
10
46
34
58
70
64
58
56
0
18
0
8
10
22
22
42
58
36
70
58
26
36
22
52
76
76
154
86
18
28
62
26
288
288
294
282
284
278
114
134
134
158
134
138
136
268
306
290
252
220
186
168
186
170
144
164
160
154
170
142
140
180
108
194
190
188
160
112
122
134
182
70
122
168
92
138
106
64
26
28
54
64
214
178
190
156
168
130
134
146
134
92
112
120
122
136
114
144
168
102
152
168
132
94
142
116
80
136
138
46
112
172
98
144
166
72
94
106
24
36
110
10
26
104
36
44
54
18
36
72
70
82
72
42
80
60
78
88
84
62
0
32
32
28
26
2
32
56
76
64
66
32
20
28
52
76
38
40
46
46
22
28
46
50
40
44
60
52
36
54
68
58
72
44
42
62
0
38
66
68
84
44
36
68
68
52
50
72
94
38
62
18
26
70
222
282
282
288
292
110
138
138
136
124
130
166
266
310
302
294
196
180
176
162
150
166
152
128
144
160
134
166
158
148
140
126
140
192
172
184
118
118
164
174
86
148
88
72
12
0
16
72
76
100
200
144
130
126
152
134
142
88
126
140
96
48
146
140
56
132
152
104
118
156
82
114
108
38
58
90
42
22
94
78
82
90
68
10
6
2
8
14
0
8
30
0
24
14
6
62
66
88
74
78
66
36
32
78
56
58
56
46
24
0
42
44
42
62
8
66
44
32
66
36
38
40
26
22
18
30
36
16
38
26
30
26
56
68
70
78
84
80
60
30
44
80
14
36
34
16
40
58
52
58
8
74
62
60
28
80
40
62
46
40
46
30
292
296
292
282
84
130
124
124
128
146
254
270
316
294
240
230
222
212
202
148
130
160
156
150
164
132
128
158
172
178
192
146
124
142
140
188
184
126
106
114
118
68
20
44
10
14
28
44
50
54
94
150
106
122
112
94
142
142
54
104
44
22
42
26
28
34
80
72
68
80
50
12
34
34
10
40
68
74
70
64
80
26
16
4
26
26
24
24
16
16
44
48
26
4
46
76
70
56
72
40
46
58
56
58
42
4
24
20
50
50
24
38
58
52
42
44
50
56
26
38
14
54
56
64
42
32
48
82
26
0
0
30
70
66
70
66
46
46
54
32
58
54
56
30
58
58
36
14
38
0
4
4
36
20
32
22
30
54
54
6
18
68
292
260
260
120
164
122
128
142
158
256
266
306
302
242
226
218
200
178
170
178
178
170
126
154
162
154
154
128
104
130
156
182
154
170
80
112
122
150
126
124
60
16
8
16
26
12
34
44
34
42
26
40
70
52
66
44
20
8
0
0
4
28
2
4
38
62
72
66
66
52
46
44
42
50
66
80
76
62
54
54
30
30
48
32
36
32
14
6
20
44
12
30
46
54
62
36
48
2
28
50
28
16
10
38
58
50
54
52
52
42
28
22
36
38
32
26
24
36
26
4
50
66
56
32
12
22
22
0
6
24
34
32
66
70
52
62
34
42
54
38
34
58
64
54
62
48
50
50
20
0
0
0
0
0
0
24
16
28
50
62
56
74
66
70
144
120
132
116
138
148
266
272
306
294
292
176
166
168
158
168
170
152
156
140
136
190
190
186
158
184
178
136
110
88
108
140
184
168
114
108
118
102
52
8
34
32
38
46
62
66
44
46
40
74
62
70
44
30
22
30
14
18
30
26
2
54
68
72
76
52
44
52
36
42
42
74
84
56
56
62
62
20
56
62
8
40
42
2
30
14
0
54
38
18
26
38
50
42
44
70
56
56
54
56
48
52
42
40
44
48
46
50
48
40
40
30
38
40
42
36
42
36
48
38
34
12
16
24
22
10
14
0
0
54
34
76
28
58
58
36
38
40
50
46
38
42
18
34
18
0
10
2
14
0
0
0
0
2
4
60
80
70
62
40
60
68
54
112
114
144
194
270
266
304
296
274
206
176
232
206
228
188
170
152
142
144
142
124
132
132
146
160
174
212
216
190
182
136
98
126
98
94
40
42
22
40
46
36
42
62
60
40
44
44
68
60
62
32
40
20
24
12
22
18
50
26
32
62
72
62
38
38
48
54
30
36
54
32
50
58
76
64
76
68
76
56
12
2
52
42
28
24
48
38
30
34
54
66
76
68
58
50
34
32
40
38
42
44
46
46
56
50
44
30
44
52
52
56
48
52
36
50
36
40
46
26
22
4
18
30
18
36
8
16
0
38
16
16
40
36
28
54
46
34
16
42
56
58
44
44
38
0
24
8
18
24
10
0
0
0
18
24
14
26
36
38
52
54
38
98
140
254
272
276
306
292
284
266
196
198
170
160
146
168
186
210
222
206
216
208
196
182
198
168
152
124
146
156
144
118
116
116
116
10
24
34
54
46
36
50
70
88
58
52
54
60
86
84
32
16
32
44
34
32
46
30
30
62
78
80
70
70
74
78
62
52
54
64
62
64
76
72
80
74
66
74
76
58
38
42
44
44
56
56
54
32
44
62
54
60
58
62
56
46
38
38
34
42
40
38
36
36
44
48
46
52
58
46
44
52
48
44
32
32
52
48
32
20
0
0
24
26
18
24
0
22
34
42
32
48
2
44
32
6
26
0
30
26
38
50
30
6
20
18
38
14
0
12
14
36
50
56
68
52
34
42
44
64
32
54
64
66
274
274
274
510
432
450
318
272
272
226
170
158
164
162
158
150
162
172
190
172
154
134
130
186
208
180
188
198
204
204
170
96
38
4
64
52
82
72
86
104
102
76
72
64
80
56
52
30
46
66
44
54
54
76
38
68
80
86
86
78
80
72
32
38
30
38
66
42
16
72
68
56
64
74
94
70
50
48
60
42
52
64
40
40
26
26
60
66
56
46
46
46
48
40
44
54
50
46
60
52
50
56
54
54
42
42
38
46
58
60
36
24
36
46
44
20
30
48
8
16
10
40
20
18
40
42
34
32
28
20
22
16
32
0
6
0
14
64
56
56
62
58
46
36
18
6
22
4
76
44
78
76
80
82
58
56
18
44
52
52
60
268
274
266
494
348
360
348
346
356
384
440
484
186
188
210
282
286
268
274
272
250
252
266
254
266
230
246
204
208
196
156
138
76
102
126
112
108
74
114
90
94
102
84
66
58
90
58
52
42
56
58
76
82
76
78
86
92
74
58
14
40
72
32
48
62
78
78
72
80
70
54
38
26
70
64
76
72
50
50
26
60
56
0
58
36
74
70
62
62
46
48
48
42
40
40
30
38
58
54
54
58
58
70
70
66
52
56
44
38
36
40
28
24
28
24
22
20
40
26
6
4
10
48
20
32
30
20
44
36
30
20
26
40
40
56
36
76
70
70
78
58
64
52
42
40
42
56
56
48
72
74
72
68
68
30
36
32
66
48
68
94
272
274
262
344
376
332
314
350
346
334
338
312
300
360
338
400
156
132
170
152
154
152
120
170
180
144
216
216
220
164
160
136
120
136
168
170
176
144
134
132
114
108
76
60
82
116
78
84
50
84
102
88
52
62
50
76
76
90
94
56
70
98
86
68
86
86
86
76
96
66
60
70
50
74
74
90
70
48
66
72
62
66
64
54
14
14
62
68
62
60
62
64
64
58
52
44
42
46
54
54
52
50
58
64
52
52
68
62
56
48
38
28
28
32
24
40
44
42
30
24
12
20
38
32
20
26
30
28
30
0
12
50
56
70
58
60
60
64
74
70
76
62
56
58
54
60
48
60
74
58
66
58
56
72
44
52
56
60
84
118
260
260
276
238
380
380
344
370
366
360
358
376
360
362
382
360
472
450
412
336
334
488
458
364
442
244
302
310
352
398
472
510
510
494
484
322
270
274
302
326
264
268
234
190
152
136
120
126
114
122
98
102
108
66
56
64
82
114
120
94
110
106
92
100
92
26
74
46
84
90
90
58
66
30
62
58
88
84
52
78
94
96
92
94
84
80
62
64
58
56
62
58
58
46
60
50
54
52
66
66
66
58
68
76
66
70
60
54
44
50
34
38
56
56
8
52
52
70
58
36
22
14
8
30
48
22
6
16
34
36
28
42
40
52
50
68
50
68
52
46
38
34
16
28
44
38
36
46
60
52
16
44
58
46
48
64
36
60
72
106
118
128
268
268
184
336
322
334
342
336
364
358
354
364
364
380
464
358
358
378
368
374
340
360
490
496
504
486
500
500
498
504
510
510
510
434
510
510
506
510
510
510
430
420
352
352
354
314
244
216
138
134
130
114
98
108
98
100
90
98
114
96
102
110
104
112
98
38
80
92
70
84
92
44
38
54
66
62
88
52
70
64
102
102
100
92
36
76
84
96
100
110
98
92
76
72
58
48
52
54
50
48
48
50
54
40
50
48
58
78
76
58
42
62
64
50
58
52
64
58
42
22
22
8
34
26
30
34
8
8
34
8
38
52
66
34
46
44
42
36
40
16
36
22
24
10
20
52
36
62
48
62
46
28
44
58
56
40
78
80
70
62
62
80
244
266
308
324
304
270
272
282
292
292
306
298
474
500
460
460
450
396
394
444
398
434
506
510
510
510
510
508
498
506
510
510
510
488
504
500
510
508
510
510
474
318
228
252
370
348
270
188
262
338
216
136
114
104
106
112
110
112
88
78
98
90
60
74
70
100
90
106
100
94
70
80
90
94
98
98
82
24
66
78
86
102
84
72
84
92
56
60
96
80
74
86
90
90
102
92
76
88
88
72
56
56
62
68
62
64
62
50
46
56
46
50
66
58
58
56
66
48
38
22
6
20
14
44
46
24
38
0
32
38
50
50
42
40
46
50
44
30
22
28
2
22
28
40
52
48
68
46
40
26
28
50
44
44
84
78
74
50
52
70
118
244
242
290
310
312
304
308
286
290
272
248
226
250
276
318
312
268
204
280
406
482
450
376
484
510
500
492
510
510
510
510
488
510
510
510
486
476
494
510
510
504
506
460
356
292
218
148
112
144
190
316
306
328
294
198
128
116
104
112
100
106
96
94
110
106
110
94
134
114
102
92
102
112
98
86
104
80
92
106
80
62
92
92
86
98
74
58
76
92
92
76
86
76
68
76
68
66
66
70
68
62
78
62
78
78
86
82
70
56
64
58
40
54
66
70
60
50
60
32
28
12
2
8
18
20
48
58
48
30
66
68
54
54
44
54
38
36
40
26
26
28
20
34
54
56
42
46
36
10
40
44
48
40
76
70
64
64
56
62
260
272
272
236
302
290
316
308
286
268
270
280
276
280
286
304
334
304
258
310
306
296
322
326
328
332
324
322
318
312
312
392
366
466
486
510
486
510
506
510
510
510
510
476
444
436
484
504
502
490
278
270
186
116
42
186
112
154
170
192
170
144
116
112
114
110
108
96
100
102
96
104
108
96
96
104
106
90
114
82
80
96
110
94
102
86
94
76
94
96
146
114
106
88
86
92
102
92
84
98
92
98
86
86
102
106
94
92
92
98
72
70
76
62
44
44
80
68
72
48
38
22
0
2
16
32
36
24
56
66
58
50
70
68
58
54
68
50
56
64
56
52
48
54
72
44
44
56
46
32
48
74
54
60
80
84
56
62
66
118
266
278
268
274
216
396
324
414
442
430
432
368
416
454
414
342
262
214
220
218
238
254
288
328
336
344
354
340
348
348
316
290
328
320
314
344
340
320
306
322
342
396
486
510
508
480
500
510
486
510
508
482
366
472
380
474
444
268
178
112
254
250
128
110
120
118
116
126
110
126
138
122
128
116
106
106
106
104
104
110
114
106
106
112
110
110
114
112
172
208
210
190
162
148
144
118
104
116
128
114
86
86
92
90
96
112
94
98
80
84
88
82
80
78
80
90
58
90
76
78
76
62
12
0
18
10
12
38
52
40
36
50
72
50
52
64
72
80
72
72
70
76
62
74
84
92
50
42
52
38
46
46
62
66
46
58
60
74
140
202
240
272
282
288
286
216
430
406
364
464
436
416
398
458
432
394
364
344
342
326
378
346
336
258
276
246
246
310
306
348
330
326
336
316
328
340
356
358
354
340
348
338
332
358
330
320
290
294
312
326
304
364
406
446
434
466
472
482
472
442
460
490
488
384
362
356
478
406
508
374
212
138
208
138
142
134
134
150
146
156
162
190
188
178
204
200
172
192
178
196
212
162
124
140
162
146
122
122
130
136
126
128
116
118
106
90
92
110
82
88
72
90
94
94
114
112
110
80
64
90
70
78
74
60
14
0
12
24
30
64
38
56
46
38
42
46
38
54
66
62
60
74
90
78
84
68
66
50
44
38
46
48
56
56
66
68
156
372
324
280
210
256
282
278
276
274
286
506
500
472
452
424
492
470
438
416
448
470
482
484
390
352
358
362
346
354
362
296
352
292
380
374
394
350
328
358
308
294
296
316
330
328
338
342
342
342
344
322
326
338
330
340
320
324
304
296
310
322
296
308
304
302
304
358
402
338
452
424
504
500
490
476
446
506
416
460
474
402
508
462
378
202
188
218
404
454
492
496
486
488
480
486
456
478
450
474
504
402
376
326
304
260
222
198
196
186
190
162
146
146
102
106
84
80
92
114
108
116
112
100
88
74
54
80
62
58
30
22
32
44
42
50
50
48
66
56
44
54
48
50
50
54
66
60
84
80
72
64
68
62
56
60
74
70
124
262
300
344
378
368
336
218
292
294
292
304
282
342
452
456
476
460
452
492
488
446
436
464
458
454
466
466
420
416
402
384
406
402
396
400
404
428
410
334
368
360
328
364
346
360
348
336
330
340
296
306
304
312
290
310
312
296
310
294
328
302
262
260
310
326
300
320
298
316
310
322
298
288
284
302
286
318
314
402
446
464
392
474
502
448
468
508
500
468
486
466
492
510
506
496
492
500
490
446
416
500
486
474
496
424
396
384
318
362
318
212
74
82
108
116
94
90
174
174
180
180
192
186
172
176
120
104
34
118
114
104
82
76
66
64
74
76
64
64
74
66
60
54
66
66
60
68
56
68
90
88
86
86
106
110
144
200
248
270
264
268
272
254
258
280
232
242
176
278
286
288
268
330
318
376
348
358
342
314
334
406
446
442
426
430
438
442
418
426
438
428
424
424
414
414
424
416
426
414
398
408
408
418
406
406
436
418
418
404
386
406
398
440
444
420
354
332
340
250
254
270
274
332
304
324
318
260
262
286
304
266
274
320
322
320
336
326
322
300
294
306
302
310
306
258
314
322
316
310
290
330
436
508
456
458
502
442
488
350
484
490
430
478
496
406
368
340
226
136
122
200
408
430
366
316
310
288
344
316
304
322
328
212
124
78
154
222
242
226
196
96
94
84
124
120
100
104
108
120
114
150
152
150
146
142
136
140
150
226
258
260
236
268
268
260
260
254
262
264
264
270
266
268
360
326
288
278
220
154
276
262
284
264
360
262
346
346
356
360
374
374
376
362
392
440
424
408
414
410
396
426
478
438
438
410
396
406
416
406
410
390
406
394
410
410
402
394
392
410
428
426
438
404
420
492
506
440
442
408
394
442
346
396
376
410
434
440
462
418
410
340
242
338
264
268
338
344
326
312
298
316
324
314
342
348
334
336
344
338
324
298
270
278
310
330
328
328
316
338
310
318
346
352
366
248
294
400
474
466
378
484
468
446
408
368
396
392
392
364
334
144
94
96
196
332
338
334
266
198
132
116
144
162
150
96
96
136
132
152
100
138
230
230
236
246
238
248
252
194
256
268
268
268
274
272
268
266
264
262
262
262
260
252
240
358
302
284
274
210
210
290
280
282
230
326
286
428
398
368
410
370
352
332
352
392
376
394
376
390
388
404
438
414
358
340
348
366
396
404
402
404
418
398
390
396
394
412
402
406
404
406
428
442
440
448
428
438
486
510
502
478
472
456
488
510
490
384
384
504
414
386
414
394
440
434
372
302
376
438
408
382
302
274
282
248
246
266
288
308
322
312
330
336
340
340
344
330
328
356
330
292
290
322
324
338
322
336
338
324
340
356
370
420
410
258
214
226
186
112
118
106
122
186
156
172
208
208
230
130
94
142
176
170
158
112
112
132
136
94
188
84
472
476
444
438
398
316
270
252
280
262
266
270
262
278
272
272
278
260
260
262
262
258
270
294
356
342
302
258
218
270
284
262
284
282
338
340
300
268
260
260
316
336
362
394
392
374
352
332
326
336
338
346
350
340
340
352
340
344
338
338
376
404
340
384
408
410
402
410
398
404
404
404
416
428
428
426
430
420
426
444
462
446
450
438
432
490
498
498
462
460
462
510
508
456
404
370
418
376
424
366
386
410
438
414
420
406
356
250
228
220
248
270
298
312
292
304
324
338
354
312
328
338
340
340
370
370
374
380
364
352
344
272
326
358
332
320
320
324
228
156
146
168
126
156
122
142
78
64
138
186
172
182
144
106
124
132
134
88
194
172
218
458
454
452
442
438
422
382
416
340
340
276
306
324
306
282
288
264
282
266
274
262
260
256
326
344
350
342
234
198
264
288
284
272
328
350
340
256
254
220
350
352
354
352
354
350
346
350
350
356
372
362
358
340
348
348
358
342
360
366
342
326
338
340
344
348
336
350
336
342
384
432
414
432
438
444
444
430
440
436
416
426
434
438
422
418
436
442
434
484
452
476
426
452
446
470
472
430
408
398
420
344
392
410
438
370
438
438
416
394
370
346
350
298
374
330
312
368
364
224
232
282
280
304
286
292
346
348
360
366
354
302
328
322
352
202
144
158
178
190
194
196
206
192
184
136
132
102
124
166
180
150
100
88
116
164
130
110
282
210
112
198
444
454
466
442
442
436
336
406
408
328
314
350
358
336
336
286
296
338
394
438
462
438
324
328
366
376
356
358
210
288
290
296
278
304
316
344
260
234
338
346
344
344
344
344
346
344
346
338
342
336
334
340
334
324
320
314
326
324
334
336
338
354
340
346
342
348
356
348
362
356
348
338
330
324
348
422
426
414
428
420
396
428
420
432
426
436
420
430
438
440
440
470
432
414
394
418
450
424
418
418
410
460
490
500
400
424
472
506
436
404
410
348
448
272
336
376
414
386
354
410
376
410
464
350
418
362
366
272
280
284
286
270
298
328
336
326
232
172
158
144
142
144
162
152
136
140
134
120
134
92
74
90
88
148
112
122
240
206
202
124
218
280
350
438
434
418
436
396
380
336
356
324
350
366
266
328
356
342
338
380
418
452
458
430
316
342
344
358
346
336
286
270
304
288
314
354
346
176
316
326
336
338
340
340
354
346
342
338
340
326
322
314
312
314
312
314
300
296
294
288
288
290
284
290
288
290
290
296
314
334
344
356
352
358
364
368
360
350
370
346
360
356
362
366
390
398
414
420
414
402
406
438
436
432
442
426
418
414
402
416
426
416
410
420
408
454
434
414
438
420
442
410
412
406
420
434
362
430
444
442
412
510
448
450
338
418
406
312
406
328
410
454
434
402
368
356
332
334
310
240
222
224
234
254
228
174
124
124
120
114
84
174
118
134
136
246
322
326
226
194
90
270
288
282
284
270
270
278
282
246
248
238
270
340
322
298
294
334
374
330
332
402
426
450
446
436
328
340
342
318
332
268
274
268
228
326
356
336
152
298
314
312
320
332
328
330
326
326
322
324
326
310
306
306
312
306
302
282
282
286
284
282
282
274
288
290
290
282
274
278
278
278
278
280
282
282
298
316
342
356
360
364
354
358
360
352
360
360
374
376
360
358
374
394
402
398
402
398
404
396
426
426
418
444
432
420
428
426
420
424
418
402
408
404
420
410
422
468
418
436
430
436
430
434
440
498
456
460
450
426
430
410
426
398
376
364
410
382
406
370
362
298
364
326
368
364
280
214
286
234
176
114
134
170
280
292
304
308
302
214
172
146
324
324
320
322
318
320
316
288
262
226
212
232
242
74
210
230
236
278
302
304
370
392
368
210
368
384
392
316
328
336
314
318
298
338
346
360
348
168
274
290
290
290
306
310
314
316
318
314
312
308
304
296
280
284
286
284
270
276
280
278
276
274
280
280
288
288
286
276
280
272
274
280
278
278
280
290
296
302
302
302
296
294
284
260
256
276
316
360
352
326
338
342
342
350
380
368
364
360
348
352
368
386
380
400
406
394
406
400
394
394
406
398
380
404
408
432
442
446
454
460
458
476
476
432
474
410
460
452
434
442
406
336
376
446
422
402
372
388
436
264
298
302
360
376
450
418
416
408
438
454
430
366
336
230
236
220
206
180
160
190
266
294
302
304
318
320
320
306
300
300
294
282
300
314
294
204
100
76
84
262
330
290
308
288
194
176
382
388
390
372
344
322
318
314
340
334
356
344
206
258
262
258
250
264
272
290
282
284
284
290
290
290
280
274
272
268
266
262
258
260
266
266
258
258
268
276
276
284
282
282
278
280
280
280
278
274
290
290
294
298
288
302
296
284
278
272
262
254
242
230
226
222
224
224
230
252
314
296
348
348
358
342
336
336
350
366
362
362
348
360
364
382
372
384
392
404
402
412
426
430
404
398
428
428
444
442
472
472
452
458
480
448
440
460
410
414
398
416
406
386
396
394
412
404
400
418
438
410
446
406
374
446
384
430
358
360
396
420
432
444
420
410
332
282
222
254
248
228
244
258
278
288
296
304
316
294
282
276
312
308
336
332
334
314
324
214
390
396
404
426
410
326
282
334
274
346
354
364
348
