412
408
418
388
416
404
414
422
414
402
414
416
420
420
416
414
418
414
416
398
424
396
404
414
390
422
398
414
414
424
420
410
412
408
420
414
418
408
404
412
404
398
408
402
402
402
386
410
402
424
408
402
398
414
408
412
414
402
402
396
404
396
396
402
398
402
408
306
402
414
402
402
392
402
402
396
396
408
392
404
388
404
392
404
404
386
388
402
402
380
380
392
402
396
396
396
406
378
382
392
392
380
386
396
386
388
382
386
396
392
398
390
390
392
396
392
390
388
398
402
402
390
382
378
392
392
386
398
398
392
392
392
386
386
398
398
396
380
390
388
404
374
378
396
396
392
386
390
384
392
404
398
404
392
404
402
398
402
408
388
404
404
410
418
396
422
412
402
408
414
396
408
414
414
414
402
410
414
410
408
396
414
416
404
406
412
402
406
420
408
418
414
412
420
414
420
398
410
412
408
418
408
418
418
410
418
404
408
408
404
404
414
400
408
410
402
404
402
414
412
416
396
408
398
396
406
402
402
398
406
386
388
396
394
396
404
402
408
398
392
398
392
402
398
400
388
394
402
398
388
384
386
396
400
402
396
398
378
412
404
402
390
388
396
398
394
380
382
390
396
396
388
388
392
396
396
392
396
386
396
380
382
378
396
360
396
362
396
392
390
392
402
398
392
396
386
398
396
394
402
386
396
390
402
398
398
392
374
390
382
394
372
392
404
384
386
392
398
398
396
402
402
402
418
408
418
418
414
404
422
420
424
400
412
410
292
414
408
414
416
410
404
404
412
414
404
420
414
410
410
408
414
410
416
414
414
408
404
414
418
408
398
404
404
406
412
404
414
416
396
404
414
398
426
410
386
404
412
398
408
402
404
418
396
412
388
392
382
396
406
402
408
378
398
402
404
402
402
390
398
404
404
392
398
398
404
392
386
390
396
396
396
380
396
398
402
398
398
396
386
396
386
398
380
374
394
386
386
392
392
386
396
398
374
392
396
386
380
396
374
378
386
396
390
396
390
382
398
386
388
386
384
386
390
396
396
390
396
388
392
398
392
386
396
392
386
392
388
392
390
398
402
396
396
396
398
402
396
398
396
404
398
392
408
412
398
412
414
418
418
404
414
396
414
418
414
408
408
398
414
408
398
404
404
412
412
408
412
406
402
408
402
414
420
408
396
414
404
416
404
396
404
414
412
396
416
414
402
408
404
396
404
406
412
408
408
418
408
406
408
414
390
402
408
400
380
402
408
404
406
408
368
392
380
384
350
380
378
380
350
388
382
370
392
404
408
402
396
386
398
392
376
384
396
396
392
384
398
384
392
402
372
392
396
408
388
380
390
396
392
396
386
390
402
396
392
384
388
392
386
396
390
384
390
386
402
398
386
396
392
392
396
390
388
392
386
386
378
398
386
396
398
392
386
378
324
382
396
392
404
396
390
394
390
398
398
404
404
396
404
392
404
396
400
412
408
412
418
402
420
420
412
410
418
408
414
410
418
392
398
368
370
388
414
414
388
408
414
412
404
416
404
408
402
404
408
420
408
404
378
412
420
414
404
412
404
412
402
404
408
412
404
414
408
402
392
398
398
406
410
396
398
404
404
398
386
372
408
394
392
352
362
370
328
332
366
372
294
368
370
344
310
378
394
366
404
392
396
384
394
392
370
396
386
392
386
380
396
396
388
392
386
390
392
356
392
398
392
384
384
386
398
392
378
396
392
390
370
384
382
398
384
390
386
396
396
390
392
390
398
392
400
402
386
394
392
386
396
396
396
386
392
396
396
398
404
362
350
396
384
396
396
398
394
396
402
390
396
408
392
404
414
398
396
404
414
422
418
408
414
430
420
408
420
408
420
414
414
402
394
360
386
374
344
362
414
410
408
412
424
418
408
404
402
410
412
408
414
404
420
418
398
408
402
408
410
374
414
410
402
408
408
418
408
408
408
396
398
402
404
400
404
416
390
390
396
356
368
360
366
370
384
328
372
378
350
362
368
348
304
366
356
310
344
396
304
362
372
396
394
366
386
390
388
390
396
378
398
374
384
382
374
396
390
386
388
380
370
390
374
390
396
392
380
388
390
394
396
388
376
398
390
380
374
396
392
390
390
392
380
404
386
384
396
390
392
380
386
384
384
366
386
384
390
390
390
386
392
388
388
392
368
404
396
404
398
398
412
384
402
404
396
398
402
396
402
408
420
418
420
414
418
410
418
420
414
418
426
386
362
354
394
376
388
386
322
346
384
406
406
398
402
408
406
414
402
414
408
404
404
416
414
408
410
412
408
404
412
402
408
402
412
404
404
406
402
398
402
404
398
402
382
398
386
376
380
320
372
374
372
276
368
376
374
344
372
364
340
366
354
340
336
354
344
290
338
350
298
382
336
384
382
408
386
378
384
396
384
398
398
374
390
396
386
390
390
392
394
392
386
388
378
378
392
390
402
376
392
384
380
386
390
390
396
408
384
398
382
390
392
404
396
404
398
402
402
386
390
390
396
386
362
384
380
384
388
368
398
408
390
396
396
396
402
396
390
402
404
396
404
408
398
402
404
396
390
386
420
396
414
404
414
392
408
420
414
414
410
378
390
374
324
350
380
364
354
372
356
282
374
404
400
420
398
408
408
414
406
396
408
398
412
408
414
388
408
414
394
410
398
402
402
396
412
408
414
404
418
408
392
398
396
384
364
344
370
376
346
326
368
372
362
328
374
378
348
356
326
348
334
362
350
302
362
338
328
328
350
342
330
358
332
356
402
400
382
386
392
400
386
390
402
392
366
390
378
392
390
388
382
380
398
380
398
380
390
396
388
358
390
378
386
386
372
390
390
380
386
386
394
386
396
386
396
396
378
390
386
386
390
390
392
396
386
382
346
386
402
390
384
396
390
396
406
396
398
392
386
392
404
398
396
398
408
396
400
402
402
414
420
414
418
420
420
414
418
410
414
404
368
346
384
358
360
358
384
344
380
362
368
332
336
390
408
396
408
410
386
416
404
390
396
392
408
406
418
384
402
396
406
410
404
402
398
402
408
408
398
412
404
382
356
382
370
386
320
332
334
334
340
346
378
360
284
346
362
366
288
344
334
308
338
356
340
322
358
332
318
348
352
304
334
322
364
316
376
400
392
388
396
386
392
396
390
386
386
382
366
388
396
386
388
374
382
392
376
396
380
384
390
386
392
338
382
392
392
398
384
396
386
386
394
390
390
390
390
398
386
386
392
386
390
402
384
388
390
396
380
398
390
402
380
392
390
392
396
404
396
398
392
402
408
396
402
396
400
408
396
396
420
420
416
414
418
420
410
420
404
414
372
368
370
362
380
382
384
332
378
342
402
346
326
372
304
402
408
402
404
398
408
408
410
402
408
410
414
406
412
396
404
412
402
406
402
388
404
404
400
376
362
378
372
384
328
344
352
342
290
362
368
374
292
350
362
364
310
350
358
326
334
362
354
288
358
350
276
356
368
356
316
366
356
312
334
296
342
292
398
380
392
390
390
384
390
374
390
388
390
388
380
396
384
360
356
332
340
368
332
304
342
336
326
332
340
374
376
380
388
386
384
392
380
396
372
382
378
386
384
376
392
390
386
382
372
386
396
384
374
388
380
376
380
392
392
394
390
388
404
398
396
404
398
390
402
392
404
398
418
402
404
408
408
420
422
428
422
384
418
414
404
380
362
384
380
328
386
380
376
332
346
356
392
314
322
372
328
396
410
390
412
400
398
414
396
408
412
410
402
408
412
408
400
408
402
402
402
406
402
376
370
330
344
356
362
330
264
326
362
362
308
360
362
358
316
360
360
358
324
358
356
334
356
378
290
320
372
346
286
368
356
330
354
358
322
342
328
324
320
390
368
400
396
392
390
392
392
392
388
386
392
388
382
334
330
318
316
328
338
272
304
302
334
340
256
296
328
322
382
386
386
370
340
378
376
390
384
398
386
396
398
388
396
392
392
402
382
390
392
384
386
384
390
390
388
396
380
386
396
398
392
392
386
396
402
398
398
404
398
402
402
398
416
414
414
422
418
414
412
416
370
402
386
374
360
374
386
322
390
388
394
352
298
388
406
328
292
388
292
356
410
410
408
412
402
386
410
398
404
392
408
414
412
398
408
396
406
396
368
362
384
370
366
350
350
352
340
326
296
360
376
366
318
372
360
354
302
360
368
292
360
346
352
340
366
356
282
366
344
298
350
340
344
340
360
356
330
350
308
348
304
392
370
378
386
392
396
384
392
392
376
380
374
326
330
304
340
284
312
314
304
258
310
312
298
292
276
306
318
392
380
380
386
384
400
386
386
390
386
378
384
398
404
404
392
398
374
390
378
384
390
376
392
390
386
392
372
386
390
398
378
398
396
384
402
408
352
402
408
392
404
402
400
418
420
414
420
420
420
412
416
386
366
364
390
396
374
298
390
334
362
370
404
298
278
392
382
328
394
314
288
380
402
408
400
396
414
408
402
410
402
402
408
390
402
398
398
382
374
388
378
348
348
386
382
354
330
366
350
344
324
366
362
356
340
376
360
320
372
372
358
322
354
344
320
384
368
312
326
346
362
286
342
348
282
348
356
326
342
344
286
354
286
380
388
386
390
390
406
386
392
394
320
318
288
236
182
270
318
286
294
286
320
262
310
296
292
286
272
292
230
384
374
390
386
386
380
382
380
384
384
374
378
404
396
388
392
390
390
384
392
390
328
380
392
386
386
400
374
398
390
382
398
392
396
402
402
398
404
402
402
408
398
404
420
424
422
414
412
414
422
390
402
374
324
346
386
378
368
344
308
380
356
402
392
252
332
380
400
302
392
260
312
392
402
396
398
398
388
398
402
398
404
356
402
400
396
378
354
372
376
380
376
276
358
362
374
316
366
368
344
332
342
374
366
286
356
360
374
302
376
358
296
342
372
364
328
350
348
258
358
374
262
350
340
280
348
354
354
358
360
236
366
350
388
390
390
392
386
392
302
204
378
368
312
236
292
278
272
272
316
298
276
298
310
302
302
190
248
244
216
290
370
368
364
374
374
384
390
350
380
384
386
388
386
378
398
384
392
392
388
380
396
396
390
378
380
390
362
374
396
396
396
396
398
408
388
390
402
404
402
404
402
398
404
414
424
412
418
412
414
414
410
350
386
384
350
252
332
334
324
332
292
390
340
412
384
292
292
402
320
296
404
292
292
404
404
400
402
412
386
400
410
400
402
402
382
396
384
372
332
364
356
372
374
314
362
374
376
314
360
394
368
340
380
380
372
292
384
384
356
330
378
368
284
360
372
288
374
358
248
354
342
364
282
356
374
286
362
354
300
372
358
326
378
266
390
380
380
376
390
316
336
374
350
220
178
188
246
144
186
282
262
338
290
112
200
258
306
102
258
280
270
262
376
380
388
376
394
370
396
378
386
376
394
392
388
396
384
396
396
386
386
390
380
406
398
382
390
390
396
392
394
402
374
396
412
386
402
412
404
392
398
404
396
404
404
422
418
422
424
424
394
394
378
352
330
342
350
338
322
344
350
346
338
332
350
374
384
368
362
362
356
360
322
352
280
392
336
406
402
402
404
398
398
398
382
344
346
390
362
372
328
310
364
370
372
302
386
374
378
298
370
368
376
288
352
350
368
286
366
378
236
382
390
290
294
384
372
292
378
382
246
368
380
242
352
370
238
360
382
234
362
368
236
356
360
316
394
386
382
350
336
252
290
282
310
106
134
198
264
256
232
212
274
56
58
364
252
314
334
182
262
336
218
374
382
370
378
390
390
386
386
380
378
380
370
374
384
396
392
384
386
404
396
408
398
384
396
396
380
386
398
396
408
402
408
398
402
396
402
404
404
412
408
402
404
418
426
420
424
422
420
394
394
386
374
348
284
294
342
334
268
356
362
332
332
296
310
414
418
284
300
398
304
388
334
358
386
394
384
402
408
402
396
384
388
390
378
380
374
362
374
360
360
310
378
364
368
298
390
380
370
316
374
320
348
270
318
312
280
272
362
322
268
324
304
280
350
390
228
316
362
294
306
360
354
300
372
394
274
380
366
254
350
320
246
364
206
392
388
396
344
310
234
188
182
288
282
202
270
282
276
334
360
302
88
110
362
326
230
304
250
144
260
260
380
374
376
386
392
390
390
374
380
380
386
386
374
390
380
396
384
386
396
386
392
396
398
386
394
380
380
396
386
402
392
408
410
392
402
410
408
408
414
404
408
396
426
426
408
410
426
414
402
382
360
358
342
344
344
310
326
344
290
340
346
342
332
252
306
410
422
252
326
400
310
368
296
290
280
402
380
408
400
380
390
342
368
370
372
370
352
368
352
368
358
354
362
336
348
328
310
320
322
298
334
316
316
298
304
310
272
298
276
212
300
320
322
296
286
352
256
326
264
266
378
392
242
334
366
262
362
374
216
348
364
218
354
216
182
384
328
300
256
270
274
332
334
324
224
292
274
328
234
184
254
206
154
228
156
76
82
84
66
42
56
92
114
98
62
106
84
68
316
386
384
378
376
384
384
386
386
392
382
398
394
392
390
392
404
396
384
404
392
404
408
402
408
408
392
408
398
400
408
426
408
412
392
422
420
436
432
430
412
416
396
300
328
332
332
354
346
356
346
248
276
334
356
340
338
362
308
368
418
288
298
396
290
300
390
284
114
392
402
380
400
384
370
348
304
350
356
362
368
328
372
366
356
346
338
316
334
274
338
314
326
298
332
332
252
298
296
306
278
288
330
262
328
298
238
272
290
198
280
298
182
288
378
278
234
356
258
206
304
180
200
298
250
100
246
72
102
108
150
158
158
132
110
100
76
50
36
96
70
48
60
54
50
36
50
38
20
14
20
26
4
16
26
14
52
18
34
38
14
36
38
52
32
276
386
384
382
392
396
396
392
394
388
386
380
398
392
406
392
402
396
398
402
396
412
404
392
408
408
410
420
404
404
404
450
420
438
432
438
420
366
336
366
354
344
316
288
356
368
360
346
346
258
294
256
346
352
342
282
318
414
266
332
288
366
312
262
230
230
402
396
390
386
380
366
352
338
378
380
362
368
298
308
328
328
306
330
342
320
248
336
328
312
314
322
344
228
314
308
242
314
302
262
314
310
282
294
256
292
216
262
296
94
222
252
80
156
156
78
112
84
68
92
66
60
80
54
40
70
20
48
28
6
6
44
32
64
14
80
62
20
40
2
26
0
6
42
38
60
16
36
26
26
22
14
0
32
34
18
4
26
4
6
0
42
38
124
274
384
396
386
412
402
408
396
396
390
404
408
404
390
404
408
408
402
412
398
404
404
410
404
404
418
408
406
438
448
442
454
444
428
374
356
318
332
312
346
344
262
272
366
368
354
348
370
252
288
348
344
338
240
286
404
284
404
310
326
358
246
140
388
380
396
378
360
370
372
370
362
322
330
308
316
290
322
316
336
302
340
302
340
280
326
322
242
332
344
274
244
318
312
204
310
308
200
272
278
96
156
194
40
28
76
62
80
56
50
24
34
24
62
36
58
36
46
42
64
66
26
76
60
22
66
20
10
18
0
38
14
34
74
58
62
48
58
48
50
22
40
38
42
26
10
14
40
8
8
0
30
22
20
0
0
0
0
8
22
24
50
50
62
64
82
78
154
360
386
408
382
432
386
408
396
398
408
422
390
412
402
412
412
426
410
404
410
414
504
474
454
454
444
426
378
378
366
366
344
320
244
316
272
298
278
274
360
356
390
386
260
304
354
316
366
322
408
312
406
268
272
236
112
224
410
392
400
378
338
352
320
334
344
290
346
316
314
282
314
328
340
282
326
330
296
266
336
340
202
276
316
114
148
194
80
68
102
72
12
16
28
42
30
6
32
16
20
56
0
32
8
58
34
42
16
44
62
74
60
0
22
40
72
50
66
58
68
42
50
26
56
38
36
10
52
60
44
60
32
38
34
40
34
42
6
42
48
70
20
2
10
30
14
48
22
0
24
34
16
28
22
4
6
34
44
62
40
72
66
74
78
84
92
90
40
54
104
442
490
430
432
418
424
418
428
416
418
414
402
452
472
462
454
458
404
362
348
278
364
350
352
358
332
340
344
278
256
258
226
370
400
368
356
206
258
320
400
284
400
300
258
258
160
172
172
224
408
386
378
352
330
292
326
332
338
320
262
336
300
280
286
338
332
220
310
304
116
96
142
70
86
52
32
84
62
44
78
76
62
0
42
42
56
44
14
50
26
38
0
42
56
38
30
28
18
32
56
70
24
78
56
70
42
64
62
68
100
84
54
62
62
50
52
56
26
30
28
16
36
46
6
20
38
78
32
66
52
70
46
22
4
16
14
24
26
10
24
4
14
22
44
40
8
4
0
0
10
12
34
10
44
74
28
64
40
28
84
38
66
510
472
418
450
436
444
432
436
432
458
448
494
498
462
478
458
412
402
392
354
302
294
294
354
352
356
358
330
368
364
242
272
274
354
346
354
346
282
280
424
250
402
238
88
30
34
106
206
242
412
364
330
324
280
362
254
344
360
336
194
296
326
140
150
186
54
86
114
48
98
84
82
64
54
76
76
58
74
98
76
44
72
24
20
70
94
16
34
32
44
36
64
2
36
22
20
78
90
80
90
92
68
80
90
66
72
100
102
102
96
68
56
92
78
78
68
64
52
18
28
36
16
42
44
34
16
42
50
6
34
20
36
20
10
0
22
26
8
20
24
16
0
0
38
8
10
28
20
36
14
18
20
2
14
76
52
46
30
56
72
44
170
460
510
510
496
472
482
508
510
496
510
510
510
510
480
444
418
382
354
354
328
338
344
334
256
314
328
344
342
354
412
412
362
302
308
268
350
336
326
280
408
234
168
38
32
14
16
76
94
130
236
278
286
292
328
264
228
50
62
64
50
50
20
36
36
48
102
94
74
106
94
92
60
80
84
66
74
84
80
70
94
84
102
96
84
58
76
44
16
62
42
38
42
60
12
78
16
36
104
88
88
88
34
78
64
52
66
96
94
82
76
82
84
74
74
60
66
44
50
50
44
50
48
36
44
32
24
52
20
22
26
14
18
60
50
14
10
36
32
32
14
2
16
16
22
32
32
28
24
20
8
38
2
26
0
0
0
44
26
38
26
50
100
380
446
456
450
438
432
450
444
432
510
510
510
510
452
436
406
362
346
304
324
274
298
338
266
328
296
270
220
370
404
400
368
366
360
222
286
270
330
242
222
64
34
30
6
14
34
40
96
112
94
122
108
100
84
38
38
26
10
54
22
56
38
38
86
78
92
90
68
90
82
86
74
64
64
0
38
88
78
90
92
62
56
96
82
96
32
42
38
16
42
2
28
10
32
20
56
104
78
94
80
52
82
62
56
32
72
92
78
72
80
76
86
66
84
52
38
52
50
48
66
66
40
42
36
36
32
12
0
26
10
2
0
20
20
14
8
36
4
20
22
30
32
42
22
22
6
2
22
10
0
26
12
12
0
2
2
10
0
32
50
38
34
56
206
488
498
502
506
504
470
510
510
510
510
474
422
410
384
416
380
356
354
350
342
344
360
372
368
316
212
314
284
304
296
400
366
386
372
246
218
216
78
16
0
26
4
12
50
86
106
106
102
86
46
42
38
50
30
44
28
44
40
46
30
78
4
60
68
52
22
78
80
58
66
32
48
26
74
44
50
62
70
72
78
108
102
88
56
42
64
56
30
42
74
16
38
76
88
70
116
86
80
92
100
94
52
84
102
84
84
90
80
90
90
70
86
62
80
78
66
76
70
54
68
76
26
16
50
16
8
0
18
14
34
16
8
16
34
34
26
42
60
30
26
22
10
0
0
0
2
14
36
14
8
0
0
0
0
0
10
4
50
18
34
28
50
432
506
478
504
488
510
510
510
480
438
464
460
450
420
362
328
354
266
308
368
378
366
382
396
434
426
420
420
306
188
274
274
252
416
308
212
120
16
0
30
0
16
44
90
108
58
64
54
48
12
38
10
22
20
68
96
48
88
32
18
10
68
68
50
62
92
90
80
94
74
68
72
86
84
64
84
82
108
92
94
80
30
38
32
16
56
82
50
90
26
32
94
114
100
90
68
96
96
96
66
38
80
84
102
102
96
76
96
90
92
84
74
78
96
66
58
38
56
38
50
44
36
72
52
22
2
26
12
32
22
16
0
30
12
48
26
14
26
30
20
18
18
52
34
28
34
26
18
36
4
6
6
2
28
54
38
18
14
26
34
58
56
352
492
498
510
454
510
510
478
430
428
390
372
342
368
350
358
348
364
380
396
364
280
246
320
310
302
406
438
402
450
420
288
246
200
200
170
28
0
26
0
16
20
76
100
112
96
80
50
16
76
42
90
44
100
116
64
100
70
36
36
96
32
84
32
80
84
76
90
98
50
72
78
96
106
92
118
112
90
100
54
72
136
96
86
32
62
66
106
60
100
84
106
104
92
110
96
108
114
104
60
92
100
94
104
106
82
70
90
90
74
74
64
72
56
42
66
76
74
34
38
64
52
68
6
0
0
0
20
16
28
16
0
14
20
20
58
48
54
62
40
44
38
34
44
36
52
44
18
12
10
0
32
16
54
66
38
38
18
2
22
50
282
502
498
504
510
488
510
472
442
452
430
450
440
416
436
436
434
458
412
424
404
402
412
418
418
406
376
298
258
244
276
262
252
204
178
48
12
36
52
16
28
44
52
70
86
78
100
32
46
12
20
50
86
78
56
58
34
84
20
44
94
38
38
84
68
14
58
84
50
102
118
106
116
58
106
114
128
124
98
72
78
120
106
104
120
76
92
72
74
32
46
100
104
98
100
118
100
108
102
92
98
88
84
78
114
106
96
100
126
84
70
82
78
68
62
62
60
60
48
16
64
28
50
40
28
60
52
36
66
56
26
28
38
32
70
58
34
54
18
34
34
32
36
46
38
38
20
6
22
50
44
74
102
130
142
110
98
66
66
100
34
72
114
508
500
510
510
510
472
446
438
426
368
366
356
376
328
316
270
258
274
316
306
346
316
298
318
300
338
322
308
272
262
244
200
166
50
28
20
38
24
72
98
86
76
62
44
72
50
2
72
66
112
66
90
64
58
32
64
40
74
102
80
50
110
44
30
62
106
114
110
118
106
136
78
108
108
138
124
84
146
122
134
136
140
112
72
62
94
80
56
68
96
90
98
84
96
100
96
96
86
74
88
80
62
84
74
72
94
92
90
90
98
92
88
118
116
110
50
108
72
56
78
70
40
48
48
56
36
54
66
32
44
50
16
0
14
66
46
44
34
72
50
68
62
60
62
18
24
62
44
84
98
152
150
152
160
108
100
114
44
50
60
96
408
500
510
510
510
500
462
430
408
392
374
402
376
334
286
334
348
294
296
322
338
350
386
394
400
370
364
390
400
412
396
290
196
42
32
24
104
74
112
138
126
102
138
68
72
36
46
74
76
100
96
106
116
52
66
32
92
102
112
114
68
106
74
72
68
76
98
126
52
126
112
56
122
102
126
102
100
108
124
114
112
132
116
140
88
98
96
116
104
114
116
118
82
96
80
78
64
78
74
82
68
72
66
62
84
86
84
100
96
108
96
100
80
88
110
92
78
80
80
96
76
50
50
56
42
32
62
84
58
100
44
20
40
68
70
110
82
68
100
78
96
78
88
62
32
78
28
36
82
96
138
130
166
156
132
126
96
96
78
90
188
496
506
510
510
510
484
458
422
410
400
398
380
388
402
440
438
428
384
436
424
408
348
314
302
330
328
340
322
298
262
336
298
204
88
96
118
128
130
160
178
184
152
144
138
12
74
72
52
68
54
116
112
92
94
52
42
56
102
120
114
112
106
116
76
106
100
86
128
118
108
112
106
118
122
114
142
96
110
106
124
102
110
144
156
120
114
132
114
92
108
112
130
112
110
82
72
68
78
110
98
96
86
76
86
96
76
96
108
108
96
114
132
120
128
132
80
92
98
84
94
74
86
60
66
12
40
74
80
96
102
86
84
68
96
104
122
74
108
80
100
106
96
40
50
44
48
78
60
84
92
112
92
92
82
104
96
116
124
138
184
370
424
422
504
508
468
482
470
426
404
398
402
352
290
326
344
322
326
306
292
320
298
322
354
408
430
412
338
280
346
316
260
328
238
198
114
148
152
182
184
172
176
184
186
112
104
102
100
106
78
78
108
112
116
100
44
78
84
130
128
118
108
120
104
96
82
152
120
134
152
106
144
132
146
152
164
106
130
118
130
130
132
118
170
154
104
112
112
98
108
82
94
116
102
112
104
78
86
92
104
114
112
104
102
92
112
110
100
114
122
108
132
138
132
160
154
142
160
136
122
120
120
88
84
54
44
18
100
86
60
96
106
78
134
76
108
90
132
102
92
90
110
96
40
38
16
52
90
80
92
118
114
40
30
92
110
116
124
160
194
394
408
404
410
510
510
484
484
484
462
426
374
408
400
362
378
338
276
302
312
388
412
390
270
344
352
338
298
348
436
350
274
280
246
282
226
216
224
258
212
206
210
218
194
194
188
210
120
162
152
106
118
40
112
112
76
86
82
110
130
150
138
130
126
94
142
64
128
130
102
136
128
136
126
96
132
152
112
44
136
138
148
120
138
128
140
84
124
122
116
100
102
112
136
108
116
108
102
94
96
122
94
96
106
106
104
112
110
118
116
126
130
158
170
154
158
138
134
124
130
114
136
116
100
76
60
56
16
22
98
98
84
106
96
84
84
106
66
124
120
120
132
114
98
72
46
54
68
108
128
112
86
90
60
34
86
90
132
140
192
436
438
402
418
416
510
492
470
482
482
494
478
412
418
414
418
350
338
354
386
360
296
320
406
416
438
396
340
350
304
276
320
272
298
278
316
302
316
348
286
406
418
268
430
424
304
194
180
192
206
194
170
182
156
128
122
24
44
64
130
88
146
162
138
116
118
104
124
146
138
116
136
92
108
130
116
120
94
120
102
156
164
154
148
146
126
120
114
120
100
108
114
112
114
150
108
116
114
104
106
104
114
100
132
120
132
128
134
112
126
140
132
96
140
158
90
152
174
192
158
156
142
142
122
106
84
76
68
30
20
50
92
88
76
94
150
116
50
56
88
130
130
112
114
132
122
134
78
102
118
114
126
114
128
34
120
140
144
154
192
180
230
376
432
424
424
510
510
482
480
486
474
474
480
486
472
450
474
464
470
466
422
364
366
360
338
302
338
390
348
310
372
410
418
398
384
390
408
410
416
404
408
414
408
412
406
414
418
408
390
326
172
166
182
188
190
190
174
136
146
142
138
150
154
150
116
122
124
108
158
154
124
138
122
112
98
134
136
126
40
106
130
140
154
148
148
146
140
138
136
140
178
142
122
128
136
136
214
160
130
166
138
122
136
140
120
144
154
212
148
148
146
142
148
166
166
158
176
150
144
150
136
146
148
142
152
110
90
76
20
6
38
64
96
112
86
74
110
138
136
88
72
120
124
96
130
152
136
132
150
148
144
122
128
122
96
132
130
134
140
148
166
172
206
236
492
458
494
510
468
472
478
462
474
472
466
462
466
450
460
454
462
454
460
462
460
466
462
464
458
460
462
426
412
428
432
414
426
434
408
392
392
392
414
408
416
406
360
250
348
310
316
266
246
278
204
180
184
156
160
166
164
194
160
184
176
172
174
154
144
164
168
168
168
168
166
156
136
144
146
146
154
142
148
136
132
148
158
126
108
90
128
156
100
112
128
136
138
136
126
104
122
110
132
140
146
156
164
174
164
164
180
164
142
128
120
152
148
148
140
142
140
138
134
112
136
120
128
108
98
106
64
78
86
106
130
122
106
82
84
96
108
106
92
104
120
130
150
144
142
158
130
162
144
106
114
112
146
162
138
150
160
156
150
122
178
462
460
504
510
468
472
460
460
466
460
466
450
448
442
452
446
454
440
442
446
444
434
432
446
446
444
436
422
416
432
424
414
396
404
410
414
408
392
404
396
376
354
324
334
244
246
250
230
210
242
234
230
234
242
242
224
252
240
192
178
168
140
160
170
180
188
148
168
150
160
158
146
130
156
128
160
132
130
134
118
154
178
170
156
112
140
156
140
138
102
134
136
146
150
144
142
120
142
146
156
164
162
154
160
162
174
154
166
150
148
134
170
164
158
158
146
148
116
120
132
90
122
126
96
100
106
44
74
92
78
118
114
160
180
100
106
76
80
60
106
138
128
130
144
180
154
170
162
170
130
134
128
182
144
138
142
142
144
170
138
198
488
432
510
510
454
458
392
212
172
252
428
374
398
308
180
148
340
166
128
116
122
202
340
328
334
382
414
384
408
408
408
402
408
398
254
246
358
120
324
408
166
186
258
264
126
162
256
252
252
244
246
234
234
260
256
236
230
198
188
170
176
162
170
176
162
164
164
158
146
150
148
164
160
166
152
162
156
162
174
150
160
172
170
220
194
218
180
170
176
168
170
170
158
144
148
144
144
136
150
158
160
144
130
134
146
144
136
148
164
176
170
150
150
150
116
88
148
136
124
148
144
38
112
138
86
96
118
94
94
98
118
122
142
130
146
136
62
74
116
120
126
124
124
104
120
118
142
158
148
130
146
134
148
156
126
154
182
204
182
156
78
60
114
454
382
170
92
98
208
166
366
338
356
352
376
350
390
368
334
294
246
190
200
312
310
386
322
304
190
240
192
302
388
406
412
260
252
174
150
98
260
236
110
158
256
110
112
234
272
262
248
270
238
222
232
246
222
212
172
142
168
206
180
170
172
194
182
148
156
164
154
162
160
176
162
160
144
164
166
180
158
172
170
164
182
180
166
178
162
166
160
178
174
174
156
138
154
144
156
160
160
130
98
136
146
162
150
146
168
158
142
160
178
162
154
184
140
128
196
156
122
130
122
142
142
114
138
102
102
132
114
118
154
156
122
146
142
130
130
128
122
122
134
140
148
144
106
118
130
134
134
140
166
192
262
328
136
194
212
112
88
84
84
106
386
344
366
268
104
172
174
286
338
334
224
346
328
142
182
304
328
176
108
110
184
216
270
332
140
278
284
290
294
292
288
178
308
324
300
324
318
316
286
324
290
278
328
308
286
322
286
308
316
278
290
312
282
258
222
182
210
216
216
202
198
200
190
198
146
192
164
180
176
184
194
178
170
174
162
152
144
154
158
142
158
176
172
182
172
212
122
210
188
204
170
162
138
136
148
154
174
176
158
168
162
146
142
140
140
144
138
118
162
164
168
156
168
150
154
164
162
144
164
184
146
152
140
114
150
164
160
182
134
130
128
144
142
152
152
202
200
192
174
172
174
170
200
210
204
206
226
236
324
336
348
384
390
510
420
366
344
390
390
132
312
380
398
378
368
362
368
362
350
336
292
368
326
326
328
324
330
330
322
328
330
332
350
344
344
318
322
320
328
316
310
306
274
308
328
314
302
298
328
324
328
276
330
352
346
328
340
322
316
304
310
274
328
240
222
214
158
158
210
246
212
214
218
202
190
150
172
216
176
204
222
194
154
160
186
192
184
144
154
176
182
166
192
212
182
224
236
126
220
204
254
190
176
160
168
170
176
168
152
150
136
150
180
154
124
126
142
152
144
150
158
162
160
136
168
170
170
166
178
160
144
130
146
150
148
156
174
176
58
168
140
148
142
144
152
172
178
138
156
182
172
188
166
182
182
206
222
292
314
316
370
334
364
432
510
430
372
350
372
380
188
318
420
430
398
288
382
380
378
364
368
364
356
362
364
366
364
354
362
350
350
354
314
350
348
360
352
350
344
332
344
328
238
336
322
268
328
298
304
354
320
330
296
362
328
340
300
264
298
238
248
212
214
184
180
212
162
180
186
172
178
178
192
172
176
160
138
154
154
160
172
192
154
172
166
158
166
176
156
162
160
144
156
150
154
164
144
138
156
222
202
228
208
212
172
182
188
180
164
140
162
160
172
154
166
168
154
182
176
156
152
194
186
182
162
134
172
202
182
168
180
176
178
164
174
180
192
188
146
152
120
184
184
188
186
190
182
182
162
174
194
194
196
212
190
228
298
300
308
330
312
352
340
422
408
510
454
452
374
370
382
370
386
422
424
408
402
388
394
390
398
350
378
390
380
356
378
380
312
362
384
386
390
376
358
374
346
360
356
352
356
352
350
344
350
352
354
346
312
294
340
338
334
334
316
304
330
344
286
282
268
248
246
248
186
228
232
216
194
194
204
210
196
196
222
194
178
168
166
182
182
182
194
178
182
168
172
180
188
182
194
170
222
160
176
160
184
176
182
172
170
184
182
176
184
184
184
158
178
178
160
184
176
170
174
162
190
152
176
176
182
162
182
172
176
156
190
180
172
182
172
160
188
182
180
146
144
166
154
170
148
142
152
160
164
150
142
162
174
166
174
188
192
184
192
198
192
212
226
218
258
280
288
246
312
340
298
310
318
348
362
326
392
304
396
408
402
402
398
394
382
386
372
374
378
384
374
370
374
362
354
360
346
352
344
344
346
348
366
346
346
356
332
324
320
338
342
342
330
332
348
342
318
308
322
304
316
314
322
340
302
308
258
262
250
258
264
252
262
238
240
308
320
252
258
262
390
264
304
282
270
294
276
270
256
260
270
258
230
216
232
224
270
216
264
256
234
230
258
250
434
264
212
222
272
346
194
188
188
188
298
214
178
258
202
328
278
182
190
190
198
154
274
302
184
188
296
208
272
208
178
234
196
298
176
242
176
198
178
246
162
176
184
188
188
270
228
214
178
178
208
202
186
190
202
206
204
220
214
342
234
318
276
252
240
250
348
302
246
292
254
346
272
288
290
