480
484
490
490
476
480
494
486
484
494
490
494
478
482
494
494
484
494
486
480
476
486
484
466
486
486
490
486
488
476
488
474
476
486
496
484
480
484
484
484
494
480
476
488
464
474
466
470
464
464
464
460
464
470
450
454
458
434
464
460
460
468
456
464
450
440
454
460
444
460
454
444
448
436
454
444
444
428
444
444
448
422
440
438
450
444
460
450
436
458
448
454
440
430
446
440
450
452
448
448
438
444
444
420
444
336
434
450
450
444
440
430
432
430
416
408
438
450
202
438
444
448
416
448
444
444
450
326
296
448
438
444
438
438
454
448
440
440
438
450
450
450
448
450
454
460
460
458
444
458
448
460
458
462
448
460
458
462
458
458
460
466
472
484
480
470
478
476
490
470
484
476
490
450
486
480
486
486
470
486
476
488
480
476
486
490
484
472
484
490
474
484
480
484
474
490
490
494
474
484
470
484
490
476
480
474
346
478
478
474
470
464
450
478
450
470
464
456
410
454
470
458
458
462
454
460
450
450
454
458
454
450
454
454
454
464
458
356
448
448
450
444
444
436
456
396
458
446
438
446
452
454
440
440
450
418
444
434
440
434
440
444
440
454
442
444
454
444
444
444
444
414
432
438
428
438
424
430
450
434
434
444
440
448
448
434
438
446
444
444
440
444
440
450
434
444
448
444
448
454
450
454
454
400
454
454
468
454
460
450
448
454
466
438
454
464
452
450
460
454
454
464
454
466
486
480
476
494
486
480
490
494
474
488
410
480
486
494
480
480
494
474
476
484
484
452
480
486
494
474
484
484
476
484
450
460
480
490
480
480
486
486
480
480
480
470
478
396
460
458
460
440
446
466
454
458
464
456
454
458
460
452
450
460
462
460
440
438
454
460
454
444
454
450
444
446
454
452
404
454
424
444
448
436
446
438
450
444
454
450
438
436
454
444
454
446
420
458
448
444
438
448
440
436
434
440
440
424
436
430
436
440
428
394
426
434
424
428
438
444
414
432
444
454
448
430
444
430
438
410
444
444
424
302
428
450
444
448
444
448
448
440
448
448
454
438
438
448
448
440
454
458
460
454
470
454
448
458
458
464
462
448
458
480
484
486
488
476
484
480
494
486
476
484
496
488
466
262
474
484
486
484
484
486
484
480
480
484
484
492
490
478
476
482
474
468
490
476
444
480
484
478
474
470
490
458
464
474
472
462
468
460
458
474
468
450
464
458
458
456
458
452
462
442
466
448
454
434
420
446
444
456
450
446
436
440
448
446
442
454
440
444
424
440
450
434
446
420
446
440
430
360
420
446
434
438
434
438
450
450
434
318
448
448
440
440
440
424
440
440
434
422
428
420
438
430
428
440
428
438
450
454
438
432
444
442
428
424
440
444
434
440
440
422
242
286
450
440
450
448
458
448
450
434
450
448
448
440
450
424
438
456
448
458
450
450
458
446
440
454
466
466
454
450
490
486
484
486
484
470
474
486
490
490
480
500
484
488
464
486
484
458
484
476
470
436
474
474
486
474
480
474
486
480
466
470
484
484
474
480
480
484
484
486
482
470
464
460
480
458
444
460
464
450
454
448
466
446
462
440
458
464
448
440
448
450
440
458
410
384
418
428
430
396
374
440
460
440
404
416
438
430
440
446
448
428
448
454
432
448
444
448
448
438
322
436
442
416
434
450
450
418
300
424
438
448
412
418
418
416
408
356
342
258
274
298
244
250
434
254
398
416
416
430
434
444
438
440
436
438
450
448
450
428
444
240
338
440
440
444
450
454
440
444
454
440
454
454
440
438
448
460
450
440
448
396
448
460
358
464
450
454
458
460
434
470
464
484
490
366
480
476
488
486
496
480
420
470
474
476
464
370
414
480
484
474
466
472
474
476
470
482
476
450
484
466
480
474
466
486
484
474
454
490
478
464
478
458
464
468
470
452
450
460
444
456
444
450
460
458
432
454
458
446
464
438
408
364
378
338
362
346
326
292
278
348
378
336
294
368
278
274
314
360
446
368
386
444
440
434
446
448
458
444
448
430
446
424
430
448
442
444
430
440
430
440
404
296
328
214
158
112
96
76
136
120
110
136
42
128
252
424
426
114
62
434
448
440
444
418
430
450
434
448
440
442
250
386
444
448
428
440
444
454
404
434
440
448
450
440
450
454
460
458
438
454
408
458
444
450
448
458
460
448
440
454
470
490
486
490
480
470
484
474
490
476
488
484
476
490
484
482
482
480
484
470
488
496
494
476
474
448
484
474
472
448
454
476
478
476
480
484
476
440
452
480
464
460
470
424
360
458
418
378
448
448
454
352
454
470
444
450
454
446
438
450
394
408
368
354
302
384
358
336
362
304
306
350
380
358
354
316
336
284
304
304
304
350
322
390
430
354
444
452
440
434
446
456
444
440
430
440
438
436
434
384
280
194
178
126
128
130
110
104
180
186
80
100
186
198
234
290
204
420
80
84
440
434
440
448
430
410
444
440
434
444
416
228
424
444
450
440
444
444
448
444
454
450
446
450
464
464
466
454
460
440
444
454
450
460
440
450
454
440
458
464
458
484
490
486
486
486
494
484
490
476
474
444
472
486
480
470
480
494
484
486
490
474
476
484
464
482
482
488
484
468
478
262
470
472
464
476
474
480
474
480
468
418
450
474
470
454
458
464
330
464
450
444
458
452
450
464
452
434
420
398
320
310
358
344
316
336
364
354
300
300
298
312
360
324
234
282
354
342
302
236
336
378
282
248
366
234
220
454
444
434
438
448
430
438
450
434
358
264
246
138
104
76
42
54
46
72
130
170
210
200
226
206
76
96
84
58
130
186
84
156
414
230
310
374
440
420
434
448
440
394
438
430
362
440
438
436
440
444
454
444
450
436
458
438
446
458
454
454
418
418
440
454
448
458
446
454
320
458
458
446
458
450
480
476
476
490
470
480
464
490
490
478
406
384
492
490
484
490
480
464
474
480
466
480
482
374
488
466
474
466
468
476
148
458
470
478
442
492
476
446
474
408
438
464
466
470
464
396
456
458
448
458
448
454
450
390
392
360
318
294
334
354
356
320
290
342
378
334
350
376
262
264
276
308
358
370
200
260
256
348
322
214
204
276
350
202
222
340
212
234
438
440
448
414
420
292
238
178
4
6
2
0
0
32
172
186
92
88
98
98
56
80
40
120
34
16
84
36
50
430
430
160
110
98
74
138
120
110
164
202
438
440
450
434
450
438
444
444
454
440
450
448
458
454
438
464
436
434
454
448
458
420
454
458
448
414
462
454
448
454
448
444
454
474
486
490
486
480
488
486
490
482
484
496
494
486
484
480
490
480
484
474
484
466
480
480
364
424
464
478
474
464
472
428
332
452
466
464
474
454
468
450
330
438
464
456
460
462
460
464
456
464
458
442
430
376
326
308
306
250
304
280
314
308
294
268
344
326
292
230
298
340
340
284
228
252
192
306
364
210
212
190
308
370
226
216
232
294
172
114
218
158
126
82
164
134
118
106
38
60
26
20
26
36
52
70
22
90
94
46
110
102
22
40
128
44
76
50
36
44
96
436
52
102
88
64
80
138
110
54
72
110
180
440
444
448
438
450
440
446
440
444
450
454
448
416
440
444
414
458
450
460
440
458
450
462
350
450
460
458
448
448
450
440
480
484
488
488
484
490
490
480
484
490
486
476
484
482
480
480
478
478
488
380
478
476
480
390
468
460
480
466
476
472
474
480
468
484
482
474
468
238
466
440
454
458
460
454
452
450
448
454
424
410
358
372
342
344
360
348
334
318
310
286
230
230
286
274
300
276
262
168
244
188
166
270
308
264
140
206
122
182
272
128
110
114
162
106
130
86
68
128
80
104
94
120
100
114
62
108
22
26
54
42
12
58
36
26
24
76
58
60
30
58
62
26
24
70
40
30
56
48
76
30
58
82
34
156
56
44
74
4
28
44
150
150
446
430
450
406
444
444
440
448
448
454
434
444
450
454
450
444
458
434
450
434
454
410
454
458
450
458
458
464
464
466
272
492
480
484
484
494
482
480
484
486
484
476
486
464
460
476
470
474
470
470
420
470
470
478
470
472
472
480
482
480
470
458
464
474
472
466
416
468
472
460
460
458
446
434
450
454
412
382
370
318
344
314
326
320
308
304
330
390
304
298
210
184
254
194
132
210
216
204
224
242
158
140
68
110
144
106
50
40
38
26
54
82
90
128
96
70
110
102
106
92
40
56
34
66
76
76
64
14
30
76
82
30
80
80
50
20
72
82
28
62
46
42
52
88
56
34
52
32
42
30
28
16
52
42
68
16
50
52
46
50
48
102
150
230
432
234
438
442
450
430
430
432
444
448
450
434
444
440
454
454
450
448
448
440
458
450
448
450
464
460
484
456
484
480
486
450
476
484
490
474
484
466
480
466
472
480
468
484
476
468
458
460
466
470
460
464
418
466
464
480
476
476
464
466
464
470
450
464
414
460
444
456
464
460
426
420
400
298
306
304
324
338
354
354
322
324
266
258
308
262
274
256
234
190
232
206
170
220
226
142
150
142
66
62
10
16
22
40
40
26
50
112
84
66
104
98
82
68
116
62
102
68
104
58
36
34
78
86
100
66
76
68
74
30
0
46
76
6
52
26
16
66
76
78
16
14
36
102
16
6
10
42
50
2
92
38
38
18
12
30
14
84
70
80
110
124
72
216
400
428
332
450
434
450
444
440
448
458
454
448
454
448
454
450
454
448
456
458
458
454
458
484
476
484
480
490
484
480
486
484
490
480
480
482
448
464
476
466
476
474
470
480
466
474
454
478
470
462
460
472
440
454
460
458
458
454
368
464
460
458
464
446
464
426
444
426
400
420
394
300
294
324
316
284
308
260
264
246
280
234
184
164
180
134
144
120
146
166
104
74
94
82
16
20
80
22
22
72
54
8
98
82
96
80
140
48
90
56
106
58
82
82
134
62
104
36
18
20
10
56
52
14
14
78
60
34
22
68
12
42
40
14
36
20
40
82
24
26
40
40
16
22
26
8
48
84
50
54
70
20
16
16
56
44
62
44
38
62
84
100
92
120
254
416
460
448
450
448
448
450
444
440
440
440
460
458
460
466
454
466
466
470
466
480
486
474
484
480
480
480
474
484
466
466
474
478
470
472
474
472
458
470
466
466
474
462
468
458
466
472
456
476
466
464
464
454
456
358
460
440
448
466
464
448
424
400
328
306
290
304
284
294
292
264
246
308
270
184
136
140
160
168
172
90
30
50
96
78
64
76
110
76
92
20
38
100
110
84
58
64
106
122
70
90
120
98
126
44
54
104
60
0
46
86
48
90
54
58
18
54
44
54
44
44
6
12
42
84
40
28
22
66
20
52
4
60
76
92
90
84
98
88
4
10
0
26
26
64
66
58
88
70
8
40
46
26
18
6
6
28
26
112
98
146
108
170
334
460
150
166
336
440
448
448
434
458
454
448
454
460
464
476
450
478
480
478
476
466
484
480
480
474
440
458
456
470
474
470
480
460
402
474
466
458
470
460
456
460
454
460
458
406
450
444
436
446
446
472
434
450
448
450
460
458
408
368
390
320
314
260
258
266
216
182
168
176
170
100
146
108
154
114
56
20
44
48
80
82
84
92
86
110
92
44
72
40
32
96
88
52
12
94
42
66
118
80
110
122
80
36
56
60
100
50
60
116
120
82
70
106
106
44
62
56
40
24
10
64
86
74
40
14
8
2
44
96
78
92
24
38
52
22
92
38
26
0
16
90
72
72
74
60
44
8
70
40
22
16
32
6
34
4
100
76
96
60
120
110
134
110
86
82
138
434
450
448
454
396
454
464
470
466
486
458
476
470
480
484
486
480
486
480
488
474
468
478
472
468
466
478
484
466
468
470
454
468
466
466
460
458
454
466
454
474
466
448
460
470
464
460
468
454
456
444
416
396
306
190
324
336
336
320
298
246
164
144
160
170
156
154
80
92
6
54
22
66
58
64
66
72
106
74
24
36
62
108
74
114
70
64
58
34
120
0
40
70
38
138
96
128
106
62
76
118
108
112
122
102
122
122
168
62
110
118
120
140
102
68
42
64
58
84
70
88
76
56
78
30
116
40
42
54
66
36
40
18
6
50
30
74
114
74
86
84
36
44
42
94
36
52
50
84
4
72
36
16
122
62
82
94
72
56
34
92
228
444
448
444
428
454
454
470
460
484
454
478
484
488
484
486
484
480
470
468
360
460
462
460
454
462
472
466
474
458
474
480
452
364
364
452
456
464
458
474
438
408
454
448
454
452
434
464
442
458
400
344
310
230
194
302
188
194
230
170
146
150
154
122
96
84
110
94
70
62
80
68
92
94
104
46
94
86
74
32
78
40
82
130
92
132
124
8
18
10
82
0
0
0
114
120
112
106
10
108
126
94
118
154
152
118
114
112
116
92
100
68
60
80
56
24
36
76
58
76
80
86
44
86
86
36
102
32
78
14
4
16
42
28
32
20
40
94
72
74
22
30
66
80
70
34
82
16
50
60
68
46
14
86
102
16
50
40
20
64
78
126
426
458
462
484
508
480
488
494
506
490
484
494
494
500
484
480
472
476
458
388
372
460
468
466
454
458
390
464
464
478
464
458
330
444
454
454
466
464
460
390
472
460
454
468
456
454
438
426
384
342
298
282
250
210
198
150
198
206
198
190
96
94
58
76
86
112
126
62
34
104
94
92
62
78
50
80
104
104
100
110
46
144
122
80
126
58
0
10
0
24
16
4
12
112
126
100
112
100
118
102
72
124
122
138
72
104
98
84
128
120
94
40
94
60
56
64
82
62
66
68
86
66
82
90
44
28
36
72
0
20
42
58
36
2
40
18
74
48
84
46
18
96
58
30
66
78
30
36
54
42
82
50
16
30
90
50
18
44
36
98
106
450
450
510
510
226
464
506
490
510
500
484
470
480
400
474
482
250
480
474
474
400
466
468
466
462
446
478
464
458
470
470
454
440
462
460
458
468
456
438
450
456
464
456
458
456
458
420
334
286
318
246
200
150
100
108
116
180
70
24
128
82
60
94
112
76
98
56
62
122
70
76
116
10
28
94
144
44
100
114
118
50
108
120
90
120
138
80
40
52
68
74
92
90
134
136
108
128
114
66
140
110
102
90
90
94
106
74
94
84
92
82
90
60
86
90
92
66
62
50
58
50
66
90
74
50
64
88
90
12
24
12
40
0
54
44
50
56
66
30
54
80
78
84
48
76
52
28
68
24
30
54
52
54
12
32
40
2
22
72
96
76
56
450
484
510
488
460
500
480
510
510
484
480
466
474
476
480
460
464
466
472
470
468
464
454
460
458
462
466
462
458
448
472
454
488
444
438
456
414
458
346
464
464
454
448
440
376
288
300
250
198
158
108
118
88
70
40
36
32
38
100
94
48
88
68
66
106
54
106
118
6
88
0
14
16
30
104
110
118
138
140
134
140
154
126
114
122
54
20
20
20
6
10
82
122
132
28
102
88
100
174
106
98
76
82
90
80
78
90
92
104
110
104
94
62
56
92
90
74
40
52
50
48
94
110
24
20
88
0
16
6
50
44
0
50
26
18
10
46
38
46
60
94
14
88
54
26
46
20
60
16
36
38
24
8
2
2
0
0
4
10
92
90
240
510
506
498
510
510
480
490
496
484
494
476
480
464
480
424
464
478
482
458
448
444
386
404
364
330
390
348
340
240
218
266
200
168
218
86
224
140
180
394
458
440
394
350
220
278
200
116
156
72
118
14
2
14
4
4
4
86
84
54
124
100
40
70
136
26
26
72
106
126
80
102
96
100
112
132
106
136
140
116
130
150
54
72
100
44
44
50
104
30
8
56
146
48
44
44
122
130
134
90
72
86
100
94
90
84
84
72
98
110
106
102
90
76
68
54
48
74
80
70
48
46
60
44
40
48
46
0
36
2
52
10
10
24
70
28
26
34
28
76
66
18
108
20
42
2
44
46
20
36
24
30
0
0
2
0
4
0
16
26
56
80
94
162
486
484
510
504
494
502
486
480
500
504
484
478
468
476
474
430
334
346
364
370
400
346
354
298
306
354
310
260
298
360
314
256
102
64
90
160
182
160
250
314
260
174
198
230
244
138
58
16
8
44
30
56
10
22
84
106
124
106
66
82
114
114
36
64
136
108
118
32
10
58
108
30
116
130
106
124
120
184
108
36
50
96
112
40
48
112
16
48
116
58
108
114
92
46
96
128
90
78
72
98
108
104
112
82
76
96
86
80
90
70
50
78
84
64
72
72
70
80
46
34
46
46
42
66
46
20
2
62
6
22
20
26
20
20
18
62
64
46
30
104
30
6
0
54
4
0
42
4
52
22
80
16
20
50
24
44
52
86
74
74
66
142
510
510
510
490
510
494
494
504
510
474
462
470
428
320
274
188
126
200
252
308
322
354
380
404
308
396
308
260
300
310
276
208
126
28
120
184
128
132
196
182
134
124
118
104
56
30
50
30
24
56
0
6
16
80
50
116
90
118
148
136
144
76
86
72
62
114
78
16
114
110
56
116
124
134
130
120
66
160
54
68
54
106
122
74
20
72
22
72
62
80
72
86
120
120
136
80
60
76
80
94
86
98
112
92
82
96
80
70
76
64
70
52
54
70
80
70
64
44
74
64
26
66
68
26
48
10
46
44
42
40
46
30
24
20
14
70
18
40
10
32
76
2
0
4
4
26
52
92
50
48
46
28
68
60
40
4
80
48
34
60
98
212
492
510
510
510
510
510
510
510
472
414
356
348
388
404
380
330
378
414
392
374
344
310
312
298
322
384
318
338
280
250
216
60
46
46
44
72
138
102
136
92
138
98
132
24
86
24
16
10
26
30
88
42
96
76
156
90
110
104
122
30
62
114
124
116
146
146
152
160
172
124
128
104
140
116
96
40
90
64
120
36
50
10
4
50
6
36
50
64
124
98
116
126
94
108
76
90
114
82
62
82
76
72
66
80
102
92
94
82
86
76
64
56
60
80
74
70
76
74
20
52
48
40
56
60
44
54
46
68
30
84
80
52
70
40
44
90
54
4
42
78
30
76
62
74
86
60
54
50
44
40
16
58
80
70
66
0
4
52
80
64
104
396
510
510
510
510
510
510
510
444
338
380
384
362
332
296
350
378
370
344
336
302
322
298
262
164
288
264
264
234
234
188
24
14
34
48
40
150
120
150
84
124
102
130
60
20
46
50
66
84
92
72
6
40
62
136
110
150
110
96
34
18
50
68
156
112
124
54
124
122
80
150
108
104
184
26
170
110
46
136
64
34
74
50
110
20
76
26
150
130
100
124
140
104
92
92
118
116
62
70
80
56
68
64
80
76
60
74
68
66
66
80
86
72
60
50
60
54
50
52
54
60
64
70
42
92
70
70
82
72
106
124
6
66
38
42
42
66
34
84
58
44
58
50
72
72
58
56
54
24
0
36
18
0
40
70
50
50
2
14
70
96
110
510
510
510
510
478
510
454
380
428
404
384
384
374
354
340
364
294
290
272
330
346
266
274
316
352
352
338
328
238
184
16
20
22
16
44
88
146
120
100
120
106
52
64
50
136
76
116
44
70
82
26
94
98
134
120
150
118
112
70
90
146
100
90
144
150
106
94
102
102
154
64
110
170
26
60
86
120
110
162
40
116
118
112
96
166
66
124
96
138
146
106
100
106
102
100
102
74
80
110
86
72
102
104
80
70
104
82
78
84
76
66
58
54
60
66
64
46
48
50
60
76
64
88
22
66
76
96
102
30
106
24
40
12
42
78
84
10
72
48
54
36
70
80
64
60
66
50
46
48
46
66
58
92
90
78
78
76
14
50
54
130
510
510
464
498
474
458
430
376
376
312
304
280
342
348
318
288
296
332
260
202
254
216
192
160
170
150
166
224
222
176
14
56
8
2
34
76
112
64
122
126
108
120
196
188
66
86
126
86
84
62
30
46
98
100
80
150
130
128
136
148
110
126
120
116
124
110
130
128
90
96
120
38
130
98
90
102
74
138
94
64
92
140
106
114
84
36
136
60
94
138
110
76
102
116
102
82
76
90
84
70
64
72
86
76
90
98
84
82
108
94
80
46
70
60
52
56
70
70
78
58
80
60
76
16
52
76
82
96
100
36
116
10
14
20
14
60
40
110
76
70
74
82
72
72
60
70
38
42
60
72
58
86
98
70
42
58
46
34
32
56
78
142
470
460
458
480
458
380
402
378
362
384
430
482
430
324
276
246
268
294
264
264
248
176
158
120
196
250
198
138
162
64
146
4
18
46
72
86
64
70
136
134
36
196
62
82
92
128
120
98
124
176
170
80
90
92
50
116
120
76
148
146
124
112
120
144
132
102
136
134
104
96
100
106
90
84
116
126
140
84
70
168
168
114
170
186
110
118
32
102
110
114
112
116
106
72
90
108
132
94
108
118
104
110
96
114
120
104
80
90
70
92
66
76
82
80
84
82
96
88
130
100
74
52
30
60
86
34
82
88
56
132
84
46
28
28
86
106
122
88
56
88
90
56
68
14
0
56
0
60
60
96
98
92
70
100
62
34
52
30
40
80
108
436
458
468
458
402
232
242
230
172
94
116
194
224
194
244
262
182
220
168
138
130
106
138
120
186
194
224
184
172
70
44
8
52
14
70
74
64
62
54
78
98
110
120
90
96
60
156
110
116
144
60
64
164
130
74
80
82
70
120
88
116
116
172
150
180
130
122
140
144
88
170
168
172
136
128
146
102
148
102
172
150
180
174
176
126
108
136
142
112
104
112
124
116
100
92
118
104
66
62
84
76
94
90
84
110
114
92
78
92
106
80
82
84
70
88
76
104
104
88
84
84
80
52
12
76
60
80
148
76
62
84
10
26
72
58
94
148
136
104
100
108
80
94
80
52
76
8
16
80
94
114
102
52
90
74
66
78
48
68
72
126
272
460
480
484
386
222
264
206
134
142
210
192
192
136
152
176
168
124
136
156
186
160
132
140
244
268
220
198
212
184
8
0
92
8
18
38
88
140
42
78
76
190
138
142
80
18
116
104
130
110
38
94
106
154
124
88
44
100
76
142
188
110
166
134
116
110
124
170
170
126
140
192
148
158
174
164
190
76
168
180
190
184
156
158
164
84
66
186
138
124
128
116
120
86
94
86
80
86
82
82
70
84
88
94
114
110
112
96
124
110
104
100
100
104
122
122
124
134
118
116
104
100
112
34
66
66
96
190
148
150
140
60
60
74
108
152
162
164
160
132
142
156
120
90
80
92
20
44
120
124
144
90
102
120
110
120
128
114
90
130
162
450
464
480
496
326
162
120
114
92
70
86
144
126
190
176
156
168
224
200
224
222
136
170
182
214
118
134
190
144
142
6
6
100
18
66
134
140
76
184
106
160
156
120
150
102
62
32
78
108
84
22
146
144
102
136
98
62
44
72
108
142
104
104
144
130
142
92
178
198
212
160
146
160
148
164
164
202
102
186
134
154
118
74
134
120
100
52
146
170
148
148
168
156
136
132
126
144
124
104
128
122
108
130
130
158
142
134
144
144
136
122
126
90
138
118
134
142
144
84
122
118
78
78
54
100
52
108
124
200
132
146
84
76
90
124
186
170
182
160
154
152
114
134
46
62
46
58
130
142
136
138
114
116
140
114
104
130
162
160
156
380
450
448
510
506
338
150
162
126
140
96
128
186
220
208
184
158
166
170
206
208
196
162
186
242
138
164
106
106
142
50
6
10
66
24
82
126
86
170
66
210
178
74
146
138
42
42
64
58
130
40
60
106
110
106
114
102
48
22
112
106
130
90
110
124
106
84
104
164
162
182
160
184
168
88
174
180
212
160
204
174
150
156
170
176
190
94
142
116
176
180
142
104
100
128
116
124
174
138
144
150
150
164
154
162
168
132
150
150
154
140
132
148
134
120
124
114
134
130
130
130
100
82
62
46
70
40
114
138
166
194
96
130
156
150
174
182
160
180
156
162
112
114
138
46
110
80
108
128
52
126
158
140
98
88
140
134
164
158
178
284
466
454
454
510
480
330
184
194
178
138
156
174
230
224
146
140
130
164
194
190
148
146
148
146
140
148
160
196
158
128
40
0
18
32
66
110
124
126
170
76
158
90
78
106
104
96
82
54
54
26
58
70
90
146
126
150
66
58
104
62
130
154
128
138
62
146
130
124
146
182
150
172
102
80
114
140
144
186
170
190
142
124
150
184
162
148
138
120
122
154
112
184
174
138
136
132
166
140
148
132
130
114
118
128
134
140
140
142
148
124
122
126
140
120
116
124
110
106
120
136
136
106
84
40
36
48
84
76
160
148
174
190
144
166
160
160
176
188
186
166
138
124
140
150
80
128
126
130
150
112
158
138
134
96
88
140
142
128
170
182
202
460
466
450
510
508
304
130
100
102
152
178
210
192
190
208
218
190
190
218
248
216
182
136
126
146
134
144
178
172
194
54
40
78
108
152
140
154
166
172
142
116
120
112
134
120
138
130
66
90
68
50
96
168
116
140
100
88
94
162
170
144
164
140
102
114
158
84
128
126
170
128
190
104
126
144
136
158
184
174
158
136
120
186
142
130
128
128
184
104
114
148
176
190
164
158
144
146
126
146
138
158
130
132
130
140
146
128
160
166
132
138
134
134
110
106
112
106
90
102
140
148
142
116
64
56
50
42
90
136
158
162
160
190
138
152
176
146
184
198
158
168
150
150
144
130
114
120
136
98
134
132
164
78
88
96
120
154
150
156
176
190
204
448
446
510
510
400
144
100
104
164
96
122
144
140
204
144
124
162
184
182
206
216
184
176
194
158
160
204
210
164
110
40
94
194
194
180
180
188
192
154
180
164
136
184
166
176
146
170
124
122
126
130
160
172
160
136
104
106
138
160
156
172
116
94
114
174
134
128
120
198
152
158
102
126
100
154
170
184
176
198
148
130
172
76
200
96
128
140
78
118
180
184
198
184
154
130
148
146
150
164
172
170
162
146
160
150
130
174
146
126
150
146
120
120
108
120
132
102
120
128
126
138
130
110
124
62
72
88
100
134
154
136
168
194
142
154
126
148
194
182
190
152
150
164
158
140
144
124
106
132
136
150
134
110
140
190
174
154
146
140
112
166
412
438
216
190
138
146
204
448
178
184
196
210
268
238
204
246
238
240
292
272
192
230
274
238
228
246
186
192
160
150
96
126
206
254
222
216
210
226
226
320
308
260
224
210
184
200
180
198
164
148
130
150
148
170
120
116
138
108
190
168
186
150
108
190
106
120
194
154
200
124
162
120
150
144
168
188
174
150
150
180
138
152
86
176
130
150
96
80
182
174
174
200
170
74
106
146
154
130
154
164
148
126
148
144
136
150
132
120
140
124
168
118
116
88
48
86
128
138
124
90
110
114
130
26
60
40
70
102
112
158
150
140
160
172
148
124
120
160
112
160
144
162
164
136
156
176
164
128
144
172
136
150
146
180
146
160
150
156
84
110
154
374
376
318
222
340
458
510
206
374
270
354
296
290
294
252
226
242
242
158
222
216
164
80
80
170
138
70
142
194
216
152
240
250
272
300
424
464
430
462
460
360
368
346
356
344
350
302
234
214
190
174
162
174
166
156
166
112
136
140
184
188
178
188
184
188
188
186
180
160
180
178
158
160
166
170
182
174
164
176
188
158
174
104
160
170
96
140
162
192
186
206
194
178
158
176
178
172
164
160
158
138
142
142
130
148
170
118
66
20
140
144
154
110
50
58
90
86
120
110
128
124
90
70
94
122
40
52
92
126
156
160
150
134
136
138
126
104
130
144
160
170
180
160
130
154
184
152
136
154
178
164
146
164
166
136
128
174
152
124
66
170
200
186
360
260
362
256
486
444
404
300
364
294
304
344
320
230
258
224
200
264
276
178
96
112
210
204
118
244
222
118
120
110
104
110
100
148
134
72
106
314
266
268
248
268
272
274
260
280
266
244
250
254
220
208
206
172
174
180
166
174
188
160
176
146
172
178
194
200
196
188
198
192
180
180
174
180
150
148
148
158
196
174
170
120
194
184
190
190
196
156
182
176
164
170
180
174
158
162
166
168
150
152
160
146
166
182
154
110
90
150
126
132
58
54
72
124
124
124
126
122
82
116
72
106
106
100
92
106
108
132
140
152
126
124
124
96
102
66
146
96
168
160
176
190
154
206
186
172
164
184
168
204
132
156
190
200
150
152
152
128
136
258
114
124
100
92
80
76
76
126
114
106
110
104
102
120
82
124
164
140
130
122
86
80
124
96
120
102
128
134
116
114
160
124
126
116
90
124
100
80
138
286
284
246
240
226
250
180
152
190
196
194
218
176
300
128
104
190
164
160
170
196
160
192
184
182
130
110
180
222
206
162
230
218
206
234
228
192
204
188
218
202
194
190
166
200
200
190
166
190
202
204
196
182
184
188
178
166
160
152
174
154
174
164
156
164
148
144
144
138
144
138
106
46
80
126
130
154
152
110
140
106
106
102
112
74
84
104
104
94
124
146
130
150
146
122
166
142
138
144
140
188
160
198
190
178
194
168
180
182
128
176
150
146
172
214
180
162
176
170
132
170
102
184
368
374
390
380
386
372
296
326
296
278
284
320
64
206
88
100
110
126
314
312
196
182
184
152
182
220
280
292
286
258
260
300
268
278
88
240
290
308
280
282
206
190
264
226
134
212
200
190
182
146
122
190
192
186
278
216
200
176
190
166
136
114
108
182
168
154
130
114
204
200
212
212
224
212
198
204
212
192
220
238
202
194
190
140
220
100
124
210
212
198
214
170
168
130
110
146
192
156
162
164
170
180
190
178
180
170
126
122
134
110
86
130
120
98
120
120
118
110
124
68
100
106
112
110
78
108
106
94
138
148
150
128
150
140
174
124
188
190
162
196
210
226
210
202
204
172
170
172
150
148
146
186
184
172
196
178
80
66
150
162
220
376
380
374
390
384
304
134
330
326
272
308
320
96
136
110
84
106
174
296
320
220
194
176
192
206
274
292
292
320
302
286
286
306
296
182
272
296
262
270
206
210
158
182
166
166
168
154
152
152
164
196
176
182
136
240
158
132
178
144
128
88
110
110
136
176
210
170
152
170
78
76
124
124
132
120
110
134
144
120
120
132
120
150
134
92
110
146
102
102
100
124
168
142
130
136
134
192
204
184
182
192
194
200
202
170
154
136
126
150
76
110
120
132
126
136
124
114
98
112
130
110
110
120
102
104
116
126
88
110
140
180
130
128
146
140
154
144
148
170
168
166
206
196
196
208
218
192
188
140
180
188
114
148
90
134
158
70
42
96
224
164
126
356
410
410
222
288
264
352
352
356
334
344
210
164
100
44
96
136
264
344
296
230
208
220
220
320
280
310
336
306
324
332
324
286
180
200
324
250
276
270
264
232
214
210
192
194
176
170
190
176
172
166
178
186
120
162
140
154
112
146
150
128
130
150
160
138
160
146
132
122
92
150
154
136
158
128
136
144
134
130
134
130
140
142
140
136
142
130
144
226
170
150
160
146
156
164
128
180
110
130
208
176
202
158
142
150
166
136
58
90
96
96
146
158
130
110
140
132
134
132
112
134
134
88
106
98
104
144
142
136
154
216
170
186
192
166
188
170
204
198
202
176
182
148
170
178
168
174
158
180
174
150
132
150
154
210
94
92
166
234
256
186
170
172
432
228
270
154
356
368
368
346
354
156
164
84
128
142
124
206
164
270
190
184
218
244
204
294
288
334
326
214
354
344
340
152
310
328
310
286
286
244
242
232
210
214
220
220
210
222
160
188
176
204
162
194
156
206
186
162
180
170
148
146
164
174
156
178
168
110
144
126
170
158
212
176
178
176
176
190
172
176
166
164
178
174
170
194
204
234
204
244
176
186
220
182
180
170
190
180
160
150
244
140
172
218
142
140
116
40
50
110
148
134
168
148
148
142
136
134
160
132
130
130
84
86
124
114
104
110
112
138
166
150
160
150
190
164
176
200
236
130
136
94
136
100
94
104
126
120
152
190
166
180
172
196
194
176
106
132
272
308
260
254
280
322
384
358
322
286
300
336
260
334
142
186
172
178
172
240
246
228
230
216
218
328
156
254
202
258
214
326
314
238
350
298
304
246
262
314
264
256
270
270
220
246
226
234
208
226
200
216
190
204
160
74
124
194
162
190
180
216
184
158
210
190
194
194
178
186
130
180
180
184
176
166
170
184
202
170
172
190
200
214
206
220
178
192
204
262
274
226
204
188
210
190
254
180
174
170
184
154
192
194
192
194
188
168
180
72
104
52
78
160
164
126
126
148
140
150
116
134
128
98
92
142
66
102
96
364
124
120
134
150
126
162
166
176
184
160
126
174
144
150
146
158
166
158
158
150
168
180
178
132
196
162
220
234
136
114
178
168
340
360
460
374
362
454
340
360
372
366
310
372
324
340
316
346
294
326
356
364
386
330
442
344
318
308
320
340
340
312
254
270
280
316
382
274
326
344
312
314
330
264
310
280
250
240
270
232
256
240
254
248
230
214
204
230
286
338
340
270
236
264
234
234
228
248
246
240
224
200
184
214
204
216
216
236
228
180
200
196
212
196
216
208
206
200
196
196
216
216
220
214
204
210
212
200
200
216
212
206
206
212
222
216
200
210
210
184
108
100
90
134
190
166
164
164
166
138
174
170
146
180
160
176
146
164
180
140
154
170
188
196
194
156
180
150
192
176
190
186
194
190
190
194
170
176
174
178
166
174
180
172
180
204
186
224
230
190
226
240
270
344
