486
484
480
488
470
466
460
480
486
478
474
474
466
480
470
490
482
474
474
490
464
486
486
476
484
468
464
478
486
484
464
476
474
468
454
464
478
484
472
474
468
478
480
476
476
470
450
470
468
468
478
468
462
450
480
458
440
464
460
460
448
454
456
460
444
450
478
464
456
454
474
456
466
460
456
466
464
460
460
454
450
460
466
464
440
452
438
426
450
448
450
448
450
434
442
444
454
430
440
442
408
440
434
444
438
430
440
440
438
438
436
434
448
438
444
454
458
426
422
450
432
450
446
452
444
452
448
428
368
438
444
444
440
460
428
440
434
434
434
424
418
424
418
408
414
402
392
392
388
388
384
382
398
382
402
400
402
404
388
408
418
476
478
440
468
468
464
478
476
476
474
474
460
486
468
480
480
480
482
478
482
474
470
466
478
474
470
484
476
486
474
474
476
468
492
480
486
470
464
480
470
478
474
478
480
484
480
474
470
478
466
474
470
462
458
466
460
460
464
474
464
470
444
464
464
468
468
480
466
448
464
464
472
454
448
468
456
444
462
458
426
450
460
458
442
448
454
444
456
450
448
444
444
448
444
454
448
468
442
444
448
446
432
438
438
444
428
444
438
450
444
448
438
440
434
430
454
442
434
430
440
438
442
448
424
434
428
428
418
440
436
416
434
414
440
440
428
432
430
446
432
410
432
416
402
408
410
398
382
388
392
386
384
362
382
382
388
402
394
404
408
406
494
492
478
474
480
480
480
476
480
480
486
490
486
468
486
468
474
484
476
478
464
476
480
466
490
478
478
466
476
480
450
476
478
478
470
480
478
476
464
480
474
462
464
474
454
468
478
474
474
470
460
464
472
460
464
474
452
470
474
454
474
454
452
470
464
464
470
464
470
460
460
454
460
458
464
440
460
458
448
454
448
454
456
466
452
456
442
450
452
438
456
444
458
460
448
452
448
452
458
444
440
436
444
434
444
452
444
446
444
426
446
436
430
456
420
438
438
454
434
448
414
428
434
430
434
434
438
442
436
438
432
434
438
440
440
440
438
438
452
428
432
428
422
412
402
404
398
386
394
392
378
388
376
388
396
394
398
406
404
388
330
484
476
476
494
464
474
480
470
480
476
484
484
484
486
482
468
484
470
488
476
476
486
470
476
480
484
470
484
466
466
466
474
464
484
478
496
474
454
474
476
460
484
466
464
478
468
478
476
474
476
470
468
466
476
470
464
466
470
470
466
454
462
470
480
444
476
478
490
464
476
446
442
452
444
460
426
440
458
444
430
466
448
418
454
442
450
438
444
434
440
442
452
444
464
444
448
444
448
444
444
438
448
428
448
438
432
408
444
438
446
442
434
442
432
428
432
428
438
444
430
452
428
436
438
434
444
424
422
444
440
444
442
422
428
432
428
442
446
452
440
442
418
426
428
412
418
392
386
394
386
392
382
388
372
394
376
402
378
404
406
406
486
478
480
464
478
486
474
470
474
474
478
482
476
474
476
470
474
470
474
476
494
486
486
476
476
486
478
486
476
474
478
478
478
468
454
478
476
486
486
478
480
478
464
476
484
480
476
460
474
470
452
470
468
476
464
480
468
480
464
464
452
470
482
458
464
470
462
450
424
438
460
442
438
396
412
432
384
346
424
402
368
452
450
456
440
444
442
456
454
444
448
438
438
440
438
438
446
444
464
452
438
448
436
440
438
440
344
428
448
434
444
434
444
444
428
448
442
452
448
440
434
450
414
440
442
414
440
424
458
434
434
434
438
430
448
444
438
448
434
436
432
424
434
424
418
394
414
378
398
386
382
382
382
388
402
398
394
394
402
414
394
492
484
484
476
478
484
486
484
470
486
484
480
470
478
474
490
476
470
480
480
484
464
500
476
470
476
484
468
476
486
480
474
490
480
484
486
476
486
484
468
474
484
486
478
478
470
472
476
460
466
476
466
470
470
474
476
480
476
474
470
480
478
466
440
424
396
410
458
440
322
412
444
458
310
366
396
428
402
374
424
392
368
410
412
326
450
448
402
448
454
440
434
434
450
452
436
450
454
454
446
430
432
442
434
444
428
442
402
440
430
444
438
438
428
448
442
434
444
434
450
442
428
438
428
434
434
428
438
436
438
438
434
442
438
448
440
444
424
438
438
440
440
424
428
424
404
404
398
402
394
392
394
392
386
380
392
394
388
388
398
408
480
484
492
490
484
478
470
478
480
490
480
474
484
482
476
484
484
478
450
486
480
476
486
484
476
476
474
480
470
478
480
480
478
474
474
484
466
480
486
484
494
472
480
480
474
472
476
480
470
466
470
474
474
476
476
486
462
474
470
464
454
434
418
420
428
394
376
396
428
398
350
420
438
424
324
382
400
414
356
374
430
434
392
356
394
326
444
460
460
448
438
452
434
446
444
434
434
448
448
448
434
444
452
444
418
450
434
440
398
438
440
438
442
428
438
438
438
436
434
438
428
430
428
448
422
428
426
450
434
436
440
430
434
438
420
436
434
422
428
428
438
422
432
426
430
422
402
418
392
388
388
398
398
366
394
390
392
394
402
400
404
490
470
486
484
490
480
484
480
496
472
490
474
490
484
480
492
490
428
414
470
484
486
486
470
484
476
476
476
484
480
484
484
480
480
466
478
470
480
484
484
484
466
492
480
470
454
484
474
446
462
476
476
470
470
464
464
472
464
420
368
428
438
434
308
418
408
408
356
400
408
418
326
398
400
392
350
412
408
400
292
402
410
416
336
398
372
414
376
404
438
454
442
448
434
430
460
424
442
442
452
432
430
434
418
450
438
404
368
356
402
398
418
372
394
396
398
384
402
412
434
434
438
438
432
424
434
438
434
428
442
430
442
424
436
440
428
428
428
418
438
440
424
434
432
428
418
330
420
404
398
414
402
380
384
378
390
386
394
388
398
392
486
486
484
486
486
480
474
464
500
476
490
448
444
474
486
486
480
484
478
450
484
484
476
486
494
478
480
470
470
490
480
490
496
484
474
470
486
480
480
474
480
464
460
474
480
476
476
484
470
464
466
470
460
434
418
416
408
460
454
320
342
414
408
398
316
408
372
422
374
402
414
420
350
434
412
422
354
388
408
408
382
440
424
310
366
416
368
334
402
444
436
450
414
430
458
440
434
446
434
440
438
430
342
372
398
410
420
404
398
336
338
378
376
304
358
388
408
328
392
426
430
430
418
442
430
434
448
440
418
438
442
428
434
448
434
424
434
438
448
428
438
442
440
428
422
424
414
412
418
410
408
398
392
388
388
388
388
398
396
404
412
478
478
480
490
496
476
496
494
490
458
404
484
388
366
392
470
464
486
474
474
490
482
490
470
470
484
480
470
480
470
478
500
470
474
480
484
480
460
480
474
474
474
470
470
466
458
462
468
460
464
430
416
414
428
466
428
342
384
422
416
412
306
420
416
362
306
404
392
414
374
408
338
386
350
406
396
396
352
412
420
388
404
442
404
334
380
390
302
404
418
444
424
448
432
448
446
428
448
432
438
450
402
406
418
372
396
346
244
242
318
292
314
306
360
272
298
308
372
294
384
418
350
434
428
430
428
448
440
434
426
420
430
440
424
434
428
442
412
450
426
424
438
434
430
432
424
426
418
414
412
398
398
418
392
392
412
404
398
404
394
414
486
486
494
494
484
478
484
490
486
438
442
378
370
432
418
312
320
452
470
468
476
470
480
480
480
480
484
480
484
496
474
474
490
486
478
472
480
480
458
474
476
468
476
460
470
452
484
456
484
460
466
434
314
376
410
420
416
320
370
422
440
418
366
418
316
374
250
350
344
376
326
350
340
386
330
356
356
296
404
392
430
346
414
402
410
338
360
394
316
390
316
440
428
440
450
432
444
460
442
438
412
364
252
162
96
202
218
190
148
224
284
376
402
268
254
294
314
310
224
376
360
310
432
428
444
428
434
444
444
444
434
414
448
434
432
440
434
424
418
428
438
436
434
442
442
434
424
418
432
422
418
402
382
402
406
404
392
402
412
398
404
490
492
486
484
490
478
498
476
482
444
352
252
346
346
296
364
310
308
388
388
484
476
474
468
468
478
476
484
474
486
480
476
476
486
482
474
484
470
476
470
472
480
474
470
476
476
468
460
444
368
398
402
392
394
336
388
452
420
352
342
370
374
396
332
360
350
358
306
366
378
374
272
354
376
294
268
330
336
324
336
390
408
248
424
434
300
402
398
242
398
378
256
446
448
448
434
428
436
438
410
356
192
102
72
26
50
212
208
176
82
336
358
402
252
270
314
298
194
294
304
280
348
434
448
430
430
438
450
424
444
444
434
414
440
432
418
440
434
424
438
438
438
404
434
434
398
432
386
430
420
414
408
420
412
414
408
412
404
410
388
408
494
492
494
482
496
494
490
460
426
420
398
348
298
366
378
310
378
350
362
406
304
466
464
474
476
468
474
486
484
480
476
480
476
480
480
484
470
480
460
466
480
478
478
476
468
428
428
460
424
422
314
374
408
406
374
320
376
372
346
382
310
364
342
356
212
356
362
354
272
378
370
358
228
350
366
226
352
370
368
244
350
412
300
390
418
430
330
420
422
320
412
418
424
448
438
438
438
428
412
370
182
108
68
26
32
44
66
352
116
138
234
340
378
208
314
258
340
98
142
238
118
202
424
440
442
444
444
422
442
432
424
432
430
442
438
428
422
436
436
444
438
428
434
440
436
434
442
448
434
438
434
434
430
424
418
414
418
418
398
412
394
490
486
494
492
484
494
456
408
438
404
274
312
354
408
406
376
330
368
376
358
366
392
418
498
462
474
474
460
460
480
472
474
486
472
480
466
464
470
456
474
484
456
476
454
468
456
470
400
392
416
374
360
302
336
386
336
368
326
342
366
360
230
342
346
334
202
344
370
310
168
366
350
328
276
366
336
232
360
366
220
320
356
414
278
412
418
306
404
434
308
396
418
296
442
422
424
432
404
410
274
80
56
50
144
22
26
66
188
162
120
164
218
310
330
322
230
244
116
134
194
72
320
458
430
428
452
442
438
448
428
424
422
428
436
444
438
424
424
424
422
438
430
438
448
436
448
440
432
424
440
434
436
428
408
430
410
418
410
404
402
412
480
442
492
476
490
506
430
404
324
228
364
326
254
392
414
390
284
324
382
384
366
366
428
354
292
480
474
474
474
464
460
486
476
448
484
468
490
484
470
468
480
466
458
438
404
422
400
370
352
276
316
350
358
310
322
394
382
356
240
340
330
334
200
330
350
346
224
366
372
320
192
356
350
202
304
350
360
300
350
340
224
342
370
384
246
444
438
172
412
442
216
422
420
180
422
440
422
376
250
274
84
30
148
286
208
320
418
412
182
418
412
400
268
336
378
218
356
218
180
188
180
360
430
424
418
434
440
446
448
426
438
434
436
428
434
428
428
422
422
434
424
438
434
438
436
442
442
444
434
450
438
434
424
428
418
422
414
430
428
408
408
490
494
484
492
490
496
486
450
424
360
284
270
346
268
348
436
388
270
356
334
396
336
366
434
252
366
458
468
470
466
474
480
470
484
480
452
474
478
476
474
444
450
466
454
460
378
306
332
342
320
256
324
372
316
330
346
364
346
346
244
318
322
350
228
340
360
360
228
372
374
244
308
336
342
280
334
352
326
160
348
338
182
320
318
266
376
444
356
284
444
352
278
432
126
384
404
412
410
392
228
66
286
336
422
232
184
310
306
272
200
104
298
154
264
348
158
106
184
140
282
362
232
442
438
434
430
430
434
438
434
434
424
424
424
430
426
436
440
430
434
438
442
444
448
454
428
450
444
440
428
440
428
436
430
426
426
414
424
414
414
414
492
484
486
492
496
450
434
444
412
396
382
330
284
372
372
410
440
400
376
342
378
380
316
340
428
336
396
446
454
470
448
474
466
424
474
460
492
460
464
454
454
468
412
344
338
376
350
300
318
320
330
350
288
356
370
356
308
346
370
370
190
342
356
366
264
346
344
340
288
358
360
238
272
358
366
170
360
372
190
346
350
156
176
296
340
144
416
434
200
262
406
126
160
332
130
82
178
256
320
332
232
156
178
140
84
120
88
112
114
100
54
84
70
66
36
68
26
26
34
24
154
98
434
434
444
432
434
418
424
434
432
438
434
426
438
420
444
438
422
438
438
444
448
442
446
438
440
450
438
448
442
446
440
424
414
432
424
426
422
414
412
494
490
496
490
500
438
406
338
192
310
362
392
376
336
254
344
346
368
350
374
306
344
384
280
350
360
372
298
354
424
462
450
460
482
466
460
466
460
436
424
406
412
384
352
284
314
346
308
314
274
346
338
310
294
354
364
370
198
340
368
344
262
342
362
346
190
342
362
256
218
336
354
236
304
348
346
158
308
330
68
218
308
34
98
154
20
92
114
98
70
76
62
66
78
74
68
64
58
22
10
20
34
0
22
28
14
78
24
20
36
20
6
24
20
16
24
14
4
10
0
36
48
76
140
66
88
282
438
448
436
422
438
408
440
428
428
438
432
428
436
430
448
438
440
452
434
444
452
452
456
412
454
434
430
434
434
424
422
418
414
408
496
492
486
500
482
470
436
350
238
156
248
340
378
412
392
410
354
382
324
380
386
348
326
412
340
348
362
402
294
288
454
456
460
474
468
480
464
456
458
424
310
280
388
356
340
336
266
334
320
300
212
342
342
334
302
340
376
348
240
280
362
358
216
346
360
342
146
360
334
152
242
304
212
88
92
136
82
32
34
30
30
16
22
50
12
22
14
48
42
66
34
50
42
40
44
28
32
36
14
24
10
40
20
18
0
26
16
26
52
40
56
30
36
30
20
18
14
10
4
16
24
22
16
48
50
42
46
52
48
92
430
418
440
434
434
440
434
422
434
444
444
444
448
442
444
442
452
452
454
454
430
442
434
438
432
436
424
428
424
424
422
496
496
508
502
460
442
350
182
308
308
270
226
280
382
438
402
404
358
274
336
342
378
372
326
392
312
330
340
446
288
178
456
460
458
470
468
438
454
392
352
314
350
378
336
284
340
354
336
254
356
346
350
250
360
358
278
260
378
364
252
192
368
348
112
148
252
80
64
92
94
58
60
52
62
80
76
42
16
18
16
18
6
14
36
16
30
6
44
46
56
54
50
56
52
56
50
20
24
30
22
40
24
20
40
6
28
20
4
20
40
18
22
20
6
26
12
8
22
6
12
12
6
26
28
20
26
10
10
8
12
20
26
146
422
434
422
424
438
442
428
454
448
424
442
446
454
454
440
444
442
450
444
434
442
440
434
430
424
418
428
430
504
496
448
492
456
450
392
290
194
208
270
314
314
350
410
426
448
382
336
406
326
322
398
414
330
378
334
326
332
352
246
232
434
450
456
464
444
366
362
318
330
314
360
356
308
232
292
336
322
146
262
356
356
222
346
362
312
202
360
346
128
76
42
34
24
50
60
42
44
50
76
70
80
44
52
50
62
26
44
14
24
6
20
20
8
18
52
24
14
50
34
76
32
26
46
26
46
56
30
34
24
26
12
24
4
4
34
18
12
62
18
10
26
56
34
36
4
14
8
2
14
0
4
10
4
12
0
10
4
0
6
20
28
18
44
46
252
414
424
418
444
424
438
448
448
464
434
450
458
460
456
442
456
452
448
430
440
424
440
434
434
486
498
494
490
484
464
460
394
344
306
310
316
234
306
368
422
360
414
418
366
390
432
320
352
394
318
336
330
338
258
260
152
244
456
436
448
376
404
374
356
316
330
296
278
302
318
236
226
352
362
264
86
334
350
160
192
198
112
108
88
52
36
44
34
52
46
46
46
40
68
48
52
62
44
56
42
78
54
20
42
40
0
36
20
4
18
10
30
36
54
66
40
4
36
24
80
42
34
60
38
82
40
36
58
14
34
50
0
0
20
20
0
10
40
26
32
20
52
30
40
28
10
2
6
30
8
16
26
36
34
12
0
10
18
40
74
24
44
36
38
44
88
330
452
448
442
354
388
448
456
444
450
444
448
430
454
434
428
434
418
414
504
490
492
500
436
412
324
246
296
368
356
360
358
360
406
388
364
340
346
424
410
404
484
284
316
412
306
348
290
314
178
104
198
150
454
352
412
392
348
254
294
358
350
288
174
172
330
344
124
258
318
80
48
38
56
74
76
92
74
62
62
36
46
58
42
42
46
36
54
70
54
58
66
74
38
78
92
36
30
60
42
40
20
34
14
40
14
8
42
54
70
38
12
14
54
48
20
38
60
46
40
36
32
30
0
26
0
36
46
60
34
4
24
16
16
18
30
26
20
0
14
0
4
36
46
28
22
14
12
0
4
8
28
14
8
24
20
26
14
28
30
48
70
30
28
32
6
38
28
218
452
456
448
454
448
454
440
438
448
442
440
490
492
494
508
454
432
356
242
248
276
238
368
392
440
408
338
392
400
408
314
292
314
404
448
466
346
338
320
290
212
76
46
116
178
218
400
386
372
358
332
238
150
130
274
318
296
30
98
54
22
40
40
28
44
46
76
82
92
58
50
68
78
50
56
66
24
70
50
22
62
52
114
58
66
88
74
90
42
40
16
6
26
32
14
16
40
20
28
58
64
64
70
42
26
32
38
14
50
82
36
46
44
38
36
24
26
26
28
36
24
20
30
14
14
26
34
24
16
24
10
18
24
30
38
34
38
30
24
28
20
12
30
46
18
14
10
14
14
6
18
20
20
54
8
42
16
68
10
20
66
106
438
460
448
444
454
454
452
414
446
430
500
496
492
474
424
384
326
310
370
340
300
354
378
440
374
462
464
406
364
346
400
438
302
282
306
396
354
290
284
138
34
24
72
94
92
124
140
160
168
166
136
118
114
30
34
20
14
10
12
14
18
18
26
34
36
52
102
92
50
52
80
110
78
62
36
48
34
12
40
42
56
68
74
90
78
72
90
70
40
30
18
14
56
36
24
22
40
54
46
64
42
60
92
80
60
10
54
88
80
62
40
42
60
70
58
32
50
56
46
50
36
38
46
24
2
42
0
0
2
12
18
12
48
36
22
26
30
46
14
14
12
26
26
36
46
48
36
26
46
4
6
16
10
20
24
4
28
48
38
20
18
70
448
456
454
452
448
454
442
440
452
492
480
508
472
426
346
216
234
274
300
350
292
370
424
400
438
320
316
352
422
386
386
430
432
312
316
250
330
228
124
40
34
30
48
68
46
102
92
98
92
84
58
92
74
40
58
34
32
20
18
44
40
20
36
46
68
72
82
92
64
52
90
58
62
64
26
24
30
20
26
70
56
76
54
72
74
84
50
58
28
62
42
38
36
32
50
40
40
26
40
86
48
62
58
38
96
64
56
56
72
86
74
66
50
52
46
46
70
40
34
56
20
36
40
0
0
6
0
4
14
4
0
34
12
18
34
28
16
38
42
34
20
40
46
30
30
24
18
16
28
30
0
58
40
14
66
56
0
18
18
20
34
100
476
480
484
486
484
474
460
466
504
496
508
496
468
458
414
424
388
352
354
396
410
396
346
384
342
304
330
374
322
320
264
348
418
392
336
254
208
78
40
26
62
34
54
100
78
98
78
94
108
58
72
20
32
40
44
16
26
22
14
30
48
40
92
118
86
86
90
102
94
72
76
46
16
36
36
72
66
66
42
68
68
64
82
84
114
60
46
14
40
82
6
44
30
6
40
50
32
46
100
58
56
66
72
72
66
34
72
68
64
90
64
42
42
46
54
76
48
26
40
54
50
52
52
10
22
14
18
18
30
6
10
6
8
24
10
8
22
22
4
10
32
52
20
30
4
10
2
0
16
0
20
0
0
8
52
14
4
4
26
14
42
48
138
510
510
510
510
510
510
490
506
510
500
444
412
330
298
346
406
376
408
444
386
326
366
320
340
346
398
428
468
384
344
254
280
248
240
204
88
22
14
40
24
56
64
106
84
62
56
54
62
36
22
36
46
50
32
18
30
50
34
36
30
52
62
64
46
96
86
84
82
102
100
54
60
52
134
56
32
106
56
64
92
76
74
112
46
22
30
36
20
66
58
26
68
88
62
66
34
84
82
72
82
62
60
50
62
52
72
74
78
48
66
56
58
68
82
68
22
20
36
64
56
32
42
24
26
28
14
26
14
4
14
10
18
10
10
26
20
28
46
40
4
0
10
20
16
4
0
20
2
0
2
0
0
0
10
12
16
26
22
22
16
36
46
262
510
510
510
510
496
496
510
500
456
380
290
280
252
230
308
346
454
378
332
398
402
450
456
430
440
450
408
418
428
388
330
250
216
176
46
42
20
28
30
40
34
60
58
96
62
76
68
40
24
36
60
34
44
44
34
80
42
30
26
42
54
76
68
72
56
64
30
82
98
38
54
60
76
82
104
100
114
62
66
58
52
72
66
72
56
50
52
92
110
96
68
76
56
72
96
94
82
72
86
74
46
46
60
56
58
68
74
68
62
50
68
64
60
46
30
40
36
22
30
62
32
0
0
14
4
12
26
22
18
2
14
18
18
24
30
26
36
0
14
14
0
6
14
20
44
40
10
10
0
30
24
0
4
0
0
2
50
34
20
10
38
188
510
510
510
500
500
496
462
442
356
384
478
420
362
356
400
446
428
352
330
336
356
340
336
394
342
270
342
338
266
250
212
198
172
146
34
40
26
22
68
46
60
58
70
50
94
88
66
72
32
62
82
50
66
32
68
58
80
54
76
70
56
36
62
56
74
62
50
104
104
102
76
110
82
74
72
60
100
72
102
96
64
100
88
84
108
114
130
124
64
76
86
68
96
114
118
82
72
92
76
62
40
88
78
60
72
82
100
68
60
30
64
58
76
36
26
42
34
40
54
20
4
34
46
38
20
46
30
30
8
14
14
18
30
14
20
24
0
0
4
4
28
8
16
16
34
24
10
0
14
24
32
30
36
22
36
0
14
20
14
24
122
510
510
510
496
500
508
480
456
232
258
312
300
326
402
450
456
450
424
412
404
438
448
440
484
498
496
470
466
420
376
306
206
172
46
34
20
40
42
64
50
170
92
68
46
76
50
72
62
68
100
96
82
82
92
58
64
80
82
60
110
76
84
66
92
102
132
118
130
120
90
108
120
86
116
118
108
140
86
72
124
166
124
114
130
130
136
112
108
58
56
56
74
112
116
118
100
98
68
78
68
76
102
100
52
58
64
76
72
82
56
78
58
80
66
46
60
46
58
56
32
52
38
64
34
30
26
30
46
6
36
10
58
46
52
34
6
22
30
28
24
24
20
24
34
36
14
0
0
0
0
24
18
14
8
40
20
14
18
16
32
40
88
510
510
504
506
504
490
460
458
432
378
376
404
430
400
470
470
464
472
482
490
498
466
466
418
366
302
348
278
278
234
222
154
42
46
74
46
76
86
118
118
156
140
82
74
72
30
40
54
58
102
102
102
54
104
82
122
104
52
56
76
114
106
118
114
126
122
130
104
118
112
108
114
88
110
154
102
122
108
140
114
140
112
166
128
92
138
98
92
118
112
92
86
82
96
118
128
98
82
62
72
84
82
68
78
96
80
70
74
62
102
78
62
98
48
40
40
66
78
70
56
30
42
20
16
54
50
70
34
28
20
44
54
32
0
26
16
26
36
34
26
18
10
20
26
10
22
20
14
16
10
24
16
40
34
24
22
70
4
34
30
68
166
510
500
466
490
470
452
418
378
284
264
310
382
394
418
456
446
404
388
352
372
372
368
374
430
456
424
430
356
290
222
146
40
62
104
148
164
106
134
210
188
170
120
60
100
68
62
126
100
102
84
66
114
142
120
102
104
100
72
120
176
160
104
124
88
144
104
114
124
76
88
66
108
124
186
146
112
96
148
140
106
156
86
144
104
104
118
92
116
114
92
100
100
118
114
122
118
90
72
82
104
106
102
96
100
108
94
98
112
144
118
108
104
124
88
92
104
90
60
44
42
44
24
52
42
72
30
62
30
16
14
44
30
30
24
32
30
46
40
22
20
4
6
12
10
16
14
20
26
24
34
30
14
12
64
50
44
26
36
58
102
174
510
500
496
506
468
436
410
322
256
280
336
372
428
410
366
430
412
442
440
448
402
432
468
420
342
326
338
336
338
222
176
102
124
186
194
202
214
236
258
200
232
212
168
152
92
186
144
82
152
86
122
108
150
42
130
140
110
124
154
138
150
152
138
86
82
118
132
148
114
130
140
156
176
148
148
130
126
162
152
200
158
134
118
108
136
112
120
132
108
114
122
124
116
124
118
124
108
106
104
114
118
148
136
114
120
136
146
136
134
54
128
92
114
104
102
116
72
54
70
48
2
16
40
60
76
80
50
48
10
8
22
12
22
42
50
36
62
42
26
28
18
6
6
0
0
22
12
26
14
14
30
40
46
50
76
60
76
58
96
190
476
510
490
508
376
508
464
444
352
256
274
252
244
350
370
408
402
408
404
358
394
400
326
336
400
438
362
352
350
350
278
186
116
196
252
272
252
258
266
272
264
248
248
242
240
246
220
198
226
202
194
170
180
174
150
136
114
154
136
104
144
136
148
120
92
76
106
114
108
128
140
152
112
156
136
88
148
148
134
150
190
144
170
118
134
154
138
158
152
124
108
110
100
110
142
148
130
92
114
122
114
108
130
140
130
114
120
148
160
176
156
160
150
118
126
134
130
98
68
72
82
36
8
34
70
58
82
66
40
2
14
14
54
46
60
42
54
36
42
48
50
46
0
0
16
22
30
22
22
32
36
30
74
40
62
74
60
52
48
70
116
284
510
496
506
496
496
436
388
342
282
216
206
248
238
302
420
384
376
332
404
418
440
374
310
378
386
412
372
350
356
430
272
230
262
346
360
470
496
496
504
500
502
496
490
476
466
412
352
256
236
226
210
200
196
202
186
196
180
130
164
176
208
158
166
144
142
150
124
160
166
146
154
134
166
144
152
162
180
158
160
166
158
108
120
152
134
158
154
164
144
126
124
128
140
150
166
144
124
142
138
146
140
164
152
140
136
134
136
158
124
46
138
122
146
160
144
128
114
98
60
56
34
10
40
88
72
96
56
92
52
50
94
68
46
76
30
60
28
30
46
18
14
6
8
52
34
24
40
42
30
10
50
18
56
56
36
28
66
56
56
150
510
510
460
402
420
414
404
346
356
242
174
196
210
290
346
328
248
248
304
284
362
368
392
458
372
398
372
460
434
336
314
362
310
432
346
368
486
494
508
486
508
494
504
454
454
456
428
412
396
404
380
330
326
252
206
206
208
194
168
182
176
186
190
190
150
130
176
168
192
194
162
178
184
128
170
128
170
138
144
160
170
186
156
130
176
148
158
166
162
172
146
124
136
142
150
146
144
144
134
122
122
138
180
174
156
114
156
182
186
170
150
102
140
78
124
114
128
136
94
86
88
36
18
40
56
86
68
92
100
68
102
124
94
104
58
36
66
62
52
62
36
24
18
50
46
54
72
30
50
20
30
48
40
40
64
66
50
82
76
140
452
510
510
510
492
484
500
456
358
318
228
140
150
144
288
332
376
266
272
322
352
444
368
406
414
418
394
368
354
254
328
358
360
412
430
380
314
382
428
464
480
480
488
438
414
408
388
356
328
394
388
364
302
318
354
356
434
382
270
224
204
206
202
206
198
196
188
186
176
176
186
184
184
156
180
184
160
160
180
164
166
166
160
188
174
160
152
170
164
164
136
130
108
118
154
164
168
138
132
110
146
140
160
180
184
184
166
146
130
146
166
152
152
134
84
146
98
146
146
114
130
90
48
14
82
66
34
98
94
132
114
96
66
78
40
84
82
66
60
76
52
44
38
56
82
82
104
92
68
46
40
76
82
54
72
108
88
104
92
140
510
510
510
510
150
154
156
210
232
186
214
196
184
124
192
186
228
296
290
274
244
274
248
278
310
310
318
298
300
336
318
140
108
144
222
186
246
200
162
220
308
318
262
270
284
334
350
334
300
332
270
312
286
276
270
264
208
214
258
256
232
214
212
230
234
244
234
224
220
220
200
186
194
180
182
190
164
170
176
174
176
168
176
176
170
188
178
166
170
172
156
120
124
138
160
160
156
138
150
148
128
128
142
152
142
182
192
196
190
190
140
44
94
160
124
110
162
100
136
134
112
126
92
88
78
96
54
58
56
124
120
170
110
132
106
82
78
84
102
76
76
76
94
64
110
84
114
132
104
62
54
76
118
96
86
68
84
68
118
204
112
110
102
120
100
322
306
294
290
272
244
212
150
120
102
98
134
168
234
226
192
166
172
192
280
278
238
310
314
320
306
288
282
290
320
318
288
274
210
214
248
308
308
296
300
310
308
294
270
268
276
254
266
282
260
288
308
302
240
276
218
206
224
232
174
130
204
216
206
218
226
230
216
206
206
228
226
210
166
192
202
202
188
186
218
222
184
196
188
210
194
180
158
170
170
154
160
130
162
180
154
170
130
128
154
144
146
140
116
168
188
156
156
118
156
154
160
138
118
156
150
144
138
144
76
34
104
52
98
80
76
118
120
142
194
168
122
118
116
114
90
84
94
100
86
134
124
166
142
140
126
130
140
128
134
158
154
182
262
248
242
258
202
140
128
148
350
342
336
330
308
264
254
178
166
102
124
196
274
262
232
248
250
210
226
238
264
272
304
250
250
242
206
230
308
316
314
302
236
232
296
314
316
336
316
332
342
260
260
254
226
222
196
190
184
180
188
170
146
144
154
162
188
150
134
124
128
170
174
172
154
138
150
136
142
118
128
130
136
134
128
142
140
130
162
160
214
170
222
232
236
234
200
194
200
174
146
148
120
146
168
172
162
160
176
130
168
180
122
134
140
126
192
210
166
144
170
172
160
124
170
168
150
166
154
120
104
136
112
102
148
104
96
108
174
150
158
122
134
126
176
124
130
124
150
176
126
124
136
130
160
126
134
160
140
118
150
198
262
340
382
398
394
386
388
384
388
340
342
346
352
284
260
388
178
158
180
172
202
248
302
270
214
218
226
260
270
294
252
264
238
228
286
176
210
252
230
316
304
282
298
320
330
322
296
320
282
298
256
258
272
262
238
220
234
238
212
206
194
186
200
202
208
252
298
322
268
294
218
148
140
144
158
170
148
142
142
136
148
138
128
134
126
136
116
140
164
156
192
162
216
258
210
190
180
180
202
196
192
146
174
170
452
506
186
156
192
200
220
210
198
170
186
204
208
106
124
166
210
186
176
186
194
154
134
106
152
162
142
62
112
108
210
184
172
172
164
148
140
132
140
128
134
134
140
144
148
162
136
140
160
152
138
176
224
218
294
386
316
286
308
322
372
382
380
388
398
388
332
330
342
306
278
258
244
254
278
288
290
298
322
306
310
254
212
238
258
268
216
210
232
218
226
238
308
234
202
232
222
298
304
328
312
322
396
370
326
308
330
294
282
284
248
234
226
242
248
244
256
218
174
170
246
166
166
192
184
274
192
130
134
146
146
138
148
152
144
122
128
148
134
144
130
166
120
124
110
108
106
112
114
106
122
132
236
210
222
196
208
202
188
156
196
212
212
170
168
162
156
142
96
96
134
132
88
152
168
182
202
220
174
162
186
184
154
172
154
140
104
150
170
176
180
94
188
206
210
172
194
194
190
190
172
176
180
186
206
208
226
222
150
222
248
352
260
284
282
392
286
276
300
320
382
384
394
386
392
388
402
478
418
394
428
428
394
352
360
322
364
274
430
336
326
338
334
334
310
312
322
304
350
366
372
294
284
256
280
256
270
272
252
258
306
350
344
328
348
348
352
352
336
314
312
296
230
302
278
262
238
246
272
222
200
228
216
170
162
154
190
200
196
230
202
232
284
174
174
176
176
198
186
226
238
260
222
308
236
256
242
240
310
226
218
256
156
146
142
148
134
144
136
128
142
154
134
150
122
134
134
162
136
160
120
184
170
176
140
156
194
202
194
176
210
210
196
176
180
192
180
176
196
180
186
130
108
114
96
118
122
112
190
182
128
216
216
206
160
196
220
178
298
258
308
274
390
376
314
374
314
372
314
454
346
378
408
384
476
438
412
464
388
394
368
314
352
414
368
290
354
298
344
360
284
186
320
254
320
304
332
264
364
286
310
324
336
264
170
268
318
248
238
192
208
228
258
292
300
284
290
328
308
294
302
254
274
254
262
238
238
220
226
218
202
226
238
228
204
216
226
244
236
242
200
196
234
206
196
204
412
260
202
254
258
258
240
236
196
212
210
232
196
190
268
226
250
230
226
228
216
226
236
232
222
216
216
220
226
214
244
504
182
182
228
202
220
198
204
200
206
178
192
180
282
176
190
162
180
164
180
194
160
138
176
178
158
150
160
166
294
166
220
164
176
160
180
162
176
160
142
186
172
148
184
184
168
172
202
244
256
222
344
252
238
384
250
314
412
312
398
374
368
178
196
152
272
180
458
272
280
276
336
214
292
206
258
262
242
274
304
460
182
256
264
298
322
276
246
282
474
330
444
292
336
270
274
286
260
282
330
282
322
294
306
444
302
268
306
306
406
304
334
268
280
368
310
282
258
302
264
272
232
256
262
352
462
226
216
262
320
248
290
174
208
310
470
358
206
320
254
308
408
284
212
252
232
266
232
338
234
188
200
234
258
258
310
286
242
294
284
296
234
210
200
238
222
220
278
164
280
222
232
196
206
288
220
226
208
216
188
158
212
208
160
276
174
188
138
176
174
150
210
140
170
170
180
156
164
150
152
120
138
194
152
156
156
144
192
184
186
218
176
232
252
210
278
228
278
294
294
364
378
320
