496
500
504
510
480
466
484
478
490
500
494
468
472
494
458
508
498
478
484
464
466
472
486
510
482
498
494
470
476
486
464
480
470
474
484
460
476
476
494
468
484
494
486
490
510
498
498
472
444
474
468
486
490
472
490
480
472
486
482
464
498
468
474
466
408
460
442
476
440
468
468
468
482
494
480
476
458
456
458
450
476
446
462
450
458
454
466
462
436
444
468
434
450
446
454
436
456
436
432
440
444
430
450
450
436
444
440
426
414
428
430
428
428
414
408
418
404
404
392
382
372
396
382
396
394
400
396
398
418
422
408
420
424
414
414
426
436
408
434
414
426
424
418
408
422
422
418
422
428
426
436
414
426
426
428
426
414
422
422
414
414
474
488
498
506
472
492
504
490
480
508
486
510
472
486
500
500
482
474
496
498
494
470
490
474
482
450
486
500
498
476
500
466
494
458
468
510
468
490
480
472
454
482
500
482
476
472
500
494
486
474
482
480
490
472
478
486
500
484
482
510
486
468
460
480
450
470
454
454
446
470
460
454
464
458
454
456
484
462
458
460
454
444
464
450
462
388
448
466
440
422
450
466
446
436
476
458
432
470
460
462
450
426
430
440
440
444
422
426
430
430
432
424
426
418
404
414
400
394
398
394
400
400
380
390
400
386
416
400
400
404
398
398
412
406
414
426
410
426
422
428
436
418
432
422
424
426
418
422
416
414
442
414
426
418
426
426
440
422
424
436
414
474
472
460
510
506
500
478
486
454
480
468
498
466
458
468
484
484
486
478
494
464
510
442
476
498
504
462
498
500
476
498
458
466
478
484
486
510
482
478
474
476
486
510
472
454
458
486
498
478
490
466
470
482
468
488
466
468
470
510
482
470
446
464
456
450
454
418
430
466
452
446
460
502
472
454
450
466
468
452
456
460
458
440
438
446
436
456
444
450
440
452
434
428
458
462
434
448
426
464
448
448
448
428
450
450
442
432
440
442
434
434
430
418
428
422
386
404
404
396
404
392
412
376
382
400
390
386
384
382
394
398
376
398
392
420
412
404
400
404
414
412
422
426
418
440
394
422
422
422
422
426
426
428
428
426
412
422
426
426
436
432
470
466
506
490
510
510
498
498
482
464
482
470
490
490
508
490
476
504
454
486
486
490
510
476
498
494
486
490
468
466
500
486
454
476
474
486
474
480
482
474
470
456
464
498
464
510
456
470
480
486
500
490
484
504
454
468
462
444
500
496
486
500
482
462
448
444
446
434
420
432
416
438
448
416
428
444
462
458
446
430
444
458
458
450
446
470
460
432
442
442
450
438
444
416
442
424
442
458
438
448
442
426
406
416
440
428
422
426
410
394
436
410
412
410
426
400
410
394
394
400
390
412
374
398
386
398
394
386
386
382
400
400
380
386
390
412
404
408
404
414
422
404
412
408
422
428
424
420
422
434
422
432
426
414
434
428
434
426
430
422
426
508
472
498
476
494
468
510
502
474
450
470
486
480
462
476
480
458
484
506
494
508
494
462
490
508
490
506
486
468
456
504
480
484
466
490
470
494
490
486
490
462
442
456
486
484
470
464
470
466
470
466
480
476
470
494
484
458
462
470
464
472
446
466
458
422
452
442
426
426
444
442
446
458
416
426
452
458
452
450
464
442
462
442
452
456
472
436
440
416
440
446
440
436
434
426
440
446
416
426
436
436
430
410
416
430
432
414
422
416
436
442
426
416
432
426
404
410
418
422
382
392
404
386
404
386
370
382
398
382
378
378
382
384
380
374
384
404
386
392
412
404
382
426
426
422
422
428
422
422
418
438
422
432
426
426
422
426
430
428
414
432
494
482
506
462
482
482
466
506
494
504
482
498
486
472
442
436
466
454
464
480
476
486
482
498
490
468
476
466
464
458
486
488
450
474
470
490
486
476
458
474
468
458
494
456
468
478
490
430
484
486
440
468
454
486
472
482
462
458
456
462
450
416
402
378
398
414
412
392
402
428
428
408
406
420
416
442
416
446
382
408
448
436
444
444
442
444
472
454
450
426
450
436
456
434
432
412
458
420
440
418
426
386
434
426
430
428
406
422
408
416
426
432
424
396
412
416
418
392
400
394
394
384
394
386
368
396
392
394
382
386
394
390
394
384
382
372
394
394
390
382
398
394
412
408
398
408
400
430
412
432
426
410
404
410
410
422
432
424
416
426
430
486
468
458
468
494
474
508
486
510
508
480
468
466
472
464
448
480
450
434
454
498
500
510
490
480
498
498
490
480
474
472
470
454
454
490
504
476
486
478
462
490
482
490
468
448
490
486
494
498
462
466
476
472
486
458
466
440
430
444
436
380
380
376
394
402
412
420
388
382
418
390
368
398
406
412
444
422
398
384
364
440
420
454
454
436
446
436
442
442
444
260
462
426
436
416
426
430
432
432
426
432
428
412
440
426
412
420
426
404
434
404
422
434
400
412
400
396
412
412
398
410
400
382
394
408
390
386
388
394
390
394
376
390
384
394
398
394
380
388
394
390
394
394
408
408
422
410
426
430
436
414
422
432
420
426
414
422
422
426
414
374
470
464
474
478
474
484
486
510
500
498
474
470
452
452
466
472
468
460
450
456
460
450
474
486
484
494
500
500
486
474
480
460
478
456
478
484
456
462
474
494
476
468
478
468
480
458
478
476
484
486
480
466
458
444
438
398
388
394
432
372
342
356
366
404
462
388
388
370
392
404
386
404
390
420
422
438
400
400
370
406
398
422
432
432
448
432
462
444
422
430
438
428
444
444
442
438
422
424
422
432
420
420
410
396
412
406
410
398
402
392
382
414
404
398
434
386
410
404
394
408
400
384
382
370
386
398
382
380
374
378
382
382
374
376
376
390
386
374
382
372
380
408
386
408
418
414
408
416
426
426
436
408
420
418
436
434
418
418
404
436
434
450
480
472
476
490
468
482
500
490
460
466
454
420
424
408
372
438
478
430
458
458
450
456
486
486
490
504
470
490
468
474
494
498
490
470
472
462
478
494
490
478
490
486
466
444
452
446
482
466
494
484
408
366
434
442
404
400
384
430
408
384
368
340
394
356
364
342
370
368
400
368
380
410
446
426
448
378
368
396
374
414
398
386
416
406
422
420
438
430
434
444
420
408
426
430
412
430
412
432
408
380
412
368
406
422
400
370
358
378
406
390
364
382
390
388
402
398
394
404
432
404
386
386
386
396
382
382
390
380
372
384
390
386
382
372
386
370
380
378
390
382
382
396
380
398
374
408
400
404
428
428
424
426
422
436
424
430
438
426
426
418
464
478
498
466
458
510
500
464
452
466
430
412
322
288
356
336
328
434
422
438
452
436
436
436
464
462
510
494
468
494
494
476
490
482
486
474
462
462
478
468
476
486
480
482
484
472
486
466
456
476
440
416
430
432
418
388
400
430
438
360
384
396
370
188
112
224
302
324
370
396
348
372
418
440
398
378
382
392
358
326
406
406
284
380
388
336
392
406
422
412
412
404
440
452
424
426
412
412
406
314
324
336
360
404
360
340
370
302
288
336
324
346
324
374
374
406
394
388
392
404
402
406
400
396
392
406
390
394
394
390
312
400
382
382
382
388
376
368
390
378
382
400
396
382
386
394
400
400
422
410
414
436
414
428
440
434
418
418
422
436
432
484
490
494
462
474
486
478
466
420
344
372
364
338
298
300
338
338
378
388
416
290
426
450
464
458
476
450
454
466
468
428
506
468
474
478
468
466
462
490
470
472
452
482
486
508
454
472
460
432
430
358
384
402
426
386
352
376
396
388
388
338
352
182
246
138
230
268
298
320
358
362
374
392
396
326
376
402
374
412
432
406
358
366
348
414
366
362
386
398
422
424
428
426
412
424
394
356
314
316
324
306
310
282
292
284
296
298
330
354
276
288
304
278
330
362
346
408
396
380
404
408
394
416
386
402
394
394
386
390
376
380
394
382
390
386
392
378
382
386
396
386
394
398
412
378
400
396
404
414
396
426
426
432
422
416
428
416
422
418
426
426
472
464
506
486
490
504
466
440
432
362
304
346
394
384
370
342
348
356
348
370
404
334
408
434
450
448
460
450
464
470
450
478
450
478
504
510
482
486
498
454
450
480
490
446
504
408
432
470
440
406
358
290
352
378
384
370
386
366
372
382
406
266
206
266
206
114
180
342
312
314
358
384
398
386
370
368
404
420
400
408
370
374
364
346
404
312
338
352
386
388
422
388
412
408
400
330
260
190
254
210
188
244
306
282
268
306
296
278
260
334
238
256
332
232
340
340
334
390
396
412
404
382
394
390
412
408
396
378
394
394
394
390
384
376
386
382
386
384
394
376
398
382
386
404
412
394
400
404
410
410
422
414
426
424
424
412
436
414
422
448
426
466
484
444
480
504
468
452
426
358
356
338
348
418
460
420
366
338
370
388
374
378
384
338
414
426
458
454
450
442
472
448
458
470
442
434
462
468
472
472
490
468
446
472
468
448
436
456
450
422
402
382
366
350
398
380
380
386
416
366
362
376
386
346
322
346
306
292
322
406
322
352
392
330
364
372
386
408
406
322
384
348
316
344
412
388
332
308
372
350
376
394
376
388
364
326
280
216
202
162
248
134
182
188
206
242
298
300
234
300
254
206
274
246
348
346
290
358
344
394
386
402
398
392
388
388
398
410
412
412
408
396
384
392
408
398
392
398
384
394
378
380
398
398
382
394
394
408
420
402
414
404
426
420
418
412
426
440
430
426
426
436
466
498
474
462
498
502
424
408
356
348
320
346
410
394
376
358
356
380
384
404
396
350
374
378
396
418
450
442
440
450
436
468
454
436
460
448
484
452
432
466
472
458
444
450
412
398
436
448
418
366
402
392
386
414
356
390
376
376
352
386
398
384
288
310
336
326
360
354
352
312
336
344
318
338
380
366
310
348
330
348
396
332
334
396
342
330
276
364
374
250
354
402
386
370
382
200
176
198
224
148
200
198
164
206
166
324
108
308
252
254
266
288
330
330
316
148
308
238
398
406
388
390
394
396
392
408
384
394
408
398
390
406
380
394
398
380
386
380
386
384
394
386
386
400
394
386
392
400
394
400
408
422
418
418
418
424
426
426
422
432
442
462
476
480
482
482
452
346
374
380
408
372
370
404
388
346
354
356
370
388
366
344
354
300
384
356
404
410
434
458
484
428
460
480
452
460
444
426
446
456
476
474
444
442
446
380
312
386
396
402
388
366
402
408
398
382
358
360
362
370
376
398
386
348
324
338
364
372
336
362
350
362
374
294
360
360
316
314
356
368
348
362
382
338
390
316
348
376
314
326
370
336
376
360
348
290
274
282
204
284
262
144
274
246
324
332
318
238
266
336
312
322
324
296
180
222
200
284
356
274
384
408
384
394
392
384
398
378
394
390
412
382
398
396
408
404
382
374
390
386
376
396
418
382
398
390
394
388
400
404
414
404
426
416
414
428
422
422
412
422
418
432
472
458
486
500
492
486
444
338
316
386
420
404
434
424
380
370
370
380
398
374
354
374
382
360
376
418
390
398
420
422
450
472
468
452
450
464
474
464
428
464
404
408
420
430
374
338
356
374
384
394
396
406
398
364
380
396
366
398
396
410
328
368
380
344
382
346
328
348
360
346
370
368
382
368
342
370
342
360
356
182
344
374
210
352
376
310
370
362
288
352
260
304
348
358
306
236
238
322
300
140
260
236
270
300
252
256
282
220
252
278
254
212
134
68
76
110
196
274
286
256
380
392
380
386
384
400
394
398
390
400
408
386
402
400
404
418
382
404
386
404
382
394
404
390
394
408
408
390
408
414
408
426
396
412
410
428
414
414
412
422
428
466
482
486
470
478
474
454
368
336
362
414
410
410
368
394
366
372
360
406
384
380
372
396
400
382
420
398
342
400
416
426
416
462
460
440
440
456
452
446
450
426
334
372
412
386
358
350
404
368
356
404
402
366
364
368
356
398
394
396
334
334
364
410
410
388
342
302
304
392
360
348
380
370
264
302
358
270
198
346
278
170
338
200
38
348
378
278
346
334
314
300
312
244
258
296
274
180
174
142
164
202
122
218
220
258
250
202
214
182
246
152
168
186
142
52
146
210
176
190
206
246
240
242
220
250
366
370
390
394
380
402
390
398
396
384
412
400
416
414
390
394
394
400
404
390
408
396
386
400
396
408
412
394
394
422
430
414
424
422
440
432
450
478
486
472
500
456
384
376
376
410
408
344
356
376
380
402
406
406
422
408
386
360
384
396
382
402
412
350
380
410
406
412
446
422
468
432
450
458
448
440
420
388
412
402
334
348
372
398
416
352
400
394
366
340
402
392
368
344
356
398
376
370
380
324
296
380
370
336
360
374
350
342
350
322
286
348
140
76
192
96
124
136
110
134
302
322
352
314
354
288
272
212
290
248
174
168
188
154
214
132
146
164
202
196
182
168
116
178
132
190
132
156
158
84
68
40
24
60
142
180
200
186
130
128
196
226
198
182
248
402
400
392
372
394
386
446
402
406
404
394
394
412
408
408
418
396
412
408
408
414
396
414
410
438
440
396
424
412
432
422
430
456
464
468
484
494
490
476
412
376
406
400
338
350
330
370
364
404
400
414
392
370
394
410
406
412
412
378
404
364
334
316
416
416
422
416
424
440
444
460
400
344
326
368
354
368
354
340
374
362
368
326
368
368
382
376
362
358
310
362
368
356
364
378
368
352
370
384
312
308
356
372
294
316
260
298
170
122
128
142
132
106
128
38
220
258
324
278
280
274
246
298
262
212
250
188
214
190
140
194
100
122
108
182
208
168
204
204
194
160
168
204
238
132
176
146
122
68
168
142
182
106
188
186
214
160
68
160
186
132
162
196
290
406
396
408
404
400
406
402
402
416
410
410
416
404
400
418
432
408
418
406
416
420
414
430
404
432
420
434
426
426
500
450
486
470
464
472
432
438
426
408
366
338
344
344
374
366
392
406
412
394
360
350
396
398
398
414
392
378
402
384
262
390
414
396
426
416
418
436
458
422
344
322
308
334
366
352
422
384
348
338
372
390
362
362
292
308
340
346
178
352
360
310
354
356
282
200
238
178
330
348
316
292
212
98
110
164
188
38
140
144
132
216
162
52
248
290
178
262
258
220
266
200
242
286
274
224
214
264
178
148
220
154
146
124
162
90
236
190
142
210
182
196
154
182
154
132
152
36
156
64
162
112
132
152
146
160
74
130
158
138
94
156
170
358
396
394
402
386
396
400
400
418
404
410
418
414
422
424
426
426
408
414
422
440
418
422
418
430
436
422
432
404
474
458
440
412
438
420
378
380
406
414
368
356
348
378
374
386
382
406
434
402
402
416
398
398
370
378
390
384
354
374
386
380
422
406
398
400
410
422
420
354
314
302
336
384
348
376
328
334
370
348
266
314
328
298
302
346
348
294
260
284
304
322
298
314
224
244
322
230
302
246
310
290
240
118
194
232
148
200
214
182
190
194
222
230
298
290
278
250
294
286
278
240
230
230
230
206
254
210
190
198
190
56
104
110
126
8
108
210
184
178
176
128
236
166
182
154
224
124
170
30
232
116
142
114
144
146
106
100
106
136
92
132
142
160
234
376
390
368
404
398
404
404
420
408
408
430
400
418
418
428
422
426
422
432
426
436
436
434
424
434
432
430
448
404
422
416
446
448
438
344
372
380
368
372
380
374
368
410
394
432
414
418
394
374
350
408
388
398
396
362
372
342
264
380
404
394
398
408
438
384
324
348
358
340
356
290
332
366
246
318
356
298
284
328
318
182
198
224
340
304
340
330
350
288
320
266
290
354
296
286
364
284
356
258
226
294
180
62
234
196
222
220
328
286
252
334
300
300
350
266
336
244
84
84
134
196
236
244
204
262
212
232
98
74
228
156
44
186
214
206
194
146
160
198
178
152
86
182
176
74
120
120
152
152
126
106
128
96
98
166
158
130
88
136
150
124
178
220
368
380
390
86
348
404
414
416
426
400
408
408
432
436
414
436
444
438
422
426
422
452
436
456
450
474
428
388
382
412
440
434
396
360
368
360
350
360
364
378
386
416
430
398
406
420
400
402
398
388
392
384
366
398
368
312
204
350
372
384
378
402
374
316
330
350
338
318
292
298
334
326
246
292
294
190
134
122
190
128
276
290
298
296
288
296
268
326
236
296
270
298
286
318
294
302
290
290
308
236
146
184
164
190
212
236
152
232
272
314
302
290
318
318
276
222
132
124
226
202
232
230
198
200
226
146
142
168
188
206
178
182
190
160
164
172
128
98
108
152
168
120
118
108
94
130
162
192
170
146
130
64
42
98
118
98
136
102
108
142
148
174
212
384
400
396
180
398
404
408
422
420
434
438
426
432
424
426
430
440
432
436
440
436
442
460
476
450
446
422
454
438
416
380
346
362
348
330
362
366
372
384
386
402
410
394
402
380
406
414
396
366
384
376
390
330
230
276
236
348
366
358
380
394
358
330
340
310
264
320
268
192
256
174
186
144
170
238
114
150
194
278
310
306
332
200
150
284
394
300
290
186
262
28
306
318
314
376
376
334
314
248
196
218
196
216
272
200
246
256
314
322
292
302
268
186
148
184
120
178
238
228
230
214
218
226
152
150
172
156
188
196
138
200
176
142
160
168
130
102
160
122
56
128
164
148
184
212
182
192
128
166
124
156
118
178
128
86
58
140
156
160
156
164
186
172
384
402
330
334
418
406
404
418
434
414
422
442
422
414
422
436
432
426
426
442
470
470
420
420
430
434
440
414
430
428
390
358
352
372
384
376
366
368
376
410
408
422
404
418
380
416
392
382
406
340
212
102
268
312
286
266
326
356
370
346
314
276
296
326
200
148
174
72
116
210
246
204
342
274
140
88
186
284
402
346
284
264
326
344
298
288
314
258
196
280
352
334
354
290
280
210
222
154
204
238
106
160
100
290
262
286
296
270
310
126
214
112
238
126
204
258
244
194
266
222
214
254
88
214
210
226
92
214
232
232
192
78
156
154
32
0
40
136
128
86
128
150
150
180
120
178
168
100
178
20
90
128
128
52
26
128
74
142
174
170
162
156
178
370
388
266
410
400
408
410
426
428
418
430
424
416
430
398
436
420
466
434
442
430
402
406
424
408
438
442
398
362
398
394
400
384
384
372
376
370
412
408
388
434
430
412
342
330
416
396
346
162
92
190
264
286
292
294
268
274
286
310
328
272
338
214
228
246
178
228
228
210
248
242
192
108
142
214
332
376
338
274
336
296
280
296
258
124
164
208
276
340
336
334
300
272
322
222
232
254
228
112
258
214
136
92
224
274
280
272
230
240
186
250
264
84
232
174
160
234
186
258
214
242
246
182
168
66
140
194
60
182
26
86
22
40
48
78
142
72
88
120
110
146
84
108
136
142
138
150
140
146
70
152
126
110
32
6
58
106
142
106
172
174
182
162
188
168
288
390
416
422
430
426
422
432
454
440
436
434
436
462
440
436
452
446
420
436
452
458
402
416
396
390
358
366
374
382
384
396
388
408
398
384
420
392
362
424
412
358
374
370
152
192
196
238
88
258
270
292
318
322
310
326
196
228
160
196
178
142
152
182
288
310
286
284
200
114
296
202
300
368
268
376
322
254
322
170
244
118
228
328
246
304
300
326
282
292
198
132
184
286
204
236
264
140
236
308
284
242
242
290
162
200
260
242
112
216
254
240
246
178
232
226
280
224
252
188
196
194
230
160
184
132
90
18
154
90
34
178
176
42
74
36
48
172
148
132
100
92
166
172
92
62
150
144
128
112
46
40
94
96
170
166
100
186
134
124
112
76
142
394
388
430
418
414
432
430
418
440
450
436
494
152
446
480
420
404
422
414
452
460
442
388
380
376
374
372
370
384
406
392
406
404
420
350
418
396
382
378
396
388
378
244
134
196
268
152
140
232
300
302
304
354
304
214
216
172
258
298
120
192
204
280
282
258
132
258
200
212
250
316
378
296
296
350
332
306
372
240
140
302
244
184
164
286
294
312
292
268
240
174
256
250
310
294
196
300
234
250
222
314
190
230
216
228
230
178
242
192
204
206
300
234
254
258
184
198
186
270
204
142
150
138
138
130
178
168
106
0
156
182
132
70
118
164
136
174
94
134
152
110
96
122
122
118
110
104
94
78
116
82
62
112
160
156
70
108
66
60
66
120
88
412
408
408
416
432
426
438
432
510
446
460
494
476
476
462
440
452
442
446
452
452
448
394
404
364
366
372
370
410
392
378
392
396
454
416
434
434
416
410
390
384
274
172
162
222
138
186
176
238
258
298
322
274
244
324
312
178
208
260
272
206
222
202
332
276
266
310
324
272
258
282
186
310
304
296
284
352
278
290
308
282
158
174
222
314
366
290
332
222
256
274
290
306
326
236
300
304
214
244
236
272
124
44
194
222
208
244
260
228
282
320
268
268
282
204
142
228
178
132
72
2
136
102
70
216
170
120
64
152
120
202
114
138
158
128
154
128
154
148
110
100
130
122
150
66
66
102
78
48
88
64
34
2
76
56
54
52
32
74
114
98
212
422
416
424
420
424
442
440
438
444
482
490
466
452
448
462
466
460
456
446
432
426
416
396
408
410
400
398
402
398
404
402
424
416
404
384
378
398
374
402
420
392
330
244
176
134
114
180
270
234
312
322
284
262
322
268
262
322
306
314
244
290
288
308
316
300
418
296
348
300
310
220
210
318
260
350
370
302
292
294
272
284
168
218
338
272
288
304
172
312
290
304
282
274
276
318
204
210
178
198
302
300
236
220
244
254
300
294
290
266
292
246
278
308
256
242
238
192
146
126
72
140
94
214
190
170
110
50
196
176
122
220
174
142
114
158
120
138
54
98
188
94
88
114
80
78
98
70
0
38
46
10
2
18
0
0
6
28
46
58
102
92
266
408
428
428
426
414
436
426
442
450
486
474
462
442
442
448
464
442
432
420
404
390
374
376
392
398
390
406
408
408
438
424
428
414
420
414
414
370
404
390
248
280
268
296
210
220
272
252
282
276
344
254
250
300
286
354
310
324
324
254
290
248
248
344
326
368
350
414
334
322
346
268
310
316
338
390
320
300
282
344
326
276
304
304
334
268
310
344
334
262
170
290
236
288
354
240
178
288
286
294
272
262
272
268
278
248
272
282
264
266
300
272
226
250
256
222
114
178
222
102
196
184
222
222
196
190
252
138
208
146
252
154
192
92
140
78
64
42
96
132
36
0
0
44
36
94
90
92
42
56
0
0
36
0
0
18
34
0
38
96
110
112
122
366
350
160
394
418
430
428
486
472
494
480
454
452
426
420
438
420
406
390
390
402
372
354
374
376
394
388
398
418
404
396
402
438
416
420
432
392
342
208
206
226
320
274
236
240
264
332
350
352
328
322
276
274
232
256
336
258
240
260
188
192
266
264
318
258
410
288
362
286
300
268
266
314
364
280
278
234
238
332
316
372
254
206
254
342
330
428
274
312
292
302
266
180
252
326
260
278
324
294
310
250
242
268
246
268
282
300
296
314
268
232
230
282
252
224
186
222
146
222
204
240
220
244
214
310
210
208
184
196
204
164
28
156
194
106
0
10
42
70
16
0
0
0
88
26
14
0
0
0
102
260
0
0
12
0
2
24
78
86
122
126
100
124
206
252
82
200
144
480
498
480
472
498
486
438
452
440
464
466
438
448
410
388
396
380
390
406
406
412
418
418
420
422
394
382
394
396
402
322
200
220
224
332
300
228
272
296
302
340
372
338
304
306
304
210
284
272
286
278
270
260
294
280
310
360
362
332
298
328
306
320
296
332
308
264
260
256
242
300
330
336
360
266
140
188
358
300
318
326
296
364
292
280
274
300
312
254
282
294
294
328
298
292
262
246
288
276
284
282
330
278
302
242
228
268
278
190
248
244
236
202
204
188
274
228
276
188
240
154
214
196
186
160
170
166
124
64
62
80
30
18
10
94
2
0
34
52
76
84
96
184
138
64
78
52
0
0
0
88
98
120
172
158
142
510
142
162
128
98
498
486
490
484
408
494
456
472
452
442
466
444
412
394
396
390
400
382
376
412
428
392
380
380
434
424
424
406
414
396
344
184
230
294
348
280
286
318
354
326
342
332
336
286
336
334
340
338
346
326
296
320
322
286
310
318
368
424
458
354
330
264
338
328
328
356
364
348
320
314
348
344
378
286
240
206
306
322
342
366
304
294
386
336
342
316
286
314
294
308
318
334
340
312
296
270
282
332
342
306
292
318
322
328
296
284
266
308
282
204
306
282
272
254
218
308
260
228
252
190
174
162
228
224
76
106
92
94
112
0
148
20
0
18
52
68
94
76
94
156
124
106
96
24
56
136
164
6
72
0
0
82
88
130
106
138
378
284
210
250
276
500
490
486
426
416
414
470
470
414
420
406
380
416
412
416
390
374
376
396
418
422
418
408
402
386
410
378
406
414
384
350
318
274
338
330
356
332
336
360
346
364
362
342
356
356
360
374
354
340
328
350
360
324
300
326
318
364
410
372
310
328
246
286
292
328
302
444
324
352
370
372
316
304
254
286
278
392
340
422
334
314
354
314
344
332
304
292
302
320
336
362
360
342
324
306
332
312
336
346
350
268
322
338
330
324
250
282
282
288
258
292
288
244
286
290
252
228
246
260
174
218
188
170
210
166
114
70
98
134
60
188
170
82
132
118
78
102
116
102
82
94
88
18
0
10
18
98
110
150
178
76
0
98
86
130
254
158
390
396
412
426
498
508
476
444
390
404
456
486
434
414
388
420
418
444
426
398
386
388
390
394
402
394
376
366
412
428
378
390
420
374
288
400
306
376
398
414
434
426
420
422
422
456
416
424
406
364
362
338
340
312
392
350
324
316
310
318
360
358
340
346
332
318
310
350
298
326
368
418
384
378
388
364
296
308
336
332
334
364
390
382
330
342
338
340
334
322
310
328
316
338
346
332
302
300
312
324
298
372
372
370
354
354
352
350
290
288
264
342
240
260
282
300
298
304
278
204
218
212
212
248
204
154
200
142
182
114
70
86
154
44
162
42
120
88
132
140
124
94
96
120
116
68
84
48
124
148
152
112
146
152
146
114
38
72
28
54
110
278
386
398
404
462
498
478
436
354
402
472
472
438
410
424
394
410
398
394
388
388
370
338
352
428
420
404
400
406
370
410
436
408
400
356
388
360
448
454
446
430
422
412
434
428
428
406
416
406
420
414
406
388
350
326
326
328
318
306
304
322
324
324
334
298
316
328
324
346
328
358
384
332
318
362
364
356
340
354
314
344
342
358
372
350
360
300
352
332
328
332
352
340
344
368
338
382
364
374
350
316
324
310
326
324
336
358
362
308
316
320
318
312
298
318
282
292
280
260
278
276
252
54
58
206
210
200
242
204
196
144
174
182
122
228
180
168
188
92
134
138
88
82
28
92
108
98
104
124
130
136
134
156
140
154
158
114
28
92
82
106
178
378
376
396
214
172
174
230
222
282
230
230
230
244
270
290
280
276
250
302
254
242
288
338
338
344
294
358
296
280
328
322
358
316
326
338
384
390
366
366
388
374
394
412
388
420
370
404
402
400
394
406
384
396
368
360
380
370
314
298
302
304
322
306
294
274
298
314
314
314
302
328
328
318
314
328
344
342
346
350
348
336
346
328
360
346
344
354
360
332
352
346
354
338
342
336
334
342
354
370
354
342
328
364
366
360
314
284
310
328
326
218
260
314
324
314
300
296
292
278
282
200
28
30
250
232
202
198
210
208
206
168
110
214
242
240
204
170
118
148
142
112
0
0
0
2
10
106
148
166
170
146
128
178
174
144
28
176
42
114
96
156
216
386
378
146
128
134
204
188
174
254
258
294
262
188
194
204
228
220
212
202
226
272
296
204
198
192
268
266
176
214
268
194
172
164
162
194
262
206
226
200
238
254
186
212
310
346
326
322
366
332
300
258
286
266
296
340
326
312
312
314
298
306
282
288
284
290
296
310
308
306
300
312
314
294
308
308
302
300
306
320
318
310
324
328
362
346
350
336
332
340
360
366
350
310
324
332
328
356
346
338
328
328
310
360
346
318
328
320
342
308
208
264
316
260
282
268
300
286
272
282
214
176
234
226
48
238
186
220
266
288
198
232
260
248
202
250
206
200
208
174
10
36
106
80
0
52
152
144
172
96
106
188
170
178
174
106
174
30
118
118
132
330
360
376
210
126
172
154
154
172
178
188
210
166
164
164
166
218
204
194
212
192
226
284
250
184
206
230
216
146
144
164
180
168
180
178
194
214
240
226
220
206
194
232
204
288
280
296
290
298
316
314
312
298
334
360
346
308
304
296
306
342
334
320
278
274
288
294
282
294
300
310
300
300
312
292
300
308
310
336
318
322
310
310
324
336
334
360
364
348
348
352
354
338
310
318
342
352
336
320
320
320
340
354
352
328
212
316
238
292
290
318
200
224
266
260
272
186
270
260
162
170
228
278
258
142
232
252
196
210
312
298
34
194
256
194
242
270
256
204
174
102
58
88
80
184
184
214
230
170
172
152
200
184
156
168
202
168
160
82
240
260
294
326
332
122
280
144
182
150
166
210
182
254
184
146
162
242
174
148
172
186
196
194
206
142
162
178
208
330
176
178
170
172
152
162
244
154
154
166
192
192
158
178
196
302
356
358
384
364
366
410
410
342
274
338
362
396
384
316
320
334
340
352
302
306
326
316
338
336
350
338
342
334
328
334
322
290
288
318
314
298
290
294
304
324
328
348
356
334
352
364
354
324
328
318
320
334
332
352
328
328
318
280
312
336
322
250
292
310
246
312
292
296
262
274
294
274
208
282
160
224
260
254
264
276
262
296
250
228
212
244
236
220
246
228
254
278
224
246
198
198
228
88
208
242
214
228
210
164
242
150
156
210
228
202
220
216
212
188
224
228
238
234
248
234
262
294
296
278
286
302
286
272
262
256
270
232
236
252
326
226
222
212
236
250
200
216
234
274
256
250
202
228
238
198
178
204
182
174
226
194
212
182
186
214
230
290
316
316
308
350
354
362
338
344
356
366
376
352
334
330
334
346
310
294
322
324
326
328
358
334
322
326
322
322
318
306
294
326
378
390
332
330
324
350
370
364
376
320
362
340
346
356
348
360
350
362
328
298
288
292
300
314
338
316
314
320
322
326
340
318
224
326
270
272
274
256
292
266
266
272
286
228
260
296
284
280
282
274
260
248
236
262
256
256
240
236
220
196
270
288
302
248
244
256
268
262
256
244
294
230
178
232
106
142
224
232
186
238
146
206
250
170
218
230
216
322
334
310
272
276
278
300
302
268
282
272
332
302
290
290
262
266
226
218
244
282
272
264
286
298
292
270
266
280
230
244
286
300
306
304
286
282
210
290
332
298
304
312
320
302
318
320
326
336
334
348
360
334
320
308
312
312
320
314
300
282
280
284
312
328
336
330
356
316
320
342
326
308
310
328
308
336
316
338
348
348
334
368
400
434
448
358
348
338
328
324
356
350
340
356
338
292
354
344
300
328
324
314
292
304
306
300
304
282
298
292
288
284
290
282
314
286
278
260
278
296
288
280
298
300
298
288
288
272
242
274
210
262
270
314
326
246
256
300
290
312
384
402
298
294
276
274
246
302
214
234
222
230
234
80
168
220
224
198
246
190
332
340
326
282
252
286
286
292
278
262
266
264
284
266
152
244
254
258
238
248
270
264
250
250
242
256
262
268
330
260
248
274
256
288
284
290
300
294
298
338
328
294
314
328
304
336
322
332
324
344
330
320
352
336
300
306
304
286
284
274
248
274
292
270
304
366
326
348
394
388
306
330
328
322
334
336
350
340
340
328
342
356
370
362
362
370
352
328
334
340
340
338
336
328
352
324
342
342
350
316
342
336
352
352
350
346
304
394
290
314
294
304
320
308
296
302
300
310
326
328
318
284
312
354
304
316
284
274
292
266
254
268
274
274
288
256
284
266
312
320
316
282
294
292
334
324
270
264
260
268
270
258
228
256
260
208
234
238
204
212
216
292
320
328
368
352
296
270
256
320
258
258
266
340
350
280
342
320
350
356
282
254
274
274
274
276
392
344
330
362
396
230
256
242
248
268
276
286
280
284
284
216
300
302
314
308
316
306
342
326
350
342
352
364
380
368
376
374
302
360
334
360
334
302
254
330
368
334
370
408
404
438
350
398
384
376
364
402
354
338
336
342
336
314
340
316
352
374
310
366
354
332
296
330
428
332
398
356
364
344
360
356
458
394
382
356
344
342
342
368
404
360
342
334
314
330
326
328
294
346
362
376
356
312
310
402
344
354
376
342
376
400
322
362
384
350
346
294
322
346
510
368
268
310
298
302
312
336
324
290
292
314
276
296
276
248
276
280
290
270
298
266
408
386
380
298
352
338
408
406
416
386
366
394
382
336
390
296
300
292
338
378
314
310
292
312
314
334
322
356
408
372
376
322
348
350
344
302
320
344
344
348
368
374
336
340
330
370
386
418
372
372
356
370
378
360
372
368
364
366
354
380
338
366
388
426
434
376
348
384
388
340
366
416
382
400
420
404
350
348
350
354
350
350
364
342
358
360
358
420
366
370
396
436
416
380
396
362
392
380
348
356
372
368
338
352
342
392
380
370
462
336
332
368
330
414
388
434
404
340
346
382
306
314
418
420
386
334
362
416
412
304
324
414
292
290
402
358
302
316
356
354
370
360
420
296
352
318
298
380
326
284
366
314
284
302
288
272
284
274
270
262
302
