254
264
260
260
268
264
260
264
260
262
258
262
262
264
260
260
266
270
264
268
266
266
264
258
264
266
260
266
272
268
268
262
270
262
266
260
264
260
266
258
270
266
264
268
264
268
262
264
258
260
260
260
252
258
260
258
256
248
256
250
256
250
256
258
252
260
240
252
256
258
250
250
250
252
252
248
242
244
244
252
240
244
242
252
254
246
248
244
246
258
244
250
248
240
250
252
252
246
250
258
248
256
246
242
250
242
240
264
246
244
250
244
250
250
248
250
252
242
250
256
242
244
240
254
254
242
248
240
246
242
228
222
240
242
242
242
242
250
244
246
238
242
244
240
248
242
244
238
234
230
234
210
130
116
150
158
130
162
154
194
222
264
264
262
260
266
264
272
260
266
258
262
262
264
260
260
272
268
270
256
270
266
268
266
264
270
262
266
262
266
266
266
258
274
268
262
266
262
264
264
266
272
272
260
266
264
256
256
258
262
260
250
256
264
248
262
260
262
260
254
254
254
260
250
246
260
250
250
244
250
250
258
248
248
250
240
250
252
252
236
250
248
248
246
248
236
244
238
240
246
244
246
252
248
250
240
242
248
246
242
248
242
250
246
246
250
258
248
246
252
240
244
238
212
250
248
238
252
242
246
244
244
252
244
250
250
242
246
240
244
250
242
146
244
242
248
244
242
244
250
242
248
244
246
236
238
242
242
240
236
240
240
212
132
114
142
154
136
170
160
212
222
258
264
266
266
260
260
264
268
256
260
264
266
268
258
264
268
266
266
272
268
264
268
264
270
270
258
268
262
268
266
254
260
262
266
264
270
268
264
268
264
270
262
266
258
260
262
266
252
258
262
258
266
260
256
260
262
260
250
252
256
254
250
256
254
258
244
248
248
256
256
234
248
250
250
256
246
240
250
248
244
250
192
244
242
240
248
240
242
244
250
252
246
244
246
242
246
248
242
250
246
250
238
242
248
248
256
246
242
244
236
246
242
230
246
256
244
248
252
248
242
258
248
246
236
238
238
234
234
240
232
244
246
242
244
244
242
232
244
244
242
240
236
242
236
242
242
244
240
236
244
230
204
128
140
146
156
160
162
174
210
224
264
266
262
264
266
268
266
266
266
264
262
262
262
264
256
266
264
268
268
266
262
264
264
272
272
266
264
268
268
262
250
260
264
258
262
268
256
268
256
270
268
262
268
264
262
264
266
260
254
252
260
258
258
248
262
252
248
256
258
260
258
248
250
246
250
252
252
248
250
260
242
250
242
248
230
240
234
248
250
248
236
244
246
242
244
250
252
250
240
242
238
244
248
248
240
236
244
248
250
244
244
238
246
228
204
194
208
202
152
186
226
248
234
244
250
246
246
246
242
242
242
248
244
246
248
236
244
244
244
238
240
240
242
236
240
242
240
244
244
242
236
244
240
240
242
242
242
244
242
238
234
188
134
134
144
154
158
166
194
204
218
260
266
262
264
260
256
270
272
256
264
266
270
264
260
260
262
258
268
264
262
268
264
268
270
264
272
266
266
266
272
266
270
262
266
262
262
264
266
258
258
268
266
260
258
262
264
260
252
254
260
258
256
260
262
262
232
252
252
256
252
248
252
256
252
256
248
248
256
246
242
244
246
242
240
246
252
224
248
232
248
246
246
240
238
250
248
244
244
232
256
250
242
248
242
238
226
248
242
222
196
202
200
188
182
152
160
130
174
186
130
128
146
176
246
246
248
246
240
236
246
250
242
246
246
250
232
244
238
240
242
248
240
242
238
234
242
248
242
242
216
218
236
248
238
236
242
230
228
236
244
236
160
158
130
142
148
158
154
190
202
228
262
262
258
264
262
262
260
266
262
268
256
270
268
264
262
266
270
266
266
270
262
268
266
272
260
266
270
270
272
270
268
270
270
266
268
264
266
258
268
260
262
268
266
264
266
268
266
268
254
262
248
254
260
248
254
256
250
250
252
246
252
254
238
252
244
246
250
248
242
248
248
240
250
240
244
238
242
246
246
248
244
246
242
244
220
190
234
240
240
244
246
242
240
226
244
246
188
188
158
180
142
142
164
154
170
190
122
164
168
148
80
116
174
140
240
248
244
232
240
246
240
238
252
238
238
240
244
208
238
240
232
242
240
244
230
236
244
238
244
240
244
236
244
242
234
242
236
244
234
234
242
192
182
136
154
154
156
160
198
206
230
266
262
264
266
266
260
276
270
260
270
262
266
258
262
262
264
270
258
264
254
266
272
268
254
258
268
272
260
264
258
258
260
268
272
268
256
266
266
256
264
258
266
266
260
256
258
260
258
240
250
244
244
262
258
258
252
254
256
252
254
250
258
244
232
248
248
238
244
242
242
244
252
256
256
250
246
222
248
242
240
234
242
236
234
120
228
112
82
186
210
176
190
238
240
182
164
128
124
158
158
138
176
152
148
154
130
106
116
110
130
118
58
100
60
86
240
244
248
252
246
244
238
242
248
236
240
240
240
240
244
244
244
234
238
242
230
234
238
242
238
242
240
242
244
238
240
240
234
250
238
238
194
118
142
160
164
182
150
194
222
222
266
264
260
260
270
262
260
268
262
264
268
258
260
256
260
258
258
266
264
268
258
270
264
264
262
264
264
268
256
260
256
266
266
262
268
256
264
276
254
264
262
254
256
264
256
264
256
260
260
252
256
254
244
254
250
252
258
264
250
250
248
256
244
250
248
238
246
240
256
244
244
246
242
246
242
244
244
240
244
242
238
232
234
160
70
228
236
210
184
228
234
158
208
192
172
160
126
126
162
98
140
118
114
120
126
138
120
102
114
112
128
66
118
62
44
238
246
238
246
238
246
242
238
242
242
192
240
240
244
244
252
238
238
238
230
240
238
248
236
248
250
242
240
234
238
242
238
238
232
238
238
186
134
126
152
152
152
162
196
226
224
268
268
262
266
264
268
268
262
262
262
258
264
262
262
260
260
260
260
266
266
260
266
258
262
266
270
268
262
266
268
266
258
268
266
256
264
264
264
272
268
262
258
252
258
262
248
254
258
250
258
244
258
246
250
248
240
252
246
246
246
244
242
240
248
246
212
236
240
230
234
228
238
244
236
222
240
232
236
236
242
238
234
230
78
230
238
232
230
234
110
184
188
160
118
138
112
66
70
48
54
58
86
138
116
92
132
114
118
92
138
138
110
104
130
102
108
232
240
232
226
232
236
236
236
198
238
244
240
236
244
242
224
236
236
240
230
230
238
244
238
248
244
238
236
238
234
238
234
246
234
236
178
128
134
150
158
162
154
176
206
224
262
268
270
264
254
262
264
268
258
258
262
264
264
264
260
266
268
262
266
264
258
258
266
260
260
260
254
270
266
268
268
270
266
268
256
268
264
260
260
254
258
260
248
256
254
262
252
218
262
256
258
250
246
242
242
246
250
246
254
248
240
240
194
162
202
222
184
178
162
176
196
158
132
202
180
166
158
216
232
164
222
228
230
232
234
232
220
236
226
224
216
170
122
114
70
48
100
68
56
68
54
74
98
136
138
142
108
70
180
172
90
86
92
100
164
138
236
236
236
248
230
236
236
236
238
242
240
240
244
238
238
246
222
236
220
240
244
242
232
242
242
242
234
234
228
240
244
234
230
232
242
144
138
134
164
162
162
164
170
224
222
270
256
254
264
268
268
266
268
260
262
266
266
256
260
262
260
264
264
262
266
266
260
258
260
256
268
266
260
264
266
258
266
260
258
256
258
260
266
260
258
260
258
252
254
260
262
258
214
250
252
266
262
258
252
248
252
242
246
232
194
190
212
224
218
150
144
192
186
186
164
152
164
160
194
164
166
160
148
122
122
172
152
228
228
222
220
230
226
220
218
160
134
94
52
62
44
52
26
110
120
88
100
134
142
142
178
174
124
108
142
124
70
80
84
124
164
62
236
238
240
228
236
238
240
234
230
236
244
236
238
232
238
232
224
240
238
238
234
240
242
240
244
252
242
244
242
238
210
238
234
238
150
146
130
162
170
168
164
148
222
228
270
264
270
266
264
262
270
260
266
266
266
256
262
260
264
266
268
260
260
258
260
268
256
256
258
258
258
262
258
258
262
262
258
262
260
256
258
252
266
248
242
250
248
250
246
248
248
246
250
252
232
240
250
252
242
216
168
188
224
226
206
140
178
208
190
158
166
160
172
170
150
154
164
144
140
134
136
126
128
110
132
128
148
130
128
226
210
222
228
138
150
76
56
44
58
100
80
80
96
166
112
134
164
154
146
64
58
84
48
18
24
28
30
26
32
38
46
144
134
208
226
230
230
224
226
238
194
236
238
238
228
234
236
228
236
232
236
158
236
244
238
230
242
236
232
244
244
238
242
242
242
164
166
124
166
168
170
180
126
220
242
262
270
268
266
270
270
262
264
270
262
262
262
262
266
268
262
262
258
270
268
262
256
266
256
262
266
258
262
258
250
258
264
260
248
244
250
266
260
256
246
258
246
248
246
252
252
252
256
252
256
252
244
242
232
236
208
210
210
160
166
212
202
184
170
148
176
182
142
150
150
174
118
146
154
128
168
92
106
152
152
122
114
122
72
104
152
112
146
164
162
170
110
30
80
104
162
168
72
86
120
126
48
60
36
46
42
30
34
14
32
12
24
4
20
4
36
36
24
30
20
36
50
50
44
118
230
234
230
236
224
240
234
232
236
232
230
156
86
200
226
236
230
258
244
238
240
248
238
238
240
244
172
170
144
178
170
176
188
134
224
222
264
266
270
268
266
266
260
262
260
264
264
264
266
266
272
264
266
256
256
260
264
264
264
250
268
260
256
254
262
256
262
262
262
268
252
254
254
256
252
250
250
254
252
250
242
256
248
248
244
256
232
244
218
206
160
168
198
190
188
174
160
152
156
206
194
204
174
118
136
102
164
142
136
170
156
150
104
120
144
148
106
114
162
130
96
108
124
118
78
90
130
160
148
110
42
34
36
20
26
20
22
16
28
26
34
40
24
8
32
10
24
34
26
30
16
12
8
8
24
32
32
18
20
28
32
14
12
46
226
236
232
228
234
230
226
86
130
178
238
246
240
242
240
244
242
236
238
240
236
242
248
168
184
150
178
180
176
180
156
232
230
274
276
264
270
270
268
272
264
262
268
266
264
268
258
268
266
260
262
262
262
260
256
262
256
266
248
256
260
258
256
258
258
256
252
256
262
252
244
246
250
224
256
250
246
246
254
248
250
248
220
166
174
192
220
202
202
182
166
166
182
158
140
148
166
184
136
142
164
112
138
118
148
124
126
124
154
146
106
124
118
166
158
108
92
174
98
64
64
56
44
44
44
38
2
10
26
32
2
22
8
8
24
40
40
38
36
30
22
16
20
28
20
32
26
24
22
16
22
18
12
24
30
24
20
6
0
22
4
20
46
58
62
206
224
240
230
234
236
242
242
242
234
250
242
244
236
240
238
244
246
238
170
182
148
174
174
168
176
140
228
232
274
264
276
276
268
270
270
264
276
268
274
270
260
266
258
260
270
260
262
262
258
252
256
256
250
258
258
254
252
250
248
246
252
254
256
256
248
250
244
204
252
238
240
242
248
248
244
252
232
210
198
202
176
152
186
206
206
190
172
150
132
146
168
172
156
124
128
102
148
140
122
134
134
162
136
124
104
138
140
70
56
84
116
54
40
46
44
14
16
34
42
26
4
14
10
10
26
6
26
26
40
30
52
44
42
34
30
24
50
40
32
26
26
18
10
18
22
4
0
2
0
16
0
2
0
42
32
38
0
24
14
18
38
36
42
160
222
216
222
240
240
246
236
244
242
250
236
252
232
248
250
186
186
156
184
172
180
176
130
240
238
272
268
272
276
270
268
272
272
270
268
272
264
272
270
270
272
268
266
262
262
256
264
262
260
258
256
266
258
260
246
250
252
248
246
244
244
242
250
248
244
260
238
248
244
242
252
220
186
150
160
184
188
154
148
150
160
152
128
162
160
156
152
132
104
118
150
126
112
120
96
154
162
128
96
36
88
68
24
14
24
12
40
36
34
32
38
38
34
42
30
46
48
36
14
16
8
24
26
22
4
36
18
14
30
16
16
20
26
2
22
32
26
26
18
0
22
18
36
30
20
0
0
0
22
22
26
16
26
20
40
14
20
22
0
30
26
42
44
176
236
238
236
240
228
230
242
250
242
244
254
254
182
174
158
178
184
178
190
144
236
236
278
272
272
268
270
274
276
272
268
262
274
262
268
266
262
268
256
268
262
264
256
268
262
250
250
256
260
254
260
244
252
250
248
248
250
248
242
242
238
250
258
226
234
244
250
226
206
186
178
164
160
172
144
118
126
124
120
132
120
116
128
126
154
150
98
118
126
134
150
132
92
56
32
58
10
8
20
0
24
36
20
28
32
32
44
38
40
18
40
46
42
24
44
28
56
40
50
52
70
46
42
38
42
30
24
34
4
46
2
6
22
34
34
38
22
16
2
14
22
0
4
6
24
16
16
14
24
24
0
24
14
24
14
24
0
12
28
36
42
52
88
244
48
18
46
18
242
242
250
244
246
216
158
158
186
174
178
162
146
236
236
276
290
278
274
276
272
270
272
270
276
268
276
270
256
266
268
260
270
262
264
260
262
258
260
262
264
256
252
250
254
242
246
250
248
240
248
246
254
250
240
238
238
244
210
204
204
174
154
140
148
126
112
88
88
118
130
124
136
152
142
146
126
94
86
96
144
112
96
50
52
6
12
6
2
4
8
6
16
32
8
14
4
34
12
50
40
20
8
40
8
4
14
24
38
40
48
32
46
34
48
62
70
50
38
48
26
48
32
30
16
6
16
40
30
36
20
28
18
10
10
22
20
18
24
18
36
18
14
14
20
24
20
8
16
26
10
16
2
22
24
24
60
40
44
22
24
24
182
246
240
244
202
164
150
190
208
184
180
158
246
236
280
284
280
276
278
278
276
272
274
270
270
270
270
264
258
266
256
264
264
262
256
256
262
268
258
258
262
252
248
254
254
252
254
250
248
244
250
248
240
240
230
220
212
188
186
182
176
130
138
164
140
142
158
148
122
104
108
138
108
124
114
124
118
92
64
36
36
44
30
34
0
32
22
30
12
24
24
8
26
28
40
30
40
42
52
22
20
42
64
36
24
54
36
48
52
48
56
50
42
44
46
58
54
56
48
48
46
30
36
30
18
26
20
4
30
22
16
22
0
26
30
20
8
8
10
20
30
14
22
8
16
10
28
10
16
16
22
16
0
16
0
42
36
38
10
30
38
42
248
260
232
190
186
182
210
204
184
210
182
232
248
288
286
286
290
280
286
280
270
214
208
192
172
184
182
230
162
252
248
262
266
268
268
262
260
262
260
256
252
250
246
248
246
244
246
252
242
256
248
224
244
222
206
202
188
172
148
134
144
144
138
130
120
136
152
124
86
104
120
94
116
112
94
48
50
24
16
46
62
40
44
16
32
18
18
28
40
24
6
0
14
28
10
28
22
20
46
32
56
46
10
46
48
34
34
50
40
44
46
36
44
36
40
42
44
54
54
44
40
38
38
40
26
12
2
40
6
24
0
14
12
16
18
16
2
24
18
16
4
2
20
20
30
26
12
6
24
24
6
18
16
0
24
24
8
18
38
46
42
130
244
216
214
202
176
212
216
200
200
182
250
248
282
284
284
288
290
290
252
192
238
234
220
202
212
202
170
192
206
194
90
196
264
266
260
264
248
252
264
258
242
250
258
250
248
256
248
254
254
246
200
222
174
174
166
156
142
144
160
128
120
122
118
138
118
122
128
150
140
142
70
20
6
0
38
50
42
32
26
36
40
22
28
24
10
18
30
44
26
32
32
42
10
26
10
20
30
36
54
40
40
32
28
44
38
40
38
44
44
36
36
44
58
46
46
36
34
40
52
70
50
48
46
48
46
42
48
2
38
34
34
30
36
38
24
28
30
26
14
14
20
6
20
18
24
4
10
8
12
14
8
14
12
0
2
24
34
0
44
36
40
82
252
326
342
308
318
310
312
300
228
272
272
290
292
284
290
274
224
220
226
204
206
214
226
232
206
200
186
148
204
158
164
182
184
262
254
226
222
268
258
258
254
252
254
258
252
262
256
244
230
214
208
182
188
184
176
160
162
174
146
106
116
92
128
106
138
156
122
80
44
14
8
0
26
44
30
50
40
28
16
36
22
20
26
36
24
34
0
18
0
14
48
24
30
28
26
26
36
52
50
50
44
24
32
40
30
32
34
52
46
48
56
42
46
42
68
60
44
34
52
68
54
46
56
40
36
32
32
46
52
12
0
28
8
0
2
30
0
14
4
16
26
26
16
22
22
6
20
16
22
16
0
14
8
0
16
0
2
2
24
48
58
258
298
314
284
286
308
302
294
266
270
258
296
290
288
292
272
256
230
192
208
208
240
242
212
184
220
232
184
206
160
220
190
174
166
88
174
250
264
262
258
264
264
250
262
250
250
260
232
212
204
192
188
170
180
152
162
146
168
144
122
102
156
130
138
94
46
56
68
44
34
42
16
36
48
40
40
40
32
26
18
30
58
40
62
46
16
30
38
18
26
34
26
20
28
48
28
56
62
36
60
46
38
44
42
44
34
40
48
36
42
50
62
46
60
46
44
42
48
56
36
32
50
64
48
44
38
28
8
30
14
10
18
12
6
4
26
0
12
30
24
20
6
10
24
10
0
16
26
22
14
14
6
14
0
38
14
0
2
14
22
52
50
144
320
306
314
316
316
298
264
276
262
298
280
292
298
250
230
236
246
260
256
230
224
200
226
184
180
232
238
182
166
166
254
168
144
186
118
90
240
264
264
262
256
268
264
258
224
212
202
184
186
176
172
150
152
122
106
110
150
152
126
90
18
0
38
48
40
70
60
16
34
34
24
20
28
22
52
34
60
24
34
40
36
52
48
30
6
24
42
32
12
34
36
28
32
58
38
42
46
50
56
34
36
38
56
48
40
42
34
40
32
30
44
40
56
54
60
46
40
48
52
32
56
48
40
42
34
40
26
4
8
0
0
16
0
16
24
38
2
8
8
0
30
4
2
0
0
38
24
22
16
14
20
38
40
42
52
36
18
20
32
30
28
36
38
348
338
332
306
268
276
274
298
304
300
288
244
218
196
216
222
218
246
248
244
228
192
194
190
192
250
254
170
168
204
230
184
154
124
76
72
214
272
270
256
244
244
236
224
214
202
160
142
142
152
166
142
102
120
92
68
32
18
22
16
36
44
30
54
50
26
8
30
16
16
16
42
52
44
64
50
48
50
58
46
48
26
38
38
30
60
28
46
18
46
44
40
54
42
34
28
50
36
42
38
48
44
40
50
48
46
50
46
48
42
42
46
52
58
42
48
46
42
42
58
42
56
54
36
24
0
24
12
8
8
8
10
8
8
24
2
2
34
28
8
0
20
28
10
12
14
14
0
10
30
46
26
22
26
36
28
52
30
30
36
38
48
334
316
296
268
266
258
300
294
262
284
230
192
186
218
256
252
240
226
194
224
244
262
236
192
220
192
198
254
214
144
162
236
164
188
122
86
28
230
250
154
228
192
162
144
152
114
92
114
142
108
88
50
4
4
10
10
24
30
36
2
52
56
24
26
18
22
40
18
24
22
62
52
58
66
64
36
64
52
56
56
14
46
26
46
16
48
44
14
52
26
40
46
40
44
54
50
60
46
54
52
42
44
34
36
50
42
52
62
58
44
46
44
48
44
36
40
70
54
62
46
56
40
46
30
40
24
18
22
24
8
8
22
22
24
20
14
14
14
10
20
12
0
4
8
24
20
28
24
38
36
44
52
48
26
28
10
0
4
18
20
26
28
312
264
208
234
236
302
306
302
266
248
236
232
238
202
186
202
244
260
230
200
194
252
272
274
224
174
180
166
254
222
186
174
160
124
86
72
74
158
260
274
266
230
176
182
166
158
98
98
62
32
2
18
40
18
38
14
34
42
52
30
54
32
44
24
24
40
22
26
48
60
54
38
40
46
38
46
56
50
62
52
50
44
46
56
52
54
36
66
42
56
48
46
28
50
50
46
54
54
44
52
56
56
56
68
72
44
50
48
48
54
54
58
54
34
34
44
50
58
58
50
32
34
34
26
32
36
24
26
38
28
8
26
32
36
38
32
28
24
40
28
20
30
24
24
30
30
16
30
4
12
14
16
20
18
38
28
8
10
14
22
18
316
270
204
236
232
316
308
302
296
272
260
260
252
246
232
212
208
222
228
210
228
212
206
174
230
264
270
220
178
148
230
212
154
100
16
8
58
76
82
160
266
258
230
138
90
60
72
46
30
46
40
22
20
18
8
56
40
36
62
62
50
42
20
42
8
30
16
10
14
70
56
30
50
34
34
42
60
66
70
60
54
44
58
52
60
58
56
50
56
56
22
16
36
40
32
46
64
52
46
50
42
48
46
58
64
68
54
62
54
54
48
48
56
40
36
52
54
48
42
46
46
40
26
24
28
32
26
30
26
44
22
52
24
28
66
36
0
30
32
50
36
32
32
28
48
36
28
28
22
0
4
28
8
38
44
24
28
22
12
22
10
38
262
206
238
232
302
310
300
284
208
216
226
224
234
244
270
270
262
262
236
216
246
210
154
172
182
180
184
196
164
198
172
138
54
0
4
18
30
30
30
44
22
48
62
36
44
70
54
44
18
4
20
14
46
30
50
46
64
42
52
56
24
60
32
48
50
42
46
42
30
42
66
46
28
36
46
40
70
66
64
64
56
68
80
68
76
18
46
62
50
44
30
64
60
56
54
52
54
54
64
60
70
66
56
62
48
46
44
50
68
56
58
60
52
56
42
54
58
54
52
28
26
30
22
36
34
12
22
24
54
66
30
4
22
38
32
40
40
50
28
30
30
40
34
36
28
30
26
30
28
48
36
36
26
40
34
50
18
14
28
24
28
54
250
236
240
304
316
310
286
256
248
226
216
208
214
234
234
212
184
224
226
250
254
250
252
256
268
216
176
184
176
156
144
14
6
10
32
32
48
56
80
48
36
54
50
42
58
58
46
30
18
18
24
18
32
58
58
58
72
74
46
34
52
60
30
56
42
40
46
34
24
56
70
52
36
46
46
70
72
82
82
68
78
78
52
50
58
50
62
54
60
68
46
50
64
62
54
42
56
46
56
56
64
68
74
76
70
60
56
62
58
68
56
62
54
54
64
66
50
50
36
24
36
20
26
18
14
18
38
24
76
10
0
24
14
50
52
34
38
50
26
30
30
34
32
34
24
24
22
38
50
40
38
34
48
32
38
46
24
22
30
48
58
244
242
236
312
320
310
276
218
222
202
190
214
216
234
252
232
210
220
216
228
172
190
178
184
198
180
194
212
208
206
126
30
4
20
48
24
64
60
82
20
46
68
52
82
58
44
46
10
12
22
34
14
56
40
78
70
72
70
44
50
54
68
58
50
52
68
40
48
60
92
80
68
54
74
50
24
88
86
86
94
84
82
74
72
36
26
54
72
56
46
54
48
70
62
78
60
60
58
52
64
66
58
56
62
64
66
58
70
74
64
78
56
54
58
54
54
56
46
46
46
26
24
6
8
26
30
28
40
56
46
48
68
42
26
54
28
46
42
24
34
38
46
50
40
24
10
44
22
42
36
30
38
36
38
54
44
28
32
34
58
94
240
250
248
318
316
312
250
180
174
166
168
168
174
164
204
208
190
212
236
202
192
206
208
200
184
186
190
178
162
156
140
74
42
26
30
20
46
54
64
62
30
68
48
70
54
28
22
54
30
28
26
42
72
72
68
50
40
22
52
70
82
84
90
56
88
64
46
50
76
90
90
96
90
68
64
80
80
86
82
76
90
86
72
48
52
50
74
24
64
66
62
72
60
68
72
66
72
76
64
64
78
70
56
62
52
52
62
70
74
74
72
60
58
60
68
56
50
74
58
46
36
26
32
6
20
28
32
54
42
56
42
52
46
54
66
60
66
54
42
52
56
62
52
32
28
18
24
10
48
54
38
32
48
50
44
46
38
38
44
94
262
202
268
246
320
322
318
280
252
260
262
254
232
226
232
246
230
242
202
234
224
208
200
194
192
190
196
176
230
218
160
128
96
50
18
20
8
24
32
54
60
40
70
72
78
76
68
52
36
48
14
38
30
84
90
52
36
42
28
72
80
96
92
76
64
80
88
96
68
100
96
80
98
54
78
66
70
82
74
78
74
62
94
56
40
66
50
56
46
58
70
54
76
54
74
64
54
64
72
84
80
70
76
68
58
70
58
48
54
68
64
74
62
62
68
42
62
60
52
52
52
56
36
40
22
18
52
34
44
48
50
62
100
58
78
74
56
64
68
58
60
48
42
48
34
42
30
0
34
62
42
34
48
58
48
42
52
56
62
74
306
246
194
204
244
326
322
322
292
258
256
260
238
224
228
230
210
208
188
208
206
212
238
246
250
242
278
266
286
208
210
204
134
126
74
36
10
42
40
40
68
38
72
68
74
58
76
80
66
50
44
50
52
84
96
52
44
46
32
52
24
78
96
92
70
70
58
100
94
88
94
92
92
100
66
72
76
50
76
90
86
78
70
90
56
52
84
60
76
48
68
72
78
70
64
70
80
78
84
86
88
92
86
80
70
68
64
68
62
52
46
44
52
54
60
64
52
62
62
64
48
52
52
34
48
14
14
14
36
50
64
54
62
102
96
98
86
82
70
64
56
52
44
50
52
44
40
40
36
60
72
60
74
84
54
70
60
56
68
52
162
320
324
218
254
264
322
320
330
284
136
138
164
146
174
168
210
256
258
246
244
262
252
230
254
242
208
200
202
238
226
196
176
120
118
90
18
20
42
40
84
110
94
74
78
70
36
68
48
40
10
54
62
78
82
94
76
64
48
34
42
38
84
98
82
72
66
74
92
98
96
66
66
102
84
60
84
74
72
82
98
96
74
78
90
70
82
58
60
84
76
72
68
70
86
82
82
82
74
94
98
90
94
112
96
100
98
86
94
84
68
82
62
74
66
80
80
64
66
60
64
58
56
66
54
42
36
38
30
40
46
46
72
68
98
106
98
72
82
74
60
70
70
44
60
50
44
30
40
36
50
66
84
68
76
50
52
54
66
66
72
116
120
212
302
286
288
322
324
320
318
270
228
244
254
246
228
256
264
254
230
210
216
218
216
174
220
194
198
186
200
200
214
172
124
72
36
16
30
40
82
104
116
114
90
46
74
62
36
40
58
68
50
68
84
86
98
86
74
74
74
50
58
90
90
76
84
78
84
102
80
66
58
56
80
76
48
84
90
80
66
98
82
96
94
64
56
70
74
96
80
76
68
82
68
78
74
76
86
80
88
96
106
94
102
100
98
102
96
98
90
82
66
72
76
72
68
60
70
70
82
80
70
60
62
50
58
44
26
52
60
72
50
64
72
66
42
96
90
82
86
78
72
70
60
56
58
66
66
50
66
46
48
84
72
76
64
50
52
66
70
86
66
72
88
302
302
270
314
314
312
326
268
254
264
244
230
204
198
236
242
216
210
188
216
134
148
162
146
138
180
212
204
210
182
134
86
46
52
54
66
114
132
156
136
70
80
100
72
64
100
74
92
98
98
94
106
104
108
104
98
80
74
76
92
94
84
92
96
96
96
88
86
90
74
88
90
82
72
102
86
90
96
90
100
92
84
90
82
88
88
74
90
84
90
88
82
78
84
80
72
90
98
100
96
88
100
94
96
88
72
72
60
58
68
68
64
64
72
58
54
68
52
72
50
66
80
58
46
44
58
86
82
50
78
62
74
66
56
92
74
86
96
80
88
64
70
72
68
72
62
68
50
76
78
60
64
70
74
60
70
90
72
70
62
106
286
274
280
326
318
318
290
172
186
170
160
150
162
160
152
190
270
284
240
210
212
260
264
210
194
190
186
178
198
154
122
106
20
78
110
116
120
142
124
110
108
118
112
130
112
106
114
112
110
124
114
120
124
116
106
100
94
104
90
96
94
104
108
88
98
80
94
110
84
90
98
80
94
90
98
110
90
96
104
98
102
92
100
100
100
96
108
120
170
206
134
118
120
96
90
98
96
104
108
90
104
94
98
100
86
90
92
94
96
94
84
66
74
62
64
64
72
80
82
80
84
74
76
64
52
64
74
82
70
52
80
66
82
72
64
90
72
102
100
82
86
86
94
94
72
98
72
64
92
94
56
84
92
80
98
100
100
102
92
110
270
254
302
278
454
484
494
510
364
232
168
148
136
140
172
188
208
212
218
234
224
222
228
222
226
214
206
214
194
198
200
158
124
42
74
132
148
150
148
216
176
234
426
460
454
254
308
216
144
130
120
106
108
110
106
116
108
110
100
114
98
106
112
116
98
106
110
106
90
96
106
106
102
112
114
114
114
118
110
100
118
116
104
136
132
150
170
274
340
306
224
232
302
292
234
200
186
166
152
156
142
150
154
148
134
118
128
124
116
92
78
58
66
74
58
62
80
62
74
62
68
68
78
96
104
90
72
76
74
92
72
66
80
86
84
70
90
78
68
82
94
96
84
98
96
92
94
116
72
94
82
82
104
106
90
114
100
92
92
148
332
304
318
260
220
510
510
508
510
508
476
496
394
324
274
264
272
294
272
320
334
314
250
250
252
238
218
170
164
242
206
140
164
134
86
122
132
166
348
488
468
486
504
498
428
296
220
198
172
130
132
132
126
128
134
120
130
114
128
114
116
134
122
116
128
126
108
116
112
110
116
118
114
128
100
122
172
134
120
118
110
112
128
136
154
222
290
246
274
232
232
280
244
220
222
266
358
258
216
262
288
228
184
182
168
170
144
126
112
100
104
100
82
82
84
86
82
94
74
80
76
86
82
94
100
84
78
84
80
60
100
94
92
84
90
102
66
76
102
98
72
76
80
96
96
96
96
94
96
122
90
88
100
108
104
124
120
128
164
314
308
304
258
328
302
244
510
510
510
510
510
466
510
502
510
510
510
462
334
202
244
334
320
356
222
190
140
114
154
144
224
218
290
162
228
298
488
510
486
510
480
498
508
506
510
510
510
470
476
434
414
454
458
470
478
470
480
486
492
510
454
442
450
478
458
454
442
408
402
436
410
414
376
360
334
314
254
250
296
294
264
246
376
266
228
228
208
214
200
212
232
232
208
214
206
252
224
246
226
230
224
222
222
178
162
126
128
116
114
96
90
92
82
84
98
96
88
78
64
78
78
72
76
74
82
62
74
86
54
60
86
72
224
218
220
218
106
96
106
94
96
94
104
100
106
120
114
104
106
118
118
132
122
130
222
166
368
364
380
410
412
340
308
302
312
278
264
510
510
510
510
510
486
510
510
510
510
510
510
510
510
306
332
346
408
444
508
502
492
484
440
290
310
372
510
510
510
508
502
510
508
508
506
464
434
430
348
374
386
288
278
310
312
332
352
324
328
310
312
278
294
312
322
324
308
292
306
318
304
294
288
282
276
288
276
274
192
280
264
258
258
276
252
308
270
266
254
268
266
256
274
172
246
240
240
230
240
212
208
228
228
224
230
228
230
232
214
168
164
154
186
198
142
126
108
104
100
100
94
86
80
86
62
66
76
80
64
70
56
70
82
74
220
208
210
218
222
210
226
214
212
188
218
224
226
228
244
234
222
220
232
230
218
274
306
264
240
358
368
352
356
352
342
322
296
294
214
258
508
504
510
510
508
490
494
510
510
510
510
440
428
454
292
326
344
376
394
396
368
364
342
310
320
320
338
358
346
354
322
344
354
314
360
304
364
372
324
284
324
318
328
314
298
312
310
312
298
316
316
312
298
290
302
294
302
350
336
324
316
330
296
308
282
294
308
290
288
288
252
262
290
258
232
244
312
246
244
236
250
226
236
228
262
266
246
244
240
248
228
228
194
222
216
234
214
218
226
228
202
182
202
332
394
338
202
206
222
224
236
210
196
200
184
110
80
74
64
62
74
84
84
110
214
228
216
220
226
222
224
224
228
224
226
212
224
238
230
216
214
216
216
242
298
244
222
286
268
246
326
316
336
352
326
274
276
274
278
236
270
330
334
334
338
314
308
316
322
328
328
316
328
332
328
294
320
332
332
332
336
340
322
310
284
330
322
296
342
344
334
340
336
302
320
340
332
332
324
316
260
310
316
322
332
334
328
336
328
326
324
326
316
324
302
302
310
326
322
314
308
314
302
300
298
296
284
286
284
280
272
182
230
256
248
242
246
292
266
240
242
250
222
228
228
204
214
188
188
214
200
212
208
194
192
190
186
192
196
164
168
184
200
198
198
192
266
204
188
236
246
292
176
172
178
166
184
204
210
174
170
188
178
166
198
240
212
198
212
226
194
210
258
290
246
222
198
218
274
304
268
274
248
260
292
204
276
274
260
196
234
282
278
280
226
248
262
262
258
260
248
248
368
366
370
362
352
342
340
328
316
328
344
342
344
334
230
304
332
342
312
326
320
322
230
250
328
340
310
324
332
324
332
310
294
318
326
342
334
328
308
264
318
354
328
308
316
312
312
318
324
320
338
324
306
322
300
274
286
272
266
268
240
236
290
262
244
250
220
226
256
342
196
230
298
376
238
294
240
228
258
244
250
268
252
296
324
214
232
250
252
232
256
270
280
286
310
288
288
262
274
360
296
286
312
312
308
312
340
310
300
282
266
240
238
236
276
256
280
254
254
246
230
284
244
276
254
234
254
260
196
212
222
200
190
224
208
192
204
194
212
192
228
204
204
228
210
228
230
238
240
252
242
242
250
254
250
258
262
248
252
244
248
