244
242
238
246
248
246
242
254
244
248
246
244
242
248
248
248
244
248
244
256
252
244
248
248
250
250
242
244
246
248
240
244
242
248
246
244
242
250
244
248
252
246
244
238
244
242
242
232
246
234
242
240
234
230
240
244
238
230
236
234
232
238
240
232
240
230
232
230
228
220
232
234
222
230
228
240
232
232
224
232
222
226
168
240
224
230
242
232
218
230
228
224
216
228
220
230
224
218
218
226
220
220
228
218
228
230
230
196
222
222
224
224
224
220
222
224
220
228
220
216
214
224
238
230
232
222
232
232
230
228
234
232
230
232
232
240
248
240
240
234
236
240
240
244
246
238
248
242
244
260
246
248
250
250
250
244
262
250
254
246
250
244
244
250
254
248
248
246
246
240
238
256
240
238
242
244
250
250
250
238
190
240
254
250
246
254
252
246
242
244
240
246
250
246
242
250
242
244
240
234
244
244
244
238
244
244
246
246
238
240
230
236
230
236
234
238
236
234
238
226
240
224
232
226
228
236
242
236
224
228
228
232
220
232
224
232
228
220
230
230
230
224
230
220
224
224
222
224
222
230
222
218
230
220
216
234
222
218
214
218
226
220
214
220
220
220
214
220
218
220
216
228
224
224
224
222
232
230
204
222
232
204
214
222
230
220
218
224
228
236
232
236
234
228
232
242
242
244
232
238
244
238
252
240
246
246
242
248
250
246
248
256
252
256
250
252
258
242
246
252
242
254
250
248
248
208
252
246
250
240
248
248
248
250
242
250
252
254
252
244
248
246
252
244
244
240
250
246
248
252
242
248
244
246
242
246
248
248
240
238
240
236
238
242
244
238
244
240
240
234
236
230
240
238
234
234
236
232
238
236
244
236
234
230
230
232
226
224
220
232
224
228
232
226
218
228
226
232
224
228
234
238
222
222
220
230
226
220
220
218
216
214
220
222
222
210
214
218
214
224
214
226
216
220
216
226
214
214
220
212
230
204
216
206
216
218
220
214
224
216
220
228
218
222
222
220
230
226
232
218
222
230
232
238
232
240
230
230
244
236
242
244
238
240
242
222
246
248
248
242
248
248
248
244
248
254
258
250
254
254
262
254
254
238
248
248
246
250
240
254
244
248
242
246
250
248
250
250
248
248
244
248
248
244
252
248
252
234
252
248
244
240
246
208
240
248
250
246
240
250
242
248
242
248
242
242
246
240
242
238
228
244
242
230
234
234
236
230
234
240
230
232
230
222
230
214
232
230
236
238
222
232
228
232
222
230
232
230
226
234
230
224
228
214
218
220
220
224
232
222
226
222
224
222
224
218
214
226
228
210
216
226
206
216
214
202
178
162
124
134
138
132
146
118
160
156
164
206
216
212
220
200
214
220
216
226
222
226
218
214
226
236
224
226
230
230
230
216
224
240
230
244
234
240
246
240
236
248
248
248
242
248
252
244
248
248
248
254
250
252
256
254
252
250
254
248
236
246
246
250
248
250
254
246
250
248
250
250
250
250
252
248
242
248
254
254
254
250
250
250
246
252
250
236
230
252
244
240
246
248
244
248
242
240
242
240
232
246
234
244
236
248
236
238
230
230
234
240
232
234
236
238
240
232
226
230
234
232
226
232
232
234
222
218
230
234
228
230
224
228
220
228
196
230
220
216
216
222
222
216
222
214
224
228
222
222
212
208
208
214
204
208
222
194
154
152
148
136
134
142
142
148
110
138
132
88
102
100
152
142
214
216
216
220
220
216
216
216
212
222
228
218
222
222
216
220
226
218
230
238
232
238
240
242
242
240
244
250
244
246
248
244
236
254
248
242
240
246
244
252
246
258
250
254
256
244
250
246
254
248
250
246
250
252
248
248
252
248
250
254
250
244
252
252
252
252
256
248
240
252
246
252
248
254
248
246
140
242
244
246
248
246
244
246
244
238
240
238
242
230
238
232
232
226
234
238
238
232
234
234
236
238
236
236
232
230
236
224
234
226
220
224
218
228
226
238
222
224
212
230
218
220
222
220
222
214
214
224
218
222
224
214
210
218
218
212
222
212
208
214
216
180
208
164
132
122
166
122
114
110
144
144
142
72
20
68
58
54
80
60
58
64
212
220
216
216
214
212
222
218
218
218
224
220
218
232
226
226
222
232
232
228
230
236
236
234
238
238
242
242
240
234
246
244
246
252
242
250
242
250
246
250
246
264
260
246
244
242
256
252
250
254
252
252
246
248
248
250
252
244
254
246
250
256
250
254
250
248
254
248
254
250
248
246
244
248
242
238
246
242
250
242
248
242
246
242
244
242
242
230
236
240
238
236
232
236
236
238
236
236
234
230
242
232
232
224
224
226
212
206
218
202
186
224
228
202
184
226
226
232
200
214
222
222
220
222
224
216
208
220
218
216
216
218
214
208
210
214
208
212
210
210
156
148
144
132
108
88
80
84
48
110
60
116
86
66
10
40
62
36
2
14
20
48
204
212
214
206
218
216
214
212
208
216
214
222
222
218
234
218
230
226
246
232
232
236
230
234
232
232
248
234
248
244
246
242
240
250
254
252
250
244
248
254
250
172
254
240
218
250
250
254
252
250
258
252
244
254
256
256
256
246
250
258
248
252
256
250
252
254
260
250
250
244
242
248
252
254
244
246
254
238
250
248
246
246
244
244
240
236
240
238
234
234
240
234
234
232
232
234
232
234
228
230
232
222
228
222
202
198
180
160
184
174
192
166
134
170
148
158
136
182
188
178
194
206
170
214
218
214
216
218
216
224
210
216
204
210
206
210
212
204
130
126
108
76
70
52
46
54
40
36
46
60
74
72
30
46
0
26
38
8
30
10
30
68
210
204
212
214
202
218
208
220
212
212
220
216
222
214
214
224
232
222
232
228
224
224
230
234
236
236
244
244
246
242
248
248
248
244
248
248
248
256
262
250
246
256
156
184
248
256
252
260
258
248
258
256
254
252
254
254
250
252
254
252
252
252
252
254
250
256
258
248
248
252
254
248
248
246
246
246
252
248
246
252
240
236
230
234
234
236
244
238
236
230
226
234
226
228
232
228
228
230
228
204
202
180
164
174
176
146
166
168
144
128
124
140
150
118
160
136
136
114
144
140
138
128
134
128
192
202
208
210
206
210
210
206
202
212
208
200
136
94
44
18
4
6
4
8
34
34
34
48
28
62
32
40
38
56
4
46
14
12
16
14
74
198
210
212
204
208
202
214
208
208
214
214
220
222
214
226
232
222
228
232
232
234
236
228
226
240
240
240
240
234
244
248
244
240
248
250
246
254
254
258
254
258
248
176
246
254
252
258
254
248
248
252
254
250
250
254
256
252
254
250
254
246
254
254
250
246
254
246
246
246
246
254
250
248
250
244
244
246
248
242
244
236
240
232
232
238
230
234
232
230
228
236
234
224
228
236
220
194
178
174
178
160
140
146
160
138
112
132
148
138
158
120
108
124
154
152
136
132
128
142
122
166
148
128
120
108
140
126
208
212
208
210
210
202
200
194
150
132
68
8
12
8
20
4
2
16
8
52
54
40
36
72
82
120
70
104
32
46
12
0
42
42
114
176
206
204
202
212
216
214
212
206
214
212
212
224
214
224
222
218
224
220
222
230
234
234
230
230
234
244
242
234
240
246
248
256
252
240
248
248
250
254
248
256
166
250
254
250
254
248
256
248
262
248
254
254
252
250
250
254
254
248
252
260
224
254
248
252
252
234
250
250
250
252
250
250
248
248
244
246
252
244
228
232
238
240
238
232
228
236
236
224
230
230
230
200
182
190
190
164
168
176
140
148
90
130
152
140
176
144
116
134
172
168
128
112
162
152
120
92
136
132
160
132
136
118
138
98
86
106
88
206
206
198
210
188
186
136
58
0
8
2
6
0
2
2
0
12
10
90
52
100
66
114
50
82
86
50
20
12
4
16
60
60
196
186
198
202
186
198
208
212
210
204
202
214
216
204
214
222
220
222
228
228
230
230
232
244
236
236
238
240
240
234
244
236
242
242
250
246
244
252
250
244
254
234
248
262
258
254
136
254
260
258
252
262
258
254
254
260
256
250
250
260
260
246
252
240
246
250
252
254
258
250
248
252
246
252
252
250
254
242
240
240
234
238
230
232
234
232
234
228
234
208
208
200
186
186
182
162
150
136
138
170
168
118
138
110
122
140
144
146
110
118
122
152
144
106
138
148
144
110
116
170
158
94
88
172
108
56
78
98
144
40
188
188
182
144
104
28
10
0
14
2
6
20
54
66
32
58
98
80
40
38
48
24
26
14
6
4
8
10
0
8
16
42
40
46
42
56
168
200
202
206
212
212
214
210
204
224
220
210
218
220
228
216
212
230
230
240
232
240
246
234
238
242
242
246
250
242
242
254
242
256
258
256
258
138
178
232
126
76
260
260
266
260
262
252
260
254
254
258
260
254
258
250
254
250
250
254
244
250
248
250
250
246
248
248
248
258
250
242
240
236
240
226
224
234
232
234
230
232
218
212
190
188
174
170
162
170
158
148
136
136
144
156
118
130
140
140
136
132
136
136
154
104
108
154
188
150
84
114
132
110
78
138
154
142
92
104
160
100
46
86
102
32
168
168
106
60
16
28
26
38
32
12
26
54
38
34
14
38
12
20
4
18
4
30
28
14
0
26
26
2
12
6
6
32
18
2
2
18
20
34
164
206
206
214
214
204
218
208
218
214
224
218
222
224
228
230
232
230
234
244
240
232
236
242
242
244
242
242
254
256
254
264
258
260
266
176
156
144
230
260
260
252
268
246
246
244
250
236
252
236
246
240
246
244
242
246
250
242
252
246
248
242
244
242
250
250
234
232
250
250
244
234
226
238
238
236
236
222
196
180
166
158
144
134
134
144
130
150
140
138
130
150
140
128
126
128
134
142
144
114
110
160
134
130
104
144
150
160
64
64
150
160
102
42
150
160
140
72
108
172
74
16
98
86
14
46
26
40
56
28
22
42
12
0
0
6
6
26
38
26
26
24
18
12
0
8
0
30
4
8
24
18
10
20
14
16
4
6
0
28
20
34
8
74
198
208
208
202
204
202
208
216
220
220
230
220
228
230
234
228
240
242
238
230
244
244
238
240
260
250
250
258
256
258
264
264
264
218
196
258
264
234
250
210
174
160
146
156
234
224
226
236
236
238
242
236
238
222
234
248
240
242
244
238
242
242
238
236
240
242
240
230
232
220
232
232
220
188
192
176
164
150
158
146
128
128
138
130
142
148
126
122
138
132
144
140
132
98
80
124
134
158
86
58
156
162
132
74
108
140
148
88
50
144
134
62
12
120
154
60
38
64
72
18
18
30
30
20
40
0
0
0
0
22
0
12
36
30
22
14
20
20
10
2
2
8
12
4
8
20
20
18
16
14
32
18
22
12
0
0
2
12
26
22
20
24
32
206
204
208
210
212
206
206
224
214
222
228
222
234
234
236
236
238
236
242
248
236
244
244
256
248
254
256
262
268
264
260
266
274
260
190
194
214
188
144
136
158
156
132
110
164
228
236
242
224
234
236
236
238
230
242
234
228
234
234
246
244
236
232
236
232
234
208
214
222
220
188
154
192
182
158
114
112
120
118
134
160
138
98
100
126
140
132
96
108
100
148
132
120
142
96
116
170
152
78
90
142
144
88
62
120
146
140
20
12
64
50
6
12
30
30
26
26
36
26
22
30
22
30
30
12
6
20
16
8
18
18
0
20
22
26
42
34
34
24
12
12
12
12
30
22
28
22
14
18
18
14
0
18
0
22
22
12
26
30
12
40
52
28
58
192
206
212
220
212
222
192
216
232
224
218
230
222
234
244
248
246
244
240
250
254
246
258
256
258
270
274
264
272
268
260
216
198
174
142
132
148
122
106
142
112
114
130
142
200
232
232
238
244
234
238
238
234
236
236
232
230
236
234
228
234
230
234
224
226
196
182
166
150
154
144
112
82
116
122
98
84
104
128
110
126
112
102
110
148
140
140
92
80
114
144
144
114
82
84
140
138
52
58
126
128
2
0
4
28
0
0
2
0
36
18
30
4
20
0
20
12
20
6
10
6
38
28
12
16
4
2
4
4
0
6
2
30
26
24
22
12
4
16
4
18
16
10
10
24
14
34
18
22
10
8
6
12
20
22
28
20
32
22
20
30
26
14
122
204
202
214
196
208
208
200
224
234
224
228
240
232
244
238
248
248
248
246
256
258
262
276
270
276
276
272
204
176
168
158
134
148
120
86
154
128
130
150
104
116
166
112
150
240
236
230
240
224
230
218
234
226
224
222
228
228
230
226
222
196
182
162
168
178
90
144
132
110
98
94
110
100
102
140
136
64
84
118
132
144
96
90
122
142
152
104
82
56
150
152
50
4
84
110
32
0
0
0
2
0
0
0
0
0
8
36
36
30
32
26
26
34
8
8
10
2
2
32
30
16
10
16
18
20
0
12
24
26
28
34
28
20
24
16
20
26
30
24
28
26
26
0
0
0
12
16
22
24
26
8
28
24
26
28
24
38
30
22
28
8
10
30
114
174
206
224
216
226
228
222
232
226
138
228
244
246
240
258
260
260
258
230
274
280
272
280
260
224
204
198
162
142
120
128
130
98
154
120
110
150
124
124
174
130
96
200
238
240
236
234
224
234
236
228
226
226
226
226
222
216
170
146
162
160
164
142
98
112
144
118
126
132
98
98
126
138
144
116
106
64
138
140
146
110
80
112
138
128
22
12
66
76
20
34
38
22
8
6
0
8
6
0
8
2
0
10
2
24
14
36
24
24
10
4
4
28
20
32
18
16
6
20
20
26
36
30
28
32
26
28
34
22
44
20
24
20
22
42
12
2
10
18
4
8
4
6
20
12
34
28
22
8
22
30
26
30
26
2
20
28
28
18
20
6
20
72
188
208
218
220
224
220
228
164
218
240
248
254
252
264
264
264
272
278
286
280
280
228
208
184
172
184
126
142
116
162
148
150
114
166
106
150
168
120
118
178
76
134
236
238
232
238
230
224
224
226
226
218
220
196
190
168
138
124
84
116
128
154
164
136
100
68
122
148
138
142
104
54
80
138
148
96
32
68
114
122
28
0
4
20
2
44
34
22
8
40
36
10
12
12
2
2
0
0
4
2
6
18
10
18
24
20
30
40
16
22
34
12
46
28
0
0
20
28
32
28
30
34
44
22
24
28
42
52
22
22
20
28
24
30
10
4
10
28
0
4
0
10
24
14
20
8
12
12
16
14
34
24
0
28
24
28
24
32
28
24
16
30
32
50
20
32
38
176
202
230
244
246
250
252
264
262
258
270
280
288
282
284
264
210
196
158
138
126
124
162
172
148
184
178
148
128
110
152
182
128
140
212
142
126
48
218
234
222
226
224
228
216
206
192
176
178
166
110
122
106
124
96
92
116
138
136
144
150
126
50
60
128
138
154
50
46
118
128
36
32
26
12
0
10
6
16
34
44
44
38
30
34
32
30
10
4
0
4
10
2
8
12
12
2
2
22
32
30
36
20
30
34
24
32
32
26
26
22
30
36
32
34
34
40
40
34
34
28
26
26
34
30
30
38
28
26
24
18
4
16
0
6
8
20
32
10
0
0
14
6
6
14
8
24
32
8
20
24
32
24
34
32
14
38
42
22
10
60
62
236
210
244
248
248
246
260
256
262
260
286
292
292
280
178
146
160
174
172
160
142
112
136
198
166
128
182
182
154
116
124
186
200
106
200
154
176
88
76
226
228
220
210
216
208
174
166
154
140
124
90
118
138
140
126
142
156
94
64
96
128
140
144
78
34
76
98
76
26
24
2
14
10
0
10
10
0
36
32
30
34
26
32
34
30
18
18
10
8
10
2
12
0
6
16
28
28
26
40
28
38
20
24
20
14
4
4
6
0
34
32
30
34
30
36
34
28
26
26
36
34
34
30
30
32
42
32
26
22
16
32
22
10
14
4
6
0
20
10
4
8
0
10
18
18
26
18
10
28
32
28
34
32
34
40
26
34
36
34
30
36
208
240
240
248
262
260
262
262
268
274
296
292
292
282
240
194
162
128
154
172
138
156
180
176
130
152
100
120
202
188
120
114
140
196
100
178
142
126
118
38
62
218
222
216
182
176
170
138
74
42
110
124
110
122
86
80
98
110
130
138
100
20
44
98
90
16
44
26
56
10
38
36
34
26
20
10
2
18
38
30
26
26
28
36
38
44
16
14
6
8
20
20
22
30
30
6
30
38
18
32
32
36
28
28
20
38
12
32
24
32
34
36
38
36
28
38
32
30
32
30
30
28
48
44
34
36
30
42
22
28
24
10
16
6
24
14
6
2
8
24
6
6
14
2
24
24
34
30
32
34
26
36
32
26
2
28
16
28
6
8
34
46
240
236
252
252
258
254
272
272
274
298
296
298
290
246
196
144
124
140
120
124
146
166
162
158
178
102
152
112
172
182
188
116
128
200
138
146
116
144
80
82
30
198
196
200
192
154
144
126
116
112
94
46
120
126
136
44
22
48
42
68
36
0
8
40
32
40
26
16
24
24
12
24
24
4
8
8
12
28
40
46
40
40
46
38
44
40
38
28
8
10
12
12
12
38
10
38
42
32
28
26
32
24
36
30
6
38
24
28
36
28
38
38
32
32
46
56
42
22
32
36
28
38
30
30
28
42
40
34
40
26
26
40
16
6
0
24
6
26
28
10
2
2
12
22
30
30
30
30
18
12
22
28
30
32
24
14
26
6
6
32
58
226
226
242
252
244
268
266
272
276
302
302
294
294
250
204
138
140
134
150
156
152
122
106
172
164
186
184
130
112
116
170
192
174
108
178
144
138
136
106
78
26
72
124
200
198
192
164
110
68
112
112
112
68
84
124
114
112
72
0
0
2
0
22
36
48
40
22
24
30
26
36
12
6
22
8
4
16
34
32
50
40
50
42
32
42
14
32
22
8
18
26
26
32
56
30
34
46
36
34
42
32
28
22
8
30
26
36
28
34
26
34
32
22
26
32
34
28
28
36
34
42
30
46
26
20
28
28
26
24
34
24
12
34
30
20
8
26
12
36
26
14
30
4
20
10
30
28
14
2
24
0
2
20
32
10
18
72
24
0
28
32
236
222
244
252
256
270
270
274
284
304
306
300
260
246
216
182
164
146
154
132
146
144
158
142
114
144
176
168
198
162
124
130
168
190
120
126
190
116
116
110
60
26
34
168
202
192
180
154
116
116
118
104
76
144
126
22
2
0
2
2
14
8
10
20
28
14
12
10
16
34
24
26
36
38
36
22
0
18
28
38
40
30
24
32
44
40
40
44
38
24
26
14
28
46
34
32
20
32
28
36
16
30
34
36
28
28
38
36
30
30
38
32
38
36
26
30
32
36
36
34
32
22
32
40
28
42
22
30
18
18
28
32
36
32
14
40
24
20
4
42
28
10
6
18
44
22
26
26
18
10
6
2
28
24
34
44
32
48
48
22
42
38
78
232
250
272
280
276
272
284
312
310
306
218
196
184
148
142
150
146
154
160
156
156
136
132
146
98
92
172
172
178
192
106
102
160
184
128
134
90
56
10
16
28
76
98
188
196
160
134
140
134
114
102
34
0
0
0
0
14
0
0
8
2
10
6
24
24
24
40
56
32
40
32
22
14
12
8
10
30
38
54
30
30
36
44
46
54
54
58
34
34
36
34
30
26
26
34
24
40
26
34
30
34
22
16
24
28
36
34
30
38
42
54
52
36
32
34
30
44
48
38
34
28
26
26
18
24
28
22
44
34
40
30
32
12
18
40
22
16
24
28
34
28
22
48
44
24
32
44
32
38
30
46
46
36
34
44
46
44
38
6
26
58
66
250
264
270
274
286
284
316
310
304
244
232
194
158
138
108
86
122
106
146
184
174
184
182
194
118
120
116
86
178
178
182
130
144
142
124
98
10
6
16
62
62
54
56
34
34
16
28
36
16
38
30
2
14
6
8
0
10
0
10
14
22
22
12
24
28
38
58
44
46
48
30
20
20
14
14
40
46
40
38
24
34
44
46
38
56
54
36
36
24
52
34
32
24
18
44
44
34
48
36
54
52
32
32
38
36
32
36
28
30
32
38
30
32
30
46
54
64
52
48
56
30
42
30
34
32
30
24
38
32
46
32
18
20
28
30
16
20
30
22
20
18
18
52
34
32
40
46
40
40
48
44
36
38
30
18
18
24
48
52
32
34
94
270
278
278
292
296
312
318
318
280
244
200
184
172
150
130
126
120
122
98
138
130
146
196
194
194
190
148
110
98
94
144
178
150
116
88
10
8
20
26
42
46
38
14
6
10
20
22
52
38
32
14
10
10
16
28
28
14
38
12
8
22
16
22
64
50
34
50
38
46
36
12
16
24
20
38
34
26
28
38
40
26
40
48
50
58
42
32
36
48
48
48
42
42
46
24
40
32
52
46
52
44
52
48
40
40
30
32
26
32
26
30
34
36
36
48
46
50
42
40
44
54
30
26
32
36
20
46
46
50
30
32
20
16
24
6
20
6
30
20
18
6
36
44
46
40
36
40
38
40
34
44
42
32
38
32
4
46
56
30
30
50
274
288
294
294
294
320
316
316
276
222
212
198
188
174
158
154
154
120
128
136
118
108
128
112
100
170
182
180
176
144
96
120
104
146
74
8
16
20
24
44
70
88
32
20
6
16
18
28
56
38
28
26
28
20
16
50
32
34
48
16
26
30
42
40
46
34
38
34
38
46
40
20
24
32
38
32
36
30
34
40
34
38
40
50
58
60
66
52
44
64
60
26
44
44
30
12
38
52
66
58
58
56
56
46
50
48
36
26
38
34
34
40
34
48
58
54
60
60
60
58
62
54
60
50
30
36
52
40
46
48
32
26
34
4
12
30
32
28
16
20
26
24
58
60
44
54
42
54
38
40
40
38
40
34
30
12
44
40
42
40
62
122
298
294
302
298
304
316
310
254
238
206
182
176
152
172
140
136
144
158
158
146
162
146
152
122
128
132
106
98
128
120
152
180
134
96
22
12
18
36
52
68
78
30
16
8
18
40
50
68
52
26
22
20
30
16
30
30
30
22
44
62
58
50
54
34
26
34
28
36
62
48
28
60
48
60
50
52
40
66
58
36
44
32
36
56
58
70
70
44
48
72
48
40
12
28
46
46
44
64
68
48
66
70
58
56
58
54
52
66
68
44
44
52
44
62
72
60
58
62
52
66
40
36
60
46
50
56
50
44
36
18
40
20
2
28
42
38
20
30
36
30
26
54
58
58
56
44
58
56
40
30
18
42
48
32
38
44
32
46
40
38
60
294
300
300
300
320
320
314
234
192
178
148
138
140
122
106
88
84
108
140
162
178
178
184
182
184
196
190
194
172
156
140
142
124
112
62
38
34
34
38
46
62
42
8
18
40
38
70
48
70
24
46
40
12
32
28
52
66
24
54
50
44
48
50
38
38
20
38
54
54
64
46
52
54
68
70
52
44
66
66
62
54
46
50
72
66
76
80
54
66
68
32
40
48
52
40
58
56
50
68
46
62
46
66
56
50
56
60
58
56
54
48
64
60
88
84
76
84
72
82
88
74
70
76
56
68
66
50
48
26
32
28
0
0
34
34
54
46
34
64
62
62
56
36
56
64
58
60
56
46
38
36
42
36
48
40
32
30
50
44
34
48
218
310
308
304
320
320
314
264
178
124
120
94
88
74
88
88
82
82
108
120
130
114
138
144
116
128
154
172
152
164
194
180
158
112
98
34
14
40
40
48
62
48
34
38
26
34
74
58
70
48
36
32
42
74
44
50
42
36
50
42
66
64
66
54
30
46
62
70
72
48
36
36
72
78
80
54
44
44
64
50
46
68
70
82
66
92
68
74
70
64
68
44
40
58
62
64
36
74
72
60
64
56
62
64
64
56
66
62
68
70
70
74
78
86
86
80
88
84
76
84
82
72
50
40
62
54
48
50
34
56
24
4
30
16
34
78
74
48
50
66
74
56
60
66
64
48
54
60
46
42
32
18
46
48
70
34
44
34
54
62
82
188
298
302
302
324
314
314
292
190
140
96
78
82
94
98
100
134
140
136
132
154
154
136
122
114
112
110
126
110
116
124
118
108
98
68
24
26
52
30
72
92
88
92
64
30
26
20
30
62
54
64
56
76
64
66
64
30
20
28
26
66
74
70
74
52
68
70
70
68
24
40
52
66
72
76
44
52
50
50
68
56
48
62
74
56
62
70
50
62
60
56
68
50
66
64
80
60
76
72
76
86
86
86
82
84
86
78
88
92
84
92
94
92
88
82
88
82
62
56
64
54
70
50
80
76
72
68
46
66
64
50
22
16
34
40
78
92
60
60
46
50
64
78
76
56
44
58
66
56
24
32
56
44
48
38
68
30
58
54
64
84
286
290
292
302
328
314
322
310
212
188
166
124
114
104
66
70
60
80
78
72
92
102
108
90
108
138
120
98
140
138
110
124
98
100
56
30
24
46
44
86
104
100
74
40
36
52
46
60
78
94
90
96
70
60
66
64
40
26
32
32
50
76
70
74
66
70
62
82
46
40
40
44
60
64
56
52
52
56
62
80
76
78
66
48
74
70
74
64
48
68
60
58
66
72
82
78
76
78
78
116
124
108
92
88
90
84
88
92
96
92
64
62
74
76
62
74
82
86
98
82
86
84
80
76
72
38
52
74
72
64
68
34
10
30
54
76
118
68
60
62
72
70
62
78
64
68
64
66
44
44
66
66
58
64
38
44
38
46
52
60
76
292
290
296
294
322
324
320
316
292
276
254
216
192
176
130
100
120
126
112
122
134
130
106
84
74
96
116
104
96
124
126
134
116
126
36
30
52
68
50
94
104
96
60
44
78
76
72
76
92
74
76
72
72
80
86
60
52
44
34
42
46
58
42
76
62
48
64
76
30
52
52
56
54
64
64
74
68
66
76
70
72
84
74
58
78
70
70
66
64
60
72
68
72
82
80
82
84
78
94
98
84
100
104
100
102
94
86
92
94
74
70
92
90
94
92
100
90
76
92
82
90
80
66
28
70
60
74
80
50
72
66
56
62
24
42
70
106
86
66
74
46
62
74
88
76
80
74
72
60
72
86
94
60
64
38
58
50
52
56
82
86
276
288
294
282
330
326
322
324
320
302
300
296
282
270
270
270
264
198
190
182
204
176
164
142
148
146
174
176
142
106
136
138
112
100
72
22
66
80
90
74
104
120
114
94
100
102
112
106
104
106
98
86
88
104
96
100
92
86
90
78
48
58
72
74
58
82
82
86
86
76
94
76
76
90
84
82
80
82
74
70
62
82
80
86
48
74
76
78
90
92
86
88
90
94
82
90
86
74
70
80
94
84
90
106
96
108
96
94
120
108
104
94
96
94
98
92
94
88
88
90
76
34
58
76
88
84
88
62
66
76
84
46
38
26
50
76
98
104
88
90
70
58
74
66
92
94
90
100
92
106
88
54
86
72
64
74
80
62
86
84
104
288
294
298
298
450
480
486
488
490
478
488
474
474
458
476
442
340
278
480
378
244
242
188
222
210
154
134
140
100
126
176
140
112
148
108
48
70
130
128
122
126
142
172
194
206
140
122
118
92
98
86
96
100
94
102
94
92
100
94
92
78
74
92
88
84
82
98
86
88
90
92
106
92
94
100
86
90
86
106
96
88
102
92
92
102
96
98
98
82
98
140
106
118
112
120
112
110
98
104
92
92
98
102
96
86
104
100
156
130
122
104
124
116
120
106
120
84
58
58
80
94
92
94
78
74
68
38
60
84
84
78
48
70
48
48
92
100
94
90
102
78
86
78
92
102
98
114
96
96
116
114
70
86
78
82
98
96
92
112
254
292
316
320
310
326
492
486
486
480
480
480
474
476
474
478
478
472
478
480
462
470
476
476
478
472
472
424
476
366
346
296
242
128
180
158
130
146
164
158
236
228
340
492
510
492
510
478
302
278
270
230
256
160
122
120
106
102
110
100
110
104
116
108
104
108
110
102
116
96
98
98
104
104
108
104
110
106
102
104
106
102
100
90
94
104
114
120
136
162
156
194
434
494
446
478
298
468
450
234
200
196
172
154
134
152
128
166
242
178
146
138
140
132
116
94
48
54
82
96
102
116
104
106
106
92
88
62
82
88
74
76
52
84
80
52
74
88
110
94
100
110
110
106
96
94
94
120
114
136
130
116
98
116
106
138
120
140
124
154
330
290
288
302
316
322
316
490
476
472
484
478
480
402
464
482
480
444
326
306
462
460
484
482
490
490
478
486
436
456
464
478
472
498
498
504
510
506
502
510
510
510
498
496
510
510
510
510
452
414
510
510
510
510
510
488
370
208
170
168
136
118
122
110
110
104
118
96
100
106
100
100
116
112
112
108
104
104
116
102
100
100
108
110
94
92
94
106
158
184
378
482
424
350
440
414
486
474
482
480
468
456
444
434
426
408
256
160
126
56
116
94
96
76
56
88
120
126
142
142
114
118
114
118
84
56
72
86
102
88
104
78
80
110
64
48
70
66
94
86
96
94
112
144
142
138
142
150
148
144
140
134
140
148
140
178
228
364
318
314
288
322
278
298
310
306
332
312
478
480
476
478
476
460
464
470
452
472
470
456
450
442
460
464
456
476
482
484
476
442
470
470
486
490
504
396
504
500
508
508
510
502
404
440
510
510
456
342
322
448
510
510
388
484
478
510
510
510
510
510
502
504
510
488
468
358
396
510
498
510
510
510
510
510
510
500
466
486
500
466
460
476
474
452
444
428
474
444
446
456
444
470
498
464
482
486
472
454
466
432
474
468
458
428
440
418
422
408
398
356
172
242
240
232
236
242
224
170
138
122
120
110
94
62
70
80
92
100
92
72
108
54
52
120
122
88
66
74
68
92
114
258
240
254
286
296
288
312
274
310
286
224
206
212
208
198
294
340
390
298
300
294
296
312
264
300
268
304
322
450
458
464
460
458
456
446
464
374
446
468
448
454
438
456
448
460
468
472
470
404
450
434
460
484
476
342
200
470
502
510
496
500
482
484
480
506
510
510
314
304
290
492
204
282
472
510
510
510
510
510
510
508
510
510
506
470
444
408
470
500
484
492
500
468
486
150
368
444
462
448
454
464
442
430
454
442
428
436
426
400
408
472
420
446
498
462
450
448
498
488
478
404
448
414
420
412
430
414
360
386
380
358
316
208
172
154
148
138
130
118
94
98
104
86
96
116
114
98
106
114
110
60
56
124
118
70
58
92
78
66
66
94
232
266
264
258
258
260
232
244
238
240
236
218
234
224
240
218
242
218
194
240
222
212
258
268
242
306
302
288
370
362
368
370
366
352
348
342
326
318
324
306
298
314
320
318
304
312
312
298
292
290
306
308
312
314
306
288
312
316
326
322
316
308
308
322
316
304
310
302
296
296
288
318
318
306
320
314
336
322
326
326
328
330
322
220
198
318
310
320
318
318
320
316
178
282
308
290
310
314
312
312
300
244
282
268
294
300
302
314
312
264
304
320
312
302
312
312
330
324
318
320
310
282
282
274
304
302
304
276
294
278
276
272
226
160
148
136
122
124
106
104
140
118
122
116
146
132
132
122
106
80
104
92
88
72
72
82
96
94
118
168
236
234
236
240
260
260
292
240
272
246
240
266
260
268
282
254
258
266
266
262
262
268
274
266
272
306
312
310
308
370
372
366
356
346
332
326
326
318
314
312
306
312
312
306
312
308
312
318
312
298
288
312
292
262
288
318
320
320
314
298
308
308
298
312
310
314
304
312
288
298
300
292
306
318
320
324
278
326
322
324
320
322
322
316
306
282
294
266
308
200
296
322
340
326
328
322
314
322
320
312
314
318
306
308
270
310
300
296
294
290
284
290
294
300
302
302
290
296
300
288
280
286
266
268
256
258
254
244
244
250
256
246
238
240
234
232
234
236
246
230
224
230
228
180
150
128
126
88
92
124
204
196
102
92
70
74
72
96
100
404
352
196
170
184
198
236
232
238
202
234
238
232
228
236
248
234
236
222
240
246
234
240
254
264
266
266
302
308
304
310
350
348
334
338
332
302
274
256
256
314
254
214
230
240
238
264
272
276
264
268
260
244
252
236
240
256
262
252
276
282
288
280
284
298
288
298
302
296
288
296
298
288
272
286
302
312
300
300
308
304
296
312
306
288
294
288
280
292
290
298
306
300
312
312
300
306
304
310
316
318
316
312
290
278
286
286
280
260
284
288
284
282
256
284
268
258
236
254
258
258
222
260
320
248
256
254
226
228
224
228
210
176
228
234
246
224
228
236
218
204
206
180
150
146
128
124
126
108
142
160
144
138
122
112
118
116
116
222
236
230
290
202
188
186
214
210
216
218
194
216
216
206
196
196
204
218
226
228
218
220
232
238
244
248
262
268
280
308
310
314
306
386
348
340
360
360
364
348
344
358
354
300
314
340
338
338
340
332
330
334
352
344
334
346
350
342
380
378
366
362
320
354
314
336
366
360
324
348
338
298
304
290
288
310
366
324
322
310
348
366
306
312
286
336
344
312
278
268
340
298
278
328
256
228
252
268
236
232
216
270
260
204
310
320
318
292
316
314
306
312
288
296
326
294
298
336
314
284
310
288
284
336
206
360
334
348
318
288
358
270
226
258
270
280
276
262
280
292
302
262
206
218
230
232
216
224
210
236
252
236
246
230
270
240
232
282
216
228
254
220
232
250
262
280
282
286
212
248
300
222
206
196
196
222
226
234
230
202
218
202
214
212
216
268
248
230
242
250
300
290
284
290
