486
472
502
490
482
486
482
486
466
472
482
482
486
482
486
500
500
508
494
486
504
486
482
498
496
496
468
502
486
490
506
486
508
486
486
490
464
502
482
474
456
478
482
466
482
486
478
472
470
458
468
464
470
470
458
478
464
474
464
480
474
458
466
464
454
450
454
458
450
458
448
454
454
452
460
450
442
450
468
446
446
432
446
440
436
436
444
440
432
446
430
426
440
442
434
402
250
414
402
414
410
422
426
430
426
430
412
406
394
422
420
426
412
416
434
400
436
448
434
420
406
400
422
420
406
438
426
426
412
412
410
398
412
416
396
416
402
412
348
396
390
370
392
368
354
158
114
120
160
182
226
178
244
204
132
92
246
354
342
366
372
482
500
494
486
502
482
496
470
444
478
472
462
482
486
490
500
496
506
504
506
502
486
498
490
496
492
500
484
490
486
482
490
476
486
480
476
486
482
490
492
482
478
470
484
474
470
468
472
476
460
458
450
472
460
458
486
474
472
458
454
468
466
466
466
458
454
446
458
448
476
440
450
458
468
458
460
444
440
440
436
446
456
430
432
422
440
430
422
432
422
422
432
430
436
416
426
120
432
422
426
402
416
418
436
428
410
424
416
420
430
424
412
408
434
434
434
444
394
440
408
408
416
416
422
430
426
446
424
420
410
416
390
438
416
416
380
416
406
406
392
390
362
388
368
386
164
112
126
172
182
186
180
250
246
142
114
260
360
334
368
364
472
440
490
478
492
486
476
472
478
472
482
478
490
486
502
502
496
506
500
510
510
504
490
502
502
478
486
502
506
486
502
502
478
478
490
488
480
478
486
478
468
490
476
472
458
468
476
458
472
482
462
474
474
466
468
466
470
458
454
464
466
454
444
454
466
454
456
442
434
450
456
450
484
468
470
446
454
438
452
440
442
436
454
440
428
434
436
426
426
446
440
422
436
432
436
412
410
400
410
400
426
410
416
360
418
422
404
430
360
426
430
406
412
424
420
434
440
442
434
428
430
424
416
406
426
426
420
416
430
432
428
434
404
410
422
408
406
414
412
386
410
384
388
368
368
156
154
146
140
182
174
172
246
216
166
146
268
360
350
362
364
490
482
492
470
486
480
466
462
472
462
486
482
504
498
504
500
502
510
510
504
506
510
502
470
490
486
486
498
466
490
492
486
496
496
500
478
490
482
496
480
484
486
468
458
450
472
470
472
482
464
476
460
474
474
468
472
478
450
466
478
470
450
458
436
460
448
418
368
460
452
434
402
444
452
416
442
452
460
448
446
446
422
456
460
434
428
446
436
450
436
450
412
422
432
398
416
422
410
410
392
426
432
420
416
442
426
422
392
422
424
422
446
422
430
386
440
426
446
444
446
424
420
436
436
430
430
420
426
424
426
420
402
420
398
408
412
420
410
402
400
390
402
396
392
310
178
146
124
136
140
178
184
240
220
132
76
222
348
354
366
364
486
488
492
478
482
468
484
476
482
478
470
470
500
490
506
490
500
508
492
496
510
504
492
474
506
504
500
478
502
496
488
496
482
494
496
482
482
506
508
496
484
462
474
474
476
454
484
484
488
468
478
464
474
460
470
470
450
436
472
466
466
462
424
372
422
418
420
410
410
448
432
394
358
452
396
438
418
474
448
430
380
434
434
402
446
446
442
440
438
446
440
434
430
426
412
408
398
396
408
410
428
436
434
418
410
402
370
414
420
376
400
372
438
420
422
442
454
436
426
426
440
434
406
440
430
420
428
426
426
420
424
410
412
422
420
410
422
412
398
406
402
382
392
382
342
174
172
122
150
160
184
198
230
222
136
142
260
296
354
360
368
486
478
482
500
472
490
482
478
482
476
494
496
498
502
500
486
506
496
500
502
510
496
482
502
498
492
486
496
504
494
498
490
472
498
478
492
468
490
492
488
474
476
480
484
478
468
472
492
478
468
494
458
472
478
470
450
458
450
466
404
370
452
424
420
386
386
392
438
444
400
378
368
398
388
404
448
440
370
448
428
442
442
446
440
450
446
426
446
436
454
440
430
430
408
408
412
406
392
414
386
410
376
380
380
378
366
378
346
366
380
376
352
364
362
394
388
358
408
434
428
440
424
424
430
410
436
426
420
416
402
416
398
438
422
414
410
412
402
412
388
378
402
406
392
400
158
172
182
154
188
172
232
250
240
142
92
242
336
368
372
376
490
490
482
476
486
478
486
486
482
470
502
480
506
486
500
494
502
506
502
510
496
510
500
506
506
504
482
482
486
492
486
482
486
490
494
486
486
492
484
482
496
488
484
474
492
486
484
474
488
466
474
478
480
484
472
464
448
438
394
410
392
418
440
402
406
398
388
400
424
414
372
374
406
376
378
402
410
384
346
394
422
394
448
434
436
456
454
440
440
422
430
416
412
416
406
398
408
424
400
392
410
366
336
380
370
382
350
362
374
392
388
384
334
358
362
372
326
364
374
436
430
434
440
430
404
432
424
424
430
428
428
426
416
426
426
404
420
416
406
408
392
410
388
388
372
150
130
142
184
164
172
250
236
228
160
102
274
364
372
378
378
482
490
472
480
478
474
482
486
482
490
486
486
492
500
510
510
496
500
508
510
502
508
506
502
498
500
496
498
486
480
490
496
490
500
496
492
506
486
492
480
484
476
466
466
474
474
472
492
472
478
472
460
478
470
462
446
448
386
346
416
394
444
424
388
384
398
394
356
432
396
410
354
384
392
392
378
394
434
392
356
390
370
342
442
426
454
446
422
426
446
430
426
406
406
416
418
416
400
406
406
406
322
324
354
400
382
344
400
368
378
372
380
356
400
354
354
330
370
374
356
432
420
432
432
416
404
416
430
422
402
416
412
424
428
416
432
408
408
394
390
404
402
396
384
390
154
136
136
192
190
164
270
266
218
166
150
268
350
366
382
386
462
482
486
482
486
488
490
460
494
486
496
496
496
492
482
482
492
504
510
510
496
508
490
484
502
490
496
490
490
496
470
496
490
482
482
488
492
488
478
482
486
470
478
478
484
486
474
464
484
470
466
470
468
450
398
390
416
380
364
390
418
436
444
380
370
402
412
412
434
406
420
424
350
398
408
408
372
428
416
424
354
412
376
382
436
446
430
432
450
418
430
422
422
402
414
420
412
396
406
418
358
304
278
402
366
410
340
362
348
402
380
378
308
408
348
348
330
364
316
348
412
420
422
422
412
420
426
426
424
430
408
426
422
416
428
430
412
400
406
406
408
410
382
390
320
156
152
168
166
160
182
254
246
250
136
142
244
362
376
388
392
486
476
472
482
472
496
482
488
486
496
488
502
500
492
486
498
484
506
504
502
496
502
502
502
482
508
504
490
490
482
482
492
478
492
496
488
504
482
474
470
470
474
460
468
478
478
484
486
470
428
442
446
436
456
388
354
350
400
410
406
378
402
406
402
370
328
418
448
450
336
416
420
408
304
438
444
436
380
412
418
358
422
430
346
440
446
426
436
412
434
422
426
408
410
402
390
304
336
282
396
392
360
288
316
326
382
426
418
370
384
410
414
358
390
358
360
364
386
290
388
442
416
440
426
424
450
426
422
408
416
432
414
422
422
416
422
394
424
406
394
398
408
412
382
366
182
144
222
198
188
182
268
240
280
200
160
282
348
364
368
384
466
478
470
490
482
494
490
502
472
502
492
482
498
500
498
496
498
504
496
502
496
492
486
482
498
492
488
502
498
486
488
490
496
494
492
488
474
470
484
482
488
480
480
474
458
480
480
476
458
424
396
386
380
468
406
404
366
366
392
432
416
378
408
426
424
412
350
396
416
388
350
418
440
428
404
426
404
294
358
434
434
412
384
400
378
442
424
432
414
434
414
406
274
340
330
314
296
306
304
310
324
378
410
378
410
326
404
404
414
332
396
384
290
344
392
364
272
378
388
430
450
426
426
430
432
394
416
432
426
424
416
416
426
412
416
416
416
416
392
402
402
408
396
412
348
186
152
240
208
150
184
250
248
264
188
122
278
352
382
370
372
482
482
448
476
492
494
498
482
496
496
490
476
502
504
504
496
502
500
488
504
504
492
498
500
506
496
492
496
476
478
488
474
472
488
490
470
476
484
468
474
470
454
472
470
472
472
464
392
408
388
400
380
454
436
450
398
426
420
374
406
428
424
354
344
438
432
408
372
442
418
408
358
422
414
314
346
414
390
346
412
432
274
320
262
444
362
436
408
430
426
410
414
406
310
330
362
362
350
348
362
410
340
366
398
416
368
314
378
402
266
338
380
346
316
374
364
306
370
386
446
436
428
424
432
430
416
428
430
408
432
426
426
422
440
416
418
408
416
412
408
382
396
396
374
364
204
164
242
222
174
210
260
254
274
146
156
264
350
392
390
394
476
486
478
492
494
486
478
504
496
478
500
496
466
490
504
504
486
484
504
492
496
506
496
490
488
492
490
478
472
486
472
490
478
496
482
484
478
466
478
470
468
470
486
468
470
430
430
418
390
398
410
402
454
464
418
394
412
414
418
398
406
432
442
406
416
420
428
414
372
414
414
386
384
408
410
328
402
416
422
282
348
414
426
398
438
330
444
446
418
410
398
416
392
358
362
396
398
298
344
364
396
372
310
322
376
312
208
306
338
280
280
324
276
224
262
302
280
318
306
444
446
442
438
420
428
432
430
422
426
432
420
412
424
434
422
406
422
424
416
412
392
402
402
396
354
208
186
254
188
202
190
264
246
250
212
124
258
376
368
380
410
482
476
490
496
478
484
490
506
504
496
504
486
494
478
496
496
468
488
498
496
502
502
508
494
490
494
476
480
478
478
484
472
484
478
496
478
470
480
480
488
458
490
478
466
422
368
394
412
404
430
402
420
394
418
436
408
362
412
416
430
400
436
424
418
354
332
408
426
392
326
434
430
280
370
438
424
246
374
426
324
298
448
416
268
348
390
296
388
388
376
250
302
298
280
230
236
192
216
194
216
174
88
230
226
240
232
218
210
230
204
160
164
126
164
178
104
196
196
236
318
336
340
378
392
438
418
426
434
436
426
436
426
394
436
424
392
424
412
424
420
376
398
402
406
372
238
242
306
268
268
276
268
282
240
184
146
300
374
384
404
390
478
486
482
490
496
490
504
500
492
502
478
504
498
472
494
504
496
496
476
504
508
488
496
492
502
486
464
488
492
492
478
478
476
480
472
474
476
480
474
472
480
462
458
412
406
406
408
400
406
434
432
412
386
394
428
428
434
374
414
450
448
352
334
418
420
394
384
404
424
354
316
408
428
230
328
382
260
102
342
364
276
296
312
284
322
294
258
224
288
244
294
256
278
172
126
168
162
218
176
128
202
202
222
264
264
202
226
268
206
190
148
148
112
144
214
92
214
208
272
240
226
252
232
292
264
202
218
304
442
430
428
426
420
408
424
418
426
416
422
412
392
412
422
412
390
166
212
202
180
178
208
202
264
206
158
120
304
370
390
398
386
474
502
498
496
484
496
488
478
486
478
502
502
492
496
496
498
492
502
480
488
488
496
492
482
488
482
470
464
484
490
472
474
468
484
478
480
482
484
472
480
474
458
436
398
380
402
406
418
422
428
450
410
426
438
418
388
430
454
434
322
406
426
398
390
416
440
376
318
404
418
190
86
284
114
74
82
154
114
110
100
286
248
256
270
248
234
276
208
264
250
158
212
272
264
254
208
256
258
180
66
74
84
168
202
178
218
246
142
196
156
208
152
240
220
212
156
164
170
176
190
224
176
222
198
268
272
288
280
258
242
246
332
430
434
424
438
446
430
404
400
410
408
426
412
388
142
124
170
164
192
258
190
228
156
184
202
316
382
388
408
398
498
496
488
480
498
498
498
482
498
488
496
494
490
484
464
494
494
492
498
468
508
492
478
482
472
492
484
482
484
500
472
492
482
480
484
466
472
476
484
480
444
388
398
392
412
406
390
406
454
448
440
372
418
448
424
356
402
442
400
330
326
424
436
402
260
396
416
296
302
282
146
72
114
54
88
64
110
66
32
136
198
260
282
208
182
256
294
202
234
260
208
240
282
262
216
178
234
212
164
174
82
92
90
184
140
194
124
156
182
228
162
188
264
202
184
214
112
202
112
210
156
258
232
236
274
248
340
302
304
280
254
212
242
266
328
374
406
404
402
414
402
416
408
412
372
240
104
178
198
188
250
180
174
190
166
146
314
388
390
382
388
484
468
490
498
504
488
488
484
478
486
488
480
478
480
460
470
474
478
474
480
472
486
484
488
484
472
496
502
474
474
470
488
470
458
466
474
484
454
472
468
416
386
384
392
402
418
418
408
418
410
422
422
322
398
438
432
420
360
398
450
400
258
322
394
298
264
302
300
270
270
126
46
58
28
32
32
24
62
76
114
152
250
212
260
188
200
178
242
212
142
224
284
172
130
238
174
156
234
196
178
244
236
140
0
40
112
146
112
168
180
108
236
188
200
170
196
200
116
150
146
108
242
254
278
258
270
252
206
234
178
260
264
264
232
164
124
202
230
262
300
270
278
310
326
342
242
246
156
184
180
208
174
168
180
142
142
284
388
388
374
408
482
472
466
488
486
484
498
480
478
488
488
456
472
466
458
468
454
480
460
466
462
476
470
474
468
454
492
488
480
480
478
478
480
454
450
466
458
460
466
468
396
402
394
406
396
398
444
434
436
344
362
424
414
380
364
344
432
434
306
318
320
256
260
296
276
268
270
274
278
236
72
94
10
14
88
10
36
166
32
12
70
234
220
258
190
202
192
196
166
154
286
236
254
160
28
220
274
180
206
178
260
232
144
164
174
134
66
88
182
142
202
260
150
236
208
214
190
102
190
272
238
292
246
300
344
306
322
278
246
304
264
104
334
268
302
264
224
258
254
226
246
212
216
176
244
162
224
316
302
218
250
198
188
182
164
130
288
380
384
402
384
478
468
494
496
494
490
500
492
474
484
476
462
464
460
466
468
456
454
470
452
442
466
462
462
464
474
450
480
452
476
462
480
464
468
436
434
452
458
466
438
424
394
392
402
418
420
422
382
422
430
422
378
394
398
438
316
332
288
280
248
240
206
264
268
258
244
282
252
254
186
214
152
154
156
0
2
64
60
72
32
68
202
236
196
162
236
230
194
214
230
206
218
224
188
144
206
210
164
212
246
200
150
182
218
202
212
140
142
94
208
78
112
106
166
170
156
74
284
256
248
278
210
196
210
250
256
250
260
340
222
198
266
228
258
202
234
242
212
188
168
2
206
158
232
202
148
166
276
236
262
242
208
202
204
170
112
302
368
404
400
376
482
486
498
504
496
488
496
490
466
464
476
462
444
458
476
468
454
466
468
460
456
472
456
462
452
452
466
462
466
468
452
448
446
452
454
458
466
460
458
416
310
306
386
402
462
416
428
428
288
394
434
438
288
316
334
274
250
286
278
264
254
258
260
260
294
204
210
248
300
276
204
174
18
32
52
92
92
84
88
82
184
178
172
258
212
216
248
212
204
262
226
88
168
74
240
268
300
232
216
216
164
294
212
180
142
224
94
132
184
102
176
160
158
196
106
62
138
100
186
188
218
206
80
188
188
246
120
256
278
236
294
200
236
166
118
124
204
196
242
46
0
50
34
0
0
118
104
110
226
234
244
276
212
212
164
116
242
354
388
398
408
462
494
488
484
484
490
466
460
394
408
406
368
382
342
348
384
382
418
408
398
362
394
430
418
452
462
466
466
472
470
430
456
448
438
442
468
438
454
444
442
436
276
198
422
426
252
292
424
360
310
220
184
210
270
296
292
274
234
202
246
272
264
246
244
238
270
278
274
274
236
240
178
102
14
52
90
0
12
74
2
30
0
196
208
246
190
204
236
198
182
160
124
88
174
214
256
264
244
198
250
224
236
284
292
230
322
314
276
200
206
194
124
270
164
152
126
86
160
118
138
220
234
198
220
196
230
226
280
230
302
202
188
260
132
136
32
66
188
166
26
0
28
310
0
0
4
0
0
124
198
220
268
320
276
208
154
254
386
412
416
418
474
492
474
484
474
456
432
400
362
350
330
308
326
332
342
360
378
380
366
412
380
392
422
348
400
376
346
314
406
390
452
458
438
444
438
442
436
438
446
466
450
368
336
296
364
396
408
188
104
114
216
154
196
256
316
230
216
264
256
218
226
240
226
254
220
244
254
256
234
282
208
16
210
56
40
120
60
2
0
72
56
134
192
206
180
168
242
216
202
172
252
196
224
238
296
274
256
216
246
274
220
232
246
206
176
122
132
152
162
280
256
286
182
162
122
136
142
74
44
172
168
208
236
266
236
66
192
378
372
300
276
90
202
172
140
180
218
152
210
208
184
188
42
14
4
2
0
0
146
230
216
248
278
306
300
252
336
414
416
422
402
478
486
474
496
472
410
448
426
382
298
284
312
324
342
322
360
372
346
314
376
388
390
392
386
364
358
330
358
348
250
258
324
378
430
424
446
410
448
432
438
422
380
222
320
290
222
140
78
78
94
74
84
96
106
136
246
278
278
250
250
238
160
180
206
110
228
258
208
168
232
204
88
74
160
150
88
80
30
42
0
60
18
192
194
160
222
200
140
0
90
232
204
194
220
276
306
310
258
254
248
222
260
254
250
192
156
144
16
70
14
52
230
268
106
90
116
116
116
152
170
174
190
252
242
182
284
202
252
316
312
234
234
150
202
168
218
186
186
176
126
206
192
196
14
0
8
10
22
210
258
162
160
222
260
344
314
356
414
438
426
412
486
496
488
480
466
416
360
376
346
308
216
242
310
284
330
340
380
376
340
342
360
376
366
342
382
342
316
320
286
164
62
134
252
298
298
300
312
394
438
426
398
366
332
270
230
154
86
62
86
70
192
132
184
210
252
250
216
236
246
188
82
110
68
148
202
226
248
242
226
214
156
182
200
62
166
62
102
24
136
48
186
72
146
134
42
162
112
296
280
276
288
334
286
282
276
302
288
232
240
268
270
266
248
270
258
254
122
116
100
112
106
92
176
216
132
156
82
188
174
166
198
274
242
212
232
214
170
2
18
88
102
138
154
108
88
88
102
150
206
172
188
174
138
188
202
256
256
264
284
280
292
256
278
290
284
230
290
376
422
408
390
508
484
478
494
462
422
358
318
232
216
218
256
278
240
280
264
328
332
300
302
324
350
352
314
370
358
342
278
190
100
62
122
152
196
144
292
264
170
286
270
284
282
282
252
128
132
96
100
70
92
148
54
66
74
202
270
232
206
140
214
206
180
138
152
144
256
174
220
188
214
214
204
208
166
146
154
212
116
84
48
104
68
98
150
258
110
102
184
256
254
272
286
320
276
268
288
298
288
312
344
324
294
292
278
254
224
132
78
110
130
172
118
150
204
140
130
80
120
202
180
188
228
270
190
244
104
46
2
4
40
142
102
184
166
160
182
198
144
146
102
128
102
150
142
142
112
210
216
170
242
244
254
264
264
234
246
296
302
364
418
408
482
496
500
492
466
402
304
260
230
264
418
414
312
270
306
268
272
252
252
290
324
336
298
272
328
310
308
288
252
84
46
80
172
114
136
166
220
184
244
240
264
234
230
226
214
118
134
152
72
112
182
216
220
202
184
178
156
190
174
198
186
196
172
156
130
212
146
226
184
208
202
206
148
142
194
232
242
194
154
76
138
182
120
126
200
118
274
334
272
222
236
280
300
318
264
262
232
266
276
298
312
274
244
254
240
236
238
254
176
140
182
194
182
152
150
114
102
144
106
64
154
158
204
260
168
210
144
54
154
94
106
162
174
108
50
68
78
60
46
30
56
4
26
8
84
126
154
180
172
242
212
220
240
250
282
276
300
328
400
414
418
470
488
484
488
460
412
340
280
178
156
214
288
260
228
250
268
302
314
300
350
354
314
326
286
348
330
298
242
222
110
40
36
72
76
78
54
190
192
234
210
248
220
226
182
172
178
226
230
184
166
182
158
238
172
246
176
150
192
166
228
220
182
152
130
114
158
134
192
116
186
200
186
184
180
244
216
220
236
178
148
90
100
132
168
160
222
286
286
242
240
276
288
314
300
336
388
362
326
338
354
306
274
290
276
282
192
248
240
196
250
222
174
190
244
122
114
122
104
136
112
178
184
116
166
202
156
218
146
180
216
94
220
196
164
102
118
50
68
44
10
12
0
8
114
178
156
178
188
180
198
208
230
258
236
288
338
328
392
418
412
408
460
486
504
486
468
390
366
356
290
246
208
232
246
278
280
302
336
354
294
294
300
304
334
340
378
388
380
304
252
202
82
78
54
78
68
16
76
130
192
196
234
204
172
216
138
156
142
182
148
120
166
104
186
176
218
162
116
176
112
192
182
192
162
156
148
224
158
126
162
154
190
162
214
200
244
238
206
244
178
212
108
148
112
162
196
180
228
306
290
294
308
312
310
330
338
316
316
296
298
302
324
280
272
318
300
262
236
242
240
214
236
210
226
212
128
140
102
88
90
128
90
146
82
62
32
134
140
176
168
172
108
228
164
138
106
108
32
6
6
84
2
10
40
88
136
128
124
186
124
182
170
196
246
296
282
308
306
372
410
412
404
476
484
470
460
458
418
370
272
190
158
198
194
200
218
238
302
326
272
252
308
312
360
346
314
310
320
222
254
290
172
96
88
110
96
42
138
106
126
186
172
192
76
172
216
176
194
174
142
168
112
124
84
100
204
122
156
182
192
208
216
202
188
122
170
192
286
236
144
122
138
196
188
158
212
208
204
238
234
184
190
142
144
186
190
160
302
330
294
284
308
332
394
382
342
284
340
316
312
318
326
356
340
270
270
300
310
296
312
252
214
240
252
228
248
148
138
122
90
80
62
12
34
90
64
74
58
56
120
84
122
128
124
142
152
114
112
58
40
56
40
70
52
76
140
124
94
148
184
166
162
172
144
220
232
256
230
328
400
414
408
400
468
468
476
458
476
472
402
308
308
272
296
322
310
352
356
314
248
290
302
298
298
308
292
272
296
280
256
244
246
186
38
42
92
120
116
102
180
192
198
194
160
200
218
168
110
66
94
106
86
150
150
162
142
160
148
138
168
244
252
266
250
202
242
194
240
282
246
216
208
190
218
202
190
188
208
226
218
252
214
240
200
154
182
228
196
200
252
322
312
314
356
366
390
358
318
326
348
358
366
364
366
366
364
344
344
336
356
338
308
282
234
224
220
230
248
136
152
78
28
10
18
52
34
118
124
100
58
28
120
76
102
90
128
88
136
164
102
46
70
90
82
62
92
124
82
74
124
242
214
156
186
80
130
214
224
288
352
392
404
402
392
142
112
154
114
114
230
362
360
262
258
254
268
268
314
334
318
260
260
288
298
320
302
298
302
298
286
288
240
252
186
8
56
52
150
80
72
214
234
210
208
256
280
222
246
184
66
134
166
120
132
208
176
180
214
200
190
206
238
272
248
232
190
200
200
248
272
248
252
262
240
252
210
172
202
222
222
202
274
254
204
234
220
210
222
222
260
332
362
360
330
322
338
364
414
382
372
334
334
338
368
344
360
370
346
294
308
332
354
374
342
288
294
292
282
170
142
162
74
78
20
30
34
68
44
136
110
126
78
12
60
76
80
104
74
150
182
168
152
100
106
128
156
152
82
86
64
178
230
166
146
176
164
210
258
310
300
290
348
394
400
414
132
94
108
76
214
70
146
208
274
278
270
236
226
268
280
272
252
278
302
290
284
294
276
276
276
264
256
246
230
148
84
108
206
210
232
224
252
266
280
298
300
292
290
272
250
250
212
234
238
228
298
214
212
176
238
240
242
224
228
208
252
236
228
214
262
260
232
282
282
230
218
212
238
234
218
194
210
236
238
230
246
254
226
242
236
284
286
344
296
282
294
304
332
350
372
354
324
334
376
394
394
402
402
382
312
312
350
350
292
326
296
302
300
302
220
208
192
50
34
20
22
58
66
56
66
184
126
128
72
26
14
44
152
148
84
82
124
128
100
66
102
134
152
118
74
76
276
186
166
186
176
184
214
278
312
292
330
306
348
418
394
226
226
254
260
242
286
182
168
246
266
288
292
272
254
264
256
222
260
224
242
256
280
278
266
218
216
246
246
192
232
140
134
240
276
280
298
306
294
254
222
200
222
262
328
342
348
362
356
336
324
328
320
274
264
262
242
252
256
256
266
258
248
246
254
252
258
264
262
260
234
222
200
226
240
226
236
218
262
242
238
218
222
224
242
216
240
254
268
316
290
340
322
346
360
360
340
318
320
354
358
380
368
368
364
358
358
368
350
294
274
276
312
276
306
336
298
228
102
32
76
26
18
14
44
102
106
102
102
84
70
28
52
64
80
86
112
72
132
136
122
94
122
158
122
102
90
116
188
170
180
176
128
172
164
220
256
278
338
404
404
412
298
296
318
204
204
174
166
248
196
258
224
260
216
218
308
266
268
280
272
288
246
240
234
274
268
312
334
272
272
278
266
282
272
274
240
210
194
218
180
206
204
186
208
326
394
356
344
362
352
322
338
294
306
290
250
240
262
274
284
306
328
312
328
316
294
290
274
274
250
250
252
252
242
226
218
240
234
222
222
232
208
204
202
216
172
222
220
230
296
342
342
346
344
372
370
378
354
346
366
348
350
352
344
326
340
368
366
356
340
378
330
272
290
320
358
364
330
274
290
174
72
136
102
82
80
112
152
106
116
86
70
66
98
88
88
42
112
122
122
44
100
120
122
120
124
100
100
130
148
96
146
112
158
192
236
234
320
336
328
404
376
238
352
270
206
240
230
300
240
192
292
282
306
320
292
286
292
286
284
310
264
254
292
306
294
288
244
294
280
272
270
206
222
274
264
226
194
216
204
142
186
200
186
150
286
312
318
326
322
348
330
334
330
300
254
204
180
128
308
318
322
346
318
328
336
318
312
302
300
286
274
236
262
278
258
232
236
234
236
210
226
232
218
218
244
230
200
166
148
236
250
248
250
284
290
340
338
308
338
340
334
338
320
300
294
76
164
348
354
366
402
368
340
362
382
352
314
330
344
338
300
232
222
90
186
134
110
106
138
164
150
108
88
126
116
122
140
138
84
50
118
58
32
48
96
88
104
116
106
148
158
156
186
204
256
264
264
250
386
380
400
386
510
490
456
442
416
408
398
370
382
400
400
338
340
344
358
410
344
368
334
410
278
334
316
344
346
312
332
294
286
302
230
274
278
274
286
292
310
290
326
274
206
246
232
334
318
310
294
300
326
308
308
298
270
280
246
294
246
300
316
314
350
382
356
364
336
336
340
308
292
294
296
306
304
286
276
248
222
218
272
252
248
206
256
274
266
204
168
178
216
234
214
220
206
254
272
344
316
302
336
366
358
244
106
46
70
104
20
312
338
334
344
390
352
350
354
340
360
354
330
312
286
308
310
282
290
292
242
172
170
144
158
134
146
176
152
204
214
184
192
182
198
150
198
166
148
142
164
170
224
206
256
324
326
342
254
232
250
354
316
392
430
430
406
414
402
414
418
390
418
378
420
390
396
384
378
382
430
414
422
412
416
430
446
476
454
460
432
438
472
424
418
474
446
446
422
498
432
418
416
386
386
436
362
384
432
406
404
392
362
400
342
346
348
364
342
336
310
338
300
310
412
372
380
364
346
326
360
352
304
320
326
300
298
268
262
272
250
248
256
276
262
250
238
238
134
172
164
164
144
206
282
116
166
272
332
336
316
314
334
306
350
326
270
144
80
66
30
54
244
302
344
358
336
340
322
158
260
346
332
298
318
334
334
292
290
318
340
316
262
240
200
188
176
188
200
212
248
250
228
230
252
232
234
270
254
278
268
362
422
444
438
446
402
410
394
372
352
338
438
356
410
458
394
400
414
396
392
392
396
412
404
406
386
410
368
368
368
362
390
368
350
340
326
322
330
338
334
334
410
344
372
358
340
274
254
272
216
278
238
272
288
302
308
274
298
272
302
300
332
298
260
286
242
296
310
346
360
342
354
368
426
420
406
396
392
372
378
416
396
400
372
358
430
450
424
492
416
340
336
510
438
378
480
420
344
278
290
252
268
300
258
294
276
248
282
270
276
248
260
336
356
332
312
218
44
138
94
144
286
150
306
324
316
292
298
290
292
324
336
320
276
296
322
306
330
318
356
388
364
246
264
248
300
268
266
302
312
286
306
298
282
292
300
292
288
360
360
346
384
426
412
448
430
432
414
406
402
420
414
432
422
404
392
430
434
438
410
422
400
420
410
384
402
396
368
376
386
402
382
354
358
382
334
350
354
330
364
396
382
354
374
354
344
326
250
236
214
216
246
246
224
286
278
312
310
312
318
306
282
280
302
256
296
268
272
288
284
292
322
290
318
358
314
378
330
330
322
306
330
350
322
314
366
308
344
338
286
256
280
240
258
264
254
256
256
264
262
354
362
376
334
368
366
354
384
360
394
480
390
478
434
464
390
388
324
316
332
304
352
324
234
346
352
334
344
312
282
330
344
336
258
302
280
318
320
326
318
364
372
320
334
354
356
374
354
334
320
338
330
314
328
334
332
346
304
296
332
344
356
370
386
406
414
414
418
396
396
426
434
420
406
416
422
388
424
410
414
414
402
418
380
414
386
366
378
388
382
358
372
376
362
394
376
364
358
368
384
362
382
356
342
382
342
310
282
284
302
320
302
292
250
256
236
254
296
276
302
306
292
296
284
288
290
284
264
248
278
274
276
282
254
258
330
284
288
322
292
278
324
296
324
360
256
284
282
254
276
248
184
236
232
240
230
208
196
196
230
174
256
264
258
290
238
292
244
242
296
250
290
322
300
202
208
232
208
218
210
210
250
212
216
268
206
186
228
226
236
236
282
276
312
314
226
358
288
302
372
384
380
392
400
390
400
370
324
316
414
392
386
328
284
376
380
372
348
380
330
334
340
358
350
356
390
388
396
376
384
368
342
378
358
420
448
436
448
410
414
430
392
392
418
384
392
372
400
396
350
388
386
364
396
364
362
354
382
414
372
384
384
354
390
376
302
334
312
334
332
290
268
264
288
282
296
268
294
282
296
320
292
284
296
282
276
272
254
268
282
240
230
230
296
316
278
250
292
250
242
274
258
254
300
254
258
264
222
264
278
254
268
198
212
250
254
248
232
178
232
214
254
318
262
234
242
234
244
246
224
256
256
260
324
228
228
230
224
220
236
230
224
214
232
190
184
202
218
262
216
192
228
308
282
308
306
276
288
296
322
326
282
324
322
336
356
360
376
306
348
384
378
394
412
422
482
442
416
410
426
410
406
416
424
440
404
412
402
402
408
388
388
406
406
424
452
436
432
446
392
410
414
436
386
372
378
396
376
356
394
368
372
402
358
360
368
390
390
372
376
368
344
364
376
362
340
324
334
354
306
268
268
270
308
326
326
290
288
296
316
312
290
300
292
278
304
256
282
260
250
254
288
270
230
250
236
252
248
274
262
206
246
272
212
236
246
264
270
246
250
296
260
270
274
258
290
276
280
274
254
178
280
272
254
278
236
256
258
220
238
246
220
304
222
192
198
222
214
214
214
214
200
252
238
232
218
218
228
252
278
282
264
252
286
284
250
290
300
310
288
296
286
288
312
318
332
366
350
322
340
350
408
396
402
414
432
426
424
414
422
448
434
420
410
418
402
406
410
450
410
334
372
378
382
368
426
456
448
454
442
424
430
420
406
406
406
410
402
384
394
402
410
406
388
358
364
406
392
378
376
368
362
358
382
374
320
354
386
306
302
272
278
280
326
344
258
326
290
358
292
296
306
286
282
296
290
310
310
286
284
270
256
246
294
258
250
236
240
304
260
226
264
250
246
258
274
282
312
246
294
274
220
296
290
278
266
262
282
274
244
244
226
262
296
254
236
256
260
264
246
264
278
240
194
200
176
206
208
200
222
210
242
228
204
238
244
284
256
256
262
282
270
248
266
256
266
304
274
302
284
320
288
312
316
324
338
340
346
350
344
330
346
370
396
414
426
438
444
414
412
410
396
420
424
406
396
412
374
406
388
408
384
392
402
410
420
420
440
478
454
420
394
420
402
400
404
404
406
368
390
410
382
344
348
388
396
376
382
376
350
380
362
392
344
330
392
364
314
292
268
260
274
274
288
288
320
336
334
302
284
292
288
268
254
288
272
306
268
290
284
258
258
250
246
240
256
288
280
250
258
288
266
258
262
216
276
276
294
296
282
274
352
276
242
274
280
238
276
258
264
260
232
208
402
238
264
246
270
250
326
316
278
234
220
192
202
200
194
208
188
224
220
228
216
204
278
262
300
284
256
276
322
286
266
278
270
276
274
294
320
312
322
302
302
336
340
308
316
326
330
350
362
364
444
400
402
406
420
424
434
426
440
430
434
430
410
406
402
382
424
418
346
412
406
412
424
430
410
470
448
472
418
400
376
406
394
382
434
334
330
334
344
292
320
358
340
352
358
348
354
346
350
340
330
344
330
330
318
306
288
348
326
284
276
260
270
322
290
268
292
246
270
268
248
280
282
258
274
270
292
266
278
260
258
254
270
276
250
282
240
240
248
236
274
282
276
216
272
268
244
256
258
290
196
268
276
248
204
216
236
186
212
222
174
334
252
288
232
206
290
202
208
210
220
206
210
216
192
222
200
202
210
200
198
212
256
276
310
264
274
282
300
280
304
286
274
300
296
302
290
312
310
318
342
338
326
308
312
324
322
354
340
360
358
378
406
400
420
458
430
448
426
458
444
406
426
406
410
410
420
402
372
312
402
412
402
420
412
414
420
420
430
406
