88
88
90
74
92
86
80
90
84
88
82
88
66
94
98
84
102
78
82
98
92
106
98
92
94
74
92
80
84
72
104
86
96
80
80
90
80
84
76
76
84
70
78
80
66
96
84
74
78
82
72
102
76
80
90
80
86
80
76
86
66
80
80
80
80
100
72
92
84
80
90
80
88
78
74
94
86
82
86
72
80
98
84
76
86
80
88
66
86
80
72
94
78
80
86
88
86
80
86
74
94
80
94
76
82
80
82
78
86
84
74
68
68
90
64
90
92
72
86
78
102
82
80
92
80
82
84
78
90
80
90
88
78
82
74
76
86
68
74
80
64
66
84
76
80
74
66
80
64
64
74
70
76
80
82
88
78
70
82
64
68
60
78
68
78
74
88
82
86
100
84
98
86
62
104
80
84
86
74
68
96
82
106
74
82
106
80
90
90
68
102
80
90
94
70
104
106
70
82
94
84
94
94
76
98
82
94
86
82
108
80
90
74
92
74
114
88
90
82
88
116
82
100
102
72
98
84
72
106
88
78
98
86
70
90
72
78
76
58
80
70
66
76
62
76
68
62
82
64
74
76
68
74
84
66
80
72
70
76
68
64
68
78
72
74
72
78
78
78
84
76
88
78
66
80
84
74
84
70
56
82
80
82
74
78
84
88
80
74
74
82
90
80
72
80
90
82
84
64
82
76
90
96
68
94
76
80
76
76
90
66
80
62
88
84
84
94
78
84
82
78
96
74
84
90
78
90
80
86
74
94
80
86
66
74
80
64
74
66
66
74
64
70
70
70
82
66
66
72
56
66
80
52
68
80
60
64
68
60
72
56
74
68
70
84
92
76
88
80
78
84
90
90
90
66
106
82
90
86
72
88
94
76
90
90
78
102
78
84
100
82
112
88
68
104
92
74
108
80
86
88
80
110
76
88
90
92
86
94
90
102
82
66
94
90
86
100
86
90
86
80
100
80
88
94
82
90
78
82
70
88
78
92
68
76
82
62
70
62
60
70
62
68
68
62
76
62
64
66
52
60
56
58
54
68
60
62
56
56
60
62
60
62
60
72
68
76
74
74
78
72
90
78
64
72
82
72
70
72
66
98
74
92
84
80
96
76
86
88
80
98
80
84
78
72
96
82
80
88
84
68
82
84
68
84
72
96
86
82
100
94
86
56
76
74
94
84
92
82
80
104
72
94
94
72
104
78
68
98
86
68
98
90
68
90
70
68
68
52
68
66
56
56
48
60
62
50
70
50
52
54
48
62
60
40
58
56
48
52
52
64
54
58
58
66
60
84
70
78
74
72
84
84
72
90
84
82
86
84
70
100
80
90
84
82
98
80
92
90
80
94
88
80
88
76
96
94
90
84
80
78
112
92
84
102
76
100
92
88
110
78
88
72
90
84
94
88
78
94
78
96
78
76
82
72
86
76
76
84
80
80
92
76
70
66
68
68
50
62
58
54
46
48
52
58
66
44
52
44
34
44
66
38
58
50
42
46
46
42
48
48
50
46
52
56
70
70
72
70
62
70
72
76
76
68
90
74
84
84
64
82
96
72
90
86
76
94
88
86
96
76
112
80
86
98
90
86
112
76
82
74
80
98
84
86
84
82
82
90
88
100
72
80
86
86
84
90
82
92
98
84
100
88
72
90
86
90
80
80
70
88
82
98
70
72
78
52
56
50
40
56
48
46
58
32
72
52
46
60
68
50
56
46
44
54
42
50
54
50
46
44
44
42
46
46
68
52
72
50
66
64
76
74
74
68
98
72
80
82
78
76
94
78
92
88
78
88
90
72
86
74
92
82
80
78
84
74
90
72
88
72
84
90
78
84
80
78
92
84
86
82
74
66
80
64
80
74
74
92
80
88
84
68
76
74
82
78
76
84
70
76
78
72
62
58
44
54
40
44
42
44
36
42
52
66
70
74
90
92
98
92
86
62
68
58
66
70
70
76
62
56
60
50
46
46
40
50
46
50
62
56
72
50
66
66
68
82
76
70
86
92
86
92
74
88
86
76
98
84
72
96
78
90
90
84
100
88
80
86
88
80
104
78
84
94
80
98
90
76
104
80
86
94
76
80
94
78
94
94
82
118
88
86
86
70
94
84
60
90
78
60
86
66
52
52
42
52
46
54
56
52
58
74
84
106
132
144
148
152
154
150
140
108
96
96
108
112
114
118
118
112
94
72
66
60
48
48
40
44
42
44
48
50
56
60
70
68
64
72
68
88
74
76
76
64
80
78
90
82
82
76
82
84
84
80
86
76
94
68
82
72
92
86
86
90
84
86
90
78
92
86
82
80
88
80
80
86
84
88
84
100
92
76
76
76
76
92
78
74
62
60
40
66
46
54
56
76
84
88
86
90
82
102
132
158
180
196
206
206
200
202
188
160
132
148
160
168
184
184
178
164
138
112
94
76
60
46
50
46
44
48
42
52
62
60
74
74
70
84
72
80
88
76
98
88
82
100
88
100
86
84
110
88
92
104
94
78
100
72
88
76
90
102
92
90
94
80
94
88
80
102
72
82
92
82
78
98
86
90
88
92
96
76
78
72
78
72
68
74
54
70
46
54
50
78
96
128
148
148
142
146
120
142
190
218
232
246
262
266
256
260
240
216
184
208
220
238
242
236
236
224
204
174
128
106
86
64
76
60
60
52
40
36
50
44
52
66
64
64
66
74
70
80
68
80
82
78
92
78
82
82
84
94
86
80
104
90
88
90
86
78
102
86
86
88
78
90
86
80
100
80
94
90
84
80
96
84
100
84
78
108
86
84
82
76
80
62
56
72
44
50
48
60
86
132
154
180
202
204
200
200
184
204
242
270
286
288
288
286
284
294
270
250
226
254
268
280
270
276
290
272
252
228
180
146
122
114
114
102
96
78
64
52
48
48
48
62
68
58
66
76
72
82
72
82
84
82
92
80
84
84
86
96
88
82
108
88
86
90
78
74
104
88
88
96
78
100
92
76
98
72
102
82
86
80
86
78
96
86
82
96
86
78
76
66
42
54
56
52
50
50
56
92
136
178
208
236
252
256
254
248
238
254
280
302
312
302
290
286
296
312
294
278
270
288
310
302
290
296
300
284
282
268
220
186
166
174
160
162
142
128
108
82
50
52
50
44
58
54
56
64
72
66
90
74
72
92
72
90
76
76
100
78
82
96
90
86
108
90
88
64
80
98
78
90
84
84
90
88
74
102
76
80
86
84
72
90
98
94
90
80
92
74
72
72
54
56
52
52
60
58
94
136
184
214
252
286
294
298
296
286
276
284
300
316
314
300
296
286
294
308
304
298
304
294
318
316
302
290
280
290
316
296
246
224
222
224
216
216
192
180
160
126
82
68
56
42
46
46
46
66
52
70
74
58
78
78
78
80
82
78
84
82
82
84
96
76
94
84
74
84
80
102
68
92
90
82
86
84
80
94
78
68
88
62
88
78
104
80
66
80
68
68
62
50
52
52
66
68
82
88
126
180
232
252
288
308
298
300
304
312
304
302
300
306
302
286
280
280
284
294
306
316
334
300
322
292
292
288
276
290
312
296
278
246
268
254
270
258
250
238
224
176
138
94
74
62
48
44
50
56
54
80
72
78
84
78
84
82
72
100
78
88
88
88
112
90
82
108
76
82
112
80
102
88
78
110
84
94
94
82
108
80
78
80
90
70
106
92
78
86
58
60
60
48
58
76
86
108
126
130
174
234
272
272
292
300
296
300
302
314
318
314
304
314
298
298
298
298
286
310
310
314
332
300
312
294
278
276
270
288
294
296
294
270
286
294
286
298
276
286
256
218
184
118
96
80
68
46
42
44
56
54
78
72
70
78
66
74
68
72
78
72
82
82
82
70
76
88
76
76
90
88
76
86
78
80
92
86
86
86
72
62
78
80
86
74
72
86
56
62
54
52
52
66
90
110
140
156
180
182
228
262
292
306
284
294
280
296
290
304
322
320
310
288
312
308
300
300
296
304
304
308
340
310
316
292
286
290
280
290
296
296
290
288
312
306
306
290
292
300
294
262
218
164
130
92
78
70
54
40
50
52
62
64
76
88
74
92
74
78
94
68
90
90
82
68
98
78
88
78
90
94
74
92
84
78
96
82
90
98
86
84
92
82
80
94
80
86
58
60
62
52
62
96
124
168
192
232
228
244
268
294
300
306
292
290
278
288
292
304
326
326
330
290
318
332
328
332
330
312
314
320
348
324
330
310
300
308
310
306
294
294
304
294
308
302
294
284
284
304
312
290
264
202
152
136
108
86
76
58
46
48
54
62
66
76
74
76
70
84
80
74
74
82
86
70
72
82
80
80
96
80
88
88
84
98
86
84
94
78
92
82
76
70
80
76
90
60
58
60
64
58
86
136
176
218
258
290
280
284
292
320
300
300
300
302
306
306
310
306
332
334
334
306
308
348
346
354
344
310
318
332
342
336
346
332
336
344
328
308
308
314
316
304
296
294
284
288
280
298
306
298
270
232
200
172
154
134
104
82
48
48
50
62
66
72
76
70
74
90
82
84
76
82
90
84
70
94
86
80
90
78
90
90
82
96
88
90
98
80
90
80
76
76
86
66
86
50
56
54
60
78
116
182
224
274
294
326
300
314
310
330
304
306
294
312
330
336
326
334
358
362
336
318
316
350
362
372
356
314
316
338
338
346
354
360
344
346
340
312
302
312
334
318
298
290
294
296
292
290
302
288
280
262
256
222
208
186
160
116
80
66
46
56
70
76
76
78
74
78
96
68
86
78
76
76
90
74
86
84
74
96
80
100
84
80
104
84
92
104
86
90
94
86
80
78
74
66
58
56
68
112
160
226
280
298
328
308
316
310
318
334
314
310
306
314
338
348
352
356
362
362
338
320
324
326
370
378
364
326
322
348
352
372
368
370
362
358
338
316
330
342
342
324
296
300
302
314
300
294
300
288
294
276
284
272
260
230
218
166
120
86
56
50
60
68
72
72
72
72
82
66
80
72
78
84
88
82
82
90
78
96
78
96
86
88
96
82
78
90
76
80
84
80
70
66
58
62
56
64
88
144
208
272
310
324
320
308
310
310
308
336
326
322
328
324
338
350
368
374
372
362
360
340
334
332
374
366
354
326
336
362
368
382
372
360
338
332
334
326
344
350
350
332
308
324
318
338
320
306
300
306
282
278
302
288
288
282
256
212
162
112
80
52
48
58
70
68
78
82
76
84
80
80
94
82
72
92
70
100
100
86
94
92
90
122
80
102
92
86
108
100
88
88
82
62
74
60
66
82
110
158
238
290
312
320
302
302
306
304
292
326
330
340
318
328
326
350
350
372
386
362
368
354
334
350
356
372
354
330
358
374
368
364
354
350
332
326
332
338
372
374
358
344
330
334
342
344
346
302
290
304
286
280
294
298
294
298
296
250
212
152
100
52
48
52
54
66
64
72
80
74
82
80
80
64
90
76
72
82
78
94
94
86
80
94
92
88
80
94
82
88
92
70
82
68
70
72
96
108
142
190
258
300
312
320
298
302
294
302
300
318
340
354
354
324
338
340
350
358
350
356
366
356
354
348
354
348
334
338
358
376
364
358
332
326
324
330
326
370
376
384
374
348
352
348
350
348
336
320
300
320
280
280
286
290
308
296
322
294
240
192
138
74
56
46
56
60
70
76
100
70
92
80
82
80
88
80
84
70
82
104
86
106
92
92
108
80
90
104
82
110
102
64
66
70
82
100
138
158
198
238
288
296
314
310
310
314
316
302
304
318
342
358
372
348
320
340
344
344
334
350
374
366
358
362
350
324
328
338
344
356
352
348
330
334
322
340
344
374
380
392
370
364
362
354
350
332
310
310
316
316
304
294
296
288
298
306
318
300
262
220
166
102
68
48
46
50
60
66
74
76
84
78
92
72
80
72
76
84
82
80
100
82
84
108
88
90
94
76
90
92
82
62
62
80
108
142
188
210
250
280
302
318
306
320
318
336
330
334
316
328
350
378
376
364
352
342
330
332
344
340
342
352
326
328
342
326
332
336
328
336
338
340
344
336
340
354
376
374
388
386
380
372
354
336
334
328
316
320
328
330
302
298
304
292
286
288
318
304
282
240
184
130
84
62
48
48
54
64
72
80
78
72
84
78
86
78
82
98
90
80
110
80
88
114
84
98
98
86
112
94
78
58
68
100
146
194
242
262
302
320
322
318
318
310
322
344
348
336
342
344
364
398
402
374
366
342
352
340
344
350
350
344
322
324
334
324
326
328
322
330
328
320
338
362
366
378
370
384
362
360
362
348
342
328
320
314
316
340
358
332
322
304
310
300
288
298
298
296
290
248
196
158
108
86
62
58
50
64
86
76
80
80
84
68
82
84
96
78
88
96
84
104
90
84
100
84
88
100
90
102
80
56
84
130
192
246
290
300
328
338
326
328
316
322
342
340
354
360
358
358
388
394
398
392
390
374
348
358
350
348
338
330
326
312
328
328
332
326
316
322
324
316
340
376
376
362
362
360
350
330
330
338
326
308
306
314
328
354
368
344
324
336
324
318
316
294
296
286
298
270
230
196
144
116
82
74
56
62
74
64
70
76
84
70
84
82
92
88
90
88
88
98
86
84
90
90
90
74
84
86
60
68
100
160
232
284
318
312
326
330
316
316
320
324
320
334
336
350
362
368
370
396
398
400
370
362
374
376
378
360
330
324
328
306
344
350
358
340
320
320
330
328
344
374
352
358
340
344
324
332
316
312
308
308
324
334
340
362
382
344
338
344
346
338
312
302
296
288
310
296
264
230
180
148
114
84
66
64
62
84
82
90
106
74
84
80
86
116
100
78
116
90
88
108
84
110
106
76
112
80
56
76
120
190
266
308
332
320
326
330
324
322
330
334
346
320
342
348
350
360
348
378
362
374
366
346
360
366
362
370
346
320
328
332
346
352
362
344
336
336
340
328
324
360
354
348
342
318
318
318
316
312
306
310
340
366
374
378
378
346
352
366
342
330
322
310
294
296
314
306
288
262
228
190
154
118
90
68
60
74
72
72
82
74
84
76
82
94
90
72
98
96
84
90
88
90
86
88
86
70
70
70
152
222
296
324
336
318
318
324
326
316
338
356
358
344
342
338
326
336
342
348
344
342
332
330
348
360
368
362
332
330
330
342
358
356
354
330
340
348
348
332
320
344
350
334
328
322
320
312
320
324
332
338
354
368
378
388
386
362
370
360
350
336
314
324
306
298
312
306
306
292
274
226
180
148
102
68
70
62
88
90
94
74
84
80
88
94
96
88
98
116
78
88
98
94
102
86
88
76
82
90
174
240
302
316
334
310
306
316
324
318
342
366
382
348
344
342
338
330
338
334
330
336
322
314
326
340
358
356
328
332
358
348
368
354
352
352
350
366
360
342
326
338
360
352
346
344
338
344
340
358
354
360
370
392
380
374
372
346
346
334
340
326
334
324
310
298
310
308
296
314
298
262
230
178
132
88
54
72
72
76
98
82
78
76
80
94
86
78
108
100
84
88
78
104
90
70
92
72
98
112
196
260
306
318
328
314
310
334
352
338
366
370
378
374
380
358
342
330
332
336
322
338
324
332
338
354
364
348
330
342
356
356
366
358
338
338
354
358
356
346
334
340
370
372
358
370
370
374
348
372
374
376
370
374
358
350
348
330
332
332
334
334
338
334
310
294
296
294
294
322
322
286
260
188
146
106
62
64
66
70
92
74
72
74
80
108
80
82
116
84
90
106
74
106
86
80
84
90
108
128
204
270
306
322
332
330
320
344
360
372
374
386
398
376
384
384
372
358
356
350
338
338
334
338
344
366
378
356
354
366
364
368
368
362
338
342
366
354
364
366
350
348
366
370
374
382
376
384
378
374
364
364
358
348
338
334
320
318
322
330
330
342
338
332
300
296
290
286
286
310
330
300
288
224
176
134
76
62
74
76
90
78
78
80
84
92
98
84
90
100
92
90
90
88
90
86
74
116
138
164
242
294
320
324
328
332
328
350
362
370
382
392
406
406
404
386
388
374
364
378
350
374
358
382
376
376
390
364
368
366
362
360
360
370
352
354
366
362
380
380
350
332
356
352
362
352
368
366
364
358
352
344
338
338
328
318
310
308
318
332
344
360
350
338
310
296
294
292
286
292
324
300
296
246
192
142
74
48
64
70
82
72
70
70
72
80
90
82
86
96
88
82
76
86
90
68
74
120
174
208
282
320
336
328
330
334
340
350
352
364
382
390
386
390
402
396
402
398
396
394
384
386
384
386
382
378
382
354
356
354
372
366
376
388
374
372
368
380
390
378
340
330
338
332
348
342
354
344
338
346
358
342
332
334
318
298
312
308
324
338
364
368
354
334
318
292
296
298
286
276
312
292
286
258
208
164
90
52
62
76
92
76
76
76
78
106
82
88
110
80
98
108
70
114
92
72
100
152
212
264
310
330
338
326
326
334
344
344
342
350
356
382
382
370
376
376
376
388
384
394
376
400
382
388
380
370
360
338
344
352
384
376
388
390
384
384
376
380
372
360
340
338
324
326
336
344
336
340
342
336
338
336
334
316
310
306
304
322
342
350
380
368
352
324
320
324
320
314
296
276
306
296
288
252
204
162
96
68
56
72
82
70
76
82
86
94
86
80
84
80
90
92
78
102
82
70
110
180
240
304
326
338
330
312
306
326
336
346
348
356
354
346
336
352
352
338
362
364
366
360
362
376
372
362
362
358
340
328
336
354
368
364
372
368
366
372
370
360
350
346
340
334
330
336
320
326
334
342
328
324
326
334
332
306
316
320
306
342
362
362
386
368
354
328
332
330
322
314
296
272
292
294
290
258
208
166
112
92
58
72
74
70
76
82
88
88
94
94
80
102
92
96
96
96
108
78
130
196
274
326
350
328
316
310
304
336
336
348
348
342
342
352
332
326
334
338
352
346
346
342
342
362
354
346
350
342
324
322
330
354
354
364
374
358
352
356
364
354
360
356
344
354
342
338
334
332
338
330
312
312
354
352
332
320
322
316
330
356
376
370
380
358
342
318
320
318
316
320
316
290
300
312
312
264
220
182
130
112
58
76
82
74
76
78
78
94
90
80
96
82
102
90
86
120
90
76
156
228
286
344
338
306
304
310
312
326
328
342
358
364
362
340
328
322
310
316
330
324
346
340
336
364
354
350
352
322
322
322
346
366
346
352
366
354
354
352
342
374
356
358
354
360
348
344
354
344
350
322
294
284
358
358
340
316
318
346
336
352
382
366
366
336
334
302
328
310
308
328
320
306
298
318
310
276
246
208
156
126
76
70
90
72
78
80
76
88
86
88
92
86
98
86
76
108
100
104
174
258
286
332
334
300
310
308
320
320
338
348
368
368
380
364
350
316
330
318
308
312
344
344
366
354
324
344
360
334
328
342
364
366
350
364
362
356
348
340
340
360
344
352
362
378
368
364
354
352
346
312
250
230
348
328
304
314
320
328
356
368
366
352
348
316
318
304
312
330
328
328
326
302
306
324
332
308
270
234
176
146
96
70
76
84
80
80
86
76
98
82
88
88
96
98
94
86
96
92
200
252
306
324
344
302
312
324
330
340
346
366
386
400
390
384
370
362
332
318
324
328
346
344
378
332
300
324
354
344
338
344
364
374
368
378
362
340
334
328
338
348
342
350
360
356
348
338
352
342
334
288
218
200
334
328
308
304
318
336
378
372
368
336
314
314
312
300
326
330
318
314
310
308
298
314
314
320
292
264
202
162
116
70
70
78
82
82
80
86
94
78
90
70
92
86
86
102
78
110
190
266
296
338
332
310
318
340
348
360
354
374
394
410
400
394
406
374
362
352
330
328
342
364
382
314
276
298
366
326
348
350
352
364
360
372
376
346
352
352
352
354
352
356
352
350
334
342
344
348
306
278
204
202
298
308
312
310
338
364
378
374
348
320
304
292
304
318
338
336
322
312
306
318
296
304
298
320
306
288
232
176
142
76
78
66
76
78
72
108
80
92
98
74
100
80
74
98
84
100
206
254
308
320
320
312
334
344
358
352
360
366
382
390
418
400
410
400
386
364
332
332
332
346
362
310
250
260
338
326
342
336
336
354
356
364
358
342
356
366
354
352
344
352
344
330
330
326
344
332
316
282
222
220
290
298
308
324
346
368
376
364
330
304
300
294
316
336
356
346
336
308
310
304
292
296
302
318
314
292
252
184
158
72
72
76
74
78
86
86
84
78
76
86
74
82
82
78
82
96
198
248
310
306
328
314
340
352
348
346
358
364
366
392
394
400
416
412
386
386
348
332
336
332
344
286
200
232
328
320
334
346
346
342
342
364
354
348
370
386
378
374
356
358
354
346
334
338
340
348
320
302
258
256
302
312
324
332
346
370
374
342
312
288
296
320
342
354
376
350
334
304
302
308
296
306
304
306
310
294
266
190
164
72
74
68
72
78
82
86
100
80
70
92
64
88
88
82
86
112
198
256
308
314
334
332
346
360
346
354
350
358
352
360
390
388
404
404
416
392
382
358
340
316
320
280
216
248
330
334
338
342
348
352
354
368
350
372
394
392
380
380
372
360
350
336
334
330
348
340
334
314
308
294
302
306
336
340
366
378
354
326
280
288
310
328
352
378
376
364
342
320
318
340
320
328
306
298
304
294
274
206
170
82
80
70
82
90
82
102
70
86
74
76
90
88
70
84
74
126
204
266
312
330
330
354
360
362
366
356
348
336
338
332
356
388
394
410
426
408
400
372
346
328
312
270
238
256
324
340
354
348
348
360
352
360
358
384
402
372
354
360
382
368
348
348
362
366
354
340
340
328
326
314
320
318
350
344
372
370
338
320
288
302
318
350
354
376
382
368
354
328
338
340
326
324
302
292
292
280
264
214
170
82
68
72
72
74
78
88
76
90
76
74
80
82
74
84
108
140
194
244
284
300
328
346
352
370
368
354
324
326
286
312
316
330
356
386
406
406
408
396
368
338
312
302
262
288
338
350
378
370
366
368
352
352
356
384
376
330
334
346
372
384
352
358
354
354
352
340
350
344
338
328
320
326
330
354
374
370
338
300
292
314
340
354
382
372
386
362
346
328
334
330
326
330
306
286
278
278
268
212
162
72
74
80
72
70
82
76
88
78
90
88
74
100
72
88
124
162
190
224
270
282
308
308
342
346
366
338
328
314
308
302
294
304
322
354
392
412
416
400
366
334
334
324
310
328
346
364
358
366
376
370
384
368
364
406
370
296
304
324
360
386
362
342
356
360
358
346
350
344
332
354
344
336
340
348
404
354
332
314
312
320
362
366
364
356
360
338
348
328
328
346
336
322
310
290
294
286
238
206
156
80
74
62
68
74
74
84
84
82
80
76
76
90
72
76
134
200
236
258
270
264
288
304
326
320
334
350
346
330
320
304
288
306
306
308
332
382
410
410
408
350
322
322
312
330
368
360
378
356
374
372
376
354
358
386
360
240
280
298
338
380
332
330
354
348
336
324
334
342
338
352
366
354
338
346
372
344
320
334
348
352
368
360
360
344
328
320
334
324
328
340
332
320
304
308
310
286
232
208
142
70
78
70
78
80
72
102
84
96
78
72
90
82
80
106
170
228
258
262
250
254
288
282
300
312
316
362
358
352
328
308
276
290
288
290
316
372
392
408
408
374
342
342
334
354
352
362
374
356
374
352
358
358
342
382
340
206
254
258
320
356
334
322
352
334
318
310
326
346
346
346
366
360
328
346
338
336
324
356
354
360
364
340
336
314
320
322
324
324
326
320
314
312
296
312
306
274
232
198
138
70
86
78
78
76
76
84
80
80
82
78
86
86
70
90
180
248
276
274
244
242
256
270
282
288
308
346
382
382
358
342
302
300
284
280
300
348
356
392
400
372
348
360
368
378
360
368
362
358
346
338
358
346
326
350
324
208
290
290
298
342
322
316
346
332
324
324
344
360
352
354
346
340
318
330
344
318
332
354
354
356
350
320
316
308
322
312
312
310
312
308
302
304
304
336
328
296
234
182
140
76
70
70
76
80
84
82
84
80
90
84
90
94
74
92
192
272
314
320
282
272
284
292
300
304
328
360
416
422
398
370
330
320
302
282
282
326
362
364
384
350
340
360
396
382
368
344
358
342
322
344
358
352
336
340
312
250
282
290
294
324
328
320
338
326
320
328
354
368
360
352
342
330
316
316
324
312
330
332
352
340
340
312
314
328
326
336
318
318
322
306
306
316
312
328
318
310
240
192
152
94
76
70
82
86
80
86
78
86
82
70
88
82
78
92
186
284
326
346
314
286
300
314
330
356
370
394
422
434
420
410
366
342
326
308
300
322
356
378
356
326
314
320
390
398
370
370
380
362
346
344
346
362
328
330
334
284
284
288
300
330
326
334
336
326
322
330
358
364
354
342
340
338
324
322
314
328
324
320
326
316
340
324
318
334
344
358
326
320
314
292
294
304
290
326
310
312
256
202
154
80
76
76
82
82
76
86
82
88
86
70
88
84
82
88
184
288
308
338
338
306
314
344
348
354
366
396
424
428
424
418
402
372
342
330
338
342
354
354
354
344
308
310
352
360
350
366
380
370
346
358
368
358
354
336
348
316
312
302
330
326
336
342
340
342
346
350
368
356
338
332
316
334
320
328
344
332
312
316
320
324
338
332
348
350
358
356
340
318
300
302
306
302
304
330
318
314
270
204
170
80
92
86
82
82
90
70
102
88
92
84
78
100
74
78
156
256
292
338
326
310
314
336
344
358
372
384
406
408
422
424
408
386
362
354
356
380
374
360
320
324
304
296
328
330
316
326
356
368
358
360
376
358
362
354
332
316
318
312
316
352
334
344
338
332
362
356
370
338
330
322
330
342
326
354
348
348
310
322
316
304
336
340
362
364
366
354
340
316
324
316
322
314
310
312
318
294
264
210
162
88
74
78
80
80
76
68
80
82
78
72
78
84
72
74
120
226
290
324
336
328
314
332
348
352
362
362
376
366
390
400
406
400
382
378
380
384
352
372
340
318
286
276
310
312
274
298
322
358
346
334
338
352
354
356
334
338
326
330
328
368
360
366
332
328
366
356
360
336
322
344
346
350
352
354
342
346
346
326
324
316
342
342
352
346
342
334
334
308
322
320
328
324
312
304
294
288
250
220
160
98
82
70
82
84
74
82
80
88
86
82
88
90
84
90
108
194
270
302
334
330
318
348
362
346
352
348
358
344
372
366
378
392
388
378
372
370
346
358
352
342
320
286
284
294
272
282
322
336
324
326
314
334
362
376
348
344
348
342
342
354
362
374
350
346
370
378
368
336
328
328
352
362
354
346
348
356
350
346
336
336
332
346
332
340
332
320
338
316
324
316
314
318
306
304
282
278
252
210
140
80
82
86
82
82
84
82
82
82
86
82
84
92
80
76
92
154
240
300
336
334
346
346
348
334
340
340
348
338
354
362
354
366
382
382
378
366
340
336
348
348
346
338
340
312
248
274
304
318
334
310
304
328
344
372
360
348
366
356
358
354
360
364
356
350
346
364
364
354
352
356
356
366
358
358
336
350
352
360
354
336
336
334
336
334
334
318
336
324
328
320
318
318
312
286
276
276
248
192
122
82
88
88
78
74
80
78
78
82
84
78
82
90
76
78
92
138
232
306
330
320
322
324
322
328
338
342
344
346
342
334
346
374
382
362
356
354
342
356
364
356
352
348
366
346
306
284
304
310
326
300
294
320
336
344
358
352
354
362
346
354
342
328
322
344
344
354
364
370
346
342
348
358
354
356
340
348
346
356
352
344
334
344
334
334
326
330
328
324
322
322
322
302
292
268
268
272
216
170
98
94
80
84
92
90
76
86
74
90
86
78
92
86
78
78
78
116
232
314
346
344
316
314
316
334
346
350
352
370
362
354
350
372
384
356
346
346
346
374
376
368
378
374
378
358
338
330
340
330
328
334
314
328
334
338
346
332
346
360
330
330
324
326
312
328
328
346
364
376
356
358
360
360
374
356
336
336
352
354
364
342
354
342
348
326
324
306
300
308
310
316
326
310
298
280
260
244
194
142
82
84
78
84
86
84
76
88
68
80
84
78
86
84
76
84
80
100
234
312
358
364
318
304
316
330
342
354
368
390
390
370
356
374
378
334
324
338
360
372
394
372
374
366
376
376
356
376
358
362
370
366
354
354
322
344
342
320
340
360
340
326
332
314
308
322
324
348
364
370
352
348
368
364
358
336
342
352
360
360
372
364
362
364
354
340
332
310
306
314
312
310
322
324
306
294
248
218
174
116
88
80
94
94
84
80
88
96
80
74
94
90
84
98
80
84
90
92
234
308
356
358
312
292
314
320
342
364
386
400
402
390
374
378
370
334
344
354
362
380
394
358
382
382
378
388
376
382
376
362
366
364
366
356
342
344
348
340
316
352
338
334
328
316
298
320
322
328
364
390
362
352
362
378
384
372
344
348
358
358
380
376
382
378
370
346
338
318
310
308
306
306
326
342
312
290
238
216
134
88
80
78
84
84
82
80
80
88
76
82
86
78
80
88
84
86
72
102
212
302
354
358
318
294
322
332
350
368
388
402
408
378
374
384
380
340
348
368
370
384
396
376
370
384
376
386
390
384
388
364
364
368
366
358
364
352
360
330
306
334
320
338
318
308
306
324
336
342
366
402
378
358
370
386
386
366
360
354
372
378
410
406
412
420
396
346
330
296
298
306
302
294
318
330
324
290
238
188
106
84
88
96
86
90
94
92
86
94
76
96
72
92
88
78
90
86
78
94
178
280
338
344
324
306
338
344
368
366
378
374
378
370
366
374
370
346
354
360
372
392
394
372
366
382
380
398
410
402
404
376
362
368
370
366
368
368
360
320
302
306
292
360
344
320
322
324
328
366
394
408
380
382
384
390
408
398
358
396
394
416
428
442
436
438
426
378
338
310
312
306
286
286
318
336
318
284
244
170
88
86
88
84
94
98
90
86
92
96
82
88
86
86
88
86
84
90
80
90
158
232
320
334
322
324
330
328
338
354
366
376
380
366
378
372
384
368
352
362
368
402
394
376
378
394
388
394
394
402
414
396
372
370
366
364
358
356
378
324
294
290
262
348
328
322
348
344
354
366
406
410
396
372
404
410
430
402
376
416
438
436
454
472
450
460
448
406
384
340
338
322
294
296
304
310
272
272
214
154
76
74
98
76
102
98
88
84
90
92
82
80
92
78
84
86
82
86
72
90
128
188
282
314
312
316
324
312
346
342
368
358
366
358
364
384
386
372
364
366
384
386
392
394
396
394
380
396
408
408
424
416
382
368
352
358
360
346
376
306
276
276
250
348
330
318
324
346
350
380
408
428
396
384
422
436
430
442
408
438
470
458
460
460
454
480
472
430
412
362
356
344
318
304
266
260
222
218
194
122
92
94
90
84
84
90
88
88
88
92
86
100
82
94
94
80
98
84
82
94
92
160
230
276
306
302
312
334
348
352
348
344
344
350
364
374
384
368
358
388
388
392
390
398
406
412
400
400
396
394
414
422
404
390
368
370
368
368
360
292
280
266
244
340
322
320
326
340
366
380
420
422
402
404
442
452
460
478
432
462
492
484
474
472
486
484
484
464
434
384
372
364
328
286
218
214
192
176
174
92
70
84
78
74
94
82
84
84
84
84
84
90
86
86
88
80
96
84
84
82
86
108
176
226
278
302
312
324
342
326
340
340
352
358
360
392
380
368
384
392
396
390
394
414
418
414
400
394
378
372
394
410
418
414
392
376
360
348
342
290
276
272
272
324
316
328
344
370
372
390
400
414
420
418
448
472
484
474
468
478
498
480
484
476
478
462
466
466
454
412
386
370
316
250
170
162
142
138
128
102
86
92
100
76
100
96
90
88
92
88
94
88
106
86
94
96
100
94
92
90
108
90
142
186
244
304
310
340
332
330
324
338
344
352
372
394
374
374
396
412
412
396
386
396
398
406
410
402
372
374
386
392
406
408
400
380
360
350
354
314
272
270
296
306
314
330
352
364
388
370
410
412
434
444
450
482
464
484
494
488
478
478
468
454
448
454
460
452
450
402
360
342
284
200
122
112
96
102
100
78
86
82
78
96
90
88
84
82
84
82
84
94
84
90
94
78
100
78
82
94
90
98
100
142
202
296
316
354
346
328
318
332
344
354
380
400
352
354
390
404
424
378
378
398
400
404
410
402
370
354
370
378
402
412
418
402
380
352
344
334
296
280
320
314
330
342
356
378
402
358
406
426
442
444
472
462
466
476
476
466
462
452
416
428
430
426
426
420
414
352
308
302
248
152
78
84
94
92
102
82
86
90
78
90
90
82
92
92
84
82
88
90
84
96
94
90
106
86
88
90
88
96
90
100
162
288
328
362
358
306
304
328
326
350
382
364
342
358
380
416
418
394
366
372
408
394
402
400
366
356
360
352
372
400
414
416
402
376
352
336
330
292
332
326
322
344
364
396
406
344
408
412
444
416
420
468
446
450
468
434
432
410
378
386
384
374
358
370
350
298
240
234
186
108
82
84
102
98
82
88
86
84
90
90
94
90
80
82
90
100
86
90
90
94
94
90
82
96
80
82
108
78
102
104
122
258
318
348
354
314
304
316
340
368
372
356
350
376
390
412
428
398
372
356
366
380
416
412
392
358
344
346
360
394
422
432
408
384
342
346
320
284
316
322
334
354
376
388
384
352
386
406
410
344
362
388
388
394
406
376
350
324
312
308
316
316
280
282
270
232
172
176
126
94
76
88
90
100
84
100
76
88
80
90
84
90
84
82
86
86
82
76
92
78
98
90
98
88
80
88
92
84
90
96
98
216
302
344
354
324
330
336
358
362
350
348
354
382
388
392
412
398
350
352
338
378
414
432
400
378
356
342
326
368
406
434
434
400
364
340
344
286
310
326
338
356
380
394
374
334
354
336
338
280
284
294
320
288
326
312
270
254
232
222
234
224
196
218
206
160
130
122
94
94
80
110
92
88
102
82
96
80
90
94
82
88
88
90
88
92
94
98
84
96
86
88
104
82
92
96
78
100
82
96
104
170
256
320
338
316
328
332
332
342
340
348
354
374
370
370
384
376
342
338
358
378
428
448
432
402
362
348
340
352
390
438
426
414
366
338
344
308
298
328
320
356
386
376
348
298
280
262
256
194
190
226
250
218
246
234
194
184
160
160
170
154
132
152
138
120
112
104
92
86
84
94
84
76
86
86
82
88
84
94
78
72
78
84
84
84
84
88
80
102
90
82
86
86
82
76
84
80
88
94
90
136
204
282
318
326
326
328
334
336
346
352
358
364
354
360
368
376
364
350
352
380
402
442
440
416
392
342
338
364
386
422
426
432
372
354
344
324
316
324
324
354
364
374
326
284
224
196
184
118
126
162
168
182
166
160
138
114
108
112
110
110
100
94
94
100
98
106
96
84
96
84
94
94
84
108
80
102
88
92
88
92
90
90
88
104
94
86
102
88
102
84
82
96
86
84
98
84
102
100
92
102
162
226
266
310
316
318
340
330
344
354
356
354
336
344
350
362
366
338
368
358
404
442
444
438
406
344
338
346
368
422
432
436
392
352
344
322
318
318
326
322
356
346
326
254
144
142
108
92
100
98
112
120
104
110
96
98
88
94
84
82
92
88
88
80
90
88
88
88
84
96
92
86
96
80
92
84
84
82
84
86
74
70
74
94
82
88
88
92
96
100
102
86
88
100
86
94
92
90
92
92
130
176
212
256
278
290
320
330
346
360
342
326
318
328
342
378
358
354
382
370
400
434
412
422
418
358
336
362
366
398
430
440
412
370
338
350
320
334
332
328
346
352
318
212
120
108
102
102
104
96
112
100
98
104
92
102
90
96
94
82
94
92
76
88
104
94
94
94
84
104
88
84
100
82
92
94
82
92
86
96
84
80
80
98
98
96
90
100
98
90
102
82
88
104
78
94
92
88
92
88
88
126
176
202
230
258
300
342
358
372
322
296
308
328
354
380
354
346
386
382
400
402
394
416
410
366
338
374
376
398
420
430
406
374
340
354
348
326
338
318
314
350
296
200
114
102
98
96
94
108
84
102
90
96
102
90
96
88
90
96
100
100
92
84
86
106
88
80
100
86
92
88
82
108
84
98
96
78
86
78
76
82
84
104
90
90
104
94
104
102
86
94
88
96
98
80
104
104
78
90
86
94
134
154
180
226
268
330
358
366
322
296
322
346
356
364
360
346
374
378
376
384
368
396
404
374
330
364
374
392
400
408
396
374
340
352
346
344
352
294
320
348
270
158
112
108
96
84
98
96
90
98
92
102
100
92
88
88
78
100
102
90
88
82
88
100
84
88
92
92
96
88
84
94
82
90
86
74
86
72
68
76
70
96
88
104
90
96
106
86
102
86
92
100
84
88
92
92
84
80
90
98
80
106
132
168
226
320
348
360
332
306
318
342
358
352
342
352
378
366
352
350
350
382
380
356
352
354
370
378
394
392
400
374
352
338
354
344
360
300
314
308
228
128
108
108
92
104
104
88
108
90
102
100
86
108
92
94
98
94
110
98
82
82
116
84
94
88
92
108
82
92
100
78
102
82
76
96
80
90
82
82
72
90
110
94
96
106
86
102
100
92
100
104
90
100
98
94
96
90
98
102
82
96
102
126
188
264
328
338
328
308
328
336
352
346
340
376
374
342
342
328
342
364
374
372
354
364
370
372
366
386
384
360
362
344
354
340
362
292
304
264
186
108
106
102
84
92
96
90
96
98
90
94
92
92
84
90
86
96
98
96
86
84
92
94
84
88
92
92
92
96
86
94
80
80
86
78
92
82
80
86
76
102
94
100
92
94
94
90
90
96
94
94
98
92
104
96
90
90
86
78
100
92
84
98
140
220
296
316
338
302
334
334
332
326
352
372
378
336
322
340
340
348
384
370
342
356
374
350
342
356
366
360
346
340
356
348
342
304
306
244
132
108
90
106
90
92
100
106
94
108
74
90
94
88
88
96
92
96
96
100
98
90
80
102
84
92
94
86
100
90
90
90
74
86
82
84
94
74
72
80
70
108
88
108
94
90
108
82
94
96
94
96
102
98
106
96
94
98
96
80
94
86
90
90
108
174
224
270
314
288
310
322
314
310
328
378
376
334
328
326
348
364
376
372
338
376
370
352
344
356
352
358
354
342
336
330
332
290
296
186
106
90
92
92
96
84
82
82
102
88
84
92
90
94
90
84
102
68
88
88
82
86
106
80
92
90
92
98
82
84
90
74
88
74
76
94
86
98
86
80
70
96
114
92
102
104
96
96
98
88
100
104
94
110
100
92
102
104
102
98
86
92
98
84
104
132
180
228
250
278
288
304
306
300
336
378
372
338
338
338
352
362
362
350
364
364
384
340
332
356
370
368
358
332
354
338
320
298
294
150
114
92
110
92
100
102
102
88
110
92
88
82
84
102
96
84
96
82
92
90
84
88
92
88
88
90
90
86
86
88
82
88
82
76
88
82
90
90
80
78
68
98
104
94
94
96
94
92
94
84
92
98
88
100
92
86
92
94
88
88
86
86
90
74
92
102
144
180
182
230
240
246
254
276
324
376
356
336
358
346
358
364
358
354
360
378
390
350
334
358
360
352
356
326
350
332
318
314
264
136
92
98
82
100
90
88
96
88
94
100
80
82
92
90
92
88
80
102
86
90
88
92
70
104
86
94
92
74
100
88
94
92
78
94
84
88
92
84
82
88
80
116
90
106
96
92
100
98
90
104
100
104
108
98
108
102
94
108
100
90
110
84
100
98
90
96
96
138
164
178
200
212
212
228
298
338
352
344
348
354
356
362
356
338
338
376
384
348
354
356
364
356
338
296
318
306
286
280
222
110
102
94
84
104
90
92
90
92
98
96
82
94
90
82
84
88
88
88
76
86
80
78
86
78
88
88
86
84
82
82
82
80
84
74
80
84
82
88
80
80
72
98
88
96
90
104
100
100
88
94
94
94
76
98
100
86
96
94
86
92
92
84
96
88
96
94
94
116
104
140
154
152
176
196
242
300
320
340
354
348
364
360
344
328
346
364
378
348
340
350
368
338
298
250
272
254
236
236
182
110
88
90
112
80
96
96
102
88
104
90
98
98
78
102
88
86
100
86
100
86
76
90
94
80
98
82
88
92
80
88
94
84
84
80
82
96
78
90
94
78
84
92
116
90
94
114
92
108
94
90
108
92
100
108
96
92
106
96
92
98
86
106
94
86
102
92
94
102
98
106
100
122
128
148
180
252
268
306
316
334
356
350
338
332
346
360
364
350
340
360
354
294
248
206
232
204
196
202
136
90
88
76
98
88
78
84
94
94
80
90
84
88
90
84
86
82
76
96
76
94
88
84
86
88
76
90
84
76
78
84
74
84
70
80
76
80
74
78
74
86
74
94
96
106
92
92
102
96
98
88
90
92
102
86
108
96
92
102
88
88
96
100
100
86
94
106
82
100
110
84
104
110
104
112
140
186
230
256
270
294
310
296
300
272
298
328
352
340
352
366
352
238
194
162
180
166
158
152
106
82
102
88
102
120
98
94
100
108
86
98
90
94
100
84
94
86
90
98
86
94
90
84
88
96
78
96
88
86
82
86
74
80
74
86
76
76
78
82
78
90
78
94
88
112
92
84
108
96
100
92
88
98
98
82
120
104
94
94
84
86
100
90
98
90
96
106
86
104
104
94
110
98
92
100
104
134
176
192
218
230
242
244
242
232
254
262
292
312
332
340
324
182
132
110
126
114
108
108
90
90
88
82
94
94
100
96
90
96
98
90
94
94
88
96
86
86
100
80
96
84
80
80
88
82
88
78
78
90
70
84
92
74
86
88
78
78
78
88
90
74
82
86
124
94
100
106
94
114
100
82
102
86
92
100
100
94
100
90
98
102
92
106
96
98
114
94
108
104
92
118
104
106
100
102
80
116
120
142
174
186
198
206
204
186
190
230
246
254
274
298
270
142
104
98
114
94
98
100
98
106
88
86
100
88
106
90
90
82
102
92
96
98
86
96
80
84
82
78
82
88
82
82
92
80
90
72
78
84
70
78
92
76
86
80
76
76
76
86
86
70
78
88
110
96
92
96
90
104
92
82
98
92
86
100
102
86
88
96
94
90
88
96
94
92
96
98
96
88
92
98
108
106
92
92
90
90
104
104
118
140
140
146
142
142
160
154
188
204
228
236
216
96
98
108
100
100
94
88
104
82
94
90
90
110
98
90
102
86
96
106
94
98
96
84
92
84
80
90
74
90
88
80
90
92
82
84
88
80
88
88
92
96
86
86
86
84
86
86
76
84
74
108
98
122
98
96
110
106
104
94
94
110
96
100
118
96
88
112
98
86
102
96
106
102
96
124
94
94
102
92
114
102
88
96
110
88
118
100
102
114
106
114
106
104
114
112
144
140
164
180
174
92
102
110
96
100
88
92
104
76
98
88
88
100
90
90
92
86
88
102
88
86
86
80
94
80
90
86
76
80
80
70
78
84
74
82
80
76
84
82
80
86
76
72
76
74
74
88
74
82
72
90
106
100
86
98
86
102
98
82
98
92
96
98
94
86
92
96
94
90
94
108
98
102
112
104
96
92
82
116
88
102
96
100
88
100
102
104
112
102
108
106
82
126
100
108
98
112
116
132
122
112
90
94
116
90
100
106
90
108
96
88
116
68
108
98
82
88
100
100
102
96
86
96
82
86
88
80
86
86
78
80
88
86
94
82
74
88
78
92
98
80
96
76
80
86
80
94
86
64
76
92
116
100
106
104
86
120
94
84
108
96
94
114
94
70
116
100
120
98
88
118
100
96
104
96
110
100
82
102
98
90
102
102
90
98
104
96
98
106
102
106
88
102
108
94
102
94
84
108
82
106
92
94
100
82
98
94
96
102
94
84
94
94
88
86
88
88
82
98
88
86
90
84
88
76
82
88
80
82
82
76
86
84
74
92
68
74
88
76
92
80
80
82
80
78
88
80
82
78
72
94
92
110
96
94
102
102
102
88
104
102
92
94
106
96
96
124
90
98
86
96
108
104
88
116
96
96
98
94
104
116
86
100
90
100
106
102
100
104
106
106
98
104
116
100
114
100
98
106
106
96
108
110
92
108
100
94
110
90
102
94
84
108
86
88
86
86
86
98
90
90
90
80
92
72
84
90
76
88
82
78
86
84
76
88
74
78
86
78
88
78
82
82
78
74
80
84
86
80
74
90
90
100
96
94
96
102
100
90
96
96
98
88
100
98
92
118
92
100
80
92
104
98
94
98
94
88
90
90
90
108
86
84
84
92
96
98
94
92
102
88
86
96
96
96
100
90
90
98
92
90
96
98
86
94
90
106
90
110
92
86
100
86
96
96
84
86
88
92
86
88
82
92
72
94
76
82
98
64
90
78
84
80
78
82
80
82
80
82
82
74
84
80
76
72
74
82
86
80
72
94
108
94
112
104
88
120
104
94
106
96
108
104
94
92
114
96
116
98
78
110
92
96
106
86
118
98
92
110
94
104
110
90
96
104
106
110
104
96
116
98
96
114
96
118
104
102
102
108
84
108
94
96
102
82
98
108
90
106
88
88
96
82
96
98
82
88
94
86
84
88
78
90
90
80
82
88
82
80
78
76
82
76
78
74
82
82
74
86
76
68
82
76
72
74
76
80
84
80
70
