62
78
58
68
74
72
74
78
68
80
80
62
78
74
64
78
64
74
86
68
70
90
58
78
78
62
80
62
68
76
68
82
72
60
78
74
72
74
74
70
76
64
76
78
62
92
54
64
64
56
76
60
70
66
64
66
84
78
76
78
68
80
78
66
98
92
86
84
70
88
80
88
88
88
78
82
76
76
72
72
74
76
66
68
78
78
80
78
84
74
92
88
80
78
78
76
74
72
70
72
72
72
66
72
72
74
62
76
70
70
74
72
60
70
66
70
82
70
70
70
68
74
66
62
72
76
70
70
64
72
70
72
68
64
66
72
68
58
70
58
70
80
62
80
66
72
66
54
58
58
68
70
68
76
66
76
76
82
64
78
72
78
94
72
86
90
80
100
76
86
84
98
92
86
78
72
86
70
90
78
66
90
78
80
90
80
88
84
74
80
86
74
102
68
90
80
76
88
74
66
82
64
76
82
78
70
70
72
82
68
64
72
68
82
74
68
84
68
76
76
70
70
76
74
66
76
66
70
64
72
76
72
66
64
66
70
68
56
66
54
60
66
64
72
58
72
60
54
56
52
66
60
64
60
56
60
68
68
64
66
62
76
78
66
86
76
94
82
78
90
74
80
88
76
82
80
80
88
72
72
82
74
90
78
76
84
84
66
82
78
84
92
88
90
84
80
86
80
70
74
72
70
62
82
78
66
72
68
68
68
72
68
76
68
70
80
66
66
88
66
68
74
68
80
68
66
72
62
68
70
76
76
66
56
68
64
64
64
60
58
58
54
76
66
54
74
50
58
48
42
58
52
64
56
56
58
70
68
76
72
70
90
82
76
84
70
96
76
82
94
76
78
106
90
86
88
72
102
78
88
96
74
90
76
74
88
86
68
86
68
90
86
88
88
84
74
92
78
72
82
64
86
58
80
74
76
64
74
68
70
72
70
80
68
70
78
72
66
80
62
70
76
66
68
76
66
70
62
66
62
66
72
64
52
58
50
52
52
50
52
50
56
60
56
44
46
46
42
40
40
38
52
48
58
48
52
50
60
50
56
54
62
68
58
76
78
68
94
76
76
74
84
80
80
78
84
86
78
86
64
82
96
72
72
88
78
94
86
78
86
78
88
98
88
88
82
76
92
78
68
76
72
78
74
70
78
76
70
82
70
64
80
76
80
76
64
82
70
68
72
68
70
78
64
74
72
58
68
60
58
62
68
64
62
50
48
52
42
54
48
46
54
50
54
52
46
62
54
54
52
46
50
46
52
48
48
52
56
52
50
48
62
62
64
72
70
64
80
68
72
70
76
90
78
86
74
82
74
90
72
86
92
70
76
82
76
84
78
80
74
82
78
92
80
86
76
76
86
78
72
76
62
80
68
68
70
80
66
68
74
70
80
68
66
70
70
72
72
66
68
60
64
74
68
68
66
60
64
58
60
58
64
44
46
40
42
50
40
48
44
42
40
56
64
78
84
90
90
76
72
64
48
48
44
48
44
44
38
48
40
40
58
46
62
64
54
76
54
68
82
76
70
84
68
92
86
78
94
74
68
96
80
84
88
70
88
82
68
94
82
88
100
74
96
80
82
86
78
78
84
64
94
62
74
80
82
70
82
66
82
74
68
84
70
72
80
62
80
76
58
60
78
62
70
66
54
72
52
56
60
48
56
48
48
64
66
80
80
70
72
62
64
86
108
136
138
148
140
134
134
106
90
64
68
60
60
62
66
60
60
50
48
42
48
58
56
68
58
56
64
62
60
74
64
76
80
70
90
78
70
76
84
80
88
66
84
88
80
78
82
78
76
82
68
76
74
74
82
72
72
64
72
64
72
74
70
66
78
64
64
74
70
68
68
54
66
66
62
62
72
54
66
74
44
66
58
52
44
48
46
54
42
58
86
110
122
134
136
124
120
96
108
136
162
182
198
200
192
186
174
154
130
98
96
102
108
114
108
88
88
62
56
54
42
48
54
54
54
54
62
58
68
62
74
66
76
72
82
88
78
78
96
72
92
84
86
94
90
76
90
80
78
90
70
82
78
64
98
78
68
86
72
76
82
74
82
76
78
78
66
74
72
70
74
64
68
80
80
74
58
68
64
72
56
56
46
52
42
44
42
50
68
98
134
162
180
188
186
170
162
144
156
186
212
232
228
230
242
240
220
192
174
150
150
158
174
170
166
144
134
114
92
80
66
54
54
46
50
46
52
52
60
72
74
78
74
68
84
74
70
78
82
84
86
68
90
94
74
88
74
86
82
68
84
72
76
88
82
78
76
68
82
64
76
74
68
78
78
70
74
72
66
80
74
58
82
62
70
60
58
62
64
58
54
50
38
56
46
52
56
62
114
146
186
214
234
232
230
214
208
202
196
232
260
266
254
266
268
278
272
242
212
194
206
214
222
220
220
200
184
162
124
104
88
66
56
46
50
46
46
46
50
64
66
74
70
66
82
74
70
86
80
86
86
76
88
96
80
90
80
74
80
70
80
80
72
92
76
72
72
66
92
68
78
80
70
82
86
66
74
70
64
80
70
56
78
62
68
64
70
58
62
54
46
54
52
70
68
78
82
92
152
198
236
256
264
254
254
244
250
232
242
258
270
282
262
262
272
278
290
270
242
234
254
260
264
258
260
246
238
198
162
142
124
92
70
66
64
58
56
50
52
50
60
58
64
66
72
82
68
80
88
76
76
86
80
96
86
86
96
72
74
88
78
88
80
86
96
74
74
86
74
82
80
74
86
76
76
94
72
74
76
82
78
78
68
72
70
76
64
64
54
60
60
80
98
112
120
126
122
140
196
252
280
288
280
266
266
270
282
264
262
284
292
272
250
266
268
278
282
272
270
272
282
280
286
266
272
272
278
218
198
184
162
126
94
96
80
70
70
52
54
50
56
54
58
62
64
76
68
74
88
82
70
82
84
98
80
86
82
84
68
76
86
70
82
84
90
72
68
80
78
80
82
78
82
70
74
86
70
70
66
76
72
76
66
56
66
64
54
60
58
62
90
116
152
166
182
182
174
194
240
274
292
292
270
260
260
274
288
278
286
282
290
278
250
254
272
282
278
270
282
292
300
286
278
270
278
286
304
238
236
232
208
172
146
146
120
110
104
80
74
56
46
54
48
54
64
68
74
82
70
90
80
78
86
90
72
96
84
94
88
66
96
76
88
100
74
82
80
74
94
76
90
94
78
78
84
78
84
80
66
88
76
76
80
56
64
56
56
54
74
90
136
162
196
208
228
228
220
230
262
278
286
280
250
252
252
272
284
290
288
282
298
276
266
276
278
284
278
276
296
304
310
290
270
264
272
276
290
242
252
260
238
202
200
194
170
162
142
118
96
74
54
58
50
54
58
64
76
82
62
80
82
76
80
78
72
80
88
76
88
62
78
82
80
90
68
82
84
78
74
68
84
80
78
74
68
74
78
76
66
86
74
70
60
62
48
56
50
54
86
146
192
216
234
242
264
264
256
252
272
288
286
278
246
256
258
282
292
288
308
298
306
286
290
298
304
294
276
282
312
310
290
266
256
270
278
272
278
250
268
282
266
234
252
244
230
224
192
168
130
102
84
66
60
58
44
62
64
76
82
76
76
82
84
86
78
76
98
78
80
80
78
90
90
82
90
86
78
80
76
90
74
76
80
78
68
90
70
74
74
76
72
74
68
56
58
50
52
82
128
186
240
252
262
262
270
274
282
292
286
280
274
290
270
294
300
298
292
292
308
306
330
316
318
326
328
302
292
298
326
324
300
290
276
284
286
288
278
250
308
296
292
286
296
288
274
258
242
218
172
136
108
88
92
62
54
48
60
68
64
84
72
82
80
84
76
96
78
90
70
74
90
92
92
86
72
86
82
72
86
74
84
78
74
68
66
72
82
72
64
88
62
70
60
52
54
48
58
104
168
228
272
268
250
248
262
276
286
302
290
276
286
292
290
312
322
330
306
304
324
334
348
334
328
338
332
296
298
328
342
330
316
302
278
306
314
292
280
280
308
298
304
300
312
306
298
296
290
272
228
178
140
118
96
58
58
44
56
54
54
70
80
84
90
80
68
90
74
84
80
60
86
94
78
80
84
76
90
82
82
74
90
98
68
66
84
66
84
78
64
88
64
68
58
54
76
92
106
144
202
258
294
286
264
252
272
250
268
292
308
278
288
290
296
320
344
342
304
314
330
348
360
350
338
338
318
306
304
330
338
352
342
322
318
334
308
306
278
288
316
298
306
304
318
314
302
306
302
298
268
220
170
126
116
82
64
50
52
52
58
72
88
80
82
92
92
74
94
76
86
66
82
98
86
80
90
78
88
74
84
78
76
70
88
64
72
70
74
78
70
68
70
62
66
82
112
138
158
194
238
266
272
274
244
248
252
270
274
314
330
306
292
298
304
328
370
344
306
322
332
346
358
342
330
326
306
306
310
358
372
362
346
348
342
354
306
308
294
302
328
318
314
308
318
308
292
300
302
312
290
262
186
158
134
100
84
46
60
48
42
56
72
78
70
84
72
76
90
72
78
66
86
88
86
78
78
84
68
82
72
86
68
82
80
78
66
78
76
80
72
66
70
68
88
122
162
194
212
240
268
276
272
264
268
276
284
288
294
314
344
332
310
308
318
336
372
346
320
336
342
348
356
326
314
310
312
306
346
372
376
382
366
362
358
352
310
282
312
326
324
340
330
314
310
292
284
298
312
326
306
274
230
186
158
118
92
82
74
58
48
52
68
76
68
78
68
104
78
90
84
72
100
82
80
86
84
90
76
88
68
64
96
94
78
80
82
76
86
76
66
78
64
90
128
172
220
254
260
274
282
280
280
274
278
298
290
326
320
338
352
344
332
320
334
336
346
338
322
342
344
342
352
326
316
306
316
344
356
370
388
386
380
380
356
342
282
264
322
324
322
346
338
316
308
290
290
290
302
316
304
294
250
228
196
158
134
100
90
58
54
44
62
56
64
68
80
88
84
84
84
78
78
78
74
78
88
76
84
72
70
68
74
88
76
80
70
72
80
74
62
70
74
124
182
226
264
274
272
288
290
278
280
276
292
304
312
310
326
332
358
352
348
338
344
338
330
322
318
334
332
324
328
326
328
322
334
360
380
384
396
382
360
338
346
334
270
278
322
322
340
358
348
326
322
314
320
292
294
306
300
318
290
260
252
224
178
148
110
80
66
46
58
62
76
62
70
80
106
82
88
90
74
90
84
82
88
80
94
84
88
80
76
82
92
70
76
84
74
86
78
58
104
164
238
258
292
290
274
282
284
288
314
296
292
300
318
320
342
338
344
350
342
348
342
336
328
304
312
326
324
312
300
312
328
346
370
374
382
378
372
346
350
326
332
318
296
286
312
334
352
370
354
336
332
330
346
308
304
310
300
320
312
296
284
262
234
208
160
110
90
68
50
54
58
56
78
98
94
88
84
78
92
90
80
90
78
94
90
76
82
60
90
90
76
96
80
70
88
72
66
74
134
200
282
304
304
270
270
288
290
302
310
308
306
308
332
320
324
326
342
344
344
344
336
326
300
306
314
318
320
298
298
316
346
368
386
382
364
354
348
332
324
304
310
300
274
290
318
358
366
394
372
350
358
332
330
320
302
312
308
308
322
308
312
298
278
244
192
146
112
84
58
54
50
56
64
86
86
102
82
76
100
78
84
86
84
86
84
76
88
66
94
92
76
76
90
78
82
66
64
76
164
240
306
306
296
272
268
276
282
302
330
332
336
326
326
324
324
306
334
336
342
346
336
330
304
302
300
310
304
298
308
320
348
364
366
358
346
332
328
316
320
310
308
310
284
302
350
370
376
392
396
364
346
336
330
298
322
322
302
314
310
308
314
314
318
286
242
182
138
108
70
62
58
58
64
78
106
86
94
88
78
100
80
92
96
84
98
84
78
74
84
86
104
70
84
86
72
74
64
106
190
274
300
304
276
264
268
286
298
312
334
352
348
336
338
324
316
328
322
334
342
338
308
312
310
324
312
310
300
306
316
302
322
352
362
358
326
306
318
316
312
306
296
304
312
350
362
384
402
414
388
374
340
326
326
318
326
350
312
330
306
308
302
306
336
308
276
222
168
136
82
70
64
56
58
82
82
84
78
82
86
82
76
84
72
92
76
76
74
80
88
70
90
78
78
80
76
70
96
130
230
278
290
286
270
278
296
306
308
324
340
356
358
358
340
346
340
330
344
344
344
330
300
312
320
346
342
352
326
322
328
314
328
350
372
352
336
318
320
316
322
320
284
320
324
366
368
386
394
400
382
358
338
316
314
342
336
354
326
326
304
310
298
300
344
326
300
250
186
152
88
74
70
58
58
96
76
98
80
90
104
82
90
94
76
102
76
92
92
82
106
88
80
98
88
84
90
92
128
172
252
276
288
292
288
296
318
328
322
346
346
364
382
370
368
374
346
356
354
344
334
324
314
328
322
342
348
356
336
330
336
326
324
332
366
360
340
334
348
338
322
328
320
342
350
384
408
398
392
374
368
340
338
326
318
342
366
348
336
310
304
312
300
292
332
324
298
266
198
160
94
74
72
64
66
74
90
76
86
90
70
98
86
90
92
76
92
88
84
78
84
88
88
86
88
86
102
142
168
236
266
286
288
306
300
302
318
334
332
360
354
376
370
388
384
368
356
362
354
346
344
330
322
332
338
352
354
346
344
344
346
338
332
334
380
376
366
362
354
344
340
346
334
342
370
400
398
380
370
350
328
324
328
336
338
356
372
364
344
338
336
334
312
294
318
320
302
278
212
168
108
76
72
68
74
70
88
76
90
92
74
100
90
88
86
80
88
82
80
90
84
74
94
80
96
86
130
188
238
276
296
292
296
300
304
318
320
324
316
348
364
352
372
362
360
358
340
352
342
336
338
318
312
322
344
352
348
350
346
342
342
348
358
358
388
396
366
358
356
356
342
340
346
374
380
384
366
356
340
340
324
308
320
338
358
374
372
384
358
358
346
338
314
296
316
316
316
296
238
190
142
94
80
70
74
70
68
86
84
84
96
80
92
86
68
94
68
100
86
72
104
82
86
94
84
118
164
236
280
296
300
290
284
306
302
322
320
326
314
330
346
340
344
346
344
324
328
344
322
346
338
322
342
350
354
350
354
344
350
356
350
348
370
376
402
378
354
354
346
350
344
342
352
374
382
362
354
336
340
330
306
304
334
360
374
378
408
386
376
364
346
344
326
314
328
318
328
314
264
218
180
118
94
78
78
56
66
82
86
78
88
78
88
88
76
88
76
98
92
76
104
88
86
92
86
120
192
284
314
304
298
296
290
304
322
326
322
320
316
328
330
322
336
334
320
322
322
334
322
344
362
348
338
360
360
350
350
344
334
364
366
368
386
366
354
356
334
326
342
314
322
322
356
358
344
350
342
324
330
306
324
324
322
370
390
398
400
386
366
358
334
336
324
330
322
312
332
312
292
260
220
166
116
90
72
58
64
68
96
94
80
100
82
88
88
76
92
82
88
92
86
78
98
66
100
122
182
302
318
304
288
288
292
314
326
324
330
314
320
316
324
316
326
316
318
310
326
330
334
364
362
352
336
366
358
360
362
352
352
364
366
380
370
348
366
342
312
308
322
318
340
334
330
340
340
332
320
316
322
326
324
324
342
378
394
382
400
376
358
336
332
342
336
322
312
304
326
316
306
290
260
212
158
112
86
60
54
68
82
86
76
78
72
84
80
88
72
84
74
86
78
82
82
86
86
116
170
252
312
264
286
282
304
316
324
342
338
334
340
336
334
328
318
322
328
334
334
344
362
372
386
364
352
352
382
364
350
374
392
374
368
370
324
328
360
330
296
300
314
318
332
330
326
324
330
326
338
334
328
332
334
336
362
386
400
386
394
358
338
326
328
338
340
322
322
312
324
308
314
322
300
254
192
126
96
68
68
66
74
94
86
82
92
84
80
88
72
108
82
84
98
100
78
118
86
110
150
214
292
268
272
300
306
330
330
358
358
354
356
342
346
348
334
348
350
360
356
362
376
386
376
358
346
352
372
374
372
372
386
382
356
342
306
316
354
328
312
314
318
312
316
318
334
328
328
342
364
350
332
316
334
350
364
386
390
378
356
324
314
328
328
336
338
324
322
314
308
308
318
336
322
292
234
152
116
76
80
56
76
84
78
80
84
84
84
76
96
90
86
78
88
86
80
82
96
76
100
156
248
262
270
324
336
350
346
358
384
360
376
350
380
362
366
368
366
358
372
360
362
364
350
342
338
342
358
360
366
372
370
378
332
316
300
284
336
338
344
334
320
318
332
320
332
334
322
338
350
354
336
330
342
370
382
396
388
360
322
308
320
338
346
354
344
326
310
308
296
300
306
324
322
310
264
178
132
84
80
58
86
72
78
78
72
76
78
68
90
82
94
86
78
86
86
80
102
86
96
114
234
246
296
314
346
348
354
360
366
358
386
372
398
376
370
368
366
358
352
342
342
342
346
348
356
350
370
352
354
352
362
334
306
304
286
292
356
356
360
350
342
342
348
326
336
324
290
292
306
350
318
340
342
378
392
394
380
340
314
306
322
352
360
358
342
326
308
318
308
300
308
326
328
318
278
202
156
90
92
70
72
72
90
68
92
88
80
90
78
94
90
84
82
94
82
106
92
76
84
94
222
268
304
312
330
336
346
356
334
350
362
360
370
368
356
356
354
356
330
332
330
330
316
338
342
362
348
346
360
354
354
290
288
290
280
310
358
364
358
364
364
358
348
332
338
332
276
272
290
342
322
340
346
370
374
372
348
318
298
308
326
366
372
354
342
332
318
326
318
302
306
316
320
308
274
214
162
88
98
74
58
68
80
58
88
82
74
84
76
104
86
78
94
90
86
106
96
86
102
100
224
288
296
324
334
330
334
336
336
350
344
330
350
338
350
342
342
336
338
334
318
322
328
350
352
364
364
344
348
352
310
266
270
282
320
328
352
360
354
378
364
352
342
336
324
310
256
254
264
306
334
330
348
384
374
372
332
314
288
336
366
382
396
372
368
350
332
326
318
318
306
300
310
310
286
230
166
86
84
84
84
76
80
94
80
90
86
74
98
88
104
86
80
84
92
92
104
90
84
98
248
278
298
326
316
326
328
332
310
326
342
338
340
332
336
338
348
342
336
330
342
328
344
350
368
380
358
332
352
344
284
244
284
322
352
336
332
364
376
374
356
350
356
328
320
286
232
236
240
304
326
338
362
380
370
356
328
286
292
344
370
388
394
378
356
342
330
328
324
322
302
308
320
304
282
228
162
80
82
96
78
70
78
84
84
88
82
76
76
86
90
82
74
88
82
90
98
86
96
92
230
280
294
310
330
322
316
314
318
302
316
318
342
322
330
328
330
344
364
352
350
344
358
370
372
388
368
350
352
332
280
264
320
338
354
340
344
362
354
352
354
348
358
340
318
304
260
266
266
292
322
340
364
384
372
346
316
304
298
340
382
374
390
374
354
338
334
324
332
330
314
330
330
318
282
238
174
90
70
88
68
76
94
84
102
96
78
100
74
112
94
90
94
98
92
106
98
104
102
88
214
274
286
300
316
332
316
326
334
322
308
316
324
314
316
322
334
348
356
340
364
344
356
366
382
374
366
344
358
356
274
278
330
354
382
346
350
358
354
354
358
350
356
344
330
326
302
300
298
304
336
338
364
398
378
350
308
318
308
354
390
392
388
364
350
336
340
318
332
322
308
324
326
326
294
252
188
122
76
82
80
70
80
92
86
82
70
76
86
98
90
82
92
84
86
92
92
78
84
84
184
222
238
268
294
346
336
334
326
320
306
324
328
332
312
320
348
368
350
312
344
334
338
368
366
374
356
350
350
346
282
280
336
358
370
368
356
344
362
354
350
354
354
340
344
330
330
316
306
320
336
324
364
398
380
340
318
302
326
364
390
388
360
344
344
336
340
318
330
318
308
316
328
332
314
268
212
146
90
80
82
70
74
96
82
86
88
84
96
86
102
90
92
88
90
90
102
88
102
88
142
170
184
210
242
312
338
344
346
322
314
316
332
320
314
332
356
358
324
278
308
294
324
348
350
340
360
334
320
338
284
304
338
376
398
388
368
356
362
346
348
364
368
352
360
338
342
328
316
326
332
326
372
392
372
340
322
322
344
374
386
362
332
340
344
336
338
328
324
320
314
320
324
332
318
282
236
174
114
82
58
78
90
82
96
76
74
100
74
98
90
94
90
86
88
102
82
98
96
78
110
130
154
184
194
280
314
336
338
326
314
316
344
316
300
308
334
344
310
254
258
274
310
358
340
338
338
330
320
330
322
336
366
394
394
408
382
390
368
358
362
368
376
360
364
352
342
342
340
346
344
340
364
384
366
334
328
350
354
362
372
342
320
330
332
334
346
340
318
318
308
314
304
336
318
300
260
212
142
78
50
76
88
84
92
88
74
84
76
104
86
92
92
86
90
104
72
86
88
86
98
92
102
130
132
220
248
302
312
324
316
320
330
318
306
310
330
322
284
242
248
258
294
334
330
314
326
318
334
348
330
342
364
398
410
376
362
380
368
370
360
360
370
344
350
348
340
342
352
360
356
336
342
360
356
316
342
334
360
344
356
324
314
314
334
350
362
348
328
324
310
310
294
334
326
318
284
238
158
80
64
76
78
96
86
90
80
70
92
90
108
94
94
98
98
90
98
78
100
92
94
104
94
92
100
182
208
256
278
284
320
334
346
328
320
314
322
304
274
242
240
262
288
320
304
312
334
334
344
340
334
344
374
398
402
350
348
342
360
366
344
358
378
334
340
340
348
344
352
362
356
326
340
346
332
336
332
336
344
366
350
326
332
332
370
382
374
344
340
328
324
314
298
320
320
312
296
256
174
106
72
82
80
76
90
78
74
92
68
80
94
88
86
96
78
98
78
86
78
88
100
82
88
104
70
132
150
202
248
232
298
342
358
346
332
328
310
304
294
260
250
274
320
302
290
338
340
354
356
348
346
350
376
410
382
320
342
318
292
364
346
370
342
346
330
336
342
340
366
370
348
330
336
338
322
320
336
328
338
334
354
332
334
354
390
400
380
348
352
344
338
330
298
306
310
322
306
258
190
98
78
86
86
78
96
86
78
84
78
102
92
110
88
100
96
104
80
98
92
88
108
80
94
100
80
94
116
148
186
194
280
340
358
352
344
332
314
300
296
286
296
310
334
320
292
354
344
370
360
366
364
344
366
404
356
288
290
280
274
358
350
352
340
340
332
336
354
352
372
368
352
332
336
334
320
328
326
316
330
336
328
364
364
364
372
378
376
354
352
342
348
328
310
308
302
314
306
272
192
108
88
82
84
84
80
88
76
82
80
92
98
88
96
98
84
88
92
80
84
78
88
86
82
92
94
80
102
112
134
144
232
324
364
376
366
340
324
304
296
292
310
328
342
300
282
336
350
366
360
358
342
348
356
398
364
262
282
254
228
344
326
344
352
342
336
330
372
374
368
352
358
342
328
338
340
344
322
326
326
332
326
372
364
364
374
370
356
338
354
340
338
316
314
314
318
310
304
266
182
100
88
82
80
84
76
80
72
80
76
92
102
86
104
98
82
90
100
88
88
82
86
90
82
92
84
78
86
84
100
100
178
306
372
382
370
342
338
320
302
294
312
350
350
298
268
352
354
370
360
358
354
336
340
368
338
264
294
274
244
320
326
348
358
362
336
336
362
366
370
350
350
340
346
352
360
360
336
342
328
332
344
364
368
362
354
348
348
338
348
342
332
334
326
304
320
294
296
252
172
92
86
94
84
82
92
80
74
82
76
108
84
110
94
88
88
102
80
106
96
80
100
84
98
96
76
104
96
86
94
86
152
294
368
390
378
354
356
344
318
312
338
350
354
288
258
354
350
346
336
344
356
338
330
338
338
280
308
300
268
316
338
336
374
354
352
342
358
360
364
346
350
348
364
364
360
362
358
346
338
344
340
370
368
354
346
344
348
334
334
352
326
326
326
310
336
300
266
232
152
88
78
84
76
78
84
82
72
76
74
102
88
104
94
86
84
96
80
90
102
80
84
90
92
90
92
84
82
80
84
86
158
306
378
402
380
354
344
348
328
322
344
360
364
278
264
346
356
336
336
328
342
350
322
318
344
284
294
308
300
310
346
348
360
362
354
356
370
374
360
344
358
362
366
360
362
358
364
358
358
348
332
370
360
348
350
346
340
322
330
328
322
324
334
322
332
320
268
222
136
100
84
76
86
92
80
86
76
84
80
96
108
92
106
98
90
90
102
86
104
88
80
98
82
84
98
90
96
90
88
116
184
312
384
408
388
368
344
362
352
340
352
366
360
290
266
348
350
350
342
330
348
348
336
334
346
340
330
332
324
344
346
364
362
354
354
374
364
374
368
358
350
358
376
350
362
354
362
368
368
352
336
364
368
356
344
340
344
330
332
326
324
320
332
348
344
324
260
208
114
96
84
76
88
88
82
76
70
76
70
94
92
94
88
90
96
82
90
96
84
76
100
86
90
94
82
96
96
80
84
144
212
314
382
398
390
384
346
360
348
332
338
366
364
298
298
350
366
356
344
350
342
366
348
340
336
332
334
326
340
352
354
362
362
352
360
362
354
370
362
358
350
362
376
350
344
352
368
362
362
364
342
368
364
362
368
368
356
328
328
320
320
332
332
360
348
316
268
204
108
92
84
92
90
76
92
88
78
80
74
110
84
110
98
84
92
92
92
98
90
88
104
78
112
86
76
104
84
86
100
182
256
328
388
408
386
392
354
338
346
334
336
354
340
306
298
356
362
364
352
360
362
358
334
344
338
342
348
338
342
372
346
350
352
368
352
364
356
336
370
376
366
374
366
352
344
358
356
358
374
370
366
382
366
336
362
364
356
336
334
326
318
314
334
366
354
336
274
206
110
82
104
76
90
86
72
100
76
74
76
100
96
90
100
84
84
92
96
76
96
84
80
96
88
88
96
90
104
92
114
238
294
356
386
402
398
390
350
314
330
326
320
342
332
324
324
344
362
354
362
366
374
348
344
334
374
368
340
336
344
378
344
330
332
350
356
356
354
358
364
372
370
372
372
364
362
362
358
356
376
376
372
390
368
350
358
366
346
342
344
332
308
308
328
372
346
336
280
200
100
86
96
80
86
88
76
80
78
88
80
88
104
82
100
96
82
92
84
82
92
76
88
88
88
84
84
88
86
82
132
274
318
384
404
396
406
388
348
292
312
320
322
336
320
326
336
342
354
352
362
374
372
372
342
358
380
362
358
362
352
370
346
340
352
352
356
358
346
348
364
392
386
382
386
382
370
358
370
370
368
376
388
396
366
346
340
356
342
346
348
334
332
338
332
354
340
336
278
196
108
88
86
82
88
84
94
78
84
92
72
96
88
106
88
98
100
84
80
108
86
82
104
82
106
90
80
110
86
86
150
286
326
380
412
414
402
368
326
282
298
302
304
336
324
324
340
354
340
356
358
356
388
378
350
358
362
356
350
372
370
378
364
348
348
344
344
348
346
338
368
392
372
374
378
382
382
380
390
376
342
368
402
398
374
346
334
340
344
342
346
346
334
328
342
356
348
332
278
186
104
88
92
74
94
80
96
80
74
82
74
94
86
94
86
90
78
90
78
92
80
82
78
92
86
86
86
84
92
86
160
298
348
384
414
404
396
376
314
272
286
302
324
342
346
346
358
364
340
350
366
360
362
380
354
348
354
340
342
356
372
374
376
364
358
360
352
356
356
340
372
400
394
376
362
390
396
386
382
380
346
362
378
410
404
378
354
346
348
352
354
344
330
326
340
352
350
324
264
164
88
88
100
70
90
80
86
98
86
92
88
90
96
88
110
98
70
100
92
84
94
86
84
110
80
90
80
86
98
92
190
302
350
386
388
406
388
360
294
292
318
330
338
358
362
366
378
368
362
344
372
362
370
360
362
364
338
344
354
364
374
350
348
348
346
350
328
350
352
368
390
392
382
356
368
372
402
406
388
370
326
350
380
400
404
382
352
350
342
356
344
336
332
342
334
344
340
316
240
140
94
88
80
84
88
76
96
78
76
88
84
88
76
102
94
92
88
72
88
86
94
78
98
96
86
86
66
94
84
104
224
308
350
392
390
400
388
350
290
302
320
336
346
370
364
366
382
372
378
358
370
356
392
366
362
358
364
340
358
364
368
334
310
312
326
354
346
374
362
386
408
404
376
344
352
370
404
406
392
366
330
334
366
396
402
372
356
350
344
362
352
346
322
326
330
342
328
290
216
122
102
86
72
90
90
76
104
80
78
88
80
98
100
106
80
104
90
86
82
92
90
78
90
84
94
88
82
92
82
122
232
308
342
362
380
398
390
338
298
318
326
346
360
372
360
360
378
376
372
382
370
368
382
368
362
374
348
354
340
364
356
312
270
276
308
346
350
360
368
390
406
398
360
346
334
366
420
416
394
356
336
322
342
384
400
356
354
330
330
352
358
340
334
332
328
308
304
258
182
110
84
84
96
78
92
84
86
94
82
86
84
98
114
90
96
94
66
88
88
74
100
74
86
96
78
96
80
72
100
122
254
328
344
380
372
376
356
316
302
330
330
362
360
380
356
358
378
372
374
386
376
382
394
382
368
362
342
354
358
354
352
312
254
262
284
348
350
354
386
412
422
388
354
332
334
372
396
418
404
362
338
326
348
394
378
346
338
340
334
354
346
356
334
338
306
290
276
224
144
98
80
86
84
82
90
84
76
88
86
84
82
94
114
84
94
86
72
86
82
90
102
86
84
86
86
86
74
88
96
164
290
338
356
368
350
348
334
310
310
340
334
362
364
378
366
366
372
384
382
388
378
380
398
394
398
384
372
362
350
338
342
296
242
258
272
332
358
360
392
398
396
382
348
324
334
368
412
416
398
368
348
352
344
378
360
326
334
322
314
328
356
368
346
338
318
276
266
172
116
98
94
96
76
84
82
84
98
78
88
92
86
102
110
104
80
98
90
84
90
98
90
100
82
76
108
82
84
98
104
200
312
340
352
354
336
322
302
290
304
346
340
374
382
384
372
362
364
398
386
386
380
372
390
392
402
388
386
378
358
332
328
292
254
266
272
330
364
354
392
418
408
372
328
324
332
374
406
430
398
384
380
348
328
358
368
352
328
326
320
326
348
370
350
342
320
258
234
122
102
94
86
84
84
70
86
80
86
90
84
78
74
90
98
88
86
80
92
80
84
98
110
86
98
82
90
100
78
88
118
218
330
364
356
338
312
288
270
278
316
362
352
374
380
390
372
362
372
398
382
386
394
354
364
388
398
398
390
390
362
346
320
302
290
292
292
344
360
368
394
410
394
360
322
326
320
384
418
424
408
406
384
368
342
348
358
338
350
332
324
300
348
366
344
338
306
250
198
102
108
102
86
86
94
76
96
86
84
96
88
80
78
94
86
92
96
92
80
106
86
94
102
84
100
82
88
100
80
92
120
218
332
366
354
316
280
268
256
278
328
364
350
366
380
392
380
376
388
390
384
396
406
368
356
366
376
386
394
406
386
364
328
312
310
312
314
352
356
360
404
410
386
360
318
318
328
370
410
418
408
408
384
376
360
348
338
336
344
354
326
306
350
354
332
316
288
238
170
90
96
96
90
98
78
88
82
82
92
72
86
90
78
86
84
88
92
88
94
76
96
92
72
100
90
76
106
80
90
104
114
214
328
342
334
290
264
254
254
284
338
354
346
364
390
400
390
384
386
382
394
408
402
360
344
344
368
378
402
402
388
378
348
320
308
316
320
344
354
364
402
406
394
370
334
328
320
366
396
410
392
392
382
356
348
336
350
340
348
344
354
322
334
336
326
304
284
218
152
88
94
88
84
98
84
84
80
80
84
76
82
82
72
88
82
102
84
100
96
70
98
90
90
92
90
86
94
90
80
98
112
188
318
336
314
266
256
244
258
296
358
360
354
360
384
408
398
384
370
372
390
410
400
370
348
332
334
342
380
400
404
390
370
344
318
308
316
342
350
358
404
420
410
360
330
338
330
364
406
382
374
366
350
356
346
338
338
342
338
344
334
322
320
324
318
300
270
190
134
90
100
98
84
92
102
86
102
90
82
98
86
80
86
96
92
94
112
94
88
102
84
84
98
88
90
94
96
106
82
94
108
126
274
324
290
250
252
262
270
300
362
358
360
360
382
408
402
388
360
362
368
404
412
380
360
344
318
324
354
394
406
404
382
374
342
304
314
350
346
356
418
426
424
392
356
336
324
336
378
376
364
344
330
334
358
354
346
340
342
336
332
332
334
318
298
282
232
158
108
80
84
92
82
80
76
86
94
82
82
84
80
78
82
98
106
96
96
100
90
82
90
86
84
94
88
84
90
80
76
84
94
104
232
298
272
260
272
286
298
332
358
346
352
366
374
406
416
370
348
350
366
390
410
408
388
350
312
304
338
364
406
414
424
390
350
326
308
350
352
356
412
434
426
396
360
346
332
340
376
370
350
344
338
328
348
346
350
338
338
344
328
312
314
300
284
252
192
146
84
92
94
84
84
86
84
92
88
82
86
78
88
86
74
84
100
104
86
106
104
90
96
108
80
108
88
84
102
72
92
106
86
92
186
266
268
272
296
302
324
330
358
346
342
368
370
400
406
366
334
334
352
376
402
418
406
376
342
312
320
340
384
414
426
398
374
356
332
344
334
354
420
428
422
406
374
340
328
326
352
364
342
348
330
326
328
338
366
374
334
320
328
304
292
278
248
206
148
102
92
82
94
94
70
88
82
80
92
78
74
82
72
78
78
94
96
92
90
96
78
100
82
88
86
86
88
84
84
90
88
76
90
88
158
226
278
254
316
332
336
352
354
348
360
364
382
392
392
368
336
336
344
368
408
422
420
392
360
316
318
334
374
424
438
406
392
370
344
344
342
346
400
410
410
384
374
352
334
320
336
350
356
354
352
344
338
344
358
366
338
314
306
288
282
240
212
174
120
84
98
86
98
98
82
86
94
78
102
80
82
90
80
88
92
96
96
90
100
100
82
106
88
84
102
92
94
88
86
100
82
84
86
94
100
206
292
282
334
342
356
346
354
354
356
368
374
382
374
368
354
354
346
356
410
436
438
406
372
324
322
328
348
400
426
408
410
388
362
348
348
350
394
408
402
370
366
358
346
338
334
340
360
354
360
350
342
340
364
358
344
324
308
292
244
188
170
138
94
84
82
92
86
78
92
76
84
80
88
76
84
72
88
94
82
82
98
106
94
110
112
88
96
92
82
114
86
80
104
78
88
98
76
90
86
170
302
314
344
356
366
350
358
360
358
356
356
360
354
360
358
360
348
348
400
424
432
408
392
352
340
338
342
384
412
402
416
398
372
346
346
336
380
390
376
366
354
344
346
350
326
336
354
372
368
376
366
364
380
356
338
316
292
260
186
154
132
110
76
86
82
96
86
80
92
82
78
92
84
84
86
72
88
94
82
90
96
100
100
106
102
82
92
90
80
100
88
80
88
78
90
88
74
98
104
182
300
310
334
358
354
354
358
364
368
342
342
338
346
350
354
360
364
358
396
428
424
404
402
370
340
342
342
380
402
392
402
382
364
354
360
346
364
372
364
360
356
354
354
360
334
330
348
360
360
360
358
358
346
332
330
310
270
224
170
118
104
102
82
86
92
94
100
98
92
88
92
86
104
84
84
94
86
96
100
102
90
88
108
102
84
104
96
98
108
92
102
90
72
94
86
90
94
78
114
190
320
308
334
338
344
330
360
370
358
348
326
336
348
346
356
362
378
366
394
412
396
376
384
376
350
364
358
354
374
374
384
368
362
364
374
362
352
356
358
342
346
348
344
360
350
332
346
350
364
358
364
348
346
328
324
296
240
180
118
82
90
92
86
80
84
92
96
92
90
78
88
78
100
76
74
92
80
88
92
98
90
94
96
98
84
96
88
88
88
100
90
80
84
82
86
78
80
88
96
190
298
334
340
340
332
336
362
376
374
346
330
346
356
342
362
366
378
360
386
404
384
362
368
374
354
368
348
354
360
352
360
354
356
360
362
352
354
350
358
350
350
338
354
366
358
344
328
342
344
346
350
348
346
298
292
264
198
162
100
88
104
90
90
94
86
114
100
88
102
90
78
106
84
88
80
86
94
90
76
96
104
108
84
116
116
86
124
100
92
118
90
86
94
78
98
88
84
100
88
182
268
304
306
320
314
338
366
378
384
344
352
360
364
374
362
364
380
354
378
368
368
356
342
390
358
362
364
346
354
336
330
338
354
354
368
366
328
346
368
356
354
352
348
360
358
342
346
324
334
334
336
328
314
300
262
220
150
132
90
82
92
88
82
94
90
96
100
96
88
92
84
94
94
84
90
86
90
88
78
104
88
94
88
90
92
94
94
104
94
86
104
86
86
92
82
90
80
88
102
158
212
240
262
298
292
326
348
370
396
352
368
374
386
366
348
366
394
382
360
358
356
354
356
378
376
376
372
354
348
336
338
340
338
346
372
354
326
346
372
362
356
362
372
370
360
348
322
326
318
320
308
304
292
264
212
168
130
98
102
84
92
114
92
92
90
102
108
104
82
96
90
88
92
86
78
94
76
96
80
108
100
98
100
98
92
112
102
106
92
98
104
84
88
86
88
88
84
92
96
122
164
202
226
246
280
304
350
370
372
356
358
360
372
366
364
376
380
384
368
346
352
358
362
374
382
380
384
358
346
342
344
340
334
352
372
364
348
342
364
370
366
372
366
360
364
340
332
308
320
302
294
272
254
222
176
142
102
102
90
86
94
98
86
92
80
108
82
84
86
90
86
90
84
92
92
84
86
88
80
90
110
98
96
114
96
102
116
96
90
120
88
96
102
84
106
92
90
100
82
92
118
164
174
206
258
298
316
334
364
350
352
368
370
372
356
368
382
386
374
348
366
374
362
382
378
370
390
362
342
350
354
350
340
362
376
350
342
362
360
358
364
352
372
362
348
336
320
304
302
280
248
234
206
170
134
120
88
104
78
92
104
92
90
100
88
106
82
84
90
94
78
84
80
80
94
78
94
82
78
92
108
100
94
112
98
94
110
96
94
104
82
98
92
82
86
96
84
96
90
88
88
118
128
156
188
240
306
334
338
326
348
362
364
362
350
366
380
386
374
368
378
384
374
386
378
368
386
370
338
350
372
366
348
368
382
342
344
340
356
364
350
348
354
348
330
328
316
270
262
238
206
198
176
130
98
100
108
92
104
84
96
104
88
90
94
84
104
106
82
106
86
82
98
82
86
94
86
96
90
112
96
102
102
100
100
106
100
114
100
102
102
100
92
86
82
92
82
90
100
86
92
96
108
112
156
190
254
284
308
328
338
342
354
342
350
368
372
382
366
380
376
376
384
374
378
368
372
366
340
354
374
368
358
368
370
342
364
346
346
346
340
354
348
336
310
320
288
240
216
202
170
138
130
100
86
92
98
94
96
84
100
92
82
88
90
76
100
82
80
88
82
84
84
84
78
76
78
78
84
100
92
94
92
94
92
102
98
96
82
104
96
92
90
82
94
92
88
96
94
80
96
88
92
102
112
164
212
234
272
272
300
318
336
316
318
344
370
374
354
362
366
366
372
360
360
360
356
354
344
352
368
360
362
362
348
350
344
346
318
324
344
322
324
310
288
262
246
194
196
146
114
104
106
96
96
104
92
108
88
94
114
90
90
98
94
96
92
80
100
90
88
94
80
86
82
80
96
70
84
88
114
98
88
112
94
90
116
94
100
118
88
106
92
86
98
88
82
106
92
94
102
92
92
100
90
110
160
180
214
226
242
252
272
292
308
324
344
344
374
338
364
366
350
356
338
348
350
350
338
344
366
356
354
348
338
326
340
326
334
312
270
278
282
244
238
230
188
162
148
114
88
96
104
88
84
92
102
88
100
80
100
100
86
86
84
96
96
94
76
98
80
80
94
78
82
92
82
76
86
96
88
102
88
98
92
94
98
118
86
92
98
88
92
84
84
98
94
90
110
84
98
92
94
94
100
96
134
138
174
178
212
220
236
252
254
278
322
328
342
322
344
358
362
336
328
338
340
340
330
344
352
342
336
328
322
314
308
296
274
270
228
228
242
202
196
184
162
118
110
90
100
94
90
106
84
102
92
90
102
90
100
104
90
92
86
94
100
82
90
90
78
86
90
76
86
80
80
80
80
94
94
92
94
94
88
108
104
114
100
94
100
94
92
86
88
90
92
92
102
84
98
92
80
82
100
98
98
98
130
146
156
166
186
194
200
218
256
280
300
316
320
324
330
322
320
332
316
322
314
330
324
310
312
310
316
306
272
244
240
212
188
182
178
172
152
126
118
88
106
86
96
88
110
82
90
92
86
102
88
90
104
90
92
92
82
96
90
80
102
78
86
96
84
94
88
86
80
78
78
84
102
80
98
90
88
84
118
104
100
112
88
102
92
76
100
94
98
100
90
96
92
88
76
100
88
100
110
102
104
92
122
128
146
144
156
174
210
240
256
266
264
292
290
284
286
286
270
272
276
292
294
282
276
266
256
250
212
186
192
160
142
138
138
114
110
92
102
88
94
88
86
86
96
92
90
94
88
96
84
90
104
98
96
86
74
98
92
86
94
82
80
86
82
78
80
74
74
74
74
86
98
90
94
96
96
74
110
102
102
100
94
94
84
86
88
88
82
86
92
90
92
96
88
94
100
90
90
76
104
92
94
88
100
98
106
124
162
190
204
230
220
232
238
236
242
246
214
226
234
236
248
244
232
230
212
210
176
146
140
122
94
92
104
90
100
88
98
98
80
104
90
88
78
104
96
96
94
86
94
100
88
92
82
92
90
104
96
96
88
94
84
92
98
80
92
82
82
82
80
98
90
106
92
102
102
102
94
122
90
108
108
80
104
92
82
106
96
94
118
76
100
98
82
94
96
80
116
104
98
100
100
104
108
108
92
86
118
132
146
168
182
180
200
180
174
196
166
174
174
184
190
188
180
176
178
158
122
92
96
98
86
90
98
86
88
84
90
96
78
94
76
82
86
78
94
82
84
86
90
82
82
90
86
76
76
88
90
82
88
74
82
90
78
84
80
80
76
72
74
84
90
88
96
94
84
94
100
96
90
100
90
92
78
92
84
78
88
90
88
84
98
96
84
100
84
92
90
86
94
100
112
98
98
106
92
84
110
106
112
136
126
134
152
144
154
142
116
136
124
148
146
148
148
120
130
130
100
82
104
94
96
96
90
98
92
94
98
92
96
84
84
90
98
86
92
96
90
100
88
90
102
78
102
88
92
92
82
82
92
74
84
88
76
88
76
80
78
78
78
86
114
96
110
108
96
90
126
90
92
120
86
110
86
86
106
84
94
100
74
98
94
96
84
96
80
108
92
88
106
94
100
104
96
100
100
94
104
94
88
104
88
106
102
94
108
98
102
108
96
104
100
104
108
90
96
86
78
80
96
88
84
86
82
94
92
88
88
74
84
84
94
82
84
94
78
98
84
88
84
72
94
78
100
88
84
90
90
82
78
86
78
82
92
82
86
80
82
82
76
82
98
108
80
104
100
94
98
100
90
102
106
94
92
88
86
102
86
92
98
80
98
106
84
98
102
92
104
92
102
108
88
110
102
96
104
94
94
98
98
98
102
96
110
110
92
114
98
98
108
98
102
102
96
108
104
84
94
98
90
106
88
96
104
86
98
88
100
96
82
100
88
82
90
92
90
94
80
88
106
92
94
96
90
96
86
86
88
90
78
94
78
78
94
74
82
80
78
74
74
96
90
100
88
108
92
102
84
106
92
92
100
86
92
96
80
92
92
82
80
92
94
106
84
92
86
96
90
88
96
96
102
98
86
96
94
94
94
98
90
100
86
102
102
92
106
90
92
100
96
108
98
96
102
88
92
90
94
88
94
72
94
100
88
106
86
94
94
84
94
84
86
90
88
82
90
82
80
102
86
92
86
82
104
82
84
92
82
78
98
78
82
82
86
96
82
84
78
72
86
90
110
104
110
96
102
94
106
88
112
98
92
102
96
84
110
98
98
96
90
96
100
112
98
100
94
102
98
94
104
104
108
100
90
98
96
94
94
100
92
102
92
104
108
96
108
100
100
112
108
112
104
100
102
96
102
96
98
94
102
86
92
94
86
96
82
86
88
82
90
84
88
88
84
80
86
80
82
94
82
92
88
86
100
82
86
88
82
82
86
84
72
70
88
80
80
78
76
68
78
90
106
102
98
100
98
88
100
88
104
88
84
92
90
78
96
92
86
92
82
84
92
98
90
98
92
96
94
90
98
102
100
104
94
100
98
94
94
102
96
98
94
98
106
96
102
104
100
108
106
104
100
94
92
94
100
88
88
88
98
98
94
96
98
92
90
84
90
90
92
88
96
96
92
90
90
90
94
96
92
96
96
96
102
88
100
94
90
88
88
90
72
70
92
78
82
78
80
74
78
100
96
106
88
114
98
98
90
118
102
94
100
88
100
94
84
106
90
94
86
88
104
98
88
100
94
96
94
88
94
100
92
106
96
100
100
94
92
104
100
96
92
90
100
94
94
106
96
102
104
100
104
98
86
94
100
88
88
88
88
96
86
90
96
86
92
80
86
88
84
84
92
84
82
86
82
82
88
82
84
80
82
86
86
74
94
80
82
80
94
76
72
70
78
84
76
80
84
78
82
