82
108
82
88
90
78
92
74
76
104
84
82
104
68
82
100
84
88
92
76
94
72
78
88
86
90
76
72
92
76
84
84
84
76
80
72
78
74
78
90
84
72
76
70
82
80
68
76
80
72
66
70
70
58
58
56
60
58
66
74
62
72
52
64
60
68
66
84
72
70
86
68
80
80
80
84
80
78
84
86
80
88
70
78
84
88
80
72
88
86
76
100
82
78
92
86
84
70
72
80
82
86
90
82
82
96
76
84
82
90
98
80
76
90
98
80
106
86
94
78
94
100
72
84
96
76
94
78
74
90
100
76
96
76
74
86
68
82
82
82
102
78
84
78
80
88
80
68
78
64
70
76
62
52
62
48
50
52
62
66
62
68
60
64
62
66
62
60
60
70
66
80
76
68
78
78
82
66
80
88
78
78
86
72
80
82
76
78
78
70
88
82
76
74
88
86
70
66
74
76
80
86
80
82
78
88
72
80
76
80
84
80
78
80
74
90
96
80
84
78
90
92
76
80
78
80
86
80
80
74
94
86
82
74
78
76
76
74
76
84
78
72
76
62
70
78
70
66
60
66
62
56
62
44
44
50
48
54
62
58
58
58
58
54
58
62
70
66
68
78
66
82
72
74
78
76
92
74
78
92
82
82
92
76
82
82
80
84
78
80
94
74
82
78
90
90
78
74
82
82
82
96
78
92
90
82
86
86
80
92
76
84
106
78
70
108
84
74
92
80
94
80
82
82
72
94
82
74
92
72
84
94
72
70
76
68
78
68
70
84
68
74
76
60
70
70
64
64
56
50
54
50
50
36
48
40
38
44
48
48
50
48
54
50
54
50
56
64
52
60
70
68
62
66
68
72
74
80
74
72
74
82
68
74
72
76
78
70
76
78
78
76
72
72
90
76
80
64
66
70
74
74
84
80
88
82
80
92
72
84
78
68
90
84
86
78
90
68
98
78
96
92
74
80
86
84
88
66
82
86
82
72
82
66
64
74
58
70
68
70
66
56
64
60
60
60
60
46
56
52
52
48
68
56
60
48
46
46
40
46
44
44
48
50
58
54
58
68
56
62
70
70
74
64
80
82
70
82
86
74
82
88
76
84
82
88
88
78
88
74
88
92
74
76
102
82
80
68
68
72
80
76
92
82
94
84
82
96
80
80
92
72
84
86
86
78
84
76
84
82
92
88
74
78
84
78
80
74
82
78
82
66
76
62
58
58
52
58
60
66
58
54
58
56
58
52
54
50
44
54
42
44
106
96
80
76
68
58
48
46
44
44
42
48
46
46
52
54
56
66
54
72
66
66
80
64
74
66
70
86
74
72
86
78
80
84
84
80
78
68
94
76
78
72
80
92
74
76
84
76
80
88
82
82
92
72
82
80
82
86
86
82
92
70
70
96
78
88
78
84
94
78
86
86
76
84
74
80
96
66
74
72
60
54
58
48
60
48
52
64
50
60
62
56
68
62
68
80
74
66
60
74
146
152
138
112
94
74
68
52
56
58
54
58
50
46
40
40
44
58
58
78
56
66
74
56
76
68
64
86
72
68
86
76
76
78
80
78
78
76
90
70
78
74
70
92
64
66
72
66
84
94
80
86
90
76
82
78
76
98
74
82
86
66
80
88
80
80
82
66
90
74
78
86
72
76
78
66
84
70
56
54
62
50
54
66
56
62
54
50
58
60
72
84
100
118
142
142
134
134
106
116
216
218
190
174
140
116
110
74
82
82
76
72
56
52
40
58
46
46
68
58
60
54
74
72
64
84
82
72
76
82
78
86
76
82
86
76
98
82
82
92
66
80
90
76
86
74
74
76
82
74
98
76
86
94
74
88
78
76
94
74
92
88
84
78
96
76
80
86
82
82
78
86
86
72
88
68
70
72
64
54
76
62
60
68
72
62
54
66
84
110
140
160
166
200
200
202
188
172
136
182
264
278
260
220
186
166
132
118
124
122
118
114
94
78
74
46
42
44
50
62
56
60
70
68
72
66
78
74
64
76
76
82
68
70
82
86
88
76
82
80
66
86
70
88
70
74
76
72
88
90
86
78
76
74
80
74
86
84
90
86
82
84
76
90
78
90
82
70
90
78
88
84
68
72
68
60
72
56
64
66
72
72
82
72
70
86
114
132
164
178
208
228
236
258
262
262
236
194
184
220
314
302
310
280
248
220
186
180
190
188
184
176
150
118
100
70
62
52
48
52
62
66
70
70
72
72
80
84
76
70
90
72
80
86
88
88
88
78
80
72
86
82
76
86
74
88
88
74
72
104
78
90
94
80
96
78
86
86
86
92
82
90
78
94
82
90
84
74
92
74
80
80
66
62
70
54
62
60
68
82
82
84
90
94
130
158
186
216
244
266
288
282
288
320
326
298
256
228
210
260
298
328
322
308
292
258
228
236
250
252
246
234
210
176
142
110
90
66
48
42
46
54
58
64
64
66
66
74
78
82
78
76
76
84
88
80
96
82
82
86
80
76
80
76
80
78
76
72
74
100
78
72
80
82
74
80
76
80
84
84
84
90
76
76
88
76
86
88
78
74
64
66
60
48
70
50
48
66
84
86
108
92
118
150
196
236
274
284
310
324
344
346
344
356
342
304
270
232
232
284
300
316
324
334
320
288
266
286
296
296
290
282
258
238
200
158
124
92
66
46
42
54
58
60
58
64
58
66
70
80
68
78
66
70
80
76
86
80
82
84
70
70
76
74
80
72
68
72
86
88
96
74
70
92
64
80
78
86
86
88
84
88
74
74
84
78
88
88
80
82
68
60
54
58
64
62
62
64
100
92
108
140
182
216
272
306
330
354
378
388
386
384
360
358
324
282
252
222
248
280
294
300
324
340
338
316
306
332
330
322
316
316
296
290
246
198
154
122
92
56
48
54
58
56
52
64
58
66
78
68
84
74
76
76
82
92
76
86
92
68
94
84
82
98
80
88
90
86
84
90
92
96
80
82
94
76
84
90
80
96
76
80
72
90
80
84
78
76
94
68
66
64
58
70
72
70
86
72
92
114
170
190
242
288
318
358
390
406
402
418
402
384
346
330
286
244
248
256
270
296
284
314
322
330
332
324
320
346
334
320
314
326
332
334
288
244
198
168
138
94
50
42
50
52
52
62
56
60
72
62
68
72
72
68
74
82
74
78
78
64
82
84
72
84
72
78
82
80
82
96
78
82
74
62
90
76
80
86
78
90
72
72
68
88
78
76
68
66
82
56
60
66
68
78
90
80
98
88
106
156
216
254
306
362
388
398
378
384
374
384
376
376
344
294
250
234
274
282
294
310
312
316
322
324
322
324
318
340
324
306
300
318
328
340
306
280
238
204
182
148
76
42
48
54
56
58
56
56
66
72
60
82
72
72
80
80
84
76
70
86
68
80
74
70
78
74
76
82
80
88
102
72
88
90
66
96
88
94
94
90
86
76
74
72
82
76
78
68
62
76
78
78
76
98
102
102
112
108
166
202
264
310
356
388
378
388
364
352
352
364
352
334
308
262
238
232
282
310
316
316
330
344
344
326
324
328
320
334
314
292
284
306
322
344
326
322
280
242
228
208
120
58
50
50
50
46
50
54
52
52
70
68
68
68
72
80
78
74
72
88
80
70
82
80
70
78
82
76
90
82
84
88
82
76
82
86
74
74
84
82
74
80
70
86
70
70
64
62
64
72
86
84
98
100
110
98
110
162
216
268
328
368
372
376
384
372
350
332
318
340
312
292
270
254
230
248
318
340
336
350
360
366
354
332
336
346
322
316
308
292
316
308
336
332
328
330
316
296
278
252
164
104
72
54
48
38
46
52
44
54
66
60
60
72
66
84
76
70
82
80
92
72
72
86
68
80
84
76
90
94
80
98
88
66
86
78
80
86
82
84
82
72
82
80
74
74
62
52
74
88
88
106
102
108
110
114
150
216
280
324
362
386
382
370
364
366
352
308
302
300
280
264
250
254
244
278
338
360
366
376
388
378
358
334
340
348
342
326
334
314
338
328
336
328
322
330
324
314
308
292
226
164
130
96
88
52
52
52
54
58
60
58
60
76
66
76
76
84
86
80
80
78
68
76
72
70
76
84
78
86
76
86
88
70
76
76
80
72
84
74
76
74
76
78
74
60
58
56
74
96
90
100
118
106
114
158
206
266
332
364
402
398
382
376
374
362
342
306
278
264
272
266
272
272
272
298
342
370
384
384
398
382
358
332
330
348
352
338
332
328
346
356
344
326
318
330
338
328
314
294
248
212
184
168
138
90
48
42
44
50
58
60
64
76
70
80
72
80
78
76
84
80
70
86
76
78
78
78
76
76
78
84
78
78
86
76
82
70
84
74
74
82
74
76
70
58
58
62
76
102
94
92
116
102
144
214
262
318
368
380
396
408
384
368
384
370
334
292
282
270
274
290
286
294
300
324
326
368
398
402
414
400
360
328
346
352
362
354
364
372
372
372
346
328
320
330
334
320
298
278
280
260
256
218
200
122
78
60
44
46
52
58
62
74
72
82
76
80
82
68
86
72
68
76
80
84
80
70
72
74
72
88
68
70
102
58
78
82
74
78
74
76
76
64
68
86
64
64
90
108
96
102
108
136
204
262
316
370
386
386
398
410
390
378
394
366
324
280
274
292
292
338
312
318
308
324
328
364
398
414
418
406
358
336
326
338
392
372
390
372
384
376
344
338
332
330
324
310
296
290
286
296
294
272
236
176
110
88
68
54
44
48
52
68
70
74
74
86
88
62
78
76
70
64
74
66
66
72
60
74
74
74
72
78
86
62
68
76
72
72
70
78
64
60
72
96
80
82
92
102
96
98
126
186
258
304
362
394
382
398
412
400
392
390
382
336
310
276
292
318
330
358
344
318
324
340
330
350
390
420
418
398
346
332
330
330
384
386
406
398
394
370
336
340
338
324
314
306
294
292
284
304
332
304
296
224
162
116
84
64
48
50
48
60
68
74
72
80
80
72
78
88
78
74
82
72
74
88
64
72
84
70
74
90
78
82
70
74
82
68
76
88
62
70
76
94
98
102
92
100
94
104
172
238
304
348
390
400
390
408
392
388
378
354
338
304
298
274
314
344
380
386
386
318
320
342
322
336
394
428
426
402
346
324
326
326
370
402
402
408
392
368
326
336
338
318
312
312
298
292
300
312
322
312
302
264
204
164
116
94
68
62
50
56
70
78
80
76
80
82
82
84
76
72
78
78
76
76
76
64
80
82
56
72
98
78
70
88
82
68
86
78
70
66
82
104
106
104
102
110
96
140
230
290
354
386
394
402
408
394
376
372
348
322
318
278
284
302
346
374
392
396
374
316
306
358
326
334
390
404
410
402
362
336
336
318
360
402
420
424
398
348
326
346
354
330
326
334
328
330
322
316
322
310
324
300
262
224
174
134
86
66
50
56
70
78
74
72
86
72
80
82
82
62
86
84
76
66
76
82
76
74
70
88
94
80
76
86
86
74
82
74
70
78
92
108
106
110
104
112
106
194
270
336
374
394
410
400
386
378
346
342
334
294
264
282
296
330
380
392
404
390
360
314
322
350
342
322
376
402
408
404
368
338
334
316
348
392
410
424
396
334
336
340
364
350
332
350
354
348
332
316
312
332
330
322
290
262
244
188
144
100
88
42
74
86
72
80
86
78
80
84
78
74
78
82
82
84
80
86
84
82
70
82
92
82
72
80
86
76
80
72
78
96
100
112
108
112
114
110
164
248
326
366
378
398
392
380
360
356
328
308
284
260
242
278
312
332
382
398
408
396
354
326
344
370
346
328
360
390
414
410
364
328
332
318
338
380
412
414
384
338
334
336
366
362
362
362
362
344
334
326
328
334
338
332
318
304
296
246
192
136
112
64
70
78
76
86
94
86
86
90
80
76
72
82
82
74
82
84
82
86
72
78
86
80
74
80
90
80
72
66
82
108
102
106
104
108
106
120
220
306
370
388
382
392
360
350
324
324
308
280
250
244
240
288
338
342
396
420
394
366
336
328
342
374
352
336
342
360
402
414
390
362
338
326
320
344
392
398
386
350
340
338
354
374
380
372
370
350
352
340
330
320
334
336
338
332
316
286
234
176
140
94
66
68
66
76
88
84
84
90
86
82
76
86
86
78
86
78
74
86
74
78
82
76
78
80
94
76
66
66
84
108
108
106
108
110
106
168
278
360
382
396
390
384
332
320
300
294
282
256
230
228
238
294
350
364
404
414
392
368
338
348
370
380
360
350
342
352
388
408
398
364
344
338
322
330
384
400
400
356
352
348
344
386
382
376
362
348
324
338
340
324
318
310
312
318
328
318
274
214
166
128
70
68
68
76
86
80
76
84
82
78
80
84
82
78
84
72
74
90
76
78
86
82
74
78
90
70
66
76
88
104
108
108
104
110
132
226
338
394
394
392
388
362
304
282
270
258
242
236
226
232
262
318
350
374
394
408
378
344
344
354
370
402
362
348
336
336
366
400
408
368
352
338
318
318
362
386
398
354
350
350
344
388
380
362
344
330
346
350
332
316
308
312
310
314
326
328
294
240
182
148
76
66
70
78
90
84
78
86
86
82
84
88
86
78
82
74
80
98
76
76
90
92
74
78
88
64
70
84
86
96
102
110
94
110
174
270
378
398
414
384
366
326
276
248
240
232
240
246
242
256
302
350
364
386
424
400
372
344
344
366
380
404
380
362
344
326
334
370
400
382
384
356
334
330
354
374
390
362
354
352
358
382
386
360
356
344
344
350
340
326
304
302
298
304
326
334
314
278
212
176
94
64
62
70
90
88
80
88
92
88
86
98
96
80
86
78
86
102
78
76
94
96
78
80
88
64
74
86
80
92
100
112
94
134
228
324
394
404
418
376
344
292
250
234
236
236
262
272
258
276
324
366
386
402
404
378
350
344
362
374
342
372
354
352
350
334
336
354
382
394
386
370
356
346
350
358
356
336
340
340
346
354
364
348
358
356
374
356
336
326
322
324
316
306
324
326
314
294
226
188
102
50
60
68
88
86
76
84
88
84
80
96
96
82
96
82
88
104
82
82
98
96
78
78
86
66
80
88
80
98
96
104
96
160
262
374
394
416
392
358
320
260
222
226
242
244
256
282
276
310
350
380
398
400
382
350
334
342
344
354
302
334
340
344
348
336
342
340
350
372
392
390
370
342
336
344
334
324
338
342
344
350
350
350
358
362
372
352
344
340
346
340
332
310
324
316
302
296
234
204
128
70
56
64
84
82
76
88
98
96
78
90
94
90
90
78
90
102
86
76
86
90
74
76
72
72
84
90
72
88
98
96
92
190
306
372
388
402
364
314
290
248
232
224
260
252
286
304
300
318
356
376
412
382
350
348
342
352
346
342
258
276
312
320
338
338
334
322
348
356
368
372
372
344
358
342
324
326
328
338
334
326
322
340
364
358
358
348
352
334
346
358
336
306
308
310
322
308
252
216
142
94
70
50
72
84
72
86
86
90
84
92
96
82
92
70
92
110
80
76
98
96
70
70
80
84
88
88
64
82
72
84
80
222
332
366
392
388
334
274
276
244
238
248
276
296
304
320
310
322
368
376
390
368
354
330
340
336
338
318
226
244
272
318
328
334
336
334
330
348
358
372
366
348
352
332
324
326
316
322
324
324
316
324
356
368
360
342
342
332
348
358
336
312
322
314
334
328
276
238
170
116
76
52
66
82
74
88
90
94
84
92
96
82
88
78
80
94
92
80
86
102
62
68
60
84
88
76
70
70
72
78
76
238
332
352
366
338
310
268
262
266
272
284
312
316
328
320
320
334
362
370
380
348
344
342
348
352
348
314
234
226
254
296
342
344
356
346
354
334
352
370
356
334
334
320
328
334
330
330
324
314
314
330
356
360
354
346
358
356
360
354
334
320
320
310
340
344
298
260
204
146
108
72
66
82
72
80
86
90
82
90
98
84
98
72
80
98
88
80
90
96
74
66
70
78
72
70
56
60
64
66
98
250
318
340
324
294
262
264
276
298
296
306
338
338
340
320
324
342
344
358
362
338
340
354
364
364
350
348
270
256
268
318
348
358
366
364
352
336
356
366
350
318
324
324
340
346
352
344
326
312
316
336
350
350
368
356
362
366
370
364
338
320
320
316
348
354
328
296
244
188
136
94
66
82
74
78
90
98
82
88
98
82
98
82
88
102
90
76
88
102
62
66
58
74
62
58
72
58
60
62
110
232
268
288
270
270
274
272
300
320
328
352
354
354
356
354
340
348
342
354
346
350
342
376
348
360
350
348
324
288
292
324
354
366
362
360
362
352
366
356
350
322
338
340
350
358
360
348
338
332
332
336
348
366
368
364
364
364
356
352
338
326
318
320
336
342
342
324
268
210
162
122
70
84
76
76
88
96
78
82
94
86
92
90
84
92
98
80
78
104
72
52
66
74
74
106
112
108
114
104
132
222
240
246
246
270
294
300
322
338
332
340
358
368
368
370
358
362
346
358
356
358
364
368
360
358
364
358
344
322
316
324
372
382
372
352
376
362
380
352
346
332
352
348
354
374
354
352
354
350
348
348
354
372
364
382
398
398
372
356
342
334
322
322
320
332
350
350
296
240
182
150
74
82
78
74
82
86
78
78
92
88
98
80
82
96
94
86
88
92
72
58
74
104
106
140
162
156
160
150
168
234
248
248
244
274
324
328
322
340
348
352
380
370
364
364
362
368
356
364
370
354
364
372
368
378
376
356
360
346
336
364
368
384
380
360
348
368
378
358
342
346
350
350
354
374
346
350
354
348
354
358
354
362
354
366
380
394
378
358
330
310
318
312
304
322
336
346
310
262
198
172
76
78
82
82
88
92
90
80
90
88
94
94
88
94
104
90
84
102
70
68
126
162
158
190
210
222
210
200
222
248
258
268
256
296
330
334
338
330
340
360
374
364
362
380
372
368
386
380
376
360
352
362
376
384
360
362
356
368
352
354
354
358
376
354
358
372
360
368
348
362
350
354
354
360
348
344
350
356
362
358
352
370
348
352
356
370
358
348
330
320
328
318
312
332
326
338
318
282
226
200
86
78
86
88
92
96
96
82
92
94
108
78
82
100
102
84
88
118
124
124
180
218
206
252
286
268
270
266
272
284
276
284
288
308
348
334
336
332
334
360
360
360
356
374
394
376
388
392
374
354
362
362
350
364
346
336
360
378
370
364
346
364
354
348
344
362
360
372
354
360
368
350
368
364
346
362
362
366
378
386
372
384
350
336
352
350
342
332
336
342
350
334
324
328
336
324
314
286
232
214
88
84
86
92
86
100
88
82
94
100
100
84
86
98
100
92
94
132
182
182
244
260
260
302
318
344
332
326
314
312
302
306
308
320
366
356
348
340
356
370
352
348
350
382
380
404
390
402
372
352
360
348
358
356
354
334
366
384
384
364
352
348
356
350
346
366
362
350
360
348
374
372
376
382
368
360
374
374
374
382
410
380
356
326
332
332
324
340
346
324
326
340
318
308
320
322
304
282
244
214
84
84
82
84
90
102
90
82
92
98
104
86
82
104
104
88
94
166
216
230
292
300
300
332
348
358
352
356
338
330
324
328
334
346
362
360
364
358
360
368
356
352
376
396
390
412
396
378
364
340
376
354
356
358
354
352
376
396
404
368
354
352
364
350
340
380
362
344
358
348
366
376
376
394
388
384
370
388
376
368
396
384
364
352
338
332
334
338
334
346
332
344
326
322
322
322
296
278
238
200
74
88
86
80
92
96
92
82
88
96
96
94
80
86
90
86
92
174
278
272
326
304
310
354
354
366
346
358
348
336
330
326
338
354
370
394
384
370
372
372
354
378
404
400
400
402
390
350
358
342
372
360
358
358
352
366
398
430
408
406
382
368
356
360
342
368
366
356
342
352
354
366
370
384
372
404
380
380
370
370
384
390
374
374
364
350
340
364
364
346
350
342
336
338
324
324
306
274
232
192
72
86
94
78
88
96
88
78
88
94
114
94
78
102
108
84
86
198
292
314
316
314
338
338
344
354
354
360
350
338
336
336
352
376
404
404
386
384
366
386
382
388
404
392
390
398
366
352
354
362
372
356
354
340
362
372
410
426
406
418
402
390
362
360
356
374
370
358
336
354
360
368
368
364
386
386
398
392
370
342
370
394
386
386
378
382
368
366
356
348
352
340
342
332
334
344
332
290
238
194
84
78
98
80
86
102
92
84
96
104
100
96
84
90
104
90
86
184
292
322
332
318
332
342
348
366
364
358
354
342
354
368
388
414
416
410
372
366
372
398
394
404
400
380
386
392
352
354
348
362
384
376
368
362
384
404
412
430
406
394
402
410
382
350
368
388
368
354
366
360
368
364
360
356
384
398
418
390
346
334
346
360
368
406
402
390
392
380
354
346
340
334
336
330
354
360
338
308
240
188
108
78
100
84
86
102
92
84
96
106
102
92
86
94
112
90
84
186
264
324
338
338
332
336
356
352
364
360
378
368
382
400
410
426
428
392
366
364
370
404
422
404
392
366
380
376
352
356
360
358
364
370
378
376
370
398
376
430
392
370
392
404
372
356
368
368
362
356
390
368
362
350
348
352
366
396
404
386
350
334
320
346
366
374
390
408
410
386
368
346
330
324
328
330
350
360
338
314
250
182
142
84
100
90
90
96
86
78
88
98
98
96
94
84
106
92
90
180
282
338
344
336
332
332
338
368
352
362
404
398
408
424
420
424
412
366
344
346
378
414
438
414
374
348
358
364
352
372
382
376
384
368
384
364
372
388
340
392
368
328
358
398
362
362
358
364
358
362
388
370
350
344
344
348
348
392
408
376
360
340
326
328
342
380
396
398
406
368
346
342
336
330
332
328
326
368
362
324
276
192
170
90
92
90
98
94
96
84
92
102
104
102
84
88
98
100
90
196
292
348
368
346
340
326
326
346
352
376
388
414
430
426
422
404
392
354
342
352
400
420
430
410
360
346
348
344
356
364
392
370
368
364
376
374
374
378
338
352
326
280
328
368
338
358
380
352
344
358
380
360
360
338
370
356
342
370
400
400
382
360
326
316
324
352
378
398
400
376
356
342
334
336
328
316
330
348
362
336
288
222
174
88
106
78
92
96
98
90
82
100
96
108
90
92
110
100
112
236
298
360
364
364
330
324
332
336
338
362
390
416
420
430
402
402
368
324
368
376
412
430
428
388
352
342
360
344
342
356
364
358
340
362
376
368
370
360
314
330
324
268
292
332
330
336
380
348
348
354
366
374
366
352
366
352
338
354
392
392
390
360
344
332
322
336
346
356
378
364
350
336
340
336
344
326
324
328
352
326
298
224
188
84
100
94
82
96
98
90
82
100
94
112
88
84
116
102
122
246
320
366
362
364
316
322
338
338
344
370
390
424
426
418
384
368
346
342
356
388
414
426
426
378
348
360
358
358
352
350
368
352
352
364
374
364
348
342
310
298
312
270
282
330
332
350
380
360
356
364
364
364
362
378
386
350
348
350
362
402
398
390
362
342
326
324
332
346
370
342
342
354
356
354
356
332
334
324
344
336
306
234
192
84
98
102
82
96
104
96
88
102
102
116
96
86
112
114
128
244
342
362
366
352
316
326
336
344
356
360
394
396
406
392
350
336
340
356
378
402
422
442
398
370
366
366
382
372
366
364
364
366
362
374
388
380
360
354
330
294
294
278
310
332
332
358
372
364
372
358
356
360
370
380
390
362
334
336
356
392
400
386
378
356
338
332
328
332
350
350
352
340
378
356
364
352
330
324
342
322
304
246
174
88
100
98
92
96
108
98
90
104
100
106
106
98
100
116
130
254
332
354
352
350
338
346
348
362
360
380
378
382
386
360
362
342
346
364
404
412
422
416
382
348
378
374
400
390
378
364
360
370
360
384
390
376
368
358
342
324
312
308
354
342
356
354
382
378
378
362
354
360
356
364
370
358
350
338
340
378
402
410
406
380
376
346
332
346
338
342
352
350
360
358
356
350
340
328
318
316
300
240
152
90
100
92
94
94
104
94
86
102
102
94
100
100
98
116
122
246
318
356
334
354
348
358
362
374
364
374
372
366
360
360
352
350
362
400
410
412
402
378
364
354
378
372
374
382
376
364
370
366
382
384
384
366
358
352
348
336
320
326
350
352
360
346
376
372
384
380
356
358
316
332
332
348
350
348
338
368
366
394
398
402
390
386
372
364
332
350
362
350
356
350
358
358
330
328
320
310
290
218
136
92
98
96
88
96
106
96
88
102
110
104
98
92
110
122
114
212
310
352
338
352
346
352
360
362
368
380
368
360
362
366
376
368
390
412
428
410
382
372
342
364
380
338
332
334
334
378
368
378
398
382
390
376
364
358
354
342
334
344
344
356
348
354
366
362
390
376
346
352
286
270
276
342
360
348
344
350
364
378
388
396
402
396
380
380
358
350
346
342
354
364
366
350
338
326
300
298
264
188
118
92
96
102
90
96
110
100
88
102
100
112
96
80
114
124
104
176
280
318
344
344
350
358
364
360
360
362
372
338
350
368
388
400
414
404
420
398
362
340
360
354
370
328
284
294
288
358
376
386
388
382
384
364
364
354
354
374
360
360
362
344
336
358
360
356
368
368
346
332
262
230
242
316
340
340
338
354
346
366
362
390
396
410
400
384
364
344
338
344
332
344
360
348
346
330
298
278
238
166
98
90
96
102
96
92
106
94
84
100
102
114
102
90
104
124
110
138
228
300
332
328
352
352
358
368
364
366
352
338
378
394
410
418
424
422
420
380
342
328
344
364
364
302
258
248
254
344
348
372
380
368
368
370
366
360
362
380
374
368
378
340
350
368
344
336
344
378
336
318
252
230
230
304
328
322
334
332
336
338
350
370
392
412
400
376
346
344
340
342
360
336
374
372
358
344
300
266
236
128
98
90
98
108
92
88
114
100
86
98
94
108
102
88
102
122
104
112
184
264
300
338
352
340
366
348
342
340
346
340
384
406
420
436
426
406
392
358
334
326
336
342
350
290
232
224
218
314
336
364
368
350
348
376
368
350
360
402
384
402
364
344
366
356
348
326
340
376
342
320
266
250
248
308
324
334
328
340
320
330
340
366
364
396
392
370
350
330
310
326
348
348
370
386
360
350
300
260
214
108
96
86
102
108
98
90
108
102
90
94
90
106
106
90
102
126
106
94
148
228
302
340
364
366
348
352
346
352
368
352
382
408
418
428
416
384
364
338
328
330
336
328
322
302
246
238
252
314
328
364
366
352
336
370
374
374
378
394
396
368
374
352
360
380
350
332
332
364
338
324
302
302
300
328
348
352
330
348
332
334
330
332
352
370
378
360
336
328
316
328
336
348
360
372
366
342
308
250
200
98
102
84
102
104
102
88
100
102
92
92
94
106
108
92
100
126
116
92
120
218
294
350
378
378
356
354
348
362
370
350
374
406
412
398
384
354
344
332
336
348
356
344
344
334
306
282
306
334
344
376
376
362
348
382
382
364
368
380
384
374
370
362
382
388
358
350
348
370
354
344
348
356
354
362
356
358
358
356
354
344
348
342
340
344
354
334
318
332
336
344
348
352
352
356
366
344
320
258
196
100
106
84
98
104
102
86
102
106
92
92
92
102
108
94
98
120
118
90
104
192
296
358
368
382
364
344
346
364
360
354
380
402
404
374
372
348
346
340
348
356
354
340
346
328
352
344
346
364
370
374
374
382
376
378
386
378
380
358
358
368
354
368
382
376
374
364
366
384
378
374
382
386
392
400
402
382
384
360
380
370
364
348
336
348
350
334
338
344
346
366
372
368
352
356
346
340
300
252
178
100
102
88
94
108
104
88
108
110
94
96
88
100
110
96
96
112
114
88
100
196
296
358
372
376
364
338
346
370
366
372
382
376
376
360
346
336
342
348
370
380
376
366
370
358
380
382
372
396
394
402
400
386
382
386
398
370
366
354
350
338
356
362
352
370
372
378
390
400
398
398
404
406
414
420
402
400
416
392
394
386
384
380
344
344
348
344
342
334
346
362
368
358
354
348
336
326
286
238
148
98
96
94
92
106
102
86
104
108
92
94
90
106
114
96
98
112
116
88
104
182
306
340
364
382
344
348
360
390
392
396
390
370
364
370
350
354
366
372
394
398
394
394
402
406
412
414
408
414
400
408
396
404
406
380
366
348
350
344
352
364
356
358
356
358
364
384
408
412
404
402
400
400
406
406
410
410
420
406
414
402
392
368
364
354
352
354
346
344
368
358
348
338
348
338
338
322
288
218
120
96
92
98
94
102
102
86
96
108
94
88
94
114
118
94
98
114
120
90
94
166
280
334
348
354
358
344
368
390
390
382
378
360
342
350
362
378
396
396
412
412
412
424
420
408
404
398
392
394
408
406
396
402
400
376
360
358
358
360
356
358
358
366
348
354
374
384
380
390
388
382
370
370
382
388
394
398
408
398
420
404
408
378
358
368
350
342
358
362
376
354
350
346
336
338
322
312
258
170
104
92
92
96
98
98
106
94
90
112
102
92
90
110
122
102
98
108
114
96
96
146
256
310
334
360
350
352
370
376
376
386
364
356
346
358
372
388
398
426
424
426
422
412
396
368
372
376
364
374
388
378
394
390
386
362
352
362
370
374
368
370
370
368
356
346
358
374
376
376
366
360
350
350
354
370
366
362
378
384
400
404
412
364
354
338
340
356
346
360
372
358
340
334
322
320
320
278
210
144
96
88
94
90
86
96
108
96
92
110
104
92
98
108
122
102
94
108
118
88
100
128
210
266
308
346
348
352
364
382
372
392
366
362
354
370
366
392
410
420
434
418
410
412
382
358
362
354
358
340
364
374
388
394
384
356
350
370
384
386
380
376
380
370
370
340
364
368
372
364
366
348
354
350
332
362
358
340
362
354
378
394
390
364
352
350
344
352
356
364
360
354
348
328
316
316
292
238
184
110
92
86
94
88
84
94
108
94
94
110
104
92
98
116
120
98
104
118
120
96
102
116
166
212
260
308
332
350
360
374
380
380
376
362
358
372
360
386
404
420
424
412
378
374
348
358
350
340
348
352
358
358
398
410
382
356
356
370
384
382
364
382
370
368
352
358
374
370
380
366
352
344
354
342
346
366
350
340
346
344
364
364
374
352
340
332
336
348
348
368
370
358
348
332
314
302
250
180
146
96
90
86
96
90
86
94
106
92
98
110
104
88
96
100
116
100
92
114
128
90
104
114
134
162
206
258
302
330
352
368
388
368
374
370
354
364
354
374
408
410
384
370
356
356
348
342
338
358
368
360
360
374
410
426
388
372
366
360
374
382
374
364
368
362
360
350
374
384
394
372
366
386
380
370
384
380
366
356
350
354
350
346
364
348
342
336
344
350
338
358
368
358
354
352
306
278
204
128
106
98
92
88
98
92
86
94
108
92
94
106
102
90
92
108
114
94
96
110
116
94
104
114
114
122
156
210
260
292
342
392
396
382
358
370
352
360
356
362
408
384
382
348
354
350
358
350
370
370
382
376
390
392
396
422
388
378
366
354
368
384
364
360
380
358
358
370
384
388
404
374
382
406
396
410
404
408
400
366
364
364
342
356
356
354
348
362
368
360
352
358
352
362
356
350
282
250
164
104
92
104
94
88
98
94
88
96
108
96
94
104
102
94
100
98
118
108
92
110
128
96
96
118
116
104
122
164
210
250
324
404
412
392
354
350
364
362
378
378
388
366
386
362
360
360
378
364
398
408
410
412
408
404
400
422
390
386
380
374
376
384
364
346
372
380
370
384
374
394
384
380
366
394
400
420
418
432
416
384
370
376
356
362
358
346
350
366
384
382
364
364
352
356
356
334
270
230
130
92
100
108
96
88
98
98
94
100
112
102
94
102
104
96
94
100
114
104
98
108
120
100
94
120
128
106
108
128
152
192
274
360
408
382
358
352
382
378
396
400
380
364
362
360
368
386
380
390
428
424
416
444
410
386
384
400
376
388
388
384
374
374
374
364
400
382
390
394
388
372
360
376
354
388
404
416
428
430
412
396
368
372
370
356
360
350
364
366
388
388
364
362
348
342
354
322
260
198
110
82
98
102
98
88
98
102
100
102
114
106
90
98
102
100
106
102
120
112
98
108
122
96
100
122
130
110
110
110
108
136
214
298
384
370
356
378
390
402
394
388
380
376
372
366
382
374
394
384
436
426
426
414
380
382
366
384
380
412
410
396
386
400
390
384
406
408
406
416
404
382
366
358
354
368
374
402
418
420
408
386
372
348
362
354
354
374
370
372
378
374
370
368
342
348
334
302
230
156
106
90
100
106
98
86
96
104
102
100
110
104
90
98
100
98
102
102
124
116
102
110
124
106
96
114
138
108
118
122
112
104
162
248
328
344
366
380
396
392
374
384
378
382
386
366
358
364
370
382
418
418
408
384
364
352
360
360
390
434
408
410
406
386
406
404
428
420
408
424
410
388
376
360
360
350
352
372
380
408
372
362
368
344
344
358
356
386
372
372
368
366
350
360
348
336
318
262
194
136
112
92
96
104
102
94
106
110
100
106
110
104
94
90
102
102
104
100
124
114
98
106
118
104
102
122
128
104
108
108
118
102
108
180
264
288
360
392
400
402
394
386
392
406
380
348
366
364
372
370
424
382
362
362
364
356
358
382
408
422
430
414
404
400
418
418
416
406
406
422
420
398
374
364
348
354
360
358
350
372
366
356
354
348
344
346
352
388
392
372
356
352
342
340
328
320
280
216
152
114
108
98
98
100
92
86
102
106
102
98
114
108
94
94
108
106
108
100
130
120
102
112
122
118
94
110
122
106
106
112
126
104
102
122
202
222
308
376
402
400
392
384
400
392
376
360
352
344
352
382
396
382
358
364
358
370
374
398
432
436
428
394
390
400
428
444
422
400
390
392
408
404
378
366
354
350
352
358
328
360
352
352
354
364
354
346
346
380
388
370
348
330
328
318
300
278
238
174
124
108
108
100
104
104
96
90
106
108
104
90
116
110
94
98
114
110
104
94
128
116
100
112
118
118
102
102
130
112
104
122
122
100
108
122
136
172
248
310
408
392
372
404
404
382
370
350
366
362
360
384
368
352
364
364
370
376
386
398
422
430
414
396
382
380
426
434
400
380
382
380
392
400
384
384
356
354
358
356
352
356
354
358
360
368
354
358
356
392
376
364
342
314
314
290
264
228
192
138
106
106
102
94
98
104
102
98
106
112
106
88
114
108
96
98
114
110
106
92
126
116
98
106
114
116
112
104
128
110
98
126
130
106
106
124
116
128
184
248
348
376
394
406
420
380
354
356
366
384
386
380
366
338
350
378
380
370
368
400
428
418
394
376
368
380
412
404
380
364
370
366
368
398
392
364
364
352
362
372
358
354
342
348
374
390
382
382
358
388
378
362
336
308
300
246
210
182
152
108
90
104
102
96
96
102
100
94
98
116
104
92
114
112
100
98
112
108
114
98
126
122
106
112
122
122
104
108
120
116
100
122
142
112
106
130
112
112
132
178
292
326
356
400
398
378
374
380
392
404
394
392
362
362
370
384
374
366
376
374
410
406
390
368
368
370
400
382
376
360
358
352
348
390
374
352
346
354
362
352
374
364
360
348
370
388
386
380
350
384
368
362
332
292
270
200
154
124
124
100
92
108
104
96
96
106
102
92
98
118
106
98
112
116
104
98
108
108
114
96
118
118
106
110
126
124
102
114
130
124
104
120
134
106
110
114
128
106
106
142
234
272
302
368
400
386
380
394
378
404
396
392
362
366
400
358
368
358
362
356
398
406
380
372
378
378
384
354
354
356
364
364
352
374
360
344
350
346
350
350
368
384
366
352
366
380
384
368
336
354
346
350
306
254
222
158
116
88
108
98
94
108
102
96
92
104
106
90
106
120
110
98
110
116
106
96
106
110
118
100
114
116
104
104
124
120
98
106
138
124
102
126
130
116
104
130
132
106
116
112
188
216
254
296
346
386
378
394
390
398
398
382
378
386
394
370
356
336
358
380
390
388
380
404
376
364
360
340
352
362
362
358
352
368
354
360
352
348
352
354
370
380
374
360
356
358
366
354
338
342
340
328
270
218
186
124
98
94
108
98
88
102
108
110
98
102
104
84
108
116
110
94
108
116
106
96
104
106
110
104
116
128
112
108
118
130
108
110
134
118
116
120
132
108
104
126
126
108
114
124
134
162
180
256
292
334
368
378
378
384
376
378
380
392
404
352
360
346
370
398
406
382
372
400
394
354
362
332
336
364
354
374
360
360
366
362
360
362
362
356
378
366
368
366
350
354
358
334
320
318
314
290
226
182
144
112
92
88
110
106
90
100
100
100
94
98
114
80
100
118
106
102
108
116
110
96
96
108
112
98
112
128
114
104
120
134
108
114
130
122
110
118
132
110
108
124
128
108
106
130
134
118
124
186
220
320
366
372
348
352
352
352
378
406
412
366
360
370
390
408
396
362
366
382
410
352
362
324
356
352
386
366
370
354
362
362
378
380
388
358
372
356
362
356
338
336
334
316
300
286
254
238
188
146
112
106
98
84
108
110
98
104
108
108
98
100
104
88
96
118
104
92
102
108
100
86
92
108
120
98
112
134
116
102
120
140
106
114
124
126
106
116
136
116
104
132
134
108
112
134
124
104
112
144
166
262
330
330
336
356
350
344
370
392
394
376
372
404
394
416
390
368
398
384
402
372
364
344
360
376
392
386
370
362
376
384
378
386
366
360
360
356
354
352
334
310
290
276
262
242
204
204
152
114
108
112
98
90
102
110
100
102
110
108
94
98
100
94
88
116
106
98
106
112
108
96
102
118
122
96
112
132
116
98
118
136
108
114
122
130
110
120
144
126
110
132
134
110
116
130
122
112
116
130
130
200
276
286
304
310
328
334
362
378
392
394
394
412
396
406
378
360
386
382
390
394
380
370
380
392
402
394
374
372
360
374
378
368
362
356
358
342
350
342
318
274
238
230
218
190
172
152
120
106
100
112
104
84
106
110
104
104
116
108
92
104
104
100
86
112
112
110
108
120
108
94
96
112
126
104
120
134
122
104
122
136
112
112
124
134
116
120
150
128
124
122
132
118
106
126
130
106
120
140
118
166
212
244
262
270
284
308
340
360
386
390
398
398
386
388
380
370
370
382
396
372
382
388
386
402
390
386
362
368
354
364
370
362
356
350
344
322
332
310
274
222
190
190
176
142
122
124
98
90
108
114
94
96
108
108
102
100
114
104
90
104
110
104
96
110
112
112
96
118
112
96
98
112
126
108
122
132
128
110
126
138
116
110
128
136
114
116
142
124
112
124
136
116
102
124
128
106
106
136
134
154
182
198
216
222
236
268
298
330
362
368
392
392
384
374
360
356
366
368
396
372
376
380
392
390
390
366
356
354
366
352
344
352
334
332
320
306
292
264
226
174
142
148
138
114
104
110
110
102
96
112
104
94
106
100
100
94
108
100
88
100
106
102
104
114
114
108
90
118
112
96
96
110
118
104
116
124
130
106
120
136
118
110
130
140
106
114
134
126
102
126
140
116
106
124
126
110
116
126
120
104
134
148
166
164
176
210
242
286
324
342
360
360
350
346
334
348
366
360
364
368
366
376
372
390
364
360
336
334
326
288
298
296
304
286
288
264
236
210
178
134
110
118
116
108
98
122
116
96
96
110
94
92
106
100
104
94
108
108
94
98
108
102
98
112
118
104
96
118
114
96
96
108
124
108
118
126
136
110
122
144
120
112
132
146
104
120
134
134
116
116
134
124
104
126
130
98
108
134
130
110
108
128
124
120
142
170
186
226
260
294
300
294
302
290
288
294
286
318
316
338
358
356
356
356
344
322
306
292
280
238
236
240
240
242
242
212
192
164
136
104
96
112
112
110
102
114
112
98
94
110
98
92
100
96
106
90
104
110
98
92
120
104
90
108
120
102
102
112
108
92
92
106
120
108
112
126
144
100
128
140
130
116
130
142
112
114
132
132
114
112
134
124
106
122
142
106
102
128
134
110
112
128
120
106
118
138
152
174
222
234
246
240
258
252
242
242
236
252
270
282
294
310
312
308
294
278
260
226
220
180
192
192
200
190
180
166
148
110
112
110
98
110
112
108
102
108
114
102
98
116
100
92
92
94
108
94
96
112
96
90
108
98
94
106
116
100
94
110
116
100
94
108
116
110
108
136
132
98
118
142
124
114
128
140
110
110
126
124
114
108
132
116
102
114
134
108
108
126
126
102
110
130
120
102
116
130
126
134
164
178
190
192
208
206
194
192
188
198
212
226
238
256
260
260
240
214
202
178
166
134
140
136
140
140
140
140
102
90
110
108
96
110
116
106
100
112
120
100
90
110
100
96
104
100
112
98
100
114
98
94
116
98
90
102
114
104
96
100
112
98
94
110
126
118
112
144
128
102
118
144
124
118
130
138
112
110
122
128
112
104
130
112
104
114
132
118
108
128
130
108
110
130
124
110
114
128
116
116
128
142
144
144
164
166
144
140
142
148
160
178
194
202
202
204
190
160
146
128
118
102
106
102
98
98
98
106
102
94
112
108
94
110
114
102
98
114
124
102
88
112
106
100
102
98
106
96
98
108
94
92
112
110
88
92
120
108
86
100
110
98
94
108
130
116
114
136
128
102
120
140
126
120
128
136
112
110
124
136
112
104
132
116
110
114
132
126
104
128
136
116
114
132
128
116
114
130
116
114
114
128
114
110
128
136
110
108
116
120
122
138
154
154
146
152
146
124
112
100
100
96
102
102
98
98
96
106
102
92
104
102
92
102
110
104
94
108
116
104
94
114
110
98
96
98
106
96
96
108
96
92
108
102
94
98
110
104
96
100
112
100
96
108
126
118
114
132
124
106
122
144
122
112
122
134
110
108
122
138
112
104
132
122
112
112
130
126
104
122
132
116
114
132
128
110
108
126
110
108
108
130
112
108
118
130
108
114
126
118
108
110
118
120
112
118
118
104
102
102
102
96
96
96
94
96
96
104
98
98
112
112
98
104
112
108
94
102
110
104
90
104
104
94
88
98
106
94
96
108
98
86
96
112
94
88
114
106
88
104
112
102
98
110
126
126
116
138
120
110
114
148
124
108
120
138
114
106
122
138
106
104
126
128
110
112
134
126
106
124
134
116
110
128
128
112
106
124
112
108
112
136
118
110
120
132
106
114
124
114
102
98
116
116
100
110
120
108
108
110
108
94
94
94
94
88
92
94
94
100
108
102
92
102
108
96
100
108
114
108
86
96
104
98
86
100
106
94
94
108
100
86
104
104
96
92
104
108
100
94
112
102
96
108
126
120
110
134
128
110
108
148
132
106
120
144
116
106
124
140
106
108
122
136
108
114
140
126
108
126
138
120
110
126
128
114
112
128
120
106
110
130
110
100
132
138
108
114
124
116
114
112
124
114
98
114
128
110
106
112
108
92
98
104
104
96
106
104
100
104
106
102
98
108
114
102
102
110
114
108
88
100
108
96
94
106
108
98
98
110
106
92
106
116
100
88
106
112
100
100
114
104
96
104
130
110
104
128
152
122
120
156
138
106
118
144
114
102
124
140
114
116
122
140
104
110
140
122
112
122
130
118
114
132
128
106
112
126
118
100
106
132
118
112
120
128
100
110
118
114
118
116
114
110
100
122
130
104
102
118
112
90
98
100
98
86
104
102
98
102
108
110
100
96
104
104
96
106
108
104
90
106
110
88
94
102
102
94
94
104
102
96
110
116
108
96
102
112
112
106
118
108
100
106
138
120
110
120
146
118
118
142
132
108
114
138
114
104
122
136
118
116
128
130
110
108
124
122
110
120
128
118
110
116
134
108
114
124
114
106
112
124
110
108
126
132
108
110
124
124
108
108
110
106
100
110
132
106
100
112
116
102
106
110
106
96
102
104
102
94
106
108
100
98
118
108
98
108
112
110
92
94
112
96
90
104
114
96
100
104
96
84
108
114
102
98
110
120
102
102
114
110
104
102
134
120
112
126
154
122
116
136
138
112
114
142
116
102
122
140
110
106
122
126
108
110
126
124
108
120
128
120
110
116
134
108
116
124
110
102
108
122
112
110
122
130
106
104
120
122
110
112
110
108
100
110
130
108
100
112
110
98
102
104
102
94
102
106
100
94
106
110
102
100
120
110
100
106
114
108
90
94
108
96
82
96
106
90
94
100
96
86
108
114
102
94
104
118
104
104
108
106
98
96
130
120
112
126
158
124
114
130
140
112
114
142
118
102
120
142
110
106
122
128
108
110
124
124
102
118
124
116
108
110
128
106
114
124
110
102
108
122
116
112
120
128
106
104
118
122
112
114
112
112
102
108
128
110
102
112
108
98
100
102
100
92
102
110
98
94
106
110
102
100
118
108
100
102
116
108
90
96
104
98
88
98
106
88
88
96
96
88
102
114
102
92
100
118
106
104
114
114
106
98
132
124
110
124
156
122
116
132
136
112
112
136
116
102
122
144
116
108
126
128
110
110
124
124
106
122
128
120
110
112
130
112
108
120
110
106
110
124
118
110
116
128
110
110
124
124
110
110
114
116
102
108
126
114
104
112
110
102
102
102
102
94
104
114
100
94
108
112
102
98
116
106
100
98
118
108
90
102
106
102
94
104
112
90
88
96
98
90
94
110
106
94
98
118
106
100
108
110
100
88
