80
72
64
66
78
70
74
74
74
64
64
80
72
74
74
80
68
70
76
70
74
74
78
74
68
68
76
64
68
84
74
62
70
76
58
66
70
80
58
68
74
68
66
64
76
66
66
68
66
58
66
76
66
64
74
78
68
78
72
70
68
68
74
66
66
68
78
68
76
78
78
72
74
82
68
76
74
80
66
76
78
74
70
72
78
70
68
72
80
72
70
82
80
62
68
80
68
66
68
72
76
70
64
68
82
74
78
78
74
62
70
76
80
72
80
80
76
74
76
70
72
70
74
72
66
72
78
68
68
80
78
64
70
80
64
72
76
76
66
64
72
70
68
64
74
64
64
70
68
56
64
70
64
58
68
70
64
72
70
70
66
68
76
66
70
72
78
70
72
76
72
70
74
80
68
72
74
76
66
76
80
68
68
74
72
70
72
74
78
82
74
80
70
70
72
78
74
72
74
78
80
74
66
70
82
70
70
72
76
64
68
70
74
66
72
76
76
72
76
72
72
66
74
76
66
76
78
72
70
76
80
68
76
74
78
70
72
78
64
66
72
70
66
64
74
66
64
68
72
58
64
64
66
58
68
68
62
66
72
74
66
68
76
66
68
70
72
68
66
72
66
68
72
78
70
68
76
76
68
76
80
64
66
76
70
70
76
76
76
84
74
82
68
76
74
76
72
70
74
78
80
78
70
74
88
76
76
80
80
72
68
78
70
70
72
84
74
68
76
80
78
68
74
78
66
80
78
74
70
74
82
70
76
82
74
70
74
66
78
66
74
70
64
64
76
72
66
66
74
58
64
62
70
60
70
70
64
62
72
74
62
66
74
64
64
70
72
70
64
76
72
72
72
76
72
68
78
74
70
72
78
68
66
76
74
74
76
82
76
78
72
86
78
74
72
78
78
74
74
74
82
80
72
72
88
74
72
78
74
74
70
80
74
72
72
88
80
70
80
84
80
68
76
78
66
78
76
74
72
74
82
70
80
76
86
68
72
76
72
72
72
70
64
66
74
72
64
68
72
58
62
58
70
60
68
70
66
58
68
70
58
62
68
62
56
68
70
66
60
76
70
68
68
74
70
68
78
74
66
68
76
78
66
76
80
78
68
84
78
74
72
84
82
72
76
84
70
66
70
74
82
82
70
70
86
70
66
72
72
72
78
78
82
66
70
82
80
66
76
82
76
68
80
82
68
76
76
74
72
78
80
70
72
84
78
72
80
72
78
64
66
72
68
68
66
66
60
68
68
56
56
56
66
56
60
64
64
54
62
64
56
60
62
62
50
60
66
58
56
68
64
58
64
74
70
70
76
76
66
68
74
84
68
76
82
80
64
80
76
74
72
74
76
72
78
82
80
76
76
76
78
82
72
74
92
78
74
82
82
78
80
78
84
68
72
84
76
64
74
80
74
68
82
82
72
74
78
72
72
80
78
72
72
80
82
66
76
80
66
62
66
72
64
64
62
62
54
60
60
52
50
54
58
50
52
58
58
48
54
54
52
54
52
56
52
56
62
54
58
64
62
60
60
72
66
70
74
80
68
70
72
80
68
76
76
80
66
76
76
78
72
76
72
74
76
76
70
66
68
70
76
80
72
72
90
74
68
76
78
76
66
74
74
74
72
90
80
66
80
86
78
70
80
78
72
72
82
72
70
82
76
74
72
88
76
64
76
78
68
62
70
70
56
60
62
64
50
48
52
48
44
50
50
46
44
54
50
42
48
46
46
48
42
48
46
42
50
46
54
54
56
58
56
70
60
68
70
80
66
72
68
74
66
76
68
80
70
72
78
82
74
86
76
78
72
74
78
74
74
78
68
82
74
66
88
78
70
74
78
76
72
76
74
72
66
86
80
72
80
80
80
74
80
86
68
76
84
80
76
72
82
70
78
76
80
72
68
74
64
54
62
62
62
56
56
56
48
48
56
46
54
50
56
42
54
46
44
46
46
48
46
42
48
42
44
48
52
40
44
50
56
44
52
64
64
54
64
72
72
66
74
70
72
74
76
72
66
74
80
80
66
76
80
80
76
84
80
74
80
80
76
90
70
64
74
78
70
82
78
76
70
72
72
70
64
84
90
76
82
86
84
72
76
86
74
78
88
80
76
74
84
74
68
76
74
64
64
68
64
50
62
60
46
48
56
60
64
62
72
70
68
70
68
70
70
64
62
66
68
56
48
66
54
50
50
42
40
40
44
42
46
50
48
52
66
66
66
74
72
64
72
70
72
72
74
72
68
78
78
82
74
78
80
72
72
78
78
78
82
74
72
84
70
68
78
82
64
68
80
76
68
72
72
72
64
80
80
62
68
80
84
68
78
90
78
76
86
78
72
72
78
74
72
76
80
58
58
70
52
50
52
54
36
48
64
70
90
90
94
110
110
102
94
90
82
84
94
98
102
108
96
108
86
84
76
70
56
50
48
50
46
48
56
42
56
62
58
70
70
62
82
70
62
64
74
76
66
64
76
78
74
76
82
72
72
78
78
70
74
78
72
82
78
62
78
76
68
68
80
76
70
72
74
76
68
80
88
70
70
82
84
68
78
88
78
72
84
74
70
68
72
70
68
84
68
56
58
56
56
50
46
56
54
70
86
96
124
136
146
168
180
160
154
130
118
122
138
154
148
172
166
156
144
130
102
96
74
68
64
70
62
64
68
46
48
52
50
64
60
64
64
64
66
66
70
72
68
74
78
76
70
72
86
74
76
76
86
70
74
84
70
82
88
68
78
76
72
76
80
78
72
72
76
78
70
78
82
70
70
80
86
76
92
96
76
72
82
78
72
68
72
70
68
66
70
54
58
68
56
74
66
72
82
96
118
144
172
196
208
220
228
216
216
186
160
164
194
218
210
216
218
210
202
178
156
128
100
102
100
100
96
106
82
64
50
50
52
60
54
68
70
64
62
64
76
82
70
66
80
78
76
76
88
74
74
76
86
76
78
78
72
84
82
74
78
92
72
72
80
80
72
72
74
80
70
76
92
84
78
80
80
68
82
82
76
74
78
78
74
66
74
68
56
64
60
64
72
76
90
100
104
104
108
120
154
196
228
256
268
276
274
278
264
244
208
222
246
260
264
260
266
258
242
232
214
178
148
146
148
154
156
154
124
96
50
44
48
60
54
62
64
70
76
70
68
68
62
66
74
80
82
86
90
76
76
80
84
72
72
74
82
84
76
62
68
92
74
74
84
84
74
72
72
78
70
76
86
80
76
82
84
74
92
90
78
78
72
76
72
56
72
64
52
54
74
80
96
120
132
150
162
162
156
168
202
246
280
298
300
304
304
310
294
282
246
260
284
294
290
296
296
288
276
278
248
212
192
188
200
216
220
200
180
142
74
58
44
52
56
54
56
60
62
62
70
76
66
62
72
78
74
84
88
80
76
80
86
70
74
82
70
80
92
68
72
80
72
74
88
86
76
72
72
78
70
78
78
74
70
80
84
72
90
90
82
82
70
74
66
48
70
58
56
68
92
112
134
168
196
208
218
226
212
222
248
278
312
318
322
314
322
324
328
316
286
286
302
328
298
302
296
296
302
296
286
240
228
234
248
252
254
230
212
184
120
92
44
42
58
50
50
56
62
60
64
70
62
62
78
76
60
72
78
78
68
68
76
72
76
76
76
80
88
70
78
82
74
64
78
92
76
78
66
90
72
74
88
82
72
84
88
78
82
88
78
76
78
70
58
62
60
44
58
90
120
152
182
222
260
266
270
276
262
262
280
302
330
344
316
314
326
320
324
326
320
308
320
322
306
298
286
294
298
298
300
268
250
284
270
274
278
248
242
226
168
124
102
76
52
48
48
44
54
54
62
64
74
66
72
80
70
86
84
74
70
78
80
80
82
84
76
80
88
70
74
84
82
72
82
82
80
70
78
82
76
74
90
84
70
80
88
78
80
80
80
72
70
74
58
48
60
62
80
110
140
194
244
270
302
298
300
302
302
294
318
312
326
322
316
316
300
304
322
342
324
334
318
314
302
290
284
288
302
308
296
280
278
302
290
284
288
264
278
260
210
166
160
106
70
50
46
50
52
56
52
72
76
68
78
82
70
78
76
72
70
78
84
80
78
78
74
78
86
72
68
78
80
68
86
80
82
72
90
86
82
82
82
84
74
80
84
76
80
82
78
70
66
72
64
62
74
74
102
154
196
246
290
294
320
318
308
318
330
320
336
314
326
326
318
306
302
304
322
334
334
334
322
318
318
304
300
290
298
302
304
290
288
304
302
290
282
254
268
288
254
204
204
160
118
72
44
50
50
52
42
60
68
66
78
84
72
74
76
78
78
82
82
78
76
76
74
80
90
80
74
84
86
66
74
76
72
72
78
86
76
80
78
86
74
78
84
74
78
80
80
62
58
60
64
78
96
106
128
182
234
268
314
320
330
320
320
320
322
324
334
318
308
302
334
318
318
310
314
316
336
344
324
320
320
306
304
302
306
308
306
302
302
304
288
268
262
258
264
282
244
232
252
222
164
108
72
56
54
46
48
48
62
60
68
78
74
70
74
78
74
72
86
82
76
72
70
78
86
82
74
88
90
68
76
86
80
78
76
92
80
80
86
90
72
74
88
80
74
70
74
52
66
80
94
108
124
162
190
230
284
296
330
332
320
314
292
306
328
336
340
324
314
320
336
348
338
348
348
344
336
354
336
338
338
332
328
336
322
314
314
314
310
308
284
268
256
272
260
284
264
252
274
248
198
148
114
86
68
52
54
54
64
58
74
84
86
78
82
84
76
72
80
80
80
78
70
82
80
76
68
84
84
64
72
86
88
68
76
84
80
72
82
90
72
76
88
78
72
74
66
58
82
104
132
160
180
212
228
250
302
308
324
324
308
316
302
302
320
326
348
334
320
312
350
352
342
350
354
350
348
350
330
342
354
356
350
356
324
304
328
324
316
316
296
290
268
282
274
282
274
246
288
272
230
166
136
124
100
74
44
50
56
56
64
76
82
68
76
80
74
70
78
82
82
78
72
90
84
78
72
86
86
72
76
86
92
68
84
86
86
74
78
90
78
80
86
72
70
78
68
84
102
130
170
212
248
268
294
298
322
320
324
326
312
314
296
302
316
320
332
330
322
326
352
356
378
384
382
358
358
340
338
350
374
376
374
374
344
328
326
330
340
330
310
310
296
312
292
280
286
262
286
256
234
212
162
164
150
116
62
48
46
52
56
68
80
68
78
84
80
80
76
82
84
78
62
88
82
76
72
88
88
78
68
78
82
64
78
86
80
70
86
96
78
80
88
70
62
70
66
106
138
194
232
252
292
312
306
324
342
326
308
320
330
340
326
330
324
336
334
344
316
320
334
374
388
398
380
354
342
348
340
356
396
398
398
378
346
328
332
332
344
332
334
346
332
332
312
300
298
268
272
262
242
226
204
196
194
158
108
62
52
48
52
64
78
66
78
82
78
78
82
86
84
78
86
86
82
80
70
84
84
76
68
78
90
70
74
90
92
76
84
90
76
86
88
68
70
60
82
134
182
236
284
300
318
318
328
344
334
338
322
312
332
350
334
344
350
354
352
342
324
330
338
374
396
404
386
368
346
344
330
356
394
400
388
388
350
326
322
324
338
366
354
356
354
336
322
308
292
282
276
244
246
212
222
226
246
204
156
88
62
44
44
64
68
60
68
86
86
74
82
88
80
80
74
80
84
84
72
84
86
78
74
86
90
76
76
88
94
78
94
88
86
70
86
84
48
70
100
158
222
278
318
328
330
326
334
340
328
336
336
334
340
350
358
362
376
368
364
340
330
322
336
372
404
400
412
344
340
346
332
340
390
400
410
386
348
320
340
318
358
378
366
386
368
352
326
320
310
292
284
254
252
234
228
260
298
246
198
136
100
54
50
50
74
74
64
80
90
66
84
92
86
80
70
78
86
88
76
86
88
78
76
78
90
74
68
90
80
76
84
90
78
64
72
64
52
78
144
194
270
292
340
330
332
326
318
326
324
338
346
346
344
360
374
398
396
384
374
350
324
326
340
366
392
408
404
338
340
338
324
332
378
404
404
390
350
340
338
318
344
376
374
398
388
338
332
328
320
296
292
270
260
250
252
258
298
280
254
178
132
96
66
54
58
54
72
84
82
80
74
88
86
80
76
76
84
86
76
86
90
76
74
88
82
82
74
84
88
78
86
100
78
78
70
60
90
102
168
228
292
322
332
334
308
314
300
314
324
338
350
352
346
362
386
394
418
392
380
334
338
324
332
382
382
390
388
346
328
342
330
330
364
400
410
406
344
316
334
318
324
374
388
392
392
338
320
312
316
302
302
296
288
278
268
264
288
280
288
238
188
138
124
62
54
54
64
78
86
74
78
92
88
80
78
74
84
80
70
78
92
82
76
78
90
80
72
94
82
84
90
88
82
70
70
82
106
136
198
254
310
326
330
332
306
322
308
318
324
344
360
364
346
348
374
412
416
402
378
336
322
334
344
374
398
382
368
338
342
344
338
330
356
370
390
380
354
332
336
312
320
370
398
392
382
356
328
318
334
324
314
312
304
294
272
274
288
280
300
278
232
178
168
90
60
58
64
72
84
80
76
86
78
70
76
74
88
82
66
72
96
92
66
80
80
80
74
84
88
78
88
96
92
74
90
114
136
190
244
280
332
316
342
322
322
336
332
340
344
358
364
366
348
334
378
404
430
404
372
324
336
332
354
384
394
364
362
336
336
348
338
322
326
354
386
386
364
334
336
324
310
348
390
396
392
346
322
312
328
338
340
344
330
316
282
274
280
282
290
270
242
228
208
134
66
52
68
78
82
90
80
90
82
76
78
72
90
84
70
76
98
90
74
78
94
78
78
92
88
84
76
98
88
86
114
142
188
242
278
312
338
338
346
336
324
344
350
366
368
376
364
362
354
334
366
416
414
390
354
328
330
342
370
388
378
364
334
338
346
340
348
344
322
344
354
374
376
358
342
332
308
328
370
394
400
334
328
324
326
344
364
358
328
312
294
290
280
270
268
268
250
248
258
180
94
74
56
76
92
76
80
88
80
76
84
72
86
84
76
80
94
78
76
86
96
78
80
88
94
82
88
92
94
106
140
188
244
286
312
334
340
334
346
340
336
360
358
378
382
386
366
364
364
340
360
402
402
368
332
318
338
344
370
402
376
354
320
330
352
344
348
352
330
330
356
378
398
362
346
308
318
320
342
376
374
340
326
336
330
348
378
362
322
316
308
298
272
266
260
266
240
238
264
222
126
90
70
82
88
82
80
88
82
80
78
76
90
86
74
88
94
86
74
88
94
80
84
92
94
78
92
98
102
128
170
246
284
330
340
332
340
336
338
336
344
346
356
392
404
388
372
346
364
350
368
404
382
364
322
326
336
340
384
388
380
336
322
344
346
364
366
366
338
314
352
362
384
384
374
326
310
304
326
358
384
342
340
336
342
346
388
360
320
304
308
308
294
272
258
258
236
234
264
258
166
130
84
74
86
82
90
88
88
88
78
72
94
96
74
82
94
86
74
86
94
82
84
86
92
82
84
98
100
146
204
266
306
358
334
332
330
336
342
338
350
352
358
382
394
394
382
356
370
356
376
398
372
356
328
326
348
366
378
382
366
328
316
338
354
360
354
354
344
320
340
354
382
394
370
338
324
310
322
342
362
328
338
330
328
342
380
350
320
312
308
312
272
278
260
238
240
242
262
268
194
162
102
78
86
80
90
88
84
80
80
78
94
98
90
88
92
98
78
86
96
86
84
84
92
86
88
92
124
194
236
300
340
338
336
326
334
340
342
348
342
354
358
370
382
396
380
358
370
362
376
394
364
336
332
342
368
374
388
378
346
328
332
354
368
336
346
336
348
326
330
342
366
380
386
366
346
324
330
336
350
326
340
338
326
334
360
338
332
336
332
330
292
288
276
268
256
248
260
274
230
206
130
88
94
86
92
90
90
88
86
66
88
100
80
86
96
84
80
86
96
86
82
84
94
86
90
96
128
188
244
316
350
354
314
324
316
336
338
342
354
360
358
364
374
388
366
352
368
366
382
376
350
340
356
348
376
390
380
362
324
324
334
348
366
310
322
308
350
332
330
328
346
354
370
372
360
332
320
310
324
326
322
338
324
320
328
318
332
342
334
326
306
290
292
296
274
260
260
270
242
224
138
82
84
80
78
82
82
82
86
80
86
86
80
82
82
84
78
84
94
82
78
84
94
80
72
74
146
224
280
332
340
344
318
322
330
330
332
354
356
380
370
368
370
372
350
346
364
360
356
364
348
330
356
358
384
376
360
344
322
330
332
334
356
302
272
268
344
334
332
318
330
340
364
374
362
342
336
316
314
318
314
338
324
318
314
310
328
344
330
320
304
296
302
282
278
276
282
276
246
232
148
82
84
82
78
86
92
88
92
74
94
98
74
78
94
90
82
84
94
82
78
88
98
82
86
74
156
234
286
342
342
328
326
346
344
352
352
350
364
378
382
374
364
354
344
344
358
348
352
338
326
332
366
356
376
366
340
324
316
328
334
328
330
262
234
240
328
330
340
322
320
326
342
360
350
338
336
318
302
300
316
328
308
306
298
300
314
338
342
318
312
304
310
298
282
292
276
258
224
210
138
80
82
82
72
82
90
88
88
76
90
94
80
78
86
98
86
84
94
86
80
88
100
86
76
96
160
222
298
346
332
328
330
340
356
358
362
354
352
376
380
372
362
342
344
344
354
346
340
338
334
336
364
366
380
350
344
332
338
340
348
342
324
252
230
244
320
336
348
336
320
324
322
360
358
336
322
310
306
312
324
332
314
308
296
308
316
340
338
324
324
312
314
324
282
280
250
232
198
182
130
88
92
90
74
82
88
84
98
74
88
100
84
78
86
92
84
80
92
86
78
82
96
86
86
108
182
256
308
332
334
338
352
356
360
362
366
342
350
374
372
368
364
342
348
342
356
350
320
328
342
348
354
344
366
346
336
342
366
348
336
334
330
278
232
262
330
350
354
346
324
340
338
368
350
320
318
326
324
318
314
334
328
318
300
318
316
332
336
352
330
338
318
308
268
246
220
208
174
156
114
82
90
86
80
86
90
86
90
86
82
100
80
68
82
96
92
84
90
84
80
96
100
86
86
126
210
282
322
360
354
352
362
366
384
370
372
378
372
380
372
368
366
336
332
336
360
360
352
340
350
358
342
338
348
342
334
356
368
350
342
344
324
304
250
274
344
346
338
346
342
334
342
346
342
324
328
326
332
340
328
332
346
318
310
320
306
336
344
352
350
344
324
258
232
204
182
174
146
118
90
78
92
92
78
88
94
96
86
84
86
100
96
74
98
102
86
76
90
90
80
84
94
94
104
162
248
312
340
356
346
348
364
374
394
386
378
374
378
376
386
356
360
344
340
348
364
350
340
350
366
360
338
340
356
346
346
358
368
362
352
352
340
318
286
324
348
362
364
356
338
360
358
364
356
332
330
330
338
346
324
326
332
348
322
326
320
326
344
352
348
340
288
236
202
168
142
126
108
98
86
82
88
86
84
88
90
86
98
82
98
96
90
80
82
96
90
82
98
96
90
88
100
104
134
208
290
346
364
360
342
350
356
354
388
384
384
396
394
400
380
332
348
348
346
358
372
358
348
354
364
366
352
352
362
346
364
370
368
370
360
350
350
336
318
330
336
340
362
376
340
352
364
364
354
334
338
342
346
344
332
324
342
338
342
334
316
322
348
362
330
312
264
200
148
130
108
88
90
94
84
84
90
90
84
86
88
92
88
86
80
98
82
74
84
92
84
76
88
80
82
84
94
92
152
238
306
352
370
354
332
342
360
366
370
382
400
398
402
390
384
330
348
352
350
360
362
354
356
368
376
374
356
356
372
366
366
372
356
360
354
334
344
350
328
348
342
342
362
352
358
356
370
366
360
348
352
348
346
336
332
320
346
328
350
344
322
324
346
350
288
260
224
136
100
102
100
80
94
100
86
88
88
88
88
88
92
98
88
72
88
94
80
84
76
98
92
84
92
86
88
90
100
104
182
276
330
362
374
350
326
338
342
344
364
376
414
424
400
402
394
352
360
364
370
374
358
352
356
374
372
362
350
362
382
364
360
374
348
352
352
324
338
366
352
342
334
322
350
342
324
350
360
356
360
358
358
348
350
348
338
330
338
354
346
342
338
318
348
330
234
208
164
92
88
90
104
82
92
96
86
88
86
78
82
76
82
92
92
84
88
100
94
68
84
86
92
84
90
96
88
86
98
122
198
304
346
364
364
336
318
330
338
354
354
376
406
398
394
390
376
364
372
370
374
378
360
356
354
364
360
368
368
370
374
350
352
368
342
342
342
312
328
364
358
358
332
332
332
332
332
350
352
342
348
356
362
356
362
364
352
342
350
358
354
350
342
330
338
310
166
148
120
96
88
88
100
86
94
98
86
84
88
84
96
84
86
92
96
78
86
98
96
76
84
92
90
86
90
100
84
84
96
128
214
322
354
362
362
338
330
342
346
344
360
368
378
378
374
376
366
374
380
368
360
366
360
350
360
372
376
394
386
366
370
360
372
376
356
354
348
330
350
380
380
360
350
334
334
358
336
342
366
346
346
354
364
364
370
370
360
358
372
350
360
368
350
340
306
264
110
94
98
102
78
86
96
90
92
100
90
80
88
94
90
78
82
92
102
88
72
100
90
74
86
92
84
88
88
96
78
88
94
122
216
320
344
350
354
342
342
352
350
342
358
372
368
358
366
352
384
392
392
376
364
382
382
362
374
382
372
382
380
370
374
354
376
366
350
352
342
336
366
388
388
390
382
352
362
344
324
360
358
342
346
348
356
362
374
374
370
390
386
376
350
372
358
308
278
214
98
84
90
94
82
92
100
88
82
98
94
78
86
90
96
82
88
100
102
80
76
98
88
80
84
92
86
82
92
104
96
82
96
126
232
300
332
332
346
342
344
346
358
350
360
362
358
350
364
368
380
402
396
376
362
384
388
390
388
384
382
374
370
354
374
362
364
340
344
344
340
376
394
398
386
382
386
388
366
346
342
362
372
358
338
336
346
364
358
378
354
380
384
384
348
344
338
258
228
182
84
96
82
82
82
92
88
88
82
96
104
90
82
84
90
82
84
94
102
84
66
94
92
80
84
86
100
84
88
104
98
80
94
128
226
294
326
348
348
336
352
364
358
370
372
368
370
350
358
396
396
412
388
376
370
378
406
406
404
386
384
384
382
366
372
366
364
364
358
342
356
386
400
398
354
364
390
406
386
348
360
374
362
344
348
330
356
362
358
352
350
370
400
384
326
318
302
212
174
134
76
86
90
90
82
88
92
94
90
98
98
82
78
84
88
82
84
92
108
94
70
98
104
84
90
94
98
86
88
96
90
84
96
118
214
276
328
348
342
352
354
364
376
370
382
382
378
382
402
402
418
392
374
356
372
400
410
418
402
386
380
370
368
376
378
372
364
358
362
354
368
396
416
384
316
376
386
392
386
350
354
370
366
336
362
356
370
352
348
354
328
360
400
388
300
258
270
160
112
92
84
80
92
92
80
90
88
92
88
94
96
82
82
90
98
90
92
100
102
92
74
94
104
82
84
98
92
88
92
98
90
88
100
110
198
274
320
358
352
348
364
352
358
374
392
388
390
390
404
414
408
388
360
352
370
386
422
424
390
380
382
370
366
388
388
384
380
350
360
364
372
388
418
356
248
352
358
376
386
356
348
358
354
338
364
360
346
348
340
344
324
348
384
386
272
192
218
106
88
84
94
82
90
92
80
90
86
88
82
90
100
90
88
92
90
82
84
90
102
84
76
88
102
84
76
100
98
84
92
108
98
86
98
116
198
262
344
372
368
352
348
356
350
352
374
398
412
404
410
420
394
364
332
338
376
406
438
426
392
368
370
364
364
382
384
392
378
352
360
360
370
378
408
350
206
294
328
364
378
346
358
362
358
336
356
360
338
348
340
340
324
316
362
372
242
152
160
80
88
90
88
82
90
94
84
84
88
88
82
92
100
92
88
92
94
86
88
94
114
86
82
90
108
92
78
100
100
86
94
104
92
84
98
112
194
284
350
380
380
344
350
342
334
354
380
402
424
412
408
420
380
352
344
342
366
402
414
414
378
358
362
354
358
370
368
368
354
342
366
368
362
368
396
334
204
274
324
336
368
334
358
360
352
324
348
356
342
334
342
342
310
304
332
360
214
110
126
84
82
92
82
84
86
92
86
86
84
88
86
92
96
88
86
92
92
84
84
90
114
88
82
92
108
88
80
98
98
86
94
100
86
84
100
106
200
302
366
374
374
350
332
336
350
344
372
396
406
410
400
364
350
336
316
354
388
414
430
402
352
354
376
370
370
366
356
342
352
342
370
374
358
352
366
310
210
268
320
332
370
350
358
354
352
344
362
358
352
352
368
350
314
316
310
344
186
80
102
84
82
90
86
86
88
90
84
90
84
90
84
90
96
88
86
90
96
86
84
90
110
90
84
98
106
80
86
100
106
84
92
110
96
84
98
112
208
320
372
386
372
336
320
344
334
346
364
382
406
394
374
362
346
328
334
372
398
424
414
394
354
352
378
374
368
348
354
358
360
354
360
360
368
346
338
318
248
260
304
346
358
364
366
360
366
346
348
362
362
360
372
354
328
312
294
314
166
90
86
88
96
90
90
84
94
96
86
90
96
96
84
90
100
92
86
84
96
86
86
92
116
94
84
86
106
94
86
96
108
84
82
108
98
88
98
108
184
326
358
372
346
338
322
338
336
358
358
372
386
366
350
348
332
336
356
390
414
416
390
348
334
350
378
382
372
354
352
358
338
352
366
364
358
340
340
320
268
266
314
344
366
368
368
374
366
354
356
350
376
380
350
346
348
320
302
292
148
86
92
80
92
88
84
80
88
92
84
84
96
94
86
86
96
90
80
88
106
88
80
98
110
98
90
88
106
94
90
102
104
100
82
108
98
96
92
116
174
316
354
360
356
344
344
362
354
360
354
356
354
364
350
346
342
362
380
420
414
418
386
362
334
356
380
378
356
358
356
344
346
362
372
366
362
348
346
328
308
288
326
350
360
364
372
380
384
360
368
350
384
356
332
338
346
328
298
276
126
90
94
88
96
92
90
88
96
100
86
80
96
100
86
90
100
90
88
96
98
84
78
94
100
96
88
92
108
94
88
98
98
98
82
104
94
94
90
112
144
294
326
352
358
364
348
362
354
352
364
366
360
368
352
344
366
380
404
424
416
394
362
336
342
360
376
360
318
340
360
342
360
386
384
364
358
356
344
320
310
316
336
356
382
368
354
380
366
372
368
350
362
352
296
298
346
340
306
254
110
94
102
98
92
94
94
86
88
92
86
86
92
94
94
90
102
98
80
98
102
90
86
100
110
100
82
88
108
96
88
102
106
90
90
110
98
92
104
108
128
286
322
336
332
348
342
368
360
348
366
360
366
354
362
366
396
404
426
432
418
380
344
322
346
364
380
338
272
298
358
350
374
382
368
376
370
354
332
340
330
320
340
358
358
358
362
372
356
360
360
346
358
328
262
272
352
354
322
232
108
92
104
90
92
96
96
88
88
94
90
92
90
102
84
90
102
86
84
88
96
88
82
92
110
104
84
100
120
102
90
104
108
90
90
114
106
96
102
106
110
248
314
322
350
356
352
356
374
364
358
352
366
356
382
398
404
420
430
432
390
364
330
334
346
370
390
312
226
248
342
346
366
384
366
368
362
372
342
342
354
340
354
356
336
346
364
358
336
354
346
342
320
312
236
260
352
354
312
212
108
96
106
90
92
94
94
90
98
102
88
80
104
96
90
82
94
96
76
92
104
96
90
96
100
106
86
106
120
100
88
104
104
100
82
112
106
100
90
110
96
208
296
308
336
352
362
378
366
368
348
354
366
378
400
416
418
426
428
406
362
338
320
338
344
370
382
284
192
212
324
336
366
366
350
362
366
368
342
352
362
366
370
364
344
354
358
346
316
338
366
322
314
294
248
250
356
352
282
192
102
100
104
90
94
96
96
88
94
98
86
78
100
100
82
92
102
92
88
84
100
90
84
92
104
112
80
90
106
96
92
108
108
104
86
112
102
102
94
112
102
168
264
304
342
364
352
358
352
348
342
356
356
382
404
426
432
424
418
378
354
332
324
340
344
358
360
280
202
214
314
336
354
348
344
342
368
374
360
360
378
368
374
372
340
360
374
346
320
328
362
346
324
312
266
276
352
330
238
158
98
96
98
82
98
102
102
90
90
96
92
92
98
88
90
96
102
98
84
84
102
90
84
94
98
112
82
94
114
108
90
90
108
94
90
104
92
90
102
104
108
136
252
288
350
360
364
368
344
332
360
376
368
378
402
426
406
402
386
360
330
330
316
340
342
346
346
306
240
238
316
340
370
338
344
346
382
364
362
370
372
380
370
366
356
368
364
350
320
328
360
338
322
338
300
292
318
282
190
120
98
92
110
92
92
94
94
88
94
102
92
86
102
92
86
92
94
92
94
90
110
98
92
104
102
100
90
98
116
100
84
100
116
98
102
102
116
88
100
102
110
110
236
290
358
378
380
366
350
346
360
356
364
380
388
408
402
378
354
332
340
336
336
334
334
342
344
336
296
312
334
358
364
354
348
360
380
382
370
370
370
370
372
390
374
366
384
348
322
344
366
362
342
346
328
310
274
230
138
100
94
94
106
90
92
94
96
82
94
96
92
90
100
96
88
86
96
100
90
82
98
92
92
98
108
106
96
98
112
102
88
102
116
100
96
102
108
90
98
108
112
106
224
264
370
384
384
378
352
352
352
354
366
372
390
394
370
368
348
350
350
344
354
358
344
352
360
362
348
348
366
362
374
372
356
370
380
370
374
364
376
362
360
378
382
382
388
352
358
372
406
384
374
380
362
296
222
166
110
96
102
102
104
102
92
102
106
88
98
104
96
86
106
102
92
88
94
98
92
86
100
94
94
100
100
100
94
94
104
100
92
98
114
104
90
104
102
94
96
110
106
104
204
268
370
400
392
386
344
360
356
374
358
370
364
372
346
360
354
350
376
372
394
370
366
364
388
390
390
392
382
374
388
388
376
382
374
360
370
362
358
360
376
382
378
368
380
368
380
396
410
406
394
398
358
284
156
112
102
100
96
98
92
102
84
96
102
86
96
106
102
92
108
106
96
92
96
100
94
86
100
96
94
100
104
104
100
104
112
106
98
102
114
104
90
104
106
96
94
108
112
102
182
272
350
376
374
356
354
352
382
374
376
360
352
358
362
366
352
382
392
386
382
376
390
404
402
418
408
406
406
394
398
390
394
382
362
358
358
364
364
350
358
360
374
372
368
354
372
412
408
426
414
378
314
246
114
90
108
102
88
96
92
96
96
96
98
88
90
96
94
94
104
104
98
96
102
104
96
88
98
94
92
96
108
104
98
102
110
100
90
94
118
104
90
98
112
96
96
108
112
96
156
256
352
364
384
360
368
356
380
378
386
372
362
368
368
372
392
402
428
410
420
422
412
408
416
410
400
410
400
404
390
384
394
376
352
350
352
362
368
364
376
370
368
362
370
380
380
420
414
418
404
326
274
192
98
86
104
102
90
104
108
98
102
100
100
92
88
96
96
96
104
102
96
96
106
108
100
90
96
92
90
92
116
110
100
102
114
106
96
102
120
104
90
94
114
96
100
112
108
104
128
232
334
352
360
350
360
366
362
396
382
380
366
374
370
396
412
418
424
436
428
418
410
410
400
388
392
380
392
380
376
384
382
372
352
344
358
364
370
366
374
376
368
362
360
366
390
406
408
420
364
270
224
152
96
88
102
104
90
98
108
100
88
98
100
90
84
102
100
90
104
100
94
92
100
106
98
90
98
94
92
92
110
110
96
94
112
110
96
98
116
104
94
96
116
96
98
112
106
102
108
204
288
340
346
354
354
360
372
386
392
376
376
372
380
384
400
420
448
434
430
412
398
390
394
372
380
372
370
368
368
380
378
366
354
352
362
372
374
368
370
388
376
372
362
356
374
386
402
408
312
220
164
124
96
92
106
104
90
96
100
94
88
98
104
96
84
102
96
84
98
98
94
92
98
102
96
90
100
98
94
94
112
120
104
98
120
118
98
96
112
106
96
104
120
98
94
108
122
94
106
162
230
294
328
340
362
356
372
376
388
396
382
380
374
384
384
414
438
424
414
382
368
376
372
368
366
362
362
362
366
370
380
360
354
362
358
378
372
364
358
384
372
376
370
364
356
374
398
340
246
162
122
110
96
90
104
96
94
112
104
92
92
96
104
106
96
108
106
102
94
98
98
96
102
104
98
92
102
100
96
96
108
122
100
96
118
118
92
100
122
108
94
94
124
92
94
116
116
94
110
138
188
236
292
324
332
348
368
378
386
388
374
372
370
368
374
400
420
392
396
372
358
360
362
366
364
384
368
378
362
378
380
368
358
358
364
368
378
370
372
386
366
382
374
360
350
384
376
312
186
108
100
108
100
90
104
100
92
94
104
100
94
104
96
98
90
112
102
96
98
104
96
86
96
106
94
92
100
102
94
92
102
118
100
100
122
122
94
98
112
104
90
96
132
96
86
114
114
94
102
118
150
186
246
298
320
346
368
378
388
388
370
364
356
360
376
388
390
388
372
360
354
366
382
372
380
396
392
390
394
390
398
388
364
362
376
372
374
354
360
376
374
384
380
362
356
356
372
254
142
98
96
110
96
86
100
98
92
92
100
94
86
96
106
100
90
108
96
96
92
108
100
88
96
104
94
84
96
96
84
82
106
120
100
98
118
120
96
98
118
102
92
102
122
100
100
112
122
104
106
114
130
146
204
276
314
342
378
394
394
368
352
366
356
372
382
388
378
372
372
362
372
380
400
402
408
412
410
414
406
404
402
394
384
378
380
386
382
366
368
382
378
386
374
344
350
360
328
204
108
90
106
116
102
88
102
102
96
94
102
100
90
100
98
96
94
100
106
94
96
112
98
88
98
100
100
90
112
106
90
84
110
120
100
98
116
122
100
102
118
122
98
98
126
108
96
116
108
96
96
106
110
106
146
222
276
336
388
386
384
374
370
378
388
366
384
370
384
382
370
366
392
398
412
434
424
428
414
422
404
402
390
384
390
392
396
406
378
370
368
400
386
398
380
354
340
360
274
164
108
86
106
114
106
88
98
98
94
92
102
102
100
92
110
92
94
108
102
98
96
104
88
92
106
94
98
96
108
100
84
82
102
116
104
104
122
126
104
102
124
112
100
114
120
108
100
104
118
106
104
118
118
100
114
176
260
312
368
380
384
372
374
390
390
394
388
382
380
360
386
380
404
416
428
444
432
440
422
414
404
386
378
378
382
406
424
418
406
392
388
410
390
386
374
350
322
298
226
122
114
94
104
118
104
88
100
100
94
94
102
102
90
100
112
106
100
94
108
92
96
104
96
102
122
104
102
90
102
98
84
82
104
116
102
102
116
122
102
100
124
118
90
110
126
108
88
112
120
108
102
118
118
100
96
140
234
302
368
362
364
368
378
372
404
394
388
380
380
392
382
370
392
394
416
430
426
414
406
396
384
374
372
382
402
424
430
420
402
402
408
396
398
398
400
346
298
236
174
116
106
98
102
114
102
88
104
104
98
98
104
100
96
92
118
102
94
102
100
94
100
110
106
100
120
110
104
86
102
104
92
86
106
118
102
98
108
116
100
98
126
110
88
112
114
108
98
108
116
104
98
112
112
100
92
124
198
254
336
354
358
356
372
376
384
388
388
388
384
384
376
360
384
382
406
430
420
396
392
392
366
370
374
396
428
438
424
416
398
410
420
394
412
416
402
308
250
196
130
124
106
94
100
104
98
86
102
100
94
96
104
100
98
96
104
98
90
94
106
94
98
104
102
86
108
104
98
86
88
96
90
86
98
112
104
102
114
122
104
100
110
116
92
108
112
116
96
96
122
114
106
116
112
106
98
122
164
220
308
334
350
358
374
364
378
368
400
394
398
384
364
362
358
374
392
418
392
384
376
374
376
366
380
412
430
436
428
408
406
410
416
414
430
418
376
270
182
144
104
108
120
100
104
114
104
92
104
100
92
98
110
106
92
92
110
104
88
94
100
96
98
100
106
94
114
106
98
94
88
100
94
86
98
120
104
94
114
126
102
98
116
120
88
108
108
114
96
104
130
110
94
114
120
104
98
128
150
178
246
284
340
358
376
348
368
368
388
400
402
364
360
356
354
354
384
394
372
366
376
382
384
378
390
416
432
430
420
390
396
400
428
412
430
416
354
222
140
106
98
120
120
96
96
120
106
94
98
106
98
92
100
110
96
92
100
100
96
94
104
86
92
102
98
96
102
104
100
88
96
104
92
84
106
130
110
96
120
120
104
94
120
120
94
104
110
114
98
110
124
106
96
122
128
112
102
122
138
144
210
250
292
310
336
348
364
364
396
410
398
360
364
362
378
360
370
374
360
372
386
388
388
386
404
428
438
410
402
392
398
406
412
422
440
394
284
182
106
104
96
110
120
104
100
116
106
98
100
104
96
94
100
106
92
92
104
102
90
90
110
100
92
98
100
94
96
102
98
88
96
102
94
86
106
118
116
90
116
122
100
98
112
114
102
110
122
118
94
100
130
108
96
120
124
110
102
118
126
110
160
202
238
266
302
340
352
366
406
418
398
366
372
360
382
384
380
376
382
386
380
388
390
388
402
420
436
400
392
394
376
404
418
432
404
352
220
118
98
98
98
122
120
98
106
112
106
102
102
100
94
96
102
102
96
98
108
104
88
86
106
102
94
94
104
96
92
106
102
96
92
96
98
90
102
126
108
98
120
118
116
102
118
116
104
98
120
118
96
104
136
112
98
114
116
104
100
118
134
108
126
164
192
224
260
294
346
374
402
396
386
382
396
390
400
388
386
382
384
392
390
384
380
388
388
398
408
390
384
392
386
400
426
418
354
264
162
88
100
116
96
114
128
94
94
120
106
98
100
100
94
96
104
104
94
92
102
102
94
94
112
104
98
94
110
98
90
108
104
98
96
94
96
84
110
122
118
100
110
128
102
102
122
118
106
94
120
120
98
106
126
110
100
118
122
110
102
122
134
110
106
140
152
170
212
244
288
346
386
392
398
392
394
396
406
406
384
378
408
408
382
386
382
398
388
396
384
386
384
402
374
418
416
430
300
220
112
86
106
114
98
114
118
98
108
116
108
98
98
104
100
98
104
108
98
94
102
104
98
96
114
104
98
96
112
98
88
104
98
92
98
96
94
78
106
130
110
106
114
122
112
98
114
120
106
98
124
120
96
100
124
114
102
116
122
110
100
122
124
106
102
134
126
118
166
206
238
306
350
374
390
380
380
402
400
390
390
398
408
400
376
368
384
394
380
394
372
388
386
396
362
418
438
412
268
158
106
82
110
124
98
110
134
104
98
130
114
98
100
110
106
100
104
110
106
100
108
106
96
92
110
104
92
96
108
96
88
102
100
92
96
96
94
86
108
122
120
110
122
136
116
108
116
128
102
94
114
112
98
108
130
122
98
106
118
106
96
122
132
110
112
136
122
96
128
162
190
252
308
354
378
370
370
388
402
404
400
406
420
402
378
394
396
404
396
404
378
406
408
392
366
420
424
378
210
98
90
88
118
116
100
118
132
104
98
130
116
100
100
112
108
100
104
108
100
96
104
106
98
96
114
108
88
100
104
94
94
104
104
98
94
100
94
92
100
118
116
106
126
128
120
102
106
130
106
104
120
114
98
104
128
122
96
104
120
110
94
120
132
104
114
134
130
106
116
132
156
206
254
304
338
354
366
380
392
380
382
398
412
398
384
396
388
406
408
396
362
396
408
376
322
422
402
328
186
96
84
74
104
118
100
100
124
106
94
128
112
98
100
110
106
102
104
106
100
94
102
106
102
98
110
98
92
108
106
96
96
102
104
96
92
100
94
96
102
112
114
100
112
134
122
102
116
130
110
102
112
108
104
104
130
120
96
106
120
106
104
120
134
110
108
132
128
106
118
136
126
154
206
258
286
304
308
348
356
374
368
398
402
386
388
414
410
402
416
396
376
390
390
374
270
356
338
262
166
96
82
68
108
102
100
104
128
102
104
116
112
100
106
106
118
90
102
114
104
94
102
104
100
102
98
106
98
96
110
102
92
102
102
96
88
96
96
90
102
126
118
106
110
136
122
96
120
130
108
102
116
112
108
110
128
116
100
102
120
110
98
120
134
112
108
132
126
110
122
142
132
124
168
218
230
248
264
292
306
336
338
378
402
390
398
406
400
402
420
382
390
414
402
344
236
298
294
208
140
92
90
90
114
110
104
108
130
110
108
118
114
104
98
114
110
98
102
114
106
94
102
102
96
100
102
108
94
94
108
102
92
102
104
96
94
104
104
96
94
118
128
106
106
152
120
100
110
120
106
106
122
116
102
100
128
124
102
104
124
112
100
122
140
118
106
130
118
106
110
132
136
102
128
176
188
202
218
240
256
294
300
332
372
372
392
390
388
392
394
392
380
416
390
354
186
232
238
136
102
92
98
92
114
116
102
110
128
114
106
114
120
100
104
108
116
94
108
112
106
94
104
104
94
98
106
108
90
92
104
102
92
100
106
100
88
98
98
92
96
128
126
110
110
142
122
90
120
128
110
100
118
122
110
106
124
128
98
102
124
108
100
116
136
118
104
132
124
116
118
142
144
110
112
136
146
148
164
200
194
234
256
276
320
336
366
368
388
382
380
366
366
384
360
316
150
182
188
102
94
100
106
94
114
118
98
112
128
118
102
114
118
104
94
114
108
102
104
110
102
92
104
110
94
96
106
104
90
90
102
102
94
100
108
106
90
100
100
94
106
118
142
106
112
150
114
98
120
132
116
98
118
130
114
104
126
124
108
98
122
118
96
118
138
120
102
128
120
110
106
124
132
112
118
132
124
110
126
158
140
168
212
224
264
290
314
318
312
322
338
336
326
332
320
298
130
142
140
102
104
102
104
100
118
120
98
116
132
122
102
118
116
104
94
112
108
102
100
106
104
94
104
112
96
94
106
102
94
94
102
106
96
98
110
106
86
98
98
92
102
120
136
110
116
142
122
102
106
126
118
98
118
132
110
92
130
114
118
98
120
136
94
124
136
118
102
128
132
120
116
134
136
108
122
138
124
106
122
130
124
126
172
180
208
236
258
264
278
276
274
292
280
286
262
246
122
130
124
106
110
110
108
100
116
122
100
116
136
122
100
114
116
102
102
102
118
96
100
104
108
98
102
114
100
92
106
106
100
98
102
106
96
96
110
106
94
104
106
100
108
120
150
112
108
146
108
104
114
130
118
94
112
132
112
102
124
108
114
96
118
134
96
116
144
122
104
124
132
114
108
120
154
116
112
122
118
102
118
128
122
104
138
146
154
178
210
220
222
232
246
222
222
212
218
196
116
130
132
108
114
122
120
104
110
124
104
112
134
122
100
108
114
112
98
108
114
102
94
108
112
102
104
118
108
94
104
108
102
98
98
104
94
94
110
108
90
100
102
96
100
126
150
118
104
148
114
110
112
126
118
96
112
128
108
100
122
118
108
106
126
130
110
110
146
124
106
122
136
118
114
124
128
114
114
126
136
108
114
142
126
104
126
134
116
122
164
176
168
168
176
178
168
154
156
156
104
112
126
104
112
118
116
108
110
128
110
110
134
124
102
104
118
114
108
100
124
96
100
110
112
104
106
122
116
96
100
108
100
96
94
102
94
94
112
110
94
104
104
100
102
122
132
110
106
144
134
112
104
134
118
106
110
130
108
100
116
120
110
100
126
144
108
116
146
122
104
120
138
118
102
118
132
110
114
132
130
110
114
132
126
98
120
134
120
112
132
138
128
126
132
130
110
116
136
120
106
120
126
100
112
128
118
106
118
136
112
110
120
130
102
108
126
116
102
106
126
108
102
118
124
100
106
120
112
96
100
116
102
98
100
110
94
92
112
104
92
96
110
106
104
126
136
118
110
142
138
108
102
128
118
102
114
130
114
104
114
120
112
104
130
144
106
112
150
128
108
124
142
122
106
122
138
110
112
128
130
106
112
134
128
104
124
136
118
108
126
128
114
112
120
120
100
110
128
112
110
124
132
106
114
126
112
96
114
136
116
114
124
130
108
114
128
118
104
106
126
106
98
114
122
104
108
120
112
100
104
116
102
96
100
108
92
90
110
102
96
96
112
108
104
126
134
122
106
136
142
106
106
128
118
98
114
124
112
98
114
122
112
102
130
142
104
108
144
124
104
120
138
116
100
120
138
108
110
128
132
104
110
134
122
104
124
134
116
108
126
124
112
110
118
120
104
112
130
114
104
118
128
106
114
128
114
96
106
130
114
110
118
122
102
114
130
120
106
110
128
110
98
114
120
106
108
118
108
98
102
112
102
96
100
106
92
88
110
104
96
94
108
106
104
126
128
118
98
130
150
110
108
130
118
100
114
124
106
94
116
126
108
98
128
138
104
110
140
124
104
120
140
118
102
124
130
108
112
128
136
106
110
132
118
102
122
132
114
108
130
124
112
108
118
120
104
112
128
110
100
112
124
102
112
130
120
104
110
132
118
112
120
120
104
116
130
118
108
112
132
114
100
116
118
108
106
116
104
96
100
106
104
98
102
106
92
90
114
106
94
92
104
104
