74
64
70
80
66
72
76
84
70
68
78
78
70
74
80
78
62
82
80
66
78
78
78
68
70
84
74
70
76
82
70
74
80
76
80
86
80
74
74
76
76
68
74
82
74
66
72
78
68
68
76
78
68
66
72
72
74
94
82
72
78
80
78
70
82
80
76
74
74
72
70
72
82
70
70
74
78
68
78
76
74
70
78
78
68
74
82
72
72
72
74
72
72
78
78
66
78
86
78
74
78
66
70
82
66
68
76
80
68
70
78
76
74
84
86
76
68
82
76
64
78
80
80
66
74
84
72
70
76
80
70
76
80
72
78
76
74
70
70
78
78
68
78
76
68
68
68
72
68
66
72
76
70
72
76
74
68
80
72
70
78
76
74
72
86
84
76
72
74
72
70
74
74
74
72
78
76
76
76
72
78
68
74
80
74
78
84
76
68
72
74
74
74
82
84
76
72
82
78
76
76
66
66
82
62
60
76
76
68
78
82
74
72
84
84
68
60
82
82
66
70
70
76
68
76
82
68
68
76
78
68
76
80
68
80
68
72
70
68
78
70
74
70
74
66
64
78
68
66
66
72
72
66
70
78
76
66
76
70
70
78
78
76
72
76
76
68
68
76
78
76
80
68
76
70
74
68
74
74
68
76
66
74
82
72
72
80
80
74
78
80
76
72
76
78
72
72
84
84
80
74
64
66
84
66
58
80
74
68
84
88
76
70
76
80
68
68
80
74
64
74
78
76
58
74
84
72
70
76
80
68
72
78
66
84
68
76
72
64
74
72
62
72
66
60
72
70
74
66
70
76
70
60
64
74
74
60
74
72
66
72
78
74
62
74
76
68
68
78
76
68
72
66
74
68
72
70
72
72
68
72
70
80
82
70
66
76
84
70
74
78
76
74
78
80
76
72
84
84
80
76
68
70
88
76
62
84
78
68
82
84
80
72
78
88
78
66
84
88
72
70
70
80
72
70
88
78
70
78
84
70
68
78
68
86
68
78
72
62
70
70
68
58
68
64
58
72
68
68
70
74
68
60
64
74
72
60
74
76
68
70
78
72
60
72
76
70
68
76
74
68
76
70
74
74
78
84
74
74
74
74
76
84
82
72
72
80
84
70
72
78
78
76
80
80
76
70
80
82
76
76
68
74
86
80
66
80
80
72
74
76
80
74
78
90
74
76
82
78
64
72
78
84
66
66
88
80
70
74
84
70
66
78
74
84
68
76
72
62
70
76
56
64
66
62
64
64
76
66
62
62
62
60
68
72
66
66
70
78
74
72
76
72
70
72
80
70
66
76
76
76
92
80
78
72
72
84
70
76
82
76
76
78
78
76
78
82
80
72
74
78
78
76
78
78
74
74
82
86
78
76
66
72
80
82
66
72
78
72
72
76
82
70
76
92
70
66
80
86
72
70
72
82
70
68
88
78
68
72
80
70
68
76
78
78
70
76
70
60
68
72
62
58
68
64
56
70
72
60
56
58
62
58
62
68
64
64
66
76
68
62
70
70
72
74
84
76
66
74
72
76
98
80
80
68
70
78
68
70
80
78
74
74
78
76
74
78
80
66
70
76
78
76
78
82
80
78
84
92
82
78
68
74
76
84
70
70
82
70
74
84
90
70
76
100
78
68
82
88
80
82
84
86
66
74
90
80
70
74
80
70
74
68
76
72
70
74
68
58
62
72
60
62
64
58
54
60
66
56
56
64
66
56
54
62
66
64
72
82
64
58
72
76
76
62
78
72
66
74
74
80
104
72
80
70
78
82
74
64
70
78
76
80
84
78
70
74
88
74
76
82
82
74
74
78
78
76
82
88
78
82
68
66
92
72
76
76
84
74
66
86
74
70
72
94
78
72
82
86
74
66
80
82
68
76
84
80
68
72
78
64
58
68
78
72
70
76
64
54
62
70
54
52
54
56
46
54
62
58
46
58
58
52
48
60
54
54
62
72
64
64
60
64
54
66
80
66
64
72
80
78
102
80
74
72
74
84
66
68
88
76
72
72
78
80
76
76
78
78
70
84
80
76
74
80
76
78
88
92
88
78
70
66
82
80
76
74
82
72
74
82
80
72
70
96
80
72
80
86
76
68
80
84
72
66
76
80
64
72
72
66
58
66
70
64
64
68
58
50
56
58
46
48
48
50
40
46
48
40
42
48
42
48
52
42
58
50
52
60
56
54
58
64
58
64
76
72
74
70
68
74
106
70
76
74
68
80
70
68
74
80
74
74
80
80
76
78
84
76
68
80
80
74
74
78
76
72
80
86
82
78
74
68
72
84
76
72
82
72
80
80
88
76
70
98
82
70
76
84
78
70
78
84
76
70
80
88
64
76
72
72
62
66
64
60
62
62
56
50
54
50
46
52
50
50
44
50
48
40
48
42
52
46
50
52
50
48
46
54
58
48
58
64
60
56
62
60
66
68
68
68
78
70
78
76
68
80
78
74
74
80
72
72
80
78
72
74
84
84
76
84
88
78
82
82
82
76
82
84
80
84
76
68
68
80
74
74
82
76
80
76
90
76
74
92
86
70
74
84
82
70
72
80
80
70
78
82
58
68
70
66
58
64
56
52
54
54
50
50
54
60
60
68
62
58
52
54
48
54
52
68
64
62
76
56
54
54
52
58
66
50
54
54
48
46
60
68
68
64
70
70
66
74
78
72
68
78
78
74
82
88
80
80
86
86
78
80
88
82
76
82
90
76
80
78
82
78
84
86
84
84
76
70
76
76
76
76
80
82
76
74
88
74
78
84
86
72
76
86
84
70
68
76
80
66
76
72
56
60
68
56
48
56
50
46
48
50
50
58
68
82
88
100
96
90
82
78
68
66
94
96
100
122
110
90
72
74
74
76
80
62
62
58
52
48
52
54
48
50
62
66
56
66
74
68
64
70
74
72
80
86
76
74
82
84
76
74
78
80
72
82
92
76
78
76
82
78
82
82
82
84
74
72
84
82
80
78
80
88
76
74
86
78
78
80
88
74
76
86
84
72
68
76
78
68
78
74
60
60
64
50
44
50
48
46
50
56
64
82
104
128
138
156
152
146
132
120
102
112
126
160
156
174
170
128
100
96
98
98
94
82
80
80
78
80
60
48
44
54
60
66
60
58
78
72
64
68
80
74
72
86
80
78
84
88
82
76
76
82
74
84
94
80
80
82
88
80
82
80
76
86
76
72
76
90
78
74
82
88
80
74
90
82
74
82
88
74
74
82
82
72
70
74
74
66
72
74
56
56
56
52
56
54
60
60
66
82
96
124
162
196
206
220
214
204
184
166
144
166
182
210
220
216
210
182
130
122
128
124
108
104
100
100
102
90
80
72
56
52
46
54
60
56
74
68
64
68
80
72
70
78
74
74
78
82
80
74
70
86
72
84
88
82
76
80
84
82
82
82
80
88
76
68
64
94
72
68
84
84
82
70
90
84
66
82
86
72
70
76
76
70
72
74
70
60
66
74
52
58
56
70
84
74
86
88
98
120
138
174
220
242
252
266
262
256
238
222
202
214
236
256
260
256
258
218
182
160
170
160
134
130
118
116
118
108
106
98
76
72
60
56
48
52
62
54
58
64
72
62
68
78
76
76
78
82
82
78
74
96
74
86
88
84
76
82
84
86
84
82
82
90
80
68
76
88
82
76
80
94
76
68
88
80
76
82
90
82
72
88
74
70
56
68
72
60
46
56
58
64
86
96
118
138
130
130
136
150
196
236
272
288
276
302
290
282
278
258
236
248
276
282
284
264
266
258
218
202
214
196
188
186
174
136
130
126
116
108
114
94
78
70
64
48
60
54
58
62
60
66
62
78
82
74
78
84
86
74
76
82
82
74
94
88
80
80
86
80
78
80
86
80
82
66
74
86
76
76
74
96
76
68
90
86
68
70
84
76
72
78
76
62
62
60
62
60
48
66
66
96
118
150
166
184
192
192
192
200
248
280
308
312
294
312
298
290
292
278
264
284
298
300
298
266
268
272
248
244
244
236
228
216
212
186
168
162
148
128
124
106
98
86
72
52
52
42
44
52
58
68
70
76
80
72
78
82
86
76
78
82
80
76
92
90
78
78
86
80
78
80
84
72
74
74
70
82
84
72
76
96
80
72
88
94
72
72
88
78
70
80
70
64
58
58
52
46
50
78
98
140
170
206
216
248
262
252
244
242
282
304
332
320
300
308
296
296
308
302
294
296
312
300
292
272
276
272
282
260
276
262
250
256
242
196
188
182
178
158
144
124
118
106
86
78
64
52
44
48
54
58
62
68
74
68
74
78
84
76
78
82
76
76
88
92
76
78
88
80
80
80
86
68
84
68
76
88
76
80
72
90
82
72
74
92
76
78
90
80
74
72
74
52
56
46
50
48
70
100
148
186
228
250
254
292
302
286
284
280
302
312
342
328
308
310
300
302
316
312
306
320
312
302
296
266
280
284
288
296
294
298
292
284
266
222
200
202
208
194
184
164
154
136
114
94
74
64
52
50
54
50
54
62
70
68
72
78
82
76
78
82
74
76
82
92
74
78
90
84
80
80
84
80
82
78
74
88
86
66
76
92
88
74
72
92
76
76
86
86
64
80
62
64
42
56
62
72
102
138
196
234
276
290
288
302
316
308
312
312
322
322
338
316
300
298
296
298
314
310
306
318
322
300
286
278
290
288
306
314
302
310
306
298
278
238
222
226
228
212
206
196
184
160
138
122
100
88
70
56
54
48
52
60
72
70
76
80
84
78
80
84
76
78
78
90
76
76
90
86
82
80
82
76
90
68
74
92
80
78
76
92
84
70
80
96
76
70
84
86
66
66
66
58
54
66
86
96
124
180
234
282
308
312
302
310
330
324
320
324
334
332
328
320
312
310
316
322
336
332
330
324
318
318
316
302
316
330
324
314
314
322
312
316
294
254
256
260
262
242
234
224
216
200
188
178
152
130
102
72
60
52
48
56
70
70
74
78
84
78
80
84
80
78
76
88
80
74
88
88
84
80
82
74
84
74
66
86
88
76
84
86
78
64
80
90
74
66
76
80
54
62
60
76
80
110
126
142
168
228
278
314
328
312
298
314
328
330
324
332
338
344
328
334
332
332
342
344
354
344
340
328
324
314
318
328
332
340
328
322
310
338
324
304
294
278
268
272
282
268
258
248
248
242
242
228
208
180
148
110
84
70
50
52
64
62
66
72
80
74
76
82
82
76
76
86
88
74
86
88
82
80
80
76
94
74
64
82
84
78
80
94
92
74
84
88
84
74
76
80
60
62
80
100
134
162
184
206
226
270
314
324
342
306
296
292
302
316
324
340
338
348
334
338
344
348
366
368
372
358
352
358
330
314
326
348
358
380
354
332
336
350
316
304
294
282
288
284
298
284
280
282
290
286
280
274
260
230
200
154
114
90
54
48
60
58
62
68
78
74
76
76
80
74
76
86
92
74
86
84
78
76
78
80
88
84
72
80
86
74
74
90
100
76
80
86
82
68
72
88
54
84
104
152
200
224
244
258
276
306
338
314
338
310
304
308
308
318
346
346
340
334
342
340
344
364
390
388
388
372
350
338
338
326
334
354
378
394
368
338
364
344
326
326
310
306
318
304
302
288
296
310
302
294
300
304
290
282
240
198
150
112
80
50
64
50
60
74
78
76
76
82
70
80
74
84
96
76
82
84
82
80
84
74
96
78
64
86
88
74
78
82
94
70
78
88
80
68
68
72
74
106
152
204
252
286
288
306
302
316
332
328
328
308
314
322
326
330
346
360
354
346
332
340
346
364
396
394
398
396
364
344
334
318
332
360
384
398
372
342
360
354
352
344
326
306
324
310
298
298
312
318
306
300
302
302
302
302
282
244
202
148
112
68
50
52
60
66
72
74
64
82
80
86
80
86
88
72
82
94
90
84
84
76
82
86
66
78
96
78
74
90
88
84
80
92
94
62
72
62
94
140
202
250
296
318
306
310
326
334
344
332
336
320
348
338
352
356
364
376
364
360
330
330
338
360
378
394
414
396
390
358
344
328
342
360
376
388
374
344
362
370
354
344
362
324
328
320
306
320
330
328
306
304
298
302
308
324
298
284
228
176
132
90
46
48
48
52
62
68
64
82
88
88
82
90
86
72
84
90
90
82
84
72
86
84
76
78
90
94
70
98
102
82
82
90
76
56
58
76
122
190
260
300
342
336
326
324
336
332
344
330
334
314
330
348
364
366
384
394
376
370
342
334
334
346
380
382
398
416
398
366
350
338
352
360
374
388
386
356
380
364
370
356
342
338
328
330
322
344
340
330
300
294
286
272
294
306
306
290
262
202
170
112
76
60
52
60
66
74
80
82
90
82
78
92
90
76
84
88
90
82
80
70
86
98
72
80
102
82
78
96
88
90
74
84
78
46
64
90
148
222
296
326
352
332
320
326
316
330
344
352
340
342
352
348
366
362
390
402
396
386
354
326
320
334
348
368
394
388
418
386
370
354
364
360
366
372
372
352
366
384
374
360
352
336
336
342
346
364
342
330
302
288
284
288
296
316
298
310
272
224
178
126
98
68
62
52
58
72
72
72
82
74
68
84
84
74
80
88
94
84
82
66
88
90
82
80
90
94
72
88
96
82
76
84
66
64
76
116
184
252
324
340
344
328
314
314
318
338
350
356
346
346
344
342
366
366
386
396
404
394
364
350
330
328
346
340
350
370
384
374
368
362
370
354
360
364
370
336
354
368
358
360
368
354
344
364
370
380
352
338
318
304
302
294
296
292
294
302
302
256
218
170
136
98
82
42
50
76
66
76
90
90
78
86
92
82
88
84
92
84
80
74
74
96
84
70
96
94
70
94
96
88
70
76
66
76
106
154
218
282
330
336
338
326
324
328
342
342
356
378
386
360
338
338
354
362
376
390
400
396
378
358
338
336
332
336
352
350
384
368
374
376
378
348
348
346
352
346
336
352
348
356
368
342
364
386
376
382
362
342
336
326
322
306
294
298
286
308
312
296
258
224
182
142
102
52
46
64
58
68
80
90
74
78
92
80
80
84
94
82
76
72
84
90
80
80
96
94
76
86
96
78
68
82
80
118
156
206
254
322
334
326
336
316
330
346
354
354
352
392
378
366
354
336
330
342
362
394
400
398
386
378
356
342
336
326
336
338
356
362
368
374
376
350
352
342
340
320
346
346
352
348
358
356
372
394
368
374
362
336
342
338
330
310
308
314
308
316
330
318
290
266
228
192
132
92
64
54
62
70
76
90
72
82
104
86
80
90
100
86
78
72
88
102
80
74
100
94
82
90
100
88
68
90
108
168
222
254
296
334
336
350
334
318
356
348
370
366
370
396
400
382
366
358
340
346
336
354
394
396
392
396
380
368
364
352
336
334
344
354
380
382
352
350
350
348
334
324
338
342
336
346
360
346
366
386
358
364
342
334
344
336
328
328
318
312
320
318
326
310
322
304
280
238
190
118
80
60
56
64
84
84
70
80
94
86
84
84
100
82
84
74
80
100
88
78
92
90
82
80
104
86
66
108
168
232
264
300
338
348
338
342
336
314
354
366
380
376
388
412
400
412
368
354
340
348
336
348
356
378
392
392
394
392
386
372
354
344
348
344
374
370
356
326
346
328
338
328
346
360
354
334
358
364
364
366
344
346
336
336
350
344
336
328
348
336
334
312
326
318
322
318
300
290
232
158
112
72
56
60
78
82
70
82
96
86
78
80
98
84
86
70
86
110
88
72
100
102
76
80
108
96
92
142
210
282
316
334
328
344
344
352
334
336
356
366
368
378
386
412
412
410
378
358
360
334
332
346
346
340
368
366
384
392
390
388
372
356
356
370
370
364
334
328
346
340
350
344
358
352
354
342
344
342
372
362
354
352
342
336
346
348
352
346
346
344
328
322
324
318
316
332
322
320
260
192
138
104
64
58
70
78
72
80
92
82
74
80
96
84
84
78
82
108
96
80
96
108
86
84
94
82
116
194
268
322
342
334
350
338
330
334
352
340
358
358
368
370
384
406
422
402
398
368
360
370
344
346
334
346
342
360
376
376
376
390
386
378
382
396
370
358
318
346
348
358
354
364
366
374
370
334
350
354
362
374
360
348
340
352
360
364
360
370
354
340
334
310
328
302
312
324
332
320
282
222
166
144
76
56
64
74
72
76
86
80
74
82
96
84
78
72
70
96
90
76
86
102
78
78
92
82
140
232
316
354
348
344
328
344
340
342
338
356
358
342
362
350
378
400
414
420
418
376
364
358
348
350
364
336
330
356
368
366
358
362
362
368
390
392
378
348
336
352
356
366
362
360
364
390
382
342
356
354
364
370
366
370
358
362
362
376
382
386
368
354
324
314
306
306
296
304
324
326
306
250
198
164
92
52
56
72
76
76
84
84
78
80
94
90
78
78
82
108
98
88
98
114
84
80
98
96
178
262
334
360
350
324
338
328
330
340
368
366
370
364
352
356
364
368
382
406
404
390
348
378
360
346
350
358
342
360
352
340
344
360
360
352
354
378
376
342
348
356
362
370
368
360
362
376
370
360
360
354
378
384
370
376
374
386
394
396
392
400
376
324
338
328
324
326
304
302
310
330
304
254
214
168
116
58
52
68
78
78
88
90
82
76
92
96
84
82
72
98
102
94
84
104
94
86
88
90
208
296
348
358
352
344
326
324
330
346
354
384
396
372
344
352
346
346
380
404
422
408
368
364
366
364
378
374
364
344
354
360
360
356
348
352
364
368
366
348
350
366
370
376
376
370
370
378
370
360
374
392
368
370
360
374
382
376
398
400
410
404
364
332
344
358
340
348
324
316
308
328
298
266
224
178
138
80
58
64
74
78
92
94
82
74
92
102
86
84
82
104
98
92
88
114
104
76
88
104
230
304
340
348
352
320
334
346
358
360
362
380
406
384
374
340
342
338
366
392
420
406
366
360
360
370
382
396
374
350
348
342
340
342
350
356
362
364
370
368
378
386
394
386
390
364
382
376
378
384
368
384
368
364
346
350
362
346
384
374
386
380
360
360
350
334
336
332
330
322
316
332
316
304
244
196
140
104
66
60
68
74
92
96
82
76
92
102
82
88
82
110
106
90
94
106
106
74
84
112
232
316
352
350
352
320
340
360
352
370
378
402
412
404
386
348
352
346
358
398
414
418
380
354
358
362
388
384
344
348
338
358
336
340
340
348
350
362
364
380
368
396
384
390
400
370
384
386
380
380
382
380
376
352
352
344
344
344
356
366
362
356
350
350
340
342
334
344
336
326
320
324
330
326
276
216
168
136
98
70
74
74
88
100
84
78
94
98
90
92
78
104
114
84
84
112
100
68
98
142
248
326
334
350
350
330
334
350
354
372
388
416
420
416
400
358
344
346
358
380
408
424
376
360
354
354
374
342
314
310
304
344
340
340
374
382
362
364
354
366
356
394
396
398
402
382
388
396
388
382
392
390
366
358
338
334
324
324
332
336
344
336
342
324
340
330
352
346
340
324
324
332
338
340
304
246
194
160
126
88
72
82
90
98
86
78
92
98
90
94
82
100
120
88
84
114
106
88
130
170
286
346
370
350
338
346
344
356
362
362
378
406
412
418
416
384
354
346
356
372
422
416
392
364
362
360
354
326
292
290
290
344
344
374
372
370
380
380
378
364
364
390
378
392
382
408
400
406
392
370
398
426
404
372
350
354
334
336
340
338
342
332
338
338
336
348
348
348
330
318
322
330
334
346
328
284
234
190
156
112
64
86
88
96
88
82
92
100
90
84
86
96
112
92
84
100
108
102
152
228
298
346
372
344
336
336
342
350
356
356
372
396
412
426
408
382
360
344
362
380
402
416
392
338
346
358
344
306
252
250
256
322
356
362
390
384
390
382
368
368
362
376
370
368
372
376
392
388
372
376
390
404
418
388
376
380
346
344
342
336
324
330
340
344
342
348
340
338
326
322
320
322
322
340
336
308
270
214
180
140
64
86
84
100
90
78
86
96
86
88
84
104
108
94
88
96
106
134
206
290
330
352
374
352
348
342
352
346
342
350
358
368
388
408
432
384
350
360
358
360
404
418
392
354
348
348
326
282
260
264
254
322
350
380
382
376
376
386
380
356
368
372
348
360
354
376
368
378
386
380
382
396
398
390
388
388
366
368
364
372
360
362
368
368
360
364
346
344
338
334
324
318
316
334
336
322
296
238
200
170
72
84
82
104
92
86
90
106
100
104
80
112
116
94
88
104
108
158
254
314
360
354
372
346
326
334
350
346
340
352
348
356
382
398
422
402
372
346
350
374
406
430
396
344
358
364
332
304
296
294
296
320
368
388
378
348
380
370
358
362
368
360
356
352
370
376
364
366
376
374
368
376
394
392
388
390
390
390
376
386
382
372
376
382
378
390
362
354
346
336
326
320
316
330
334
328
314
256
218
192
78
84
78
98
88
82
84
104
98
108
76
102
110
98
78
106
114
182
282
354
372
362
344
340
324
348
356
364
364
366
340
342
364
386
406
398
368
350
360
370
394
404
392
334
358
358
324
334
334
332
330
356
372
382
368
356
352
364
370
372
378
356
344
346
354
372
358
362
374
366
364
374
378
372
370
384
394
396
390
394
400
400
414
404
406
394
372
344
336
344
336
328
318
328
332
332
322
264
234
204
78
86
76
88
88
86
84
106
98
106
82
92
102
112
76
108
130
216
306
366
380
346
346
334
344
354
348
370
384
392
356
352
360
374
402
406
370
354
364
358
388
410
388
340
348
358
350
350
348
356
362
356
380
404
384
356
368
376
378
388
390
370
370
350
352
366
366
346
344
368
366
356
368
364
360
376
374
370
380
378
390
392
402
412
384
394
358
358
348
364
358
346
326
328
330
332
322
266
244
208
76
90
78
80
90
86
82
106
100
116
80
100
112
106
76
96
130
232
324
356
374
346
338
350
352
364
358
384
388
398
376
350
350
374
390
398
380
356
362
356
380
410
400
344
344
364
360
358
356
354
380
362
372
394
388
370
376
378
388
390
396
362
366
354
372
372
380
346
322
370
380
360
360
354
352
358
364
362
366
380
368
374
380
388
368
372
356
360
360
354
358
336
334
328
332
304
320
260
250
196
74
76
82
84
92
92
86
98
106
138
88
94
108
110
88
104
128
232
324
348
348
352
342
362
378
368
384
394
412
408
390
370
360
374
376
382
372
342
354
366
370
390
366
360
372
370
368
356
372
384
384
372
376
392
390
392
382
404
398
404
396
370
358
346
350
378
372
348
324
360
376
368
386
360
344
356
356
356
346
330
354
348
366
356
372
352
352
344
348
342
346
344
334
344
328
324
314
258
234
194
76
82
80
88
92
90
82
94
100
122
84
98
114
104
78
98
126
232
308
350
356
344
342
378
376
356
374
394
402
406
388
382
368
372
368
362
358
340
350
368
364
368
366
366
368
394
380
354
372
370
380
360
382
368
392
402
414
412
410
428
412
376
368
350
340
358
354
342
316
356
394
378
362
344
348
350
348
352
348
340
336
350
350
336
352
350
346
352
342
354
352
358
340
348
324
334
304
264
226
190
88
78
78
84
92
92
86
96
104
120
84
94
116
112
88
100
120
216
306
340
356
354
354
360
364
356
370
386
402
386
404
380
386
376
368
350
344
348
350
352
360
368
366
352
382
392
384
372
360
360
366
348
358
384
402
418
426
418
412
422
420
376
372
344
334
342
358
358
330
350
384
366
312
314
316
344
352
334
320
338
332
348
334
334
332
350
344
358
340
342
332
342
340
340
340
354
336
288
240
192
118
80
88
84
100
90
82
92
100
124
92
92
112
114
92
102
118
200
286
328
352
362
362
358
356
366
360
382
376
380
386
384
386
388
362
350
342
352
352
344
358
364
350
362
378
420
366
388
368
348
348
346
354
392
406
428
418
390
370
372
394
380
376
354
350
360
354
338
336
354
364
344
268
290
274
334
338
334
330
338
346
340
342
356
358
354
362
354
346
340
320
336
336
328
342
348
344
296
242
188
138
82
82
76
94
98
88
94
100
120
96
88
110
114
90
92
110
186
264
342
364
370
352
362
350
364
368
362
376
364
382
390
390
390
352
358
360
362
366
366
372
354
362
360
394
408
398
366
376
360
354
360
374
368
384
400
366
346
348
354
366
380
364
354
340
350
352
344
354
350
334
326
258
250
256
312
326
346
346
356
370
368
374
390
388
378
388
360
352
332
310
336
330
334
348
350
352
312
256
206
168
108
90
88
100
98
84
90
92
122
102
82
106
124
102
94
108
182
282
356
372
390
352
344
350
348
350
358
354
360
370
394
384
372
350
366
376
384
386
392
388
370
354
372
396
390
406
370
358
360
344
364
364
376
380
398
342
282
316
326
346
376
360
362
358
370
366
360
370
366
346
320
234
224
244
300
336
340
332
356
386
398
398
408
400
404
396
372
356
340
328
340
328
336
344
348
352
324
276
214
190
120
90
88
98
104
90
92
94
114
108
88
104
114
92
96
130
208
286
354
386
386
362
348
340
352
352
374
360
362
388
396
392
350
358
370
382
404
394
394
390
378
360
372
382
400
392
362
364
356
366
370
374
362
370
368
330
256
286
278
332
368
348
356
382
376
366
368
378
374
352
314
234
236
246
312
340
334
380
384
382
398
410
414
416
420
404
382
370
348
346
336
324
324
340
344
348
340
298
218
210
120
94
84
98
104
88
88
88
120
108
86
104
128
110
92
138
238
312
382
394
372
370
342
354
368
380
384
372
370
376
384
398
350
364
380
392
408
388
382
392
384
378
372
386
392
394
374
354
368
376
372
384
360
362
364
308
268
270
286
304
352
358
358
376
386
366
372
370
376
354
332
276
262
292
332
360
370
392
394
394
398
410
414
410
410
398
370
354
358
348
346
346
334
348
338
326
318
304
242
212
126
88
90
88
100
92
82
90
124
116
90
100
126
110
92
142
254
342
376
394
366
342
346
350
362
380
404
394
372
382
400
398
384
372
380
404
398
406
388
382
394
388
380
380
400
392
354
364
382
384
386
376
348
344
348
308
272
296
294
310
342
352
368
354
380
376
380
382
378
366
338
320
312
324
370
380
400
396
402
390
402
408
386
394
374
382
348
350
338
354
364
348
358
350
332
326
322
308
246
216
122
94
86
92
98
90
82
86
118
118
90
98
128
116
98
148
256
346
386
392
360
348
354
368
376
390
404
392
366
378
402
406
402
376
396
404
388
406
378
380
396
380
384
390
390
376
364
368
362
372
392
362
346
360
352
306
300
320
298
324
324
352
370
358
360
368
366
384
374
358
358
338
338
354
390
402
400
398
382
356
368
370
354
364
356
360
340
342
346
356
366
352
350
334
322
314
314
300
250
214
112
94
72
84
98
90
80
82
112
122
96
98
132
122
100
144
250
354
382
386
358
348
370
378
388
400
394
390
384
386
398
414
410
394
378
392
412
388
390
368
390
410
396
400
410
372
376
390
378
368
394
380
372
380
354
332
330
334
332
346
340
366
376
358
352
342
382
386
368
366
378
356
364
388
410
418
392
398
368
336
344
350
348
356
366
364
356
352
352
354
354
354
338
330
314
314
290
278
240
188
100
100
78
92
104
98
88
90
118
132
104
100
132
124
96
130
250
334
370
366
344
350
358
388
386
392
374
374
378
392
406
420
418
382
388
388
416
400
392
386
394
424
410
402
406
372
374
382
378
368
382
370
360
378
356
352
360
356
364
346
354
374
396
360
344
362
386
400
372
362
404
376
384
396
410
396
370
362
346
328
336
352
346
356
360
366
356
352
342
368
360
356
350
334
306
310
294
280
242
156
90
96
76
88
96
92
82
84
120
134
104
96
126
124
94
118
224
320
330
364
352
328
360
376
396
396
380
382
376
412
440
430
406
378
388
408
410
406
410
404
414
422
432
412
394
386
376
370
362
366
368
350
354
396
380
366
376
376
352
350
344
376
400
380
354
376
386
392
372
386
392
392
398
398
396
386
354
342
330
338
340
360
364
368
378
368
364
350
334
360
368
350
348
330
316
296
270
260
226
128
98
104
86
94
104
100
88
84
118
130
102
94
124
128
98
110
198
286
320
352
350
336
344
368
378
386
376
392
392
424
434
408
392
366
386
408
416
434
404
400
402
432
434
402
388
380
354
368
362
354
350
358
376
388
376
366
378
386
356
364
346
388
388
388
364
390
372
392
380
384
396
384
390
390
378
366
342
338
332
350
348
370
384
382
392
362
358
340
328
334
346
344
340
334
334
304
262
248
210
110
100
104
80
86
104
100
86
82
120
132
106
98
126
132
100
104
166
258
306
332
342
352
358
380
366
378
358
382
402
428
422
402
362
382
386
414
432
426
404
394
406
438
446
422
378
366
364
364
368
370
370
374
394
392
388
374
398
400
392
350
350
398
394
396
366
372
376
388
374
370
390
370
384
382
376
332
342
338
354
366
380
404
400
414
396
372
352
344
334
334
322
342
350
346
328
314
264
244
192
92
96
104
82
96
104
100
88
86
122
118
110
94
112
128
108
92
132
216
264
310
340
358
358
346
346
354
368
374
398
428
416
388
358
358
392
424
440
428
400
390
390
434
454
424
386
392
378
370
368
368
364
378
398
392
380
380
386
382
382
348
368
398
392
374
366
370
364
370
366
376
370
348
374
372
358
352
346
362
398
402
414
408
420
416
396
374
348
330
328
330
330
338
350
344
342
314
254
226
188
86
94
102
94
82
104
104
96
90
120
122
118
102
114
130
108
90
130
192
252
296
358
376
378
348
336
362
364
384
396
404
412
370
340
376
406
438
446
426
378
382
390
424
438
416
388
390
390
388
376
384
384
388
412
390
392
380
380
376
366
354
368
412
392
374
366
354
362
360
366
362
370
374
362
368
378
364
366
388
392
404
420
408
414
418
396
358
342
336
324
322
318
328
348
350
346
314
254
234
186
90
88
100
94
84
100
106
102
90
116
126
124
104
110
130
112
92
110
166
222
294
358
392
384
354
346
362
352
376
388
394
408
362
354
386
396
432
444
438
378
374
372
416
418
416
396
370
400
392
376
398
392
414
420
384
384
372
376
358
364
364
386
404
386
366
352
340
356
360
366
356
354
368
364
366
380
372
382
392
388
414
394
384
386
394
372
346
340
344
338
336
328
328
340
338
334
304
250
236
178
94
88
100
96
86
96
106
104
96
110
124
126
98
102
126
116
98
108
154
202
298
366
396
388
352
348
348
362
380
390
400
388
350
356
394
420
454
444
434
388
372
366
402
438
426
406
378
390
396
398
404
404
416
436
364
396
386
370
364
370
392
396
420
382
366
356
360
370
388
386
380
364
370
362
370
376
382
382
372
368
378
384
370
392
366
368
340
348
342
358
356
346
340
336
322
320
300
250
226
164
96
92
98
100
88
94
104
104
94
104
122
128
98
96
124
120
100
110
138
180
280
368
376
380
334
352
356
386
392
386
386
370
358
374
408
434
456
452
434
392
360
368
404
432
428
412
372
390
388
380
396
396
440
436
376
388
384
366
356
382
382
418
420
394
360
358
370
370
394
388
378
382
382
372
372
378
382
370
362
364
362
360
352
376
358
356
362
352
350
354
348
338
334
328
308
310
298
254
210
148
94
96
92
102
88
88
104
104
90
102
124
134
106
98
126
120
100
112
142
172
274
358
374
382
352
360
374
394
398
384
372
372
376
388
432
456
456
454
424
394
378
388
388
428
412
408
390
380
396
398
398
404
418
434
386
420
418
386
366
370
392
420
422
378
364
370
378
386
400
390
366
396
396
394
366
376
384
370
358
358
374
376
364
376
368
354
364
342
342
354
342
328
328
324
304
300
284
250
190
136
94
94
88
104
90
92
102
102
90
102
124
138
112
104
130
126
104
102
132
158
248
322
364
368
362
358
376
386
396
392
376
372
378
404
430
442
440
442
416
392
364
396
392
416
426
428
404
398
408
400
396
398
428
428
408
420
428
422
394
394
404
434
414
374
374
378
386
400
400
380
364
392
386
392
374
378
396
388
358
352
366
374
354
366
342
356
340
352
338
366
352
334
324
320
298
288
260
222
160
122
98
88
94
106
94
94
98
94
88
102
122
138
112
104
134
132
110
104
120
154
210
302
350
356
354
366
372
378
378
380
370
366
384
398
408
416
404
374
362
372
352
388
384
420
442
444
416
400
416
414
396
408
436
444
418
420
436
428
426
416
412
420
420
372
370
382
392
402
396
362
376
390
376
380
402
384
396
400
382
392
382
382
380
350
352
336
348
354
344
354
348
330
312
302
282
268
236
188
134
112
104
84
102
110
96
82
90
90
86
98
118
146
130
106
136
126
108
108
124
138
172
256
320
348
356
362
380
380
380
386
360
334
356
370
374
352
342
322
312
310
308
338
350
404
400
412
414
404
408
414
400
410
418
412
436
416
452
450
440
450
422
440
420
376
382
384
390
394
386
376
368
386
378
396
388
392
398
386
386
396
404
402
378
362
344
360
354
352
346
346
342
330
310
298
298
244
202
158
112
112
106
92
94
110
98
86
90
86
78
108
118
140
126
104
130
130
118
108
126
132
138
210
284
330
342
348
372
370
386
368
348
300
310
326
316
286
276
264
254
250
264
286
300
348
356
368
370
384
392
394
386
386
392
404
418
426
444
456
446
458
432
432
408
370
376
388
388
398
376
374
386
392
388
402
392
398
410
376
382
400
400
408
370
364
348
342
346
354
346
354
334
332
326
288
270
214
186
128
100
112
110
96
98
110
96
84
92
94
92
106
112
134
128
106
122
124
114
104
124
134
112
162
230
284
298
316
336
356
356
338
300
260
254
260
242
208
194
196
192
186
210
248
246
278
298
310
312
332
332
362
332
354
336
356
376
370
392
414
422
426
400
388
358
328
364
400
386
380
390
382
392
378
390
406
404
392
382
394
376
378
372
386
360
352
338
340
348
348
362
356
332
346
316
282
252
194
150
108
94
108
104
88
94
110
102
86
92
96
94
104
106
128
128
108
116
122
108
100
122
138
106
132
182
232
248
270
294
312
326
282
252
202
192
200
186
154
130
142
144
126
142
182
180
218
240
238
236
266
282
298
272
284
280
302
302
314
324
346
346
364
358
318
298
292
322
356
370
362
378
392
406
400
384
406
406
404
384
382
360
376
362
374
354
348
342
346
350
338
356
352
344
334
312
256
252
152
110
104
94
106
102
86
92
108
112
96
98
100
96
110
108
122
120
102
110
130
114
104
116
138
110
116
146
186
208
228
250
270
282
232
196
146
128
136
134
114
100
128
132
110
124
134
120
150
168
168
170
194
222
238
208
218
230
244
236
248
266
266
280
294
298
270
246
238
276
296
326
340
350
390
402
400
372
398
408
388
378
368
370
366
362
372
344
350
358
352
358
350
346
330
332
322
302
240
214
118
116
100
90
102
110
98
96
106
118
94
92
92
92
110
102
112
116
100
102
130
114
104
108
132
114
102
122
142
160
184
204
236
216
180
140
120
104
126
126
112
106
134
124
104
112
142
110
106
118
132
134
136
162
192
146
166
178
180
172
168
202
196
192
220
236
182
166
190
212
234
268
288
306
338
366
338
330
338
390
392
366
366
354
346
372
364
344
346
356
364
364
358
350
332
314
304
266
248
190
116
116
104
90
98
112
100
96
100
120
102
100
102
106
110
98
108
122
104
96
126
110
100
104
128
116
98
118
120
124
134
162
178
158
122
126
118
110
118
124
112
106
132
122
112
112
138
124
106
116
130
116
112
144
148
114
116
144
146
116
132
150
134
128
150
166
124
110
140
162
168
228
248
254
278
322
292
278
286
322
364
342
366
360
362
358
364
360
352
350
366
352
348
342
320
322
304
264
202
152
100
124
110
96
94
108
98
94
100
126
104
102
104
110
120
102
110
128
110
94
128
114
104
108
128
116
96
128
124
122
104
122
140
106
110
126
130
104
120
136
118
104
124
120
118
108
132
130
102
122
146
120
106
128
146
102
122
136
138
110
112
134
118
90
116
148
116
110
136
126
112
166
194
190
236
232
234
212
226
276
316
302
352
366
354
370
372
360
358
356
358
338
350
328
318
296
268
234
188
140
98
112
106
96
96
110
104
102
106
132
104
102
106
112
114
100
114
124
112
104
126
126
104
108
130
114
102
114
130
128
114
122
140
104
106
134
136
100
118
134
126
108
128
138
102
110
140
138
104
108
146
128
108
138
154
116
108
140
132
100
110
126
108
110
124
138
114
112
130
132
112
120
152
156
156
184
192
150
162
214
262
238
296
326
352
372
384
370
358
348
348
332
326
304
304
278
248
194
160
110
92
112
108
100
90
116
102
96
100
116
108
102
120
126
128
98
110
140
116
98
120
132
104
104
134
128
96
104
140
128
102
118
142
116
106
132
140
104
102
126
132
100
130
136
110
94
124
134
106
108
142
122
100
130
160
122
110
144
136
98
106
128
114
106
116
130
104
104
126
132
114
110
136
130
114
130
144
112
106
140
202
198
236
268
310
344
376
378
348
348
350
324
324
278
260
252
206
164
128
104
88
116
110
100
94
120
112
100
98
112
108
100
114
122
120
104
110
144
122
94
110
152
110
104
142
130
104
112
132
136
104
116
150
126
118
126
152
110
104
134
132
110
122
148
124
98
126
136
106
104
146
132
102
124
160
128
112
138
136
100
104
126
118
104
116
140
116
112
130
136
120
112
134
132
110
118
144
128
98
122
160
148
192
226
254
306
360
364
358
344
338
316
278
234
232
228
178
134
124
106
102
120
124
106
96
114
116
100
104
122
112
100
110
126
134
96
100
136
122
108
124
138
118
102
130
144
110
108
144
124
106
114
136
128
108
118
148
106
106
130
124
116
114
148
126
102
128
144
112
102
146
142
110
126
152
134
110
128
136
106
104
122
122
102
114
144
124
112
126
134
122
110
134
140
114
118
148
136
104
120
134
106
140
186
206
256
318
346
336
334
316
276
246
194
190
188
138
104
116
104
96
100
120
104
96
112
122
100
96
114
124
110
114
136
124
114
112
126
128
100
112
146
122
108
134
130
124
116
114
134
110
122
134
146
102
122
148
118
102
122
132
112
118
142
132
98
118
144
122
102
138
142
112
126
152
138
106
122
142
114
102
122
136
110
108
138
122
108
122
140
124
108
130
140
114
114
146
130
114
120
140
110
102
144
174
206
260
292
288
288
270
234
202
162
150
162
110
104
110
120
100
106
124
110
102
114
126
104
94
118
122
106
106
136
138
104
106
130
132
104
120
138
132
114
132
148
124
104
130
134
102
112
140
142
108
108
146
124
104
126
136
110
108
152
136
108
112
142
128
102
136
146
114
116
156
144
106
122
154
120
100
126
140
114
106
134
128
112
124
152
128
106
126
144
118
116
154
142
110
114
136
112
92
106
128
152
206
228
248
236
222
204
146
122
118
138
106
98
104
116
102
108
136
124
108
112
124
112
98
126
122
106
102
136
128
116
110
132
138
108
112
146
140
112
138
144
126
110
124
148
110
112
150
142
118
108
150
134
106
126
130
112
96
156
130
120
114
142
134
106
136
154
120
110
150
152
110
118
156
128
104
126
138
118
106
134
134
116
122
154
136
106
126
148
116
104
146
140
112
112
126
114
106
104
120
130
148
190
202
198
186
168
128
98
110
132
120
96
106
118
106
104
126
120
104
114
128
118
90
114
136
120
108
138
138
120
106
132
138
122
116
130
142
102
124
144
116
104
134
144
114
120
134
148
104
120
140
136
110
116
138
116
114
152
128
126
112
146
144
110
128
150
122
114
138
158
116
110
150
136
108
120
148
130
112
136
140
120
122
158
144
112
130
156
120
98
142
144
128
112
130
122
102
104
136
120
100
136
170
148
138
152
110
108
104
132
120
104
98
130
102
96
130
124
102
110
124
124
96
122
132
118
104
134
144
122
112
128
128
122
116
138
138
110
126
136
128
108
128
144
112
100
130
150
104
112
152
134
110
110
144
118
110
146
142
126
114
144
144
122
124
150
128
112
142
144
116
110
148
142
118
124
154
142
108
134
146
114
114
146
158
128
120
168
136
120
144
138
128
110
132
146
104
110
118
122
100
114
140
120
112
124
126
122
118
134
124
102
114
116
108
100
118
140
104
106
122
128
86
100
122
118
104
122
148
120
112
132
140
126
112
134
154
114
120
152
122
104
118
146
126
112
132
162
110
114
146
134
102
112
150
126
112
138
154
136
108
144
148
122
122
152
132
108
140
160
122
112
136
134
114
118
158
144
112
132
158
122
116
146
158
122
120
164
146
110
142
154
126
102
116
138
104
112
120
120
108
114
134
116
108
120
128
122
104
130
126
98
110
122
118
102
112
132
116
100
118
124
98
106
120
120
104
116
156
120
108
128
152
130
116
140
148
118
122
150
148
110
120
162
138
112
136
162
130
114
152
150
116
122
154
126
108
128
158
130
112
146
156
132
126
152
138
110
130
150
132
108
138
152
122
130
162
148
114
128
164
130
116
142
168
132
116
158
158
116
136
156
142
118
126
154
118
112
126
126
106
118
138
128
114
118
134
128
100
126
130
100
106
122
122
102
112
128
120
100
118
136
106
102
130
132
112
112
162
128
110
126
158
130
112
136
154
120
116
162
134
114
118
154
146
118
122
170
126
118
142
160
118
116
154
128
110
128
162
130
110
136
150
132
122
144
140
110
124
154
126
108
150
150
134
118
168
158
118
126
164
138
110
138
168
148
116
156
158
130
128
158
134
112
120
156
118
104
122
126
104
110
130
126
112
114
136
126
104
122
132
108
108
116
124
108
112
136
126
104
116
146
102
96
122
132
110
104
150
130
114
128
168
142
114
134
148
120
114
134
162
112
124
170
156
114
126
160
140
102
132
154
114
108
162
140
114
126
154
132
112
138
154
134
124
150
158
120
130
146
138
114
142
168
126
122
168
166
122
128
158
150
110
140
156
150
118
152
160
130
124
168
146
112
116
156
122
108
124
128
120
106
114
116
108
116
142
126
102
116
134
110
106
116
134
112
104
142
136
102
112
138
100
102
116
136
116
106
148
136
114
124
168
148
116
140
162
128
114
160
158
112
112
154
152
120
118
174
144
116
128
166
124
106
154
140
114
124
148
136
106
136
152
124
108
142
158
108
120
158
132
128
130
166
140
132
156
162
124
124
150
156
110
136
158
148
120
144
172
130
122
166
154
112
114
148
110
100
116
126
128
104
118
120
106
116
140
126
100
114
136
106
100
114
138
106
102
136
136
92
112
128
110
106
118
142
120
108
160
150
112
120
162
144
106
136
144
128
114
146
170
110
108
158
150
118
122
166
156
114
136
174
128
106
138
142
120
122
152
146
110
134
156
132
110
136
160
114
118
150
148
124
116
166
134
124
144
154
128
122
150
162
114
130
164
152
118
136
174
140
120
156
156
112
118
146
110
104
118
134
126
100
126
126
102
108
130
124
104
110
138
110
100
112
138
102
102
126
132
98
108
124
120
104
106
134
116
104
152
142
106
120
166
150
106
138
150
142
114
148
154
120
120
168
156
126
118
162
144
108
124
166
126
116
144
160
128
114
144
142
106
120
150
140
116
130
160
126
120
152
160
124
130
166
152
120
142
154
136
124
156
168
122
128
154
160
118
134
160
146
120
154
174
118
122
148
118
114
112
122
138
104
130
126
102
112
134
132
110
106
136
118
108
112
140
110
98
122
134
118
98
120
124
106
116
146
128
116
144
154
112
120
148
160
114
130
160
138
108
148
158
126
114
156
158
120
110
168
140
114
114
158
126
114
140
146
120
110
136
142
108
124
148
144
110
132
166
136
110
156
152
122
120
164
156
118
134
158
144
122
144
182
124
118
152
166
116
134
160
154
114
152
166
124
116
162
124
110
108
132
150
102
118
140
104
108
128
132
104
112
128
120
106
112
134
106
92
116
134
114
92
114
122
104
102
140
124
100
144
156
118
118
152
162
114
126
172
152
116
144
158
132
114
150
172
128
112
164
146
120
122
162
136
108
124
140
126
118
138
140
118
116
134
142
116
134
160
132
118
160
160
130
124
166
160
122
126
162
164
124
150
182
136
126
154
172
122
134
162
162
120
152
168
132
118
162
134
120
114
136
146
106
116
142
112
110
130
132
110
112
128
128
114
112
132
114
98
114
136
118
100
120
134
110
102
138
126
102
144
164
126
116
160
164
118
124
168
158
116
136
162
142
114
148
178
126
110
154
152
120
120
150
140
106
122
140
124
112
138
150
118
118
152
160
118
120
160
154
112
148
158
134
124
162
164
126
122
168
168
122
150
192
142
122
152
172
122
124
152
162
118
144
166
136
114
154
134
122
110
132
136
110
112
142
118
108
128
130
114
106
122
134
118
112
130
122
106
110
136
120
106
122
144
114
102
136
130
108
142
166
134
116
166
168
120
122
154
152
112
132
168
148
110
148
174
118
106
146
154
114
114
134
136
108
128
142
120
104
136
158
122
112
150
158
120
120
156
150
110
142
160
140
128
164
174
136
120
172
162
126
140
196
136
116
160
178
126
124
152
164
118
140
166
146
116
152
138
122
108
130
130
114
108
140
122
106
126
130
114
100
118
136
120
112
126
126
110
106
134
120
106
114
148
114
100
134
136
114
