66
80
84
78
78
74
86
76
76
70
76
64
78
86
80
70
76
84
90
74
86
72
84
74
72
74
70
76
86
76
74
84
76
72
82
72
80
62
82
78
72
80
86
82
78
66
56
64
66
66
68
52
56
48
50
62
54
60
62
56
72
70
68
82
70
72
82
78
82
72
76
94
78
92
94
76
68
102
68
98
78
80
100
78
82
84
84
102
82
94
84
76
88
104
86
90
90
76
96
80
86
96
84
88
80
78
110
72
86
80
90
84
102
76
94
88
84
100
100
90
100
80
100
84
80
88
76
80
88
80
74
88
82
88
74
72
92
76
76
78
68
84
80
78
86
68
54
72
64
58
58
52
44
44
46
48
52
56
58
44
58
52
50
56
66
66
74
76
64
78
74
68
72
74
72
70
70
82
90
88
82
86
82
78
72
82
70
80
84
66
82
64
76
78
88
76
80
68
82
86
82
86
82
80
80
74
90
86
72
68
92
82
86
88
84
92
84
88
104
82
92
86
84
80
80
80
68
92
74
86
74
72
82
76
74
80
88
90
68
66
96
70
96
98
72
72
68
64
60
56
50
64
54
52
42
38
46
50
56
42
58
56
56
58
60
56
64
76
72
84
80
80
94
88
80
82
80
78
96
86
88
98
68
98
80
78
92
78
102
68
86
96
76
76
110
74
84
72
86
98
78
84
88
82
86
78
84
100
76
66
90
80
84
106
82
94
74
74
92
76
88
90
82
78
78
78
74
88
74
80
78
72
82
76
68
78
76
78
72
70
82
78
84
76
70
60
48
52
54
54
56
86
88
74
56
50
44
40
40
38
44
46
40
42
48
54
60
54
70
62
58
72
74
74
74
70
72
84
74
86
82
76
82
86
78
86
72
92
74
74
74
80
92
94
88
92
84
76
86
70
76
92
86
82
78
78
106
84
90
72
82
80
98
88
88
90
78
98
92
92
98
82
98
82
80
94
90
72
96
76
80
94
80
100
72
84
104
76
80
78
74
98
74
68
76
56
52
54
52
46
88
146
144
126
110
88
74
58
54
64
60
60
50
52
38
50
58
48
66
70
70
76
76
78
84
74
74
92
70
76
80
84
88
80
82
90
58
98
92
80
98
76
94
98
74
80
78
78
90
72
74
88
88
76
76
78
96
96
86
76
82
78
86
90
86
90
72
94
90
86
84
68
84
74
72
86
70
74
88
80
68
78
78
80
78
76
96
78
66
72
88
74
86
70
44
52
48
34
44
36
134
220
202
190
176
128
102
80
80
98
98
96
82
80
60
44
44
54
44
60
58
52
60
60
70
66
74
86
86
64
86
94
76
102
78
88
82
88
98
78
94
104
84
98
114
78
86
84
84
90
82
90
98
82
92
86
84
114
86
86
92
84
76
106
88
98
80
88
98
86
88
90
88
90
86
86
72
102
90
98
82
80
98
78
88
74
86
84
76
92
90
76
90
60
48
58
38
46
48
56
170
258
236
242
222
182
152
124
136
152
162
150
140
124
106
64
50
60
42
50
54
52
54
66
62
62
64
72
78
60
84
72
80
98
68
92
82
88
78
96
78
90
88
88
90
76
78
78
74
82
82
90
86
84
84
78
90
84
86
84
78
78
82
78
88
84
88
90
84
78
86
84
82
72
82
84
82
86
88
78
82
92
74
98
80
86
104
72
78
88
72
92
70
64
72
60
62
72
82
106
196
268
254
280
256
246
198
170
194
206
228
212
206
180
162
120
90
58
48
42
46
44
40
76
62
68
66
86
78
94
78
96
90
88
96
92
86
108
80
90
108
80
116
106
82
102
84
96
100
82
94
108
90
106
84
90
104
84
90
90
84
90
102
76
124
90
76
110
82
90
108
82
110
78
86
90
80
74
102
80
86
106
76
96
88
82
106
72
86
80
78
84
82
84
88
114
122
116
124
144
218
268
264
288
290
272
240
218
248
248
276
258
254
238
214
176
130
96
54
50
52
40
50
42
54
50
58
68
88
96
76
84
76
84
68
82
68
90
86
76
94
86
90
82
88
88
84
78
82
82
74
90
90
86
86
90
88
96
76
82
94
74
86
96
92
92
74
86
100
78
88
96
80
98
80
76
74
92
80
94
74
96
76
82
96
78
98
88
76
88
88
88
70
100
130
166
182
154
168
188
244
262
248
274
288
282
274
248
278
282
280
264
278
272
258
224
180
134
94
76
72
52
54
52
54
50
52
68
72
88
88
84
82
102
72
98
82
92
108
84
106
100
90
88
102
90
98
90
92
94
82
88
104
80
100
86
90
100
80
96
92
78
90
100
96
92
80
74
88
86
80
92
90
90
80
74
72
80
74
86
76
92
74
90
86
80
94
80
80
84
74
80
60
126
168
210
234
200
224
224
254
260
256
266
284
296
298
280
284
280
276
256
260
276
276
258
234
182
140
120
122
112
84
64
54
44
50
58
64
98
74
80
88
86
82
84
76
92
82
82
92
86
98
88
84
88
80
80
86
78
96
100
92
104
88
92
92
92
96
100
86
86
100
90
112
88
88
90
76
98
96
84
110
80
94
102
84
80
100
88
98
104
78
102
84
90
94
78
88
84
76
80
72
156
206
246
278
252
278
268
284
286
288
280
284
302
304
294
286
272
276
256
258
278
290
274
250
210
190
184
178
164
152
110
94
54
56
54
68
92
74
82
90
76
88
82
78
98
80
80
86
86
98
88
84
86
86
84
88
86
90
86
94
92
92
80
96
88
92
86
90
78
88
90
96
86
84
94
90
84
96
78
84
90
74
94
70
80
86
84
84
84
76
80
86
76
78
84
70
82
76
66
70
162
226
268
292
280
296
306
322
310
314
304
298
306
306
290
292
272
258
244
262
260
282
286
276
250
232
238
230
232
198
158
134
78
58
52
58
58
76
74
72
82
74
94
80
88
112
86
96
102
82
86
102
82
100
84
88
102
90
94
102
98
96
96
94
108
84
100
102
84
90
98
92
98
96
92
108
84
92
84
82
102
88
90
88
92
86
100
96
88
88
86
98
82
82
94
74
86
68
70
96
188
260
292
304
302
312
326
340
334
338
326
306
314
322
314
308
284
278
264
274
258
276
278
270
258
260
276
258
254
244
212
170
136
84
62
50
56
60
66
68
70
76
88
74
84
92
92
80
80
84
78
80
82
82
82
90
88
88
84
94
84
88
82
92
90
80
98
86
80
86
76
92
86
92
82
86
88
80
72
92
80
88
82
88
74
82
84
98
78
82
94
84
82
84
78
84
76
62
86
130
212
282
296
308
306
332
350
366
366
360
340
310
318
314
320
314
306
310
302
298
280
286
296
294
274
272
276
262
272
266
256
210
184
122
72
38
50
52
66
78
58
92
82
80
98
86
108
84
82
108
96
82
100
84
92
100
86
106
100
82
110
84
96
112
84
114
96
94
90
98
74
112
90
88
98
82
100
90
76
98
78
82
98
80
68
90
76
92
72
72
88
74
76
84
70
86
70
70
106
146
214
282
288
308
304
316
360
390
382
362
350
318
320
310
316
332
344
322
320
322
294
290
294
292
262
268
266
256
266
250
286
252
210
160
100
56
48
48
48
60
52
72
78
80
88
94
80
78
88
74
76
90
76
96
80
82
90
92
92
82
88
92
86
96
90
88
98
94
84
88
82
92
94
74
84
94
84
90
88
80
98
84
78
84
80
82
102
82
84
82
72
100
78
84
96
74
76
68
132
176
212
310
296
316
312
322
370
380
394
384
346
324
310
314
326
350
348
344
332
336
302
282
308
298
272
272
250
244
240
250
286
272
240
196
134
82
46
48
48
50
62
70
102
90
84
116
86
90
100
76
84
106
82
104
90
100
102
98
106
92
84
106
88
90
90
86
98
94
86
94
88
92
94
72
84
80
94
74
72
74
72
72
82
84
64
72
72
82
68
68
88
82
82
90
72
74
62
86
146
188
208
308
288
312
306
298
356
384
400
376
346
326
320
308
318
352
376
364
344
340
316
290
316
300
272
270
264
256
236
242
282
286
270
234
166
116
86
62
46
48
58
76
90
92
94
96
92
82
88
96
90
92
102
86
78
94
96
96
90
80
98
86
94
100
86
116
90
90
98
92
88
104
94
82
92
84
98
76
76
78
74
72
78
76
58
70
72
80
66
64
80
78
78
92
78
66
58
102
156
180
212
288
304
318
304
304
342
394
396
382
344
332
316
308
324
360
388
372
356
340
302
310
328
310
292
284
284
276
252
250
268
270
266
260
208
172
146
116
76
52
48
68
86
92
92
84
90
80
84
94
84
84
98
74
80
88
76
98
94
78
100
82
96
96
84
106
76
80
86
74
72
94
80
70
74
74
60
66
62
52
68
64
60
54
52
52
70
52
60
50
54
70
62
72
76
50
52
98
184
202
218
274
300
316
330
304
324
368
392
368
356
328
314
294
306
348
378
376
370
352
306
304
312
300
312
306
302
302
290
270
266
264
266
288
258
232
204
174
136
78
56
54
88
88
82
98
92
96
102
86
88
104
96
100
90
96
100
94
108
88
80
108
96
92
98
92
104
102
90
92
86
92
94
84
84
80
64
68
64
54
68
54
64
58
64
54
68
48
64
52
56
56
60
58
64
72
60
118
220
238
214
286
296
316
342
320
312
364
386
386
360
342
324
306
290
334
378
388
362
342
314
324
322
312
342
338
324
320
308
290
280
272
266
288
276
272
260
218
192
128
84
54
76
84
82
88
80
86
94
80
78
94
92
84
82
92
88
92
86
80
86
82
88
100
86
98
94
86
84
88
70
72
78
70
74
58
70
52
54
54
48
54
86
80
88
96
98
102
96
88
66
46
60
68
90
112
96
162
240
252
242
292
316
330
338
328
308
328
380
374
374
338
322
300
278
320
366
390
362
346
332
312
308
302
344
360
348
338
314
298
286
274
260
272
276
286
288
268
236
178
114
70
58
74
82
90
100
90
96
108
90
88
114
84
96
104
80
112
96
94
120
72
98
114
84
118
92
84
88
82
66
74
72
62
68
62
84
78
92
98
94
86
122
130
138
160
150
162
156
140
88
66
80
104
142
144
154
204
272
276
286
298
330
332
348
336
304
312
362
378
382
358
336
316
296
312
334
364
364
344
322
318
316
310
352
378
354
340
308
296
288
280
274
276
276
276
278
300
274
220
156
92
54
64
72
74
90
82
86
96
84
80
96
96
82
88
86
88
106
86
92
90
94
88
94
86
94
92
76
70
62
68
64
52
62
76
86
120
142
144
162
150
180
206
208
218
204
204
220
196
144
120
136
160
186
188
220
244
316
294
292
334
340
314
348
342
316
308
360
360
376
356
344
328
302
290
306
346
374
352
330
314
310
310
356
382
344
330
306
306
296
286
276
262
258
258
268
294
296
256
202
108
62
56
66
78
82
98
102
86
96
110
86
112
88
96
100
90
110
84
98
94
88
94
92
88
106
84
70
64
56
50
56
48
70
100
114
162
184
204
224
226
262
272
276
274
258
260
272
254
214
188
192
212
228
224
264
294
320
286
318
348
356
338
328
348
338
308
330
352
362
376
352
352
306
304
310
334
356
364
338
332
328
322
358
354
348
310
314
310
316
300
270
262
252
254
252
284
286
270
228
138
70
50
58
54
90
78
84
94
100
78
98
96
92
98
86
94
88
100
108
94
108
92
92
112
86
66
70
48
44
56
44
52
90
130
152
204
236
262
288
284
308
318
304
314
294
308
316
304
270
258
250
252
254
228
314
314
306
298
320
348
384
360
328
366
340
334
324
340
372
364
370
342
340
314
292
316
344
362
314
326
334
326
340
354
340
314
318
316
316
306
294
292
276
266
250
268
282
272
234
162
90
56
52
62
74
78
70
92
80
86
94
88
88
96
86
88
90
86
100
88
96
94
84
98
96
68
62
42
38
46
40
58
112
154
174
218
254
282
314
314
324
334
318
332
304
314
320
318
302
288
272
260
246
214
328
318
286
304
326
346
392
372
312
348
358
342
318
322
342
364
362
354
360
340
328
316
334
322
324
324
340
326
314
346
330
328
336
330
328
324
316
308
286
278
262
264
274
268
244
194
108
56
46
54
56
82
78
92
84
112
90
102
90
100
102
102
120
86
98
98
96
100
92
86
106
72
52
46
36
38
54
80
138
174
188
224
264
288
326
322
322
326
328
332
308
302
312
308
308
284
262
250
232
222
316
306
280
314
346
360
380
370
302
332
348
354
328
314
314
334
360
358
366
382
336
324
314
310
316
320
338
326
302
330
316
336
342
332
332
334
324
310
292
290
274
272
274
274
260
222
142
86
52
46
62
80
86
88
78
94
82
86
80
88
86
92
98
92
86
86
102
78
84
98
82
58
56
42
42
56
66
106
156
176
186
208
250
272
308
300
298
302
302
306
292
282
284
286
294
286
248
238
234
246
308
294
282
322
354
370
364
338
294
310
348
372
326
308
320
330
332
360
372
370
358
326
304
304
308
312
328
320
306
308
304
332
336
320
324
330
324
318
308
304
280
284
280
288
284
256
198
142
80
46
68
74
88
102
88
92
116
92
96
104
90
100
92
104
100
88
114
94
92
104
78
86
98
82
100
110
104
150
180
186
192
196
230
242
274
270
272
282
270
278
268
254
238
266
242
238
214
238
262
256
268
294
290
324
338
364
338
276
262
308
308
342
336
326
308
310
322
344
364
390
346
336
312
310
294
318
324
316
306
290
302
334
338
322
332
336
330
326
318
314
294
292
274
284
302
284
238
184
124
68
62
80
84
84
80
92
88
96
82
86
86
86
96
86
94
80
94
100
84
76
80
128
150
144
166
158
150
188
202
200
206
192
214
216
240
238
238
248
240
242
234
214
200
222
208
216
224
248
268
268
274
298
316
326
326
354
316
236
232
292
268
334
324
328
336
308
320
336
346
370
348
334
322
290
314
334
336
326
310
286
308
330
332
340
346
344
334
336
324
320
306
290
274
272
294
292
268
224
172
110
60
80
90
80
94
108
84
104
80
82
92
82
114
88
96
94
92
94
82
82
84
160
206
206
222
206
202
228
232
224
228
198
210
200
218
228
220
214
228
214
220
194
200
214
200
188
242
290
300
296
282
286
332
320
320
348
300
228
214
270
274
326
334
346
350
350
326
338
362
350
324
336
332
316
324
346
352
344
320
296
314
314
308
354
350
340
336
350
336
320
302
280
288
270
270
282
302
266
208
158
78
64
86
90
92
84
98
90
88
96
84
102
90
114
98
80
120
92
96
84
100
198
258
252
278
260
252
268
276
266
258
236
228
206
214
228
214
218
222
234
214
210
204
220
212
210
250
312
322
298
302
320
348
330
328
320
282
246
234
270
294
340
334
358
364
358
350
346
350
324
320
340
336
336
342
352
348
356
334
320
310
310
320
348
342
358
354
354
342
322
300
292
266
264
268
274
294
284
246
188
96
72
74
80
78
80
96
98
86
92
82
90
88
96
96
80
100
98
86
70
104
238
298
308
316
296
282
302
300
306
300
270
272
240
232
244
224
232
212
250
248
228
230
250
238
246
274
326
322
320
334
360
356
348
322
322
288
266
244
252
298
352
354
368
374
364
348
360
368
338
334
342
342
352
362
332
344
364
346
334
328
320
318
340
346
352
348
362
348
318
312
300
264
252
254
266
296
296
266
214
134
76
78
90
86
94
88
112
88
90
88
90
100
90
108
96
96
122
94
76
128
246
306
302
324
308
308
322
338
340
324
324
322
268
272
258
240
238
256
268
274
274
272
282
270
282
290
338
340
356
354
364
358
322
316
302
280
290
260
242
304
370
388
376
364
362
364
358
364
328
340
352
356
360
358
350
340
352
346
342
332
324
324
332
334
338
336
354
340
318
316
306
290
278
256
256
294
302
268
230
148
70
66
80
82
80
78
92
82
88
72
82
78
94
92
82
92
100
84
84
150
238
304
296
322
318
320
326
334
340
338
336
340
306
298
296
270
280
300
328
316
336
310
312
318
320
298
330
354
370
336
332
336
296
316
296
284
298
284
258
310
358
386
374
368
366
364
344
364
348
368
358
350
358
364
354
332
346
354
358
348
338
342
342
316
308
302
308
312
320
318
324
318
310
278
266
294
298
270
232
172
58
78
94
74
100
96
92
92
104
82
104
84
122
98
84
110
92
96
104
174
244
302
314
320
334
322
336
342
338
346
348
348
338
334
300
310
322
332
342
364
342
336
326
348
342
310
320
356
366
310
312
306
306
312
314
304
292
302
266
316
348
360
348
362
364
352
352
364
354
382
374
364
362
360
340
328
346
344
344
346
350
354
354
326
306
296
298
302
316
316
320
300
292
282
270
276
276
268
238
172
66
70
88
76
86
96
100
82
90
86
88
92
98
94
80
88
96
92
136
212
256
316
322
328
338
330
348
362
348
354
366
360
358
364
318
326
346
352
374
370
370
354
356
372
358
340
344
376
368
308
300
302
290
306
318
312
298
314
292
322
346
346
322
332
338
338
330
340
348
376
372
372
376
374
368
350
362
360
354
356
368
378
366
356
326
308
318
310
312
320
316
302
304
298
282
280
276
272
236
186
64
66
90
74
98
88
100
84
90
84
88
100
86
98
88
88
108
114
168
248
288
346
334
344
334
340
354
350
362
370
362
366
378
360
338
336
330
376
384
378
376
352
372
376
356
354
356
370
348
288
298
316
288
318
328
318
330
334
340
328
334
332
316
316
310
312
324
314
316
332
350
378
386
376
388
362
380
384
376
364
366
374
382
380
350
326
326
316
324
332
316
316
318
302
288
290
288
276
230
166
74
58
86
84
96
96
90
88
98
80
102
86
102
94
82
106
90
136
216
282
324
348
336
330
320
336
348
354
372
372
374
382
376
366
340
362
376
386
392
376
362
372
370
378
368
368
368
368
348
294
310
324
338
342
364
340
362
356
358
338
340
324
304
306
298
298
318
306
304
286
292
336
372
380
410
394
406
388
364
354
360
362
388
388
384
370
352
336
342
334
334
320
312
298
294
304
304
296
246
178
88
70
90
72
88
94
84
80
92
78
96
86
90
90
80
106
94
158
242
318
350
354
340
324
324
336
352
360
378
390
392
392
382
378
362
366
366
384
382
386
362
364
376
376
380
368
366
388
352
344
352
334
340
352
344
350
388
374
370
348
354
338
292
294
288
294
304
296
292
272
256
292
344
360
402
404
422
396
376
354
332
354
372
392
406
372
388
364
366
340
322
322
306
290
294
310
312
306
260
196
118
68
88
92
94
94
112
86
98
90
90
100
86
112
96
86
112
180
284
340
352
332
328
320
320
314
340
348
376
400
398
380
360
360
352
362
372
392
388
386
364
372
386
386
384
382
380
372
360
358
348
336
350
340
344
360
376
394
396
366
350
338
346
324
308
300
304
300
278
258
266
296
310
308
362
378
406
422
392
352
338
320
346
364
388
390
398
374
370
354
340
318
310
290
284
298
320
312
266
216
148
92
88
82
86
90
84
84
86
70
96
96
88
94
82
94
114
196
278
332
352
338
326
306
320
332
334
356
380
380
376
366
350
348
374
384
382
382
374
382
374
390
388
396
380
398
364
368
350
368
372
334
356
356
346
366
392
402
394
382
366
366
350
338
342
336
336
324
310
286
270
288
306
300
320
346
376
398
402
364
320
316
320
336
362
394
400
390
378
358
320
300
300
286
284
288
316
316
288
244
172
108
86
88
100
108
88
94
96
84
94
80
102
92
86
112
104
196
288
344
348
324
320
332
346
342
350
354
366
360
354
338
342
362
382
396
392
384
380
396
392
398
398
398
402
388
366
366
356
378
368
356
344
354
374
392
416
416
436
394
372
378
360
360
370
368
360
352
356
340
298
286
290
282
308
304
344
368
382
364
338
318
298
312
338
372
386
398
384
346
324
314
302
282
284
276
300
326
302
262
188
126
90
94
94
90
94
82
86
88
98
86
96
94
84
90
110
218
296
332
332
340
336
342
342
344
348
346
354
346
342
332
348
372
404
400
392
386
390
406
402
398
394
390
394
370
362
356
356
374
380
386
356
362
386
410
420
392
394
402
428
382
370
376
386
374
370
364
358
358
356
344
314
286
294
296
322
350
372
346
350
318
308
306
312
328
346
374
384
354
328
324
312
298
288
276
290
324
304
276
208
148
88
94
90
86
102
86
86
86
80
86
104
100
92
92
108
210
278
328
328
326
310
340
356
360
346
342
356
344
346
352
372
380
434
396
374
372
382
402
406
402
386
390
374
376
366
362
368
374
384
368
368
380
398
426
414
386
380
348
406
400
374
374
374
372
362
378
388
372
352
354
350
332
288
302
330
338
358
334
324
312
318
306
306
310
320
338
362
350
324
322
324
324
300
288
296
312
292
282
230
170
80
84
90
102
94
92
82
66
90
84
108
82
84
104
106
204
270
312
326
346
338
346
352
360
370
342
358
368
378
374
390
396
418
372
358
366
384
412
416
398
368
376
372
360
376
368
382
366
380
376
374
376
408
426
366
354
364
308
376
392
346
372
384
366
372
380
390
368
338
348
348
310
318
308
354
354
334
332
312
296
300
296
304
312
314
318
330
318
314
308
306
296
278
260
262
268
258
268
236
188
82
80
80
92
96
90
84
62
84
72
94
80
84
92
88
190
252
306
334
350
344
348
358
358
380
356
376
384
398
400
408
390
404
362
354
360
380
418
422
386
360
378
376
368
372
402
386
370
370
370
374
366
388
420
356
300
296
262
360
376
358
374
392
360
350
376
386
364
344
350
358
350
334
346
360
366
348
338
308
288
298
290
282
284
286
304
320
316
300
306
302
282
284
250
234
238
242
252
222
186
84
90
90
104
108
84
96
88
90
94
84
92
102
84
106
184
248
314
348
348
334
356
342
378
374
372
390
414
424
422
412
390
368
334
342
352
394
430
414
366
352
352
364
368
374
404
390
370
348
368
382
364
376
394
342
284
276
234
318
352
336
366
376
360
344
352
374
352
346
364
374
346
316
346
362
380
378
368
312
302
290
290
294
308
272
284
290
304
300
294
304
292
284
248
232
226
220
228
208
156
84
72
90
86
88
74
82
72
92
82
96
80
92
88
104
174
256
324
366
356
346
344
342
358
360
382
402
414
418
428
414
382
348
312
328
354
396
424
408
370
350
366
372
362
364
380
368
356
346
368
388
352
362
380
322
298
276
250
290
342
328
340
382
374
360
364
366
362
382
374
378
354
328
328
358
378
388
384
358
314
310
298
302
298
308
300
278
284
280
276
278
264
266
236
224
224
212
218
186
142
90
78
94
112
88
110
80
80
94
80
100
86
90
94
114
180
264
332
370
354
340
336
350
352
354
372
392
418
426
426
394
366
332
312
340
374
404
414
388
352
350
380
384
368
368
370
362
360
350
370
388
356
356
364
316
290
250
250
316
342
338
364
372
370
364
358
362
370
396
374
376
366
340
324
342
362
380
392
396
352
344
330
302
316
312
314
304
306
314
316
306
278
276
256
242
230
212
208
144
110
80
74
78
100
94
84
78
72
90
86
90
98
94
90
118
192
292
354
378
358
326
332
344
346
350
360
376
420
424
406
362
344
316
312
346
382
408
412
378
336
356
388
396
386
376
368
360
366
356
380
384
378
360
354
344
292
258
290
334
344
354
366
386
372
366
346
364
374
380
358
358
356
344
338
328
342
364
380
396
394
390
354
352
328
330
330
330
344
328
326
328
312
312
296
290
266
228
208
124
98
84
88
82
96
108
84
92
80
88
88
92
90
94
80
106
194
302
350
376
352
322
334
340
342
342
362
378
402
394
380
342
326
330
326
354
394
414
410
372
334
362
388
398
396
370
364
350
354
358
388
378
374
352
340
360
320
302
320
346
350
368
356
376
382
376
362
358
378
374
324
316
326
358
356
334
340
360
368
388
412
408
406
384
366
376
342
338
338
340
324
334
338
330
306
302
270
238
202
118
104
86
84
84
96
92
106
78
76
94
92
116
88
102
92
110
208
298
334
362
340
332
346
362
364
356
364
368
378
364
356
336
326
350
352
380
420
416
384
350
334
364
386
398
374
352
366
358
358
370
390
376
362
356
348
346
342
318
338
354
364
380
350
368
362
366
374
348
368
370
272
262
300
368
346
334
324
334
338
370
388
418
416
420
400
376
362
330
338
330
326
338
340
338
326
320
268
236
184
100
100
88
78
80
88
90
92
78
72
86
78
100
86
82
84
98
202
300
334
346
344
346
362
376
378
374
360
356
362
352
342
342
348
364
372
396
426
400
358
332
334
362
390
392
316
312
354
366
370
386
382
378
366
368
360
342
362
338
346
374
354
358
374
354
352
352
358
346
342
354
242
224
284
372
346
338
326
320
332
356
368
398
402
424
404
374
342
354
342
332
338
340
340
350
338
320
260
226
180
96
94
98
88
94
96
110
88
104
90
100
90
88
114
82
86
102
206
280
324
322
350
348
364
370
368
374
360
362
360
344
338
356
370
398
400
404
416
386
354
334
334
366
398
384
258
268
328
358
366
378
360
368
368
358
346
344
374
352
374
368
356
348
366
362
340
362
338
352
318
338
246
214
270
346
340
332
326
308
328
328
344
360
386
412
402
370
354
338
344
338
334
332
348
374
340
308
266
212
188
106
84
88
80
86
84
78
94
78
78
96
92
94
86
88
78
88
192
262
306
324
328
350
360
352
372
366
368
354
362
366
360
394
394
420
424
420
388
358
330
336
348
370
386
360
226
210
304
334
372
366
354
346
366
360
344
350
380
378
386
376
348
358
372
366
340
342
358
360
314
326
272
254
296
348
338
326
336
330
316
330
332
342
362
370
368
372
340
332
346
334
336
322
334
356
346
310
272
214
184
98
96
88
80
92
92
84
110
90
86
90
86
94
84
96
98
78
164
240
296
310
330
348
350
358
368
364
360
358
352
360
374
400
410
434
420
412
382
346
324
342
356
362
370
334
206
212
280
340
370
368
360
348
368
376
370
372
390
384
386
378
356
364
378
372
342
334
352
348
330
340
322
304
346
356
348
350
348
342
344
340
340
336
352
348
350
360
342
346
348
354
340
328
338
344
330
304
266
230
176
108
92
100
84
90
88
88
84
98
82
100
80
94
90
88
96
88
126
204
264
288
318
336
346
356
356
354
338
344
352
362
366
390
412
432
416
394
344
314
324
346
332
352
356
336
238
244
280
328
352
364
360
346
366
380
372
366
384
384
380
376
364
370
382
376
348
354
366
366
352
370
366
356
378
364
356
368
364
362
368
360
360
354
346
348
338
344
344
344
352
358
354
332
324
332
320
294
268
232
166
104
86
98
72
80
76
88
80
96
84
98
86
86
90
86
76
96
100
174
226
276
308
334
364
356
346
342
348
344
348
360
368
402
402
418
392
366
332
320
330
352
352
346
352
352
304
296
326
334
366
378
362
340
368
396
384
366
378
376
362
366
366
370
374
376
360
362
380
372
384
380
402
382
396
384
388
378
396
396
382
396
390
374
368
348
348
346
332
356
358
352
340
334
320
306
312
300
256
216
152
100
94
102
74
92
94
88
102
90
96
88
96
92
88
114
84
94
100
140
196
258
300
348
380
364
330
346
334
330
346
358
358
392
410
382
368
342
322
332
338
352
364
358
360
352
344
338
364
356
382
382
378
360
380
398
386
372
386
364
348
356
366
366
360
370
372
378
386
396
388
402
406
406
400
404
388
414
408
404
414
396
414
388
368
366
348
346
348
356
364
332
338
326
306
306
306
280
252
196
120
96
80
94
68
82
86
72
86
74
80
88
82
92
80
108
88
82
86
106
172
238
296
362
378
370
318
322
320
334
330
342
364
378
382
366
360
340
330
358
366
366
368
378
378
358
380
390
390
388
388
390
402
386
382
380
374
368
378
360
346
356
366
366
354
364
374
392
400
396
398
386
396
388
386
380
398
400
408
406
404
418
406
392
388
364
352
350
346
364
348
334
318
320
318
304
296
272
244
194
106
114
84
108
88
90
92
92
86
102
90
104
88
102
94
98
96
96
88
88
152
228
290
368
370
370
326
330
322
344
348
358
362
360
366
360
344
342
358
388
384
386
400
396
398
376
408
422
416
416
406
412
414
386
376
372
374
368
364
362
356
362
368
370
356
358
366
380
382
384
376
372
364
366
360
354
378
376
390
394
396
418
404
394
380
368
350
348
344
346
348
336
326
318
312
310
286
244
232
148
82
88
80
94
84
88
86
82
82
98
82
86
98
96
96
94
90
94
86
80
130
224
274
356
360
356
336
346
352
358
362
366
364
366
352
362
368
386
394
402
402
420
430
418
410
386
404
402
410
406
414
398
406
390
378
360
358
370
386
364
364
368
370
376
362
358
358
370
376
370
376
360
356
348
350
340
352
352
368
374
378
400
396
380
368
354
354
352
332
346
362
348
336
324
308
298
272
226
202
132
102
80
108
90
84
96
88
72
102
88
84
78
108
94
84
94
86
88
98
80
118
192
258
352
354
344
350
350
352
366
362
372
358
352
374
372
370
392
412
420
418
432
430
414
396
362
400
404
392
388
382
394
380
378
366
360
364
370
382
384
370
392
380
380
364
356
368
368
380
358
356
356
342
342
336
344
344
348
338
346
356
372
376
366
374
356
350
352
336
344
360
356
338
338
302
280
240
182
180
110
92
94
92
104
90
84
98
96
80
102
70
106
82
102
94
78
114
96
96
106
104
162
244
328
330
348
342
356
354
360
352
364
370
362
376
378
394
400
418
444
424
426
418
396
376
348
368
362
352
366
380
372
380
386
382
368
382
384
392
390
366
380
404
374
372
368
384
378
382
374
360
352
342
350
364
356
360
358
346
344
350
358
358
356
358
360
354
356
346
340
360
356
352
346
292
262
212
154
138
86
90
98
84
90
90
86
88
84
92
82
86
100
92
96
90
82
98
92
92
98
92
140
224
298
316
324
334
354
352
360
352
358
372
360
378
366
386
392
414
448
420
418
402
378
354
338
352
354
354
360
360
366
384
392
388
370
390
388
392
390
374
368
378
382
384
372
360
372
392
390
390
388
366
386
378
382
384
374
358
350
352
348
344
354
350
366
364
364
360
338
358
352
352
338
284
256
196
136
104
98
94
94
100
88
104
98
94
92
104
84
94
92
114
100
90
110
88
106
104
92
106
110
196
254
290
324
328
350
346
362
370
372
380
360
382
376
378
394
412
428
398
394
370
358
348
352
354
358
370
380
378
390
402
404
400
384
396
394
392
390
372
368
382
404
384
382
376
382
388
410
392
396
398
410
410
418
410
390
368
368
362
354
346
352
346
362
370
374
374
350
358
346
340
316
272
238
158
112
86
94
94
86
94
92
98
86
88
86
84
90
74
102
96
100
88
102
94
94
84
106
86
102
154
196
260
304
314
330
328
350
368
374
378
352
358
360
360
384
394
402
378
366
358
350
346
364
374
382
394
402
406
414
416
414
410
398
392
398
400
396
370
366
394
398
392
400
382
370
386
396
398
402
386
414
412
432
418
394
366
370
356
352
352
362
356
354
370
370
372
354
344
344
338
312
268
216
132
108
100
84
106
102
88
108
96
86
90
88
80
102
74
112
102
102
102
100
108
94
84
98
92
94
122
168
198
276
304
320
338
368
380
376
374
356
350
354
368
380
372
380
360
334
350
364
364
382
410
424
424
422
432
428
418
408
400
388
384
402
412
402
382
380
382
404
400
412
386
386
366
374
372
382
380
392
420
428
418
394
364
360
348
350
360
370
366
350
364
358
360
354
332
326
322
296
254
188
118
102
92
94
92
86
98
90
92
92
92
82
88
94
76
92
112
92
102
108
108
100
106
100
102
106
96
130
154
216
294
300
336
378
388
376
360
360
358
360
384
376
362
368
368
354
368
382
398
406
430
436
434
430
448
416
410
388
384
382
396
416
422
404
392
404
402
428
398
418
428
384
370
358
372
384
370
374
386
410
412
382
360
350
356
350
362
368
366
350
358
340
350
354
332
320
304
268
228
156
108
100
90
102
84
74
104
86
94
100
96
82
92
92
84
90
110
94
90
106
96
90
100
82
98
96
96
92
118
164
228
286
324
372
396
390
364
372
372
384
402
382
364
350
366
370
368
382
406
406
432
450
452
422
410
384
384
364
374
384
418
426
416
404
394
406
414
406
408
414
408
394
382
368
358
360
358
354
372
384
392
354
342
332
356
340
346
376
376
358
356
326
336
336
318
300
270
228
190
116
88
102
114
76
92
96
82
112
90
96
94
88
92
98
82
110
90
106
108
92
114
100
96
102
84
100
114
88
92
124
172
244
318
356
374
380
368
378
376
388
390
376
356
362
376
376
386
380
394
422
444
448
436
420
410
382
368
372
374
402
424
428
422
384
406
412
426
416
386
408
410
424
392
394
378
372
344
360
360
374
368
368
344
346
340
338
360
370
378
364
350
334
314
310
284
266
230
190
166
102
80
84
104
90
80
84
84
102
76
96
84
74
92
82
82
92
94
92
96
92
98
98
92
78
106
84
102
98
84
94
140
210
292
356
366
376
382
384
386
382
384
372
364
374
384
384
376
386
372
408
426
420
422
404
390
378
370
382
390
410
436
432
406
388
400
408
422
414
386
400
408
424
402
404
382
372
362
376
360
372
358
348
352
364
356
350
350
364
386
370
356
320
310
284
244
210
186
158
128
88
98
114
106
100
98
88
114
94
94
98
96
94
98
88
100
90
120
90
102
108
88
116
96
82
120
86
104
104
94
98
126
162
244
338
348
362
374
370
382
390
368
364
370
380
390
384
382
370
354
376
398
398
402
394
378
380
378
396
414
424
446
428
386
378
396
416
418
396
364
380
400
412
418
408
380
376
366
364
362
372
360
344
362
366
364
372
372
368
378
370
352
324
284
246
196
170
144
116
100
92
78
84
100
84
96
82
98
100
88
86
100
74
84
78
80
96
96
106
88
98
94
94
98
96
102
94
106
86
88
94
94
130
192
292
322
356
368
360
378
378
336
360
388
394
390
366
370
368
378
366
386
396
382
392
384
400
400
408
428
432
432
400
368
384
394
408
400
388
370
370
374
400
402
404
392
370
364
368
366
374
356
342
366
372
378
374
358
366
364
342
348
300
260
194
154
124
120
110
100
98
94
98
110
84
90
88
88
108
86
90
104
80
92
92
84
104
94
108
96
102
96
102
100
98
104
104
108
100
92
98
90
112
144
222
272
330
344
342
348
370
330
352
388
388
378
372
376
368
386
366
372
374
364
386
386
400
402
398
422
430
410
380
378
386
394
404
388
386
384
376
366
368
388
380
372
376
368
358
376
384
366
358
370
368
378
372
356
352
342
336
314
278
212
158
114
106
98
106
102
74
86
98
78
98
86
86
104
86
90
96
94
90
82
84
86
98
116
92
110
114
82
130
98
90
126
100
96
124
98
98
110
104
122
178
220
284
308
326
332
344
340
364
408
402
386
394
376
390
390
384
372
362
374
394
392
384
388
380
402
416
388
370
394
384
392
400
382
380
382
378
368
376
374
374
374
372
376
372
366
386
378
376
372
360
366
370
366
340
328
314
302
238
174
120
106
110
86
94
106
86
90
100
92
96
88
84
98
82
92
92
88
86
82
88
82
86
104
98
92
98
86
102
92
86
124
96
86
110
92
84
96
100
96
136
160
222
256
288
306
334
338
370
402
396
392
408
398
402
400
390
368
364
384
390
374
378
384
380
392
402
370
366
388
388
380
376
372
380
378
378
370
374
370
362
364
376
364
358
364
382
374
366
368
366
354
354
334
324
292
286
254
208
126
102
102
102
96
94
90
94
92
98
100
94
96
96
86
100
94
92
98
86
88
102
84
100
124
126
102
108
108
102
108
102
112
122
114
112
120
102
96
132
96
112
122
184
218
242
262
314
312
370
392
386
396
390
400
396
414
384
368
386
402
398
372
366
374
380
388
394
370
376
388
378
372
370
376
378
366
380
390
386
366
368
386
390
370
378
396
390
386
368
368
358
328
338
322
296
268
250
206
162
106
90
90
92
80
92
84
88
80
98
100
86
86
92
80
88
86
86
84
86
78
94
90
96
102
106
104
98
94
112
96
74
118
104
102
108
110
86
108
104
108
110
104
130
166
180
202
244
302
346
380
378
390
384
402
404
390
392
356
384
406
408
368
358
376
370
392
390
380
376
388
380
368
384
360
364
372
382
376
382
362
372
376
380
384
372
392
378
372
368
362
342
314
308
284
250
228
202
168
124
94
104
76
98
88
82
106
80
90
102
90
94
86
86
102
76
98
106
88
84
96
88
98
110
112
110
116
104
92
108
100
92
116
100
90
120
108
96
114
94
110
118
96
114
122
138
162
198
250
312
354
374
384
386
364
388
378
384
362
386
398
406
380
368
378
396
402
390
378
370
386
376
380
362
380
378
376
374
390
390
376
378
372
378
392
382
384
370
368
354
356
304
274
246
230
218
194
144
122
104
78
88
84
76
84
84
86
86
76
92
96
76
84
82
82
84
84
86
82
80
88
98
74
96
98
110
100
110
94
98
108
98
108
110
100
98
116
102
104
118
104
110
106
100
130
114
114
152
202
252
302
354
350
344
370
386
376
372
362
390
400
410
390
370
396
402
418
402
372
400
396
382
386
378
388
384
384
388
380
384
374
376
376
378
380
378
382
352
338
350
322
266
228
184
184
156
140
94
98
94
80
96
96
78
80
100
82
86
86
84
102
78
88
84
86
100
94
94
98
76
82
92
72
94
102
106
104
102
94
100
94
90
102
100
98
86
106
102
96
100
96
98
102
90
112
102
96
116
138
206
236
266
308
294
342
336
352
354
350
368
376
396
390
368
384
412
412
396
372
386
376
388
404
402
382
394
404
388
382
388
378
380
380
378
368
368
366
326
324
312
276
214
160
138
128
116
110
86
100
82
80
100
84
86
90
88
94
84
82
96
86
98
94
82
96
96
98
94
92
86
94
80
90
100
114
96
128
98
98
114
92
104
116
90
92
122
98
112
122
96
122
106
96
124
104
116
116
94
126
142
190
224
242
264
286
278
304
314
330
358
368
386
394
374
382
400
390
392
386
406
394
402
396
398
404
382
402
398
380
384
372
370
360
362
364
358
334
300
294
266
224
150
134
96
104
98
98
78
90
74
72
90
78
84
78
84
84
78
84
86
78
86
82
72
84
86
84
82
82
82
88
72
80
86
92
90
100
108
94
90
104
92
94
90
78
100
92
84
108
100
102
96
82
110
110
98
102
98
96
112
120
170
178
186
238
234
242
244
280
326
344
356
380
386
394
380
370
378
370
396
388
404
418
394
396
392
386
388
374
368
342
340
326
328
324
320
298
252
252
202
172
122
110
102
98
94
98
76
84
92
84
92
100
82
96
82
88
100
80
102
90
82
86
86
86
106
90
94
100
84
86
94
74
98
100
108
94
118
98
84
116
102
102
116
102
98
114
94
108
104
96
108
104
96
118
100
110
104
98
114
98
108
126
156
170
178
188
194
226
264
288
306
356
350
348
364
346
364
362
348
368
390
410
386
374
368
362
366
340
334
292
292
278
276
264
252
240
206
182
156
120
98
106
84
88
82
86
76
72
84
78
78
86
82
78
80
80
86
82
84
84
86
78
82
82
94
78
86
82
82
84
92
72
86
102
82
112
84
82
98
94
96
102
86
84
110
90
102
100
88
104
90
100
108
100
112
102
90
104
100
104
104
92
104
118
118
132
140
170
208
240
250
298
308
314
310
302
320
304
296
326
344
378
340
332
324
336
300
306
274
230
234
216
226
228
210
186
168
146
114
104
86
112
78
88
92
92
98
84
82
86
98
92
104
82
82
102
80
96
94
82
98
70
74
88
80
86
98
76
78
84
72
84
94
112
96
116
104
84
102
102
98
106
94
92
104
90
96
102
100
104
88
106
106
104
106
100
86
110
88
88
100
88
92
108
100
102
108
108
160
176
194
244
234
264
254
246
250
242
222
242
270
290
270
270
264
268
248
234
206
188
170
140
168
168
138
128
124
102
98
90
86
92
88
86
92
104
82
92
86
94
90
92
86
86
80
92
90
76
88
90
80
92
80
82
96
76
90
94
68
84
90
82
90
102
88
100
98
92
90
112
90
102
112
96
90
124
88
106
100
96
112
104
106
126
98
108
106
96
118
94
92
94
108
98
110
106
108
114
122
138
144
178
192
200
214
200
198
178
174
176
214
226
204
212
194
196
198
174
150
134
122
120
120
104
114
102
96
112
86
100
90
80
108
88
90
96
88
92
106
84
76
96
84
80
82
86
94
86
84
78
90
96
76
82
92
80
86
80
78
88
88
78
94
88
88
112
102
98
92
92
96
94
94
82
98
104
90
94
88
102
100
90
96
110
98
98
94
98
96
96
94
84
94
98
100
102
104
94
112
104
100
130
124
140
146
140
132
118
108
126
138
148
150
148
140
146
124
126
110
106
112
104
108
108
96
90
98
102
100
98
84
100
96
84
98
86
94
94
104
90
86
84
86
84
84
92
90
98
82
80
92
86
78
92
86
90
102
82
76
86
84
78
112
98
86
118
110
96
110
92
108
102
90
90
126
98
118
104
96
126
102
102
112
106
116
100
96
118
94
104
114
92
94
116
102
106
108
94
124
108
102
126
96
108
106
102
98
102
90
108
96
102
104
94
94
104
84
104
92
88
100
90
100
108
88
80
98
94
104
94
80
110
86
84
94
76
86
88
82
90
86
74
72
74
76
80
78
78
76
80
78
84
78
88
78
84
94
82
72
82
80
68
94
92
82
100
110
88
98
98
90
98
96
90
98
104
98
92
90
108
104
98
110
106
96
90
94
96
108
88
96
88
90
96
108
102
98
102
104
108
102
108
112
96
110
92
94
106
108
94
100
104
92
102
92
88
104
98
110
90
98
108
98
90
108
94
88
106
88
106
92
96
110
94
94
88
94
92
90
88
82
94
82
82
86
80
92
70
92
88
74
92
82
86
86
88
90
92
72
82
84
74
98
92
108
116
116
102
102
114
94
100
98
88
90
110
96
90
94
104
108
98
108
106
98
96
100
98
108
102
100
92
102
98
104
102
96
92
102
100
98
104
100
100
108
88
86
100
94
90
84
90
84
90
90
86
92
90
100
84
96
90
90
82
94
86
90
88
84
92
84
92
90
84
90
84
94
82
86
82
88
82
80
84
72
88
84
76
84
82
76
72
76
86
74
84
96
80
82
86
82
74
114
100
104
114
102
106
106
116
106
96
86
88
110
100
116
104
98
114
106
102
108
100
114
102
96
114
98
116
116
102
106
108
104
112
110
94
120
104
108
118
104
118
116
98
96
114
92
110
102
100
102
84
96
106
94
116
106
94
114
86
110
106
94
92
108
84
106
90
86
108
80
84
94
84
88
84
80
86
94
72
76
84
70
90
76
86
78
80
90
74
86
92
76
82
96
72
72
78
74
68
104
112
82
108
110
112
96
102
104
92
92
88
106
84
98
90
86
106
106
100
100
94
108
94
84
96
108
92
106
100
96
92
94
102
104
104
98
96
100
104
108
96
102
82
90
102
92
90
92
88
96
88
86
92
90
92
104
82
94
88
104
82
100
86
86
92
92
94
88
86
96
80
88
90
70
86
78
76
72
80
82
82
94
80
88
84
90
86
72
82
82
76
90
82
82
88
78
86
82
68
96
122
104
104
130
104
90
130
104
102
106
76
110
110
92
112
96
106
114
102
104
110
100
106
92
94
118
96
94
118
86
94
114
94
102
106
94
110
108
104
120
96
114
94
92
98
112
88
96
90
98
104
84
96
90
92
104
80
94
98
96
86
94
84
90
92
84
86
86
80
92
82
84
80
86
78
86
72
84
70
74
76
82
76
80
86
76
76
74
74
68
72
80
84
82
70
72
72
72
66
98
100
92
106
108
100
94
104
110
88
92
92
102
98
98
104
88
106
98
100
98
92
104
94
96
100
98
100
98
102
92
96
98
108
94
100
104
104
100
104
102
110
104
90
92
104
88
94
86
96
96
92
102
104
90
106
88
96
100
88
104
96
92
86
96
86
100
92
90
94
82
86
84
84
86
84
90
82
92
82
82
86
86
86
88
90
84
80
80
80
74
78
88
92
90
78
78
82
84
82
104
102
100
120
104
106
104
104
116
84
102
84
124
82
120
104
98
114
102
110
102
94
116
98
96
100
92
102
102
100
96
96
92
108
98
102
110
106
96
104
92
112
106
88
96
106
78
98
78
90
86
80
98
92
80
96
86
98
100
84
104
96
92
88
88
78
96
88
82
86
70
76
78
80
74
76
76
72
80
74
76
82
76
78
82
76
74
64
74
76
70
74
84
90
88
76
70
74
74
72
84
102
98
108
100
96
94
106
94
112
84
92
106
110
102
114
98
94
104
100
88
94
102
96
92
96
106
96
98
116
94
92
102
92
108
110
102
114
100
102
98
98
118
88
100
104
90
94
98
92
96
100
96
96
94
90
102
88
96
96
94
84
100
88
94
98
92
100
90
82
86
82
86
94
78
84
80
78
82
78
82
92
78
86
90
78
78
64
74
76
70
74
84
90
90
78
70
74
76
74
