92
84
80
112
78
82
78
76
78
102
74
98
80
68
84
84
78
80
74
88
70
74
100
68
76
102
92
90
94
86
86
78
74
86
78
78
68
60
74
72
70
76
66
68
72
68
70
62
60
78
58
74
82
70
80
66
76
72
62
68
82
80
72
80
78
84
80
80
88
80
90
72
88
78
72
76
86
80
74
74
74
80
72
66
82
70
82
74
68
80
70
76
92
84
78
82
78
78
76
76
76
80
84
80
88
74
78
72
82
82
90
80
76
76
74
90
68
72
80
72
82
76
84
76
74
86
86
74
78
82
76
78
74
68
78
62
58
68
62
74
56
54
60
52
54
58
50
56
58
58
66
56
64
62
62
64
62
62
60
64
70
66
66
78
76
74
88
66
82
96
70
90
70
72
66
82
80
88
78
84
78
76
80
70
78
78
70
76
80
72
80
86
66
72
90
72
84
76
74
82
78
84
88
74
94
78
82
76
84
78
92
80
82
88
78
90
74
80
88
78
92
80
84
86
80
92
94
84
86
88
78
80
76
62
74
56
54
68
54
68
54
54
58
50
52
56
48
54
54
44
66
50
54
54
56
60
58
60
62
64
62
58
66
76
78
84
80
70
76
86
74
88
68
74
70
82
76
84
74
80
86
64
84
84
68
78
74
72
68
72
82
86
76
78
86
70
84
78
76
82
88
84
76
90
80
82
82
76
80
92
74
88
86
84
84
76
80
86
76
86
76
68
84
78
74
94
88
88
88
78
80
68
66
62
60
54
52
52
50
50
48
54
42
46
50
46
46
40
42
42
52
50
52
44
56
48
54
50
52
52
50
52
60
64
76
82
68
78
66
68
84
74
72
76
78
78
84
82
82
84
80
84
78
72
86
78
64
80
76
84
76
74
84
86
84
90
78
82
82
78
92
84
74
86
80
82
82
78
82
94
82
92
86
80
80
76
84
88
78
84
78
70
82
82
76
90
82
82
80
74
80
68
56
60
50
52
50
42
48
44
42
50
42
46
50
46
48
42
50
52
46
52
50
44
56
42
52
48
48
48
48
54
62
64
68
62
70
74
60
76
78
80
68
72
74
74
82
80
78
76
76
76
72
62
84
70
62
74
80
72
76
80
78
80
82
80
74
76
76
72
86
86
82
66
92
80
86
78
84
78
98
80
84
78
76
92
80
82
88
72
92
82
76
88
80
84
90
82
76
76
66
60
56
50
48
44
42
42
40
44
40
44
56
54
58
66
64
74
78
70
62
56
48
52
48
48
46
52
52
50
46
50
56
62
54
54
66
60
64
76
66
82
72
78
72
86
84
90
76
78
94
64
88
78
76
80
84
76
78
72
88
96
88
84
84
82
90
82
78
80
86
80
74
70
86
78
80
70
82
74
90
76
82
72
76
92
74
74
82
66
86
80
70
78
72
74
82
78
70
64
52
42
52
42
46
42
44
50
42
50
46
50
66
70
82
98
100
112
118
104
100
74
66
66
58
68
60
70
68
60
56
50
46
48
42
48
52
50
58
58
62
68
62
64
60
78
76
84
72
76
76
72
78
64
74
72
68
76
72
74
74
70
76
76
72
88
82
76
72
74
100
80
68
100
76
86
78
70
94
104
76
94
94
70
88
78
92
88
86
90
84
86
90
78
74
84
76
78
72
62
68
52
50
46
52
58
66
70
68
70
74
82
82
100
126
140
156
154
160
152
146
110
106
92
92
102
106
116
108
96
92
78
62
58
50
40
56
56
54
58
74
68
82
76
74
78
84
78
76
78
72
86
72
74
74
68
76
76
82
84
76
66
82
86
72
86
72
80
82
74
88
76
74
84
74
88
72
70
84
84
86
88
82
78
72
78
82
72
68
74
84
82
74
84
70
70
76
60
68
60
44
42
52
58
74
80
98
110
106
112
106
100
116
136
162
172
188
196
202
194
178
164
130
110
116
142
144
156
150
144
124
108
84
80
56
42
52
42
58
48
50
56
54
70
56
74
64
74
64
64
74
72
76
72
70
80
66
76
74
64
84
78
74
84
72
74
80
72
78
76
80
92
78
78
96
84
86
74
76
90
98
90
96
86
72
94
70
92
92
72
92
88
86
86
68
66
76
68
72
60
50
60
68
80
104
124
148
160
158
156
146
142
150
176
200
216
226
236
226
226
212
204
170
164
166
184
190
198
194
190
174
150
120
100
82
68
66
62
56
54
50
62
56
66
56
78
72
76
68
70
72
66
72
68
74
86
68
74
78
78
76
78
74
70
74
70
92
66
74
78
86
78
80
94
86
84
74
74
78
102
86
96
94
78
90
74
86
94
82
86
76
80
74
66
64
52
58
56
62
50
48
70
92
116
144
172
190
196
198
196
192
188
182
202
220
234
232
240
246
242
252
232
214
182
196
210
226
226
224
228
224
198
170
132
114
90
86
84
76
70
52
50
58
60
54
72
76
78
72
70
74
76
72
72
80
80
76
70
78
92
72
72
84
72
74
82
80
74
76
68
88
72
82
100
76
86
70
74
86
112
68
116
86
86
92
80
94
82
68
94
78
78
82
70
60
54
58
52
52
52
64
100
122
152
180
214
224
230
238
234
232
228
216
228
248
258
248
250
244
246
262
274
238
208
214
244
240
234
234
242
250
230
212
172
146
118
124
114
114
104
84
62
56
54
48
52
66
70
66
62
70
72
76
64
72
68
68
68
76
78
70
68
76
72
70
84
74
74
78
72
78
92
88
86
90
86
92
76
86
86
86
96
112
80
84
108
92
96
90
82
90
68
74
56
48
64
78
60
44
54
84
134
160
188
214
246
244
250
256
252
250
246
236
236
262
264
252
246
244
238
276
280
268
224
242
258
248
240
240
250
262
254
242
210
176
164
176
164
158
154
136
114
86
68
56
54
68
70
70
74
78
70
90
66
72
82
70
82
88
76
78
82
76
76
82
82
92
70
82
92
80
84
84
84
74
82
86
74
80
94
82
106
98
92
84
98
82
84
86
82
84
66
68
50
82
112
126
94
68
84
116
162
182
214
242
264
242
240
246
250
264
262
256
246
266
268
256
238
240
240
256
278
260
250
246
252
250
242
244
250
264
268
258
240
208
210
216
218
202
206
172
152
116
80
56
50
58
54
52
68
70
76
70
66
72
72
76
70
72
84
68
72
80
70
74
78
76
70
78
70
108
84
94
106
74
96
88
86
86
106
88
108
98
88
102
80
102
84
80
92
66
60
60
62
140
174
180
138
104
124
150
188
202
226
254
268
236
238
240
250
258
264
262
254
266
280
270
248
250
238
254
270
270
262
268
262
252
244
244
244
258
274
260
260
240
242
246
250
236
238
204
194
162
120
80
60
54
54
48
60
64
86
66
78
78
70
86
72
70
88
72
70
88
80
74
86
72
86
88
68
88
86
80
80
76
76
86
72
76
92
86
94
102
78
88
100
90
86
82
72
62
54
70
104
192
230
234
184
144
164
192
232
232
236
250
258
232
240
228
230
266
276
272
270
274
296
288
264
276
256
260
288
274
270
270
274
262
250
246
240
250
274
258
268
266
264
268
260
254
248
238
248
194
160
110
68
52
62
52
54
54
66
82
78
72
86
74
86
86
66
88
84
70
86
84
78
86
70
82
88
84
112
86
90
92
74
110
84
78
98
104
96
102
90
94
104
82
96
72
64
68
66
132
174
252
272
294
228
172
206
210
258
242
242
246
258
248
248
246
244
254
268
268
286
280
304
306
286
286
276
276
278
282
288
286
288
272
258
270
252
262
282
282
276
268
278
258
274
250
254
250
258
228
194
128
86
66
66
52
52
58
60
72
66
68
78
72
84
74
78
72
82
78
80
84
78
76
72
74
82
94
86
88
86
84
94
78
84
94
82
92
102
90
102
96
88
96
86
74
62
74
128
184
214
296
308
314
264
216
242
232
268
260
250
252
268
268
264
260
262
266
268
278
288
288
326
326
320
296
296
282
272
282
284
290
318
286
284
276
276
266
270
280
278
274
282
268
268
248
254
258
274
242
220
166
122
98
98
76
54
50
62
64
74
76
72
82
82
78
84
70
84
92
84
80
96
74
80
82
76
104
82
84
102
82
90
100
82
82
90
80
96
94
90
90
86
100
84
58
72
124
196
228
264
320
318
328
298
226
244
248
268
268
254
256
274
294
286
282
288
278
268
286
288
294
344
342
346
318
310
290
274
280
290
308
344
312
300
298
288
270
272
278
296
280
282
274
256
248
246
256
276
250
236
206
174
142
126
104
86
64
52
62
66
64
70
74
84
78
70
66
84
82
74
74
82
78
70
68
70
84
110
76
84
98
72
104
90
76
82
94
84
100
92
78
98
70
74
62
114
188
246
282
328
330
342
340
314
246
248
256
292
280
272
270
284
316
320
316
312
294
278
294
292
298
342
338
344
332
302
282
272
274
296
322
342
328
312
312
286
274
278
288
312
298
286
286
260
264
250
252
266
246
256
244
206
178
180
162
124
100
66
68
66
64
76
76
88
82
78
82
92
80
84
86
76
92
80
78
86
84
94
86
76
88
80
88
96
80
72
76
90
90
80
94
74
66
62
88
172
254
308
338
350
350
340
342
326
246
250
274
284
290
292
290
288
322
342
336
318
282
272
284
294
310
350
360
362
338
298
276
266
272
302
332
344
338
338
304
290
276
280
304
312
318
302
306
288
290
262
256
266
260
254
248
234
224
216
198
170
122
88
60
66
66
66
76
70
66
78
78
76
78
86
78
78
74
76
80
76
100
66
88
94
72
92
86
88
96
74
88
100
82
98
88
70
68
56
114
234
330
362
352
360
370
374
364
330
270
264
278
294
294
304
298
288
314
348
346
316
296
288
296
308
318
344
354
348
322
300
272
258
276
308
332
356
346
344
302
294
276
294
302
314
326
314
320
308
296
264
262
268
258
266
262
238
236
242
232
200
164
118
80
64
62
70
76
78
74
74
78
82
76
84
82
82
78
74
78
80
84
84
70
86
84
82
86
86
78
90
80
86
82
82
74
66
48
56
134
286
376
384
368
396
400
394
392
342
272
270
296
300
310
320
312
298
312
352
352
324
298
294
308
320
328
342
342
328
292
280
268
260
280
314
334
348
344
320
296
284
284
296
302
330
338
328
322
314
288
268
268
266
270
268
264
250
252
248
252
254
206
152
106
60
50
68
64
78
80
66
80
88
68
80
82
74
88
74
74
86
78
100
72
84
90
72
110
86
82
96
94
80
98
90
74
76
62
68
128
304
380
402
408
400
422
420
408
340
282
282
304
314
328
332
320
308
310
348
350
324
300
294
320
328
334
338
324
308
276
262
272
280
292
326
346
336
328
300
274
270
296
274
318
342
360
344
322
316
284
278
280
266
270
268
256
236
248
256
270
278
230
192
126
76
58
58
68
72
66
70
80
80
74
82
72
70
72
70
72
74
96
72
78
88
76
94
94
86
90
84
90
92
84
82
74
62
88
86
142
282
396
406
432
430
442
426
396
328
282
286
292
310
330
330
324
314
298
330
318
300
300
306
326
330
328
314
294
276
250
266
274
302
318
344
346
322
304
284
280
286
274
286
322
350
364
348
314
306
280
274
288
286
282
266
252
240
242
236
266
272
248
218
158
94
50
60
72
72
82
88
74
80
88
78
80
90
74
82
86
78
94
80
86
92
82
98
92
82
88
94
74
82
84
72
62
82
98
108
158
276
384
414
428
446
454
438
402
318
290
286
290
302
320
324
326
310
290
306
306
296
286
300
332
330
318
294
284
278
262
278
296
304
334
342
346
316
296
280
274
286
278
292
326
346
360
360
308
298
282
270
300
296
286
270
262
236
236
230
256
274
264
238
180
118
64
54
56
60
70
74
84
88
70
84
72
76
80
74
70
70
82
90
78
88
84
88
96
70
76
92
92
82
96
66
96
124
126
130
170
278
382
416
440
430
444
430
406
326
304
278
284
308
334
332
324
310
284
298
300
302
290
290
320
322
324
296
286
276
276
298
312
336
352
344
318
298
278
280
278
296
282
294
338
356
332
332
310
274
266
272
296
320
292
280
272
252
248
250
250
270
256
240
198
146
94
72
64
68
68
74
86
90
72
84
74
76
90
80
80
88
78
86
74
78
82
88
90
68
78
78
86
74
74
62
152
182
160
172
234
284
398
420
424
442
444
424
402
324
296
280
302
336
336
332
312
306
276
290
288
298
302
290
314
316
326
298
290
282
304
326
326
336
338
332
302
292
282
292
286
302
282
294
338
354
342
332
294
272
276
280
316
318
306
308
290
280
264
264
246
262
266
260
230
184
130
94
66
56
72
82
74
74
86
70
76
82
74
72
74
76
94
84
90
84
94
104
88
82
100
90
76
84
60
86
182
216
200
220
280
332
406
410
436
428
434
428
414
342
302
312
324
326
332
328
316
310
288
286
292
304
286
278
306
306
318
298
308
314
316
338
340
314
324
316
302
290
298
300
284
304
286
302
342
352
330
310
286
274
270
286
340
346
314
326
306
292
276
264
264
274
260
266
252
220
176
144
102
70
78
84
76
72
86
72
78
84
74
70
70
70
82
82
76
82
94
88
88
72
66
82
68
66
68
122
218
248
240
276
334
376
434
440
416
426
442
432
410
342
290
316
332
334
330
316
306
292
298
284
302
308
286
270
286
292
316
318
326
328
318
326
324
312
316
308
296
304
318
316
298
312
288
308
344
360
356
302
282
266
270
312
344
348
326
328
320
294
296
272
284
278
268
274
272
254
220
196
144
90
72
76
90
84
74
84
78
76
94
78
74
80
84
88
80
90
98
86
100
80
82
96
78
56
86
146
246
280
266
316
370
412
422
418
424
418
426
416
396
338
296
316
328
338
340
322
306
302
316
308
320
322
316
288
282
288
318
332
328
312
324
318
304
306
300
302
292
316
334
330
314
320
286
304
336
360
334
308
266
264
266
302
356
356
344
332
322
294
298
280
284
268
268
272
276
276
254
242
192
126
64
70
86
80
72
82
76
70
86
74
68
72
88
72
98
80
84
98
88
92
88
76
54
74
108
170
258
304
322
358
398
410
428
428
442
440
418
410
376
310
290
330
342
350
326
324
308
324
320
320
318
324
320
300
294
294
314
330
328
316
310
314
314
294
302
306
298
296
328
316
304
312
284
310
336
362
346
316
282
264
274
324
348
358
340
322
310
286
276
286
284
282
274
270
278
288
272
266
218
148
70
80
78
72
96
78
84
80
74
78
80
76
96
80
88
84
82
102
76
76
96
58
58
98
146
226
290
316
346
380
404
408
426
436
434
430
420
400
334
298
286
316
348
340
322
306
324
324
316
302
308
326
314
308
300
300
300
322
326
322
314
304
294
294
304
300
274
272
300
290
306
316
296
296
342
348
338
316
280
272
274
318
348
338
342
318
298
278
288
288
294
288
284
276
260
272
290
282
258
186
92
62
78
82
82
72
80
76
78
78
74
66
84
90
78
92
92
94
96
82
80
78
68
136
194
276
304
352
374
382
394
412
414
428
418
410
412
382
324
294
282
304
340
340
318
328
318
322
320
302
314
320
308
318
306
292
320
332
312
314
310
302
304
298
302
300
260
260
266
290
306
322
296
298
344
352
350
328
284
276
276
328
356
344
328
300
276
274
290
304
302
296
278
256
244
258
284
296
266
220
120
62
82
88
70
94
84
88
90
74
80
88
82
80
82
84
80
90
84
84
82
66
86
172
240
286
326
380
374
382
374
362
374
410
408
400
404
350
300
284
286
306
352
364
338
338
332
336
330
306
290
310
320
318
314
318
316
346
320
306
316
320
326
314
304
296
256
260
248
278
296
322
308
292
344
370
350
330
286
278
270
332
354
342
312
286
280
282
318
318
316
298
290
268
250
266
280
286
260
240
152
70
64
78
88
80
72
84
74
72
74
68
96
82
98
88
84
98
84
94
92
76
116
196
280
320
364
380
374
384
376
352
380
374
362
378
386
332
288
266
280
314
350
340
344
334
336
342
334
316
290
314
322
322
322
310
330
334
322
312
314
340
326
328
312
278
254
232
230
252
284
308
322
286
328
356
346
336
296
286
268
328
344
334
312
294
274
296
312
334
326
324
306
296
260
274
280
270
266
250
166
70
60
78
96
74
74
84
72
80
78
66
80
84
80
88
88
82
94
86
68
86
138
254
302
324
350
400
384
382
362
330
348
338
322
348
348
288
268
278
298
316
336
334
338
346
338
344
328
320
324
318
326
330
320
334
320
334
330
328
338
330
340
310
302
292
242
242
256
268
284
278
300
284
318
354
348
338
304
294
272
324
330
320
312
292
290
298
334
342
348
340
320
308
272
270
280
268
274
254
178
70
74
86
64
84
76
76
82
72
80
82
76
86
80
96
98
84
102
86
66
94
146
266
306
348
358
366
372
366
344
326
320
340
316
324
324
270
270
292
300
296
308
330
338
348
356
356
338
336
338
332
336
320
338
342
328
328
344
330
334
344
336
318
318
290
286
282
282
292
300
304
310
296
298
340
358
342
316
308
290
332
332
322
298
294
284
314
330
352
336
326
310
300
292
276
282
276
272
256
198
92
66
72
68
78
78
70
72
70
76
70
84
78
96
92
92
92
90
94
88
98
160
280
326
340
358
364
364
340
306
300
290
316
290
306
280
272
282
276
272
294
304
320
334
346
370
354
346
348
342
352
322
328
324
320
322
334
304
326
312
326
338
326
342
306
310
304
312
310
296
308
312
294
292
332
338
322
312
308
288
314
310
304
318
312
308
316
336
346
342
330
294
296
298
290
284
286
286
274
222
134
68
64
98
72
84
86
70
84
80
64
88
74
98
84
86
92
86
100
74
104
156
262
336
338
338
350
328
334
310
286
294
314
272
274
282
280
294
290
272
282
282
308
336
374
370
334
330
332
346
344
324
314
326
304
314
332
294
312
326
316
324
308
342
320
320
316
324
320
296
296
314
298
306
322
332
322
324
318
290
298
294
292
306
314
314
326
324
336
326
320
308
310
290
296
284
288
302
282
246
168
100
78
80
74
66
80
78
70
76
74
84
94
88
94
90
74
112
90
72
104
144
220
294
324
334
292
294
318
290
264
286
316
276
276
278
290
310
306
304
284
292
324
360
372
356
344
324
322
330
338
312
316
324
312
318
340
312
322
314
324
314
332
352
326
304
330
340
322
302
294
322
332
300
326
320
318
312
318
296
298
288
294
306
320
314
320
328
322
316
312
308
316
302
288
278
290
296
310
262
212
126
88
86
80
84
78
84
84
82
78
76
82
78
86
88
78
82
92
64
108
138
202
262
296
306
258
252
284
268
248
298
296
270
266
292
302
330
324
306
300
326
348
364
372
336
328
308
324
328
344
326
320
308
322
322
344
306
322
320
320
318
330
348
338
314
334
336
330
306
314
324
332
304
320
304
300
306
310
298
294
290
290
300
302
306
324
324
316
320
320
312
310
296
294
286
286
290
314
290
252
164
98
78
74
80
80
72
78
76
68
96
80
108
90
98
102
78
98
62
106
124
178
246
296
306
242
226
248
248
232
278
296
264
298
318
340
352
334
326
328
346
366
362
362
332
310
310
314
326
344
328
318
314
326
350
338
314
318
322
316
326
336
348
354
324
328
324
322
304
324
330
332
314
310
308
308
308
326
298
308
300
296
302
298
300
328
346
332
326
334
322
312
298
296
288
282
292
324
304
284
204
118
84
78
78
76
78
84
82
74
86
94
90
90
82
80
94
64
72
116
130
162
224
272
296
238
202
228
250
252
282
300
274
312
334
360
374
364
370
366
354
356
348
340
320
302
324
314
322
338
338
338
312
326
336
336
328
342
342
338
350
358
358
352
314
300
326
312
298
314
324
332
336
324
312
310
308
334
306
322
318
312
308
280
292
330
338
338
344
340
334
322
300
284
272
268
284
316
306
300
230
136
92
84
76
74
82
80
78
78
86
102
94
96
80
88
92
58
112
126
130
148
224
270
290
226
196
226
242
260
292
294
322
330
360
362
374
376
370
374
366
354
328
322
302
316
334
336
320
336
352
352
318
328
340
340
344
368
370
372
376
380
376
356
328
306
320
308
308
326
322
336
340
332
330
320
330
336
336
328
344
324
306
294
294
316
336
338
340
358
352
338
318
298
280
266
282
314
306
304
248
146
90
82
74
78
76
72
72
72
90
76
116
78
94
100
70
76
128
142
156
168
230
272
294
252
228
248
260
292
302
310
326
322
362
374
388
392
382
368
340
330
312
316
320
340
354
346
324
334
334
328
306
314
348
330
346
368
370
374
368
358
372
352
340
320
312
314
316
336
306
322
330
328
326
320
328
334
336
328
340
320
326
304
314
336
342
346
348
344
338
324
314
306
292
264
272
304
292
292
254
154
88
78
72
80
76
78
76
70
88
82
100
80
102
82
84
82
154
158
170
188
238
284
280
242
252
260
268
300
298
340
336
364
374
388
384
376
364
348
320
328
312
320
336
344
358
352
334
332
332
332
298
314
336
342
350
386
376
374
364
332
368
358
346
330
324
322
314
316
288
294
332
330
326
334
328
344
334
338
344
334
328
320
326
342
364
358
336
338
328
318
316
308
300
272
276
298
284
278
246
150
84
82
76
76
78
80
78
74
96
98
86
104
82
90
100
90
162
174
192
208
238
284
264
236
260
278
286
316
320
330
336
362
362
360
358
350
328
328
318
320
322
322
312
328
336
368
342
334
320
330
314
306
334
334
346
370
356
354
348
302
356
360
340
326
326
324
322
312
308
288
342
320
346
352
344
344
334
324
334
326
328
320
332
350
364
362
348
356
326
322
316
298
292
274
274
284
294
274
234
134
74
86
80
76
80
76
78
84
82
92
86
96
82
84
82
96
156
176
194
214
242
260
246
234
282
300
308
300
314
332
336
346
350
334
332
322
332
318
310
320
338
290
280
272
302
362
334
318
314
320
314
312
316
324
342
352
312
314
312
274
342
346
330
336
336
330
328
310
296
284
344
356
348
344
352
340
316
324
346
332
340
328
338
352
370
366
352
338
340
332
328
316
306
276
296
300
286
276
216
114
90
80
88
80
74
88
72
82
96
92
104
86
96
86
74
108
128
170
178
224
216
258
232
230
292
320
306
300
314
330
318
344
346
330
314
310
294
298
284
310
332
278
244
250
294
336
336
314
300
314
324
330
330
330
330
320
304
308
296
266
332
342
330
336
316
308
314
302
304
296
334
328
346
346
350
352
326
330
340
336
344
350
348
348
366
380
370
346
346
340
334
318
310
288
306
306
302
258
200
98
84
82
76
82
84
66
80
80
92
82
88
94
88
78
86
108
130
150
178
214
220
266
242
246
310
322
304
288
292
312
320
330
324
312
314
298
274
274
278
320
324
258
220
228
276
312
332
328
324
324
334
346
336
320
320
318
298
296
298
292
316
318
326
328
324
306
318
304
320
316
340
328
346
350
352
366
346
348
348
358
338
360
348
340
354
372
364
334
346
336
320
302
294
284
308
310
314
274
206
90
78
90
84
76
86
72
86
82
96
86
88
102
84
74
90
98
118
118
154
182
220
248
262
262
304
314
314
292
306
314
332
318
320
294
300
296
286
292
290
316
314
236
214
210
254
302
314
336
346
326
316
328
326
320
318
306
288
284
272
290
320
316
318
328
316
298
328
324
342
322
330
324
338
346
348
366
354
356
350
370
350
368
340
326
334
352
362
352
356
344
326
308
300
294
322
330
312
276
198
98
78
68
76
72
64
84
72
70
94
84
104
84
96
80
78
96
106
120
140
182
226
254
296
290
306
324
316
310
344
334
346
344
338
316
314
328
302
322
302
316
314
242
226
220
252
312
310
334
332
332
328
322
320
332
328
296
300
284
286
310
304
314
338
332
314
294
328
334
350
322
324
328
338
350
360
370
364
360
350
372
370
382
350
326
324
330
350
354
350
340
324
314
302
292
318
332
322
296
222
118
90
76
86
84
70
90
82
76
86
82
92
86
90
84
80
88
108
112
150
174
236
286
306
302
326
326
306
338
356
350
360
368
362
348
352
356
324
326
320
324
322
282
262
260
274
314
322
334
330
342
334
314
312
332
334
300
306
324
328
330
310
312
332
340
308
288
312
322
338
316
316
324
322
342
362
368
358
348
334
360
372
384
368
334
322
316
332
332
350
342
326
318
300
288
316
336
326
304
246
116
84
88
82
78
82
68
92
80
92
94
82
100
84
86
84
80
120
104
154
164
248
296
306
310
322
316
308
366
376
368
380
374
386
366
370
364
352
342
346
326
332
320
306
300
296
310
328
330
336
340
312
288
300
332
330
294
308
310
328
338
312
324
340
328
312
308
324
334
342
328
318
314
316
344
368
380
352
342
326
364
378
378
376
336
324
312
334
338
346
344
330
322
300
290
314
330
328
302
246
126
90
78
72
78
84
66
90
80
88
86
84
80
92
92
72
90
116
114
126
168
244
268
308
314
316
324
314
360
398
390
404
404
398
390
390
394
366
362
370
352
354
344
338
324
320
322
336
330
318
352
338
298
302
338
344
310
304
302
322
334
316
320
336
344
320
328
334
330
328
324
318
310
316
346
368
384
340
332
316
364
386
376
386
350
336
306
318
324
336
346
342
340
316
304
318
322
304
306
248
128
88
76
84
72
76
86
78
76
94
88
98
74
104
94
72
112
110
106
150
168
232
274
300
304
322
322
322
366
402
398
396
410
404
380
394
382
380
370
390
372
372
372
354
348
330
342
350
322
320
348
360
308
318
354
356
322
306
296
324
348
316
316
346
342
334
336
328
330
334
338
318
326
322
346
384
372
350
328
306
346
368
368
386
370
362
320
322
320
320
340
338
342
324
310
310
320
310
302
240
122
82
74
80
70
78
80
78
76
100
82
86
90
80
86
86
86
98
136
192
196
250
294
316
302
318
318
350
372
388
400
388
386
386
372
366
364
352
352
360
352
374
382
380
366
358
360
374
344
336
356
360
336
332
356
356
356
308
330
326
346
338
316
342
350
330
326
326
316
338
342
332
330
328
352
376
366
350
324
312
326
364
374
396
384
366
360
322
324
318
338
336
342
312
306
310
314
310
274
214
110
84
86
76
82
90
70
92
80
98
92
94
94
90
94
92
96
100
148
206
224
278
306
316
290
296
318
336
362
398
402
380
360
360
352
342
334
342
332
346
344
362
362
374
384
380
362
368
350
330
352
366
336
342
360
364
364
330
326
334
338
320
314
342
352
324
316
310
290
314
334
338
340
326
358
378
368
346
312
316
312
370
384
404
384
380
376
338
334
336
342
350
344
340
322
332
312
298
260
170
100
82
78
80
80
78
74
80
74
86
86
102
78
98
90
78
104
88
174
246
258
294
318
322
286
288
324
344
372
400
380
366
354
348
350
338
322
340
320
332
334
336
358
368
380
370
376
366
338
330
342
336
348
336
358
340
364
344
312
334
328
292
304
340
340
318
288
258
256
290
340
334
332
322
354
386
378
352
312
320
310
354
388
378
388
372
360
338
334
310
330
354
344
342
306
318
306
286
250
142
92
80
76
88
80
76
82
76
72
96
78
100
88
94
86
82
94
88
178
266
296
320
326
318
278
300
316
368
386
394
380
360
352
338
352
332
328
330
326
320
326
330
340
352
374
366
360
352
346
340
336
338
332
332
336
334
352
336
334
328
320
304
298
334
328
310
268
240
246
282
332
324
328
326
346
392
388
366
328
320
310
338
378
392
382
396
344
356
332
314
328
324
344
348
332
304
286
266
208
118
82
76
84
78
84
86
68
88
76
102
88
84
100
96
90
92
90
94
156
250
308
334
322
300
272
298
326
364
372
388
372
356
340
340
350
344
336
340
340
330
328
308
332
358
352
352
350
348
330
334
344
336
332
302
334
332
350
338
348
342
316
318
314
328
330
300
248
232
232
278
320
326
336
322
340
392
396
376
342
322
316
316
358
380
372
372
350
346
332
320
330
320
340
348
334
302
274
238
168
88
84
82
78
78
80
82
72
82
74
86
86
72
80
92
86
84
92
84
140
236
280
294
300
298
284
300
350
368
364
372
344
348
346
370
368
376
354
362
364
352
336
322
326
350
358
360
344
338
336
338
330
344
340
318
318
328
348
344
346
360
322
324
336
334
332
298
236
216
218
276
324
326
328
320
338
386
396
384
360
334
328
318
340
370
356
366
352
350
340
340
326
322
336
356
346
316
254
202
142
80
96
90
72
86
82
80
86
74
72
86
86
92
74
96
90
86
106
98
112
190
242
260
278
290
298
330
342
372
360
366
358
362
364
388
384
390
382
376
402
378
362
344
342
342
354
352
354
342
344
338
340
360
360
328
334
330
332
332
356
360
334
344
342
346
326
312
268
254
254
272
314
308
322
324
340
372
394
396
384
354
338
320
332
344
364
360
358
342
342
330
324
324
346
338
344
316
242
162
106
86
90
78
72
78
84
84
66
80
74
104
76
74
92
72
92
86
82
86
106
148
198
244
276
302
300
336
334
350
346
344
370
368
378
394
390
392
384
400
396
376
372
360
352
356
360
354
340
350
350
354
346
362
356
324
326
340
312
326
358
352
362
370
366
352
330
326
308
302
294
298
314
300
330
338
322
370
400
406
402
364
348
332
320
340
342
350
370
348
338
350
322
332
318
336
338
306
242
130
90
84
82
74
80
82
76
86
76
86
70
98
80
84
96
76
88
80
84
80
86
96
166
220
258
304
318
338
326
340
338
350
370
366
372
396
394
398
384
380
376
370
360
364
356
378
362
340
336
360
342
348
350
358
354
346
340
348
340
342
366
360
370
378
378
366
356
356
334
326
318
320
320
300
316
330
316
354
388
400
402
380
370
354
330
328
344
352
340
354
360
350
344
324
336
316
324
290
216
110
72
78
76
82
70
78
78
80
82
72
74
88
84
92
84
98
90
84
96
84
82
112
100
202
264
324
316
326
324
342
336
356
374
374
372
374
374
378
364
352
352
366
354
344
336
370
364
364
350
360
358
368
344
340
344
348
344
354
338
346
366
366
366
364
368
370
386
378
360
356
344
336
320
310
314
332
316
338
372
388
394
384
374
358
336
336
338
346
332
346
348
344
348
328
314
320
308
280
184
100
76
80
78
86
76
82
86
74
78
70
74
92
82
86
76
90
84
76
82
78
74
96
88
178
276
312
318
318
320
340
350
368
382
374
378
372
372
362
350
344
340
356
346
340
344
370
352
358
364
366
364
362
342
342
352
346
338
358
356
358
358
348
346
354
362
358
374
390
382
378
364
352
330
330
322
340
324
330
364
386
390
384
368
332
342
328
338
350
334
356
332
332
342
316
314
312
304
240
170
74
76
76
78
76
80
72
70
84
76
88
72
104
92
96
102
94
102
90
90
96
104
88
110
164
256
288
302
320
318
330
364
380
388
364
372
370
372
356
344
342
330
340
344
352
350
382
376
352
366
372
362
348
344
328
340
346
332
342
356
364
366
354
346
338
340
338
360
394
394
394
384
380
362
354
334
338
322
320
350
376
384
378
358
338
330
340
338
344
346
338
342
330
328
320
326
302
260
202
146
76
84
72
72
70
80
74
76
76
68
82
68
78
84
92
78
102
90
76
90
80
88
96
78
142
226
280
290
302
324
334
358
364
382
356
356
352
358
350
334
332
320
332
350
360
352
378
396
380
378
370
370
370
350
316
338
340
342
350
356
390
380
346
332
332
334
328
334
366
382
394
398
398
386
372
354
348
334
322
336
356
366
360
340
338
342
338
342
340
334
334
338
328
328
310
322
264
224
180
104
88
84
76
76
82
78
86
92
76
82
76
84
92
102
106
80
122
98
80
96
98
92
104
90
118
194
240
276
284
322
334
344
346
366
350
348
352
354
354
334
326
322
338
358
376
374
374
376
378
384
378
370
362
348
322
352
326
340
358
358
382
388
360
344
332
328
326
328
334
358
376
390
396
392
378
378
364
354
342
336
342
354
346
334
330
328
338
330
340
346
336
342
324
312
300
260
232
176
150
76
70
72
76
86
86
74
76
76
78
84
76
80
96
86
86
98
92
108
90
88
96
104
96
98
100
156
214
246
288
306
316
336
348
352
342
354
352
344
352
334
324
334
356
368
388
362
370
386
376
364
378
370
366
368
336
372
350
354
346
342
366
388
368
364
358
344
332
318
328
342
354
374
388
394
378
390
358
356
348
332
332
344
340
332
336
328
324
326
352
344
344
340
318
302
268
226
192
144
92
86
78
88
78
90
74
80
84
84
86
78
90
74
90
92
90
86
90
108
90
84
86
96
98
100
96
120
180
216
264
306
310
312
324
334
332
354
356
360
352
334
332
330
342
376
390
380
382
376
352
380
376
368
376
372
348
370
362
358
326
340
368
378
368
384
388
362
346
328
326
330
328
348
374
400
402
376
366
346
342
340
334
340
340
338
346
338
330
314
342
344
346
348
320
282
242
188
152
96
80
78
76
82
80
82
88
72
78
74
76
74
76
78
82
100
104
84
114
92
98
106
98
78
118
98
92
96
150
182
218
262
300
300
302
336
326
356
348
372
344
338
342
342
354
352
364
364
358
360
360
374
362
364
378
372
362
370
374
358
334
334
362
376
380
390
408
376
356
360
340
338
324
346
358
380
374
358
364
338
346
348
334
368
342
346
356
356
350
338
344
332
336
342
312
276
196
140
114
84
96
82
82
86
76
82
88
82
82
76
84
82
82
82
90
82
100
86
94
94
76
94
84
96
94
90
90
84
102
136
182
222
244
294
296
316
338
358
360
358
330
328
338
354
350
356
366
360
342
340
344
350
358
368
366
366
366
370
382
364
346
336
344
346
376
388
410
396
386
380
354
340
328
326
346
364
376
362
348
328
320
348
356
340
338
348
340
344
336
336
336
322
326
328
294
228
146
94
82
78
84
84
72
82
70
78
76
76
76
74
76
76
74
74
98
82
94
98
96
116
90
108
92
108
92
108
86
96
106
112
148
178
188
274
288
290
342
342
356
350
336
346
356
372
348
352
346
346
348
364
362
354
364
346
360
364
368
378
386
376
356
348
348
344
368
380
404
412
404
374
364
364
336
334
326
366
366
358
342
336
342
340
366
354
338
360
346
348
334
340
332
320
320
310
268
186
116
82
80
86
78
84
72
84
76
80
76
74
78
78
80
78
78
78
84
98
90
80
100
80
84
92
88
86
104
88
82
86
90
100
110
122
170
238
268
292
332
332
338
362
344
362
364
366
356
334
346
350
344
350
348
346
358
338
356
360
366
376
386
370
348
344
346
354
348
362
398
410
394
372
368
366
362
340
342
352
356
342
338
334
330
340
346
356
338
348
324
332
324
330
320
310
310
290
226
166
94
74
76
82
88
76
78
84
76
76
84
78
84
76
80
80
80
80
78
88
92
78
98
86
94
98
92
94
96
84
96
80
84
100
92
80
128
186
236
274
312
326
340
352
346
356
354
356
352
348
342
370
358
350
348
342
344
344
350
356
364
360
380
352
340
336
348
348
338
358
384
390
382
370
362
364
356
360
342
356
346
350
354
330
322
346
346
342
358
334
338
334
330
328
316
300
286
246
184
126
84
72
78
80
78
74
76
80
74
74
82
70
78
74
76
74
74
76
100
90
96
96
88
106
82
92
100
92
84
106
84
86
100
88
102
86
96
160
210
244
302
324
332
330
344
356
358
356
346
360
328
360
346
340
334
338
338
350
354
368
362
346
366
348
338
344
356
346
350
356
370
372
364
354
358
354
362
358
354
356
354
356
364
338
354
332
342
352
354
326
334
316
316
306
296
274
250
204
148
94
92
80
86
86
74
76
78
84
78
82
80
68
78
82
82
78
76
78
88
96
82
92
90
102
70
90
86
92
96
98
80
98
90
96
84
88
86
130
166
206
268
296
312
326
328
344
350
342
352
346
354
358
340
344
336
354
352
346
360
380
354
334
340
342
326
344
342
342
350
332
366
368
342
344
338
346
358
364
360
374
364
362
370
372
352
348
354
342
340
336
332
306
310
288
264
228
204
164
116
92
88
76
84
84
90
68
86
86
72
84
80
74
78
82
78
74
70
70
78
92
96
90
110
92
98
94
90
88
126
84
102
100
94
96
84
90
106
98
144
182
208
260
284
312
324
332
334
334
350
354
340
358
344
332
346
344
356
354
356
368
362
346
334
328
318
334
346
342
344
354
360
344
354
350
342
344
358
350
356
378
356
358
364
356
356
338
338
332
324
326
314
290
286
250
212
186
162
122
94
82
86
86
82
76
82
74
76
74
80
84
76
76
82
72
76
80
74
66
86
90
94
88
94
96
84
92
92
100
98
92
90
104
88
84
96
88
92
102
106
150
180
206
238
262
278
294
308
320
338
352
354
352
358
362
364
358
362
350
346
372
364
342
314
324
336
326
342
358
362
346
356
352
338
352
332
342
350
350
354
392
368
368
346
348
356
322
328
322
330
314
300
280
236
186
186
144
112
102
84
88
88
80
88
82
82
90
86
80
82
88
80
76
86
84
78
78
76
74
94
78
100
84
90
106
74
100
98
86
106
102
86
90
100
84
102
94
92
106
88
122
148
162
194
210
226
246
280
306
322
344
332
332
352
360
368
362
352
338
352
366
366
352
328
330
334
336
340
358
362
346
346
364
356
360
346
358
360
348
350
380
358
348
354
344
346
322
322
306
314
292
258
232
188
138
132
94
88
78
86
78
82
78
80
78
82
76
76
72
76
86
78
70
78
78
76
72
72
74
88
96
86
96
108
88
102
94
88
90
118
86
106
92
88
108
90
98
98
96
94
102
108
132
154
162
180
202
242
278
300
338
332
340
348
332
350
354
338
342
362
356
358
350
350
348
324
364
356
368
350
346
344
362
370
362
348
356
366
346
360
372
366
352
328
336
328
308
290
296
298
256
210
184
152
116
92
78
100
78
92
76
82
84
80
76
82
72
76
76
82
90
86
78
84
82
82
72
74
80
88
94
82
92
98
80
94
86
84
86
94
86
98
96
76
96
92
98
98
90
96
100
82
110
112
118
134
150
186
230
270
320
308
324
346
336
352
350
328
330
346
350
360
354
360
356
324
360
356
364
332
332
346
352
352
362
356
360
364
350
356
352
350
340
334
318
306
304
270
250
240
210
168
152
104
84
82
82
92
82
82
82
84
84
86
70
72
86
74
76
74
76
74
72
80
80
80
72
74
80
106
86
104
96
86
112
78
104
102
88
92
112
92
96
102
86
102
94
94
98
92
110
84
104
102
96
96
108
140
186
234
274
296
294
320
324
326
328
330
338
338
352
360
368
354
340
332
344
350
336
332
334
342
352
348
364
342
348
338
348
346
348
336
330
298
280
272
252
236
220
204
156
128
114
80
82
86
84
80
80
84
76
82
82
80
68
74
80
78
82
80
80
80
80
82
78
78
74
74
76
92
90
90
94
82
98
86
94
88
94
94
96
98
86
90
92
94
86
92
98
90
100
92
104
104
94
86
94
108
142
188
212
256
258
290
298
300
298
298
302
326
342
340
350
340
326
332
348
354
326
336
340
334
340
346
346
340
342
318
332
326
324
302
286
278
244
234
218
202
178
154
120
100
88
90
100
86
86
88
80
96
78
82
82
78
76
84
72
74
80
78
86
90
84
80
74
78
80
78
76
92
98
96
98
94
92
98
90
90
90
100
98
96
98
90
106
84
90
102
96
98
84
94
106
90
92
92
94
84
102
150
172
184
212
234
238
256
254
248
256
278
312
322
328
344
340
316
336
334
322
312
314
324
318
328
318
332
326
296
298
298
284
256
226
210
202
196
176
136
132
106
90
84
76
94
90
74
78
86
74
86
86
84
72
78
78
80
78
74
72
70
80
88
80
76
78
68
76
74
72
98
88
106
86
86
102
82
108
92
80
92
106
90
94
90
88
98
92
84
102
82
108
90
98
90
100
82
98
88
78
126
132
152
166
192
208
206
206
210
210
232
270
290
292
316
308
300
298
298
282
254
260
268
272
286
278
284
284
250
264
244
222
206
184
172
156
142
124
112
90
84
80
80
96
86
92
94
92
80
84
74
82
84
80
84
82
72
82
72
76
74
90
82
86
76
80
82
82
80
76
88
90
100
82
84
96
86
100
86
94
96
96
82
94
90
96
100
90
100
96
90
94
92
96
102
86
82
82
80
84
86
86
110
134
134
152
154
162
148
162
178
216
226
236
250
260
248
250
246
228
218
218
224
232
228
230
220
228
206
208
190
172
150
122
112
96
90
84
80
90
68
70
84
80
76
82
70
74
80
74
76
80
82
80
82
80
74
80
68
70
76
78
82
80
80
80
72
70
68
66
78
100
90
92
94
86
96
90
92
102
98
86
100
90
84
106
92
82
102
92
100
96
100
102
88
80
100
88
78
88
84
94
92
100
100
100
116
112
108
114
134
166
180
190
202
214
200
196
190
178
166
164
174
182
184
192
184
188
174
162
144
124
102
80
88
78
78
76
78
94
74
72
82
78
82
92
78
80
86
70
70
70
76
74
74
76
70
72
78
80
82
82
82
78
78
74
78
76
74
72
78
94
86
86
86
82
88
88
92
88
82
88
94
90
80
92
90
84
90
90
90
94
82
84
86
82
82
78
74
82
86
76
82
74
84
76
86
76
88
80
100
120
142
144
166
172
168
156
146
144
118
118
126
124
136
136
138
130
124
114
104
90
82
78
82
84
80
78
84
74
80
68
76
78
74
78
78
78
82
78
78
74
80
80
78
82
80
78
72
76
72
88
78
82
72
78
76
76
74
70
96
88
98
80
82
94
84
110
98
88
86
106
82
108
98
84
100
98
98
100
92
100
82
84
100
96
82
84
84
86
92
70
78
76
80
82
74
76
80
78
82
86
100
94
108
116
114
104
94
96
80
86
90
84
90
82
94
88
88
80
78
76
76
82
78
78
76
78
82
68
78
74
72
74
74
76
78
78
80
76
74
70
74
74
74
78
74
74
74
72
70
86
78
78
70
80
70
74
76
72
80
82
82
80
82
80
82
98
90
86
86
86
92
94
86
90
86
90
98
92
90
94
84
92
80
82
86
86
78
76
82
78
78
90
86
82
88
84
80
90
88
86
90
90
84
100
86
80
82
76
82
86
86
90
84
78
78
86
86
78
72
80
76
72
86
78
76
82
80
84
74
82
74
68
80
86
80
76
84
66
76
74
76
74
74
76
72
74
80
74
74
78
78
68
70
78
70
74
80
78
74
94
82
92
94
80
90
90
88
90
86
76
110
90
80
102
92
96
102
94
92
98
86
96
82
78
84
90
84
78
78
74
78
84
84
74
88
78
76
82
76
68
78
82
76
90
76
72
80
70
80
82
74
78
78
68
72
84
82
80
72
82
76
70
84
78
72
78
74
78
70
72
76
68
70
68
68
68
80
70
70
70
70
66
70
72
66
72
68
68
72
72
74
70
72
74
68
70
70
68
88
92
100
88
90
96
86
98
86
88
78
90
86
106
88
92
94
100
94
96
92
106
88
96
84
86
86
102
90
72
84
80
92
90
82
92
78
88
82
78
98
78
92
82
84
86
84
78
80
80
84
96
82
80
96
76
86
92
80
90
78
82
78
78
76
84
76
76
82
70
88
76
76
84
76
70
88
80
84
86
72
76
74
70
78
78
72
82
70
82
80
86
74
82
72
70
74
74
74
72
86
76
102
92
88
102
88
102
96
80
82
90
82
86
94
90
94
94
100
94
98
98
86
94
78
82
88
88
88
84
82
76
86
86
86
86
80
82
78
82
80
82
90
72
76
92
74
72
70
68
78
86
78
86
76
80
74
88
86
86
80
84
80
70
76
82
76
82
76
82
74
78
74
78
82
76
78
74
84
76
78
78
74
72
76
74
68
66
78
72
74
72
84
62
78
78
80
76
78
74
82
98
86
102
98
86
106
94
90
100
94
70
110
88
88
108
92
92
96
90
94
96
86
92
78
82
84
84
84
84
84
80
82
84
86
90
82
82
76
80
84
86
92
80
82
92
80
78
72
72
82
86
78
84
76
82
78
86
82
88
82
80
76
72
82
88
78
82
74
80
72
76
74
76
78
72
74
72
82
76
78
76
72
72
72
70
70
76
72
72
72
70
76
66
76
72
72
68
72
72
84
92
86
94
92
84
94
90
78
94
82
74
88
84
80
98
94
92
94
88
92
96
84
88
82
86
80
82
82
82
86
82
78
82
84
88
76
78
76
78
80
86
86
80
82
84
78
76
74
76
84
86
78
80
76
80
82
84
78
88
82
76
72
76
80
86
76
80
74
82
74
80
82
82
80
78
78
78
86
78
76
74
72
74
72
66
70
82
74
78
76
74
76
78
82
74
80
76
78
74
96
84
102
90
90
100
82
98
92
96
84
104
68
100
94
96
100
94
96
90
92
98
84
84
86
92
82
84
80
82
86
82
80
82
78
84
70
76
80
80
78
84
76
76
80
76
76
70
72
76
82
84
78
78
76
76
84
84
78
88
80
74
72
76
74
80
72
76
70
80
76
82
82
80
76
76
76
74
80
72
70
74
76
76
72
66
68
76
72
76
70
72
72
82
80
72
78
74
76
74
