278
276
278
286
282
282
284
284
286
286
284
286
286
288
290
288
292
294
294
290
292
296
294
286
290
288
292
294
292
288
290
294
300
296
290
296
298
294
296
300
298
298
292
290
296
304
304
302
298
302
300
298
304
300
296
296
298
298
294
300
302
294
300
300
294
284
284
294
296
294
300
306
300
304
302
302
304
298
296
294
294
296
302
296
298
296
296
298
300
296
298
296
294
294
296
294
294
294
292
296
302
292
288
290
292
296
294
288
298
294
294
302
302
296
298
294
294
292
294
298
292
294
298
296
292
296
300
296
294
296
298
298
298
296
298
302
296
298
302
300
300
300
296
298
300
298
296
296
298
300
298
296
296
294
298
294
294
298
296
296
296
272
270
278
278
276
284
286
284
284
286
284
288
290
288
288
294
288
292
300
292
290
294
296
294
296
300
292
298
298
286
292
294
292
292
292
292
298
294
296
292
294
298
296
290
302
304
298
296
296
296
296
296
298
298
300
294
292
296
290
300
298
292
296
298
296
296
296
280
280
260
226
212
218
228
236
256
272
288
300
306
310
304
294
290
296
296
292
296
296
298
292
294
294
296
298
296
294
296
290
294
296
292
288
290
288
292
296
290
294
294
294
300
296
294
294
298
296
290
294
296
298
296
296
296
296
296
300
298
300
300
292
294
296
298
298
294
294
296
300
300
298
300
296
300
302
300
290
298
298
296
294
300
300
296
298
298
292
294
296
298
294
276
266
274
278
278
284
288
286
290
286
292
294
290
290
290
286
284
288
296
296
294
288
296
298
294
298
292
294
296
296
296
292
292
292
292
298
294
294
298
294
300
300
296
294
302
298
294
296
296
300
296
296
298
296
298
292
288
290
290
294
290
294
298
294
294
300
296
248
202
206
202
172
154
144
156
168
180
196
216
232
226
262
288
302
300
294
290
292
290
294
288
288
288
292
292
294
294
290
292
290
294
292
286
288
288
290
292
292
290
286
290
298
294
290
282
284
294
294
292
294
296
292
294
298
296
296
298
296
298
296
292
290
292
296
292
294
298
296
296
298
294
294
294
298
300
298
292
294
296
298
298
300
296
294
294
296
296
294
296
294
292
284
278
282
280
280
288
284
280
290
290
292
286
288
292
292
286
290
296
290
296
298
292
294
298
294
296
292
292
292
296
294
294
294
294
292
296
296
296
294
296
296
300
298
302
300
292
296
294
296
296
298
300
298
294
294
292
294
292
290
290
282
284
294
294
286
288
290
290
252
210
196
200
200
180
160
158
162
166
162
146
130
138
144
176
236
288
304
298
288
290
290
284
286
292
290
290
292
288
288
288
288
286
284
288
290
284
288
288
284
284
286
292
290
290
286
290
294
294
298
294
294
296
294
292
294
296
296
294
294
294
292
288
296
298
296
294
304
298
296
298
296
290
292
296
294
298
298
294
296
296
296
298
298
296
298
300
294
294
296
294
292
282
284
286
286
284
286
280
282
286
288
292
288
288
288
290
290
288
290
284
290
298
296
296
296
294
290
288
292
292
298
294
290
294
292
290
292
292
298
292
294
296
296
294
294
294
290
290
298
298
296
294
296
294
298
296
296
290
290
292
292
288
282
280
280
280
276
278
288
302
282
246
194
176
186
176
158
134
124
128
132
142
154
144
124
114
138
204
262
294
298
290
284
282
282
290
294
286
286
288
286
284
280
284
286
288
284
282
282
284
286
282
280
282
286
286
288
294
286
290
288
290
292
292
290
292
294
296
294
290
292
290
290
294
296
294
292
300
296
290
296
296
292
296
294
294
294
294
294
294
294
294
296
296
298
302
298
290
290
292
294
296
288
288
286
286
290
286
282
284
286
286
286
290
288
286
290
290
286
294
292
294
296
302
292
294
292
292
292
290
294
294
292
290
296
296
290
292
294
294
292
290
294
290
292
298
294
288
296
296
292
294
292
292
292
292
290
292
288
286
288
288
284
284
278
270
272
268
272
272
274
286
294
270
220
176
164
158
140
120
108
104
110
116
126
136
136
118
106
124
172
224
258
288
300
294
288
294
290
292
292
292
286
280
282
286
290
286
284
284
284
286
280
286
282
276
280
282
286
282
282
282
282
284
286
284
286
290
292
292
286
290
286
288
294
296
294
290
292
292
290
294
294
292
292
292
290
292
292
292
294
294
294
290
290
292
294
294
294
292
292
290
294
286
286
286
282
284
284
280
276
286
290
288
286
288
290
286
286
288
290
290
294
292
292
294
292
292
292
292
292
292
288
292
290
288
292
294
288
292
292
286
290
288
286
290
294
292
288
294
296
294
296
288
286
288
296
292
290
288
290
288
286
284
284
282
276
272
268
262
264
266
262
270
278
286
256
208
184
166
142
110
96
94
94
98
102
104
106
106
104
90
70
94
138
192
236
268
288
296
306
302
302
298
298
296
298
298
294
296
294
288
288
288
292
282
276
280
284
280
278
282
280
280
286
282
282
284
288
284
288
286
292
290
290
294
288
292
292
292
292
290
290
292
292
290
288
292
296
294
296
292
288
290
286
286
290
294
294
296
294
294
292
294
282
282
284
280
282
280
282
276
282
286
284
282
286
288
288
288
288
290
292
292
292
290
292
292
290
292
292
286
286
288
290
290
290
290
290
292
294
290
290
288
286
284
286
292
284
290
288
290
288
296
296
288
290
290
288
290
282
282
288
294
284
278
276
276
272
268
260
258
262
258
258
260
270
260
222
206
188
170
140
112
94
84
82
82
84
76
60
58
74
84
76
98
88
72
96
132
152
170
190
202
206
210
226
236
238
248
258
248
258
266
274
284
288
292
290
292
290
290
286
284
286
286
284
280
284
284
280
282
284
286
286
290
290
286
290
290
286
290
288
286
290
286
286
292
288
290
294
290
290
288
292
288
290
292
296
298
294
296
294
292
296
280
282
280
282
286
282
282
282
280
280
280
280
286
288
286
286
290
288
292
290
288
290
292
288
288
288
288
290
292
290
288
288
288
290
288
288
290
290
288
290
284
282
286
290
288
288
286
284
280
280
290
294
288
284
282
284
284
284
282
288
282
282
280
272
274
272
262
258
260
254
250
254
266
250
216
200
170
150
128
98
78
68
60
54
50
56
60
74
124
118
118
142
120
100
96
94
88
86
76
82
92
104
74
82
82
72
100
134
130
128
140
172
170
176
192
202
218
236
252
268
274
282
288
288
290
288
286
284
286
280
282
284
286
284
280
284
286
288
288
284
286
284
284
286
286
288
288
286
290
294
292
292
292
294
298
298
294
294
294
290
292
282
280
284
284
286
284
284
286
284
282
284
286
284
290
286
286
290
292
288
292
286
292
294
286
288
288
290
290
292
292
286
282
286
286
288
286
284
288
288
290
288
288
288
286
286
282
282
282
278
280
282
284
290
280
280
280
282
282
280
284
282
282
280
280
284
282
276
274
276
266
256
254
248
216
178
150
106
76
62
50
42
50
54
64
66
82
94
112
134
130
124
104
152
136
150
156
170
204
200
202
232
150
78
88
74
100
180
238
238
238
148
250
256
228
248
258
224
238
202
200
198
192
202
214
238
264
274
288
294
284
282
282
282
280
278
280
286
284
280
280
278
282
280
282
282
286
284
286
288
290
290
288
292
296
296
294
296
298
296
290
294
282
282
284
280
286
286
284
284
284
286
288
286
286
286
286
292
294
292
288
286
294
294
286
290
288
288
288
290
288
288
284
280
282
286
284
286
282
282
286
284
288
286
282
284
284
288
280
280
282
280
284
276
290
280
280
282
284
286
288
290
292
294
290
288
272
246
214
194
174
150
128
112
98
88
76
66
62
68
84
88
100
104
122
132
142
142
136
210
224
234
212
250
224
244
250
190
206
304
316
246
274
188
70
110
164
220
258
284
286
310
270
296
326
328
338
330
308
316
352
344
354
300
282
238
208
200
218
222
222
244
264
276
280
278
276
278
280
280
276
278
278
278
276
280
276
276
278
282
284
288
286
286
292
292
296
298
298
298
294
292
294
282
280
278
280
282
286
286
286
286
286
284
288
288
290
290
290
294
294
286
284
290
290
286
286
288
284
286
290
286
282
282
282
282
280
284
284
282
282
282
278
282
278
282
278
276
282
280
278
284
282
280
276
292
292
294
298
294
286
266
238
204
172
144
124
96
76
62
56
58
54
62
70
78
82
84
106
102
134
196
244
262
212
274
262
306
236
280
296
328
328
306
328
252
288
310
274
332
322
300
264
294
292
172
92
134
172
278
314
308
310
276
286
288
278
334
330
284
296
330
364
374
350
364
400
354
350
350
330
276
256
242
216
254
266
270
280
282
274
272
274
272
274
276
272
270
274
276
278
276
282
284
288
292
290
294
300
298
298
298
296
294
282
286
286
284
284
284
286
292
296
298
296
292
290
286
290
292
294
294
290
288
290
290
286
286
282
286
282
286
282
280
282
280
284
284
282
278
280
276
278
272
272
278
282
276
278
276
280
282
284
294
294
288
278
248
214
182
144
112
82
54
42
44
58
58
58
68
92
102
98
98
96
112
126
136
144
168
166
194
274
342
276
320
294
372
292
276
344
338
298
310
326
348
328
330
366
294
302
290
336
340
334
372
342
124
76
230
370
274
286
316
236
254
270
302
320
298
268
282
276
300
316
288
298
334
330
328
332
354
360
388
402
374
344
302
268
230
256
284
276
276
276
274
274
268
270
272
272
274
272
278
282
282
290
290
296
298
298
298
300
298
294
282
230
148
142
146
146
152
166
180
206
226
246
270
290
296
296
300
296
294
292
292
292
286
284
282
284
288
282
280
278
282
280
282
278
276
274
276
272
272
272
270
274
280
284
290
292
286
268
232
196
156
122
92
62
52
48
52
62
80
54
56
82
118
98
96
102
112
136
140
144
146
142
162
208
192
180
204
254
304
276
238
356
312
334
312
316
330
302
288
320
316
364
396
374
306
236
210
214
282
320
332
348
316
204
152
280
322
304
312
314
256
264
278
288
342
322
278
288
274
266
312
254
262
284
272
254
312
298
350
344
368
418
420
412
412
354
260
226
278
294
284
280
276
274
268
272
270
272
274
278
278
278
286
294
298
298
294
296
298
296
296
282
162
68
88
98
92
100
110
102
98
98
106
126
154
180
212
242
266
284
294
300
298
292
286
280
282
280
276
278
272
278
278
276
280
274
274
272
274
274
278
284
290
272
250
214
168
124
82
60
48
44
52
58
64
76
86
78
120
118
82
90
108
124
120
116
126
124
148
162
144
148
142
168
188
180
176
206
262
262
240
206
230
246
256
268
254
256
230
246
294
310
294
248
264
272
208
236
232
214
280
334
270
256
268
262
248
302
364
328
340
370
374
350
300
324
332
292
316
328
330
288
282
292
284
216
208
296
314
310
326
356
360
396
408
364
384
324
108
122
210
260
276
282
278
282
280
278
276
278
280
280
290
296
304
306
294
298
298
296
296
294
284
272
214
174
152
136
132
130
134
134
128
118
108
96
88
92
106
130
150
154
184
228
258
270
280
286
282
284
284
282
284
286
286
286
284
282
278
268
248
222
184
144
96
66
48
38
40
46
62
72
76
84
86
96
104
110
114
110
118
124
144
146
140
146
146
190
214
226
244
246
222
220
252
256
296
324
318
320
324
318
310
302
310
314
300
304
304
296
302
360
318
264
232
230
242
232
284
308
294
338
390
364
348
296
314
340
312
358
352
342
356
336
324
342
316
322
310
338
322
308
306
354
372
324
302
244
312
326
340
372
356
406
414
304
184
162
110
66
78
100
174
174
148
182
202
218
228
232
240
250
242
214
202
198
248
308
308
306
300
296
296
284
282
238
150
88
120
142
128
128
134
144
148
126
118
104
90
80
78
76
78
88
96
118
124
160
192
202
200
202
210
212
198
184
170
154
146
126
96
72
52
38
42
46
54
68
72
78
100
102
94
100
120
118
134
136
140
158
170
160
166
234
286
290
308
306
288
302
306
338
366
362
368
380
376
390
394
396
404
416
432
410
418
412
432
430
432
424
378
322
398
426
344
266
292
282
272
312
388
422
414
416
448
362
336
338
382
310
350
382
368
394
368
342
354
366
356
342
354
340
290
304
324
316
308
390
340
266
322
398
402
364
334
212
74
102
100
108
136
194
276
166
94
68
54
74
114
114
98
78
70
48
46
44
52
132
260
258
296
310
292
296
282
286
292
256
142
72
94
126
126
128
148
148
146
136
116
104
94
80
68
64
72
80
92
86
92
90
74
48
50
38
32
30
36
40
38
40
40
46
48
58
62
68
72
76
82
96
96
116
132
154
158
192
216
246
278
300
284
340
338
344
344
362
360
356
370
366
392
408
404
398
380
394
410
444
444
458
468
462
466
476
464
454
444
456
482
480
480
492
458
430
488
498
400
352
396
418
464
480
494
484
436
412
416
392
358
368
376
424
420
432
416
420
420
430
436
412
408
330
334
344
350
348
310
316
342
312
244
302
382
336
292
174
128
146
98
110
198
218
246
318
180
80
50
80
150
178
204
126
60
102
160
208
192
114
102
90
98
128
264
304
294
280
282
274
280
288
212
106
76
100
112
114
124
144
154
138
126
110
94
84
72
72
72
72
76
74
76
64
50
46
48
50
58
62
60
66
66
68
68
74
84
92
100
98
118
138
158
168
190
218
252
276
278
308
318
316
328
326
358
404
438
450
456
454
434
418
422
416
414
428
434
458
488
472
458
458
472
500
502
504
508
508
508
508
508
508
506
480
500
502
494
500
508
490
450
490
508
508
508
500
508
508
456
492
420
384
422
446
494
500
502
464
454
484
476
456
454
476
430
328
366
400
374
288
302
304
342
338
374
306
196
324
168
304
320
182
82
160
346
272
318
228
102
158
172
82
106
240
222
88
192
306
326
326
260
108
104
130
96
198
308
292
282
280
278
276
282
300
276
202
144
86
88
118
126
132
146
154
130
104
94
90
80
78
72
76
74
64
80
80
72
76
80
82
86
84
86
90
98
100
106
132
146
144
156
184
216
252
288
348
394
422
452
466
482
466
470
436
438
406
410
416
454
462
476
508
506
506
496
494
484
470
468
488
500
506
508
508
500
498
498
500
492
478
494
490
504
472
456
488
492
508
508
508
470
502
508
506
508
508
456
480
508
506
488
414
392
450
504
504
486
460
470
476
484
476
484
490
458
454
446
478
432
386
372
378
362
354
378
404
250
220
252
236
282
228
174
102
150
214
282
378
260
140
246
180
20
40
128
318
192
168
242
288
352
288
158
178
196
128
224
304
294
282
284
280
278
280
278
286
296
284
222
154
102
120
136
132
136
148
136
108
94
92
86
78
72
76
70
94
116
96
104
108
104
114
126
144
160
190
220
176
178
178
262
318
324
324
350
360
376
388
426
418
408
430
434
440
380
370
292
282
276
264
312
292
352
388
390
404
398
420
416
342
338
378
364
458
460
462
462
482
488
476
436
470
470
482
496
504
498
502
502
506
474
430
460
466
446
452
426
416
414
432
422
428
402
406
438
476
480
422
392
466
472
462
496
476
422
422
468
488
464
400
450
474
474
432
370
364
270
190
290
222
420
338
180
134
118
218
242
314
394
352
164
216
262
68
0
142
370
230
176
240
300
320
256
182
192
182
168
282
302
298
280
280
280
282
278
280
284
282
286
302
298
230
126
92
114
108
142
156
128
102
94
84
76
62
82
78
96
108
90
100
112
106
122
178
214
224
292
326
278
202
216
314
310
280
272
274
244
230
220
228
224
220
248
250
276
272
292
318
264
282
254
268
266
290
294
288
302
294
324
342
338
318
388
334
378
344
412
388
418
424
402
400
396
392
380
396
430
384
400
364
366
352
374
358
334
298
330
350
382
400
360
376
378
382
382
402
350
352
360
370
454
402
364
408
414
396
382
392
374
368
416
448
456
474
410
336
300
286
242
222
150
170
188
180
164
154
244
300
314
380
380
226
130
210
188
120
312
362
184
216
250
248
296
238
208
200
184
234
302
300
298
280
284
284
286
282
290
290
290
288
286
294
304
272
158
108
72
66
96
122
132
124
98
76
62
78
84
90
84
88
98
118
134
136
156
176
200
200
212
262
216
214
206
198
204
218
218
218
212
212
226
206
212
240
214
218
244
240
252
222
258
260
268
268
278
276
294
274
332
314
300
322
312
352
376
380
374
376
398
404
374
358
346
330
298
296
270
248
262
262
278
272
290
326
354
300
320
318
336
400
338
368
358
350
326
340
318
280
286
304
340
328
302
322
328
350
352
324
322
372
446
458
428
416
390
366
374
388
348
296
144
192
204
228
180
184
160
310
430
356
364
392
332
232
246
274
298
354
238
240
294
288
292
260
238
222
196
218
276
304
298
300
284
286
290
290
290
288
288
292
292
290
292
290
294
296
270
226
130
70
88
134
160
126
90
66
74
92
98
76
96
106
126
132
140
158
150
196
182
190
208
204
210
206
212
216
224
236
238
224
254
276
268
238
266
270
248
270
290
278
230
264
274
252
216
272
264
262
244
270
276
268
266
312
334
356
338
360
324
388
402
378
444
438
422
358
376
306
278
258
264
280
284
276
308
326
328
332
350
334
398
356
360
378
362
360
364
348
312
312
312
352
332
338
348
356
352
392
418
446
472
428
420
380
342
340
366
372
394
418
258
178
300
320
304
242
224
210
436
504
448
344
380
354
322
252
316
272
192
264
350
296
332
332
298
238
222
226
258
308
306
300
300
282
282
288
286
288
288
288
288
288
290
292
288
286
292
298
306
298
144
42
88
152
144
96
72
70
86
86
78
88
100
112
136
178
188
186
242
204
184
200
186
194
208
204
206
230
212
210
216
222
242
232
228
230
258
246
240
264
270
276
272
284
294
292
348
306
276
356
336
312
306
294
306
270
282
344
382
372
414
404
420
454
474
432
382
484
410
324
330
334
328
360
348
390
432
440
458
476
480
476
458
450
430
424
430
388
328
310
340
384
434
426
424
444
464
474
430
418
412
430
362
358
348
314
334
334
382
368
332
214
248
370
432
388
326
296
322
372
492
506
444
372
392
366
344
306
266
300
398
368
370
370
344
282
226
236
252
300
312
304
298
300
278
280
284
286
286
288
290
284
294
290
294
294
292
292
292
294
306
244
86
106
138
140
100
78
72
88
76
88
88
110
128
144
168
218
192
186
200
182
204
212
190
210
212
200
212
216
192
180
190
224
202
202
198
194
196
210
208
200
204
206
228
246
266
294
340
312
324
350
326
332
354
394
380
382
408
400
390
420
446
442
446
470
426
430
414
336
370
464
366
382
444
432
496
508
508
508
508
508
506
480
494
478
482
478
458
456
466
470
476
462
462
454
440
430
412
422
426
432
396
390
372
336
348
368
434
438
356
320
256
312
492
504
504
456
416
384
318
374
506
466
414
370
408
410
412
424
404
398
400
386
372
336
236
218
250
292
314
306
298
300
298
282
284
286
286
286
288
290
286
292
292
296
296
292
290
292
292
308
230
68
104
156
128
88
68
78
104
108
134
104
118
138
134
138
186
230
198
186
202
200
218
224
218
236
240
240
236
226
208
222
230
228
226
220
216
216
200
208
198
194
200
204
196
222
226
250
246
232
272
258
256
298
308
322
378
400
376
386
444
432
412
388
366
382
400
382
324
358
440
424
404
454
462
488
470
484
482
440
454
474
416
420
424
402
406
414
456
452
426
436
432
436
426
434
428
458
478
432
338
390
374
428
432
388
380
382
380
422
342
254
312
454
506
484
476
468
426
386
354
448
432
348
378
410
412
402
378
380
372
366
362
364
336
244
236
292
310
308
308
304
302
300
278
284
284
284
288
288
284
286
290
294
292
292
288
290
292
308
272
108
60
142
142
100
80
62
78
102
118
160
112
120
136
144
158
158
196
240
232
230
216
210
198
206
230
230
224
210
222
226
224
218
210
210
218
222
230
216
230
236
216
228
216
226
216
234
236
250
246
254
220
234
248
238
244
294
356
294
344
370
394
406
402
382
388
402
406
320
364
430
400
416
426
438
432
416
436
434
430
448
460
458
454
458
458
444
452
484
456
458
488
484
476
496
472
436
412
428
424
390
426
360
368
398
346
346
324
376
426
344
274
344
354
396
390
374
406
388
412
360
308
316
354
402
384
376
368
362
362
366
372
366
360
314
250
290
314
308
306
302
300
294
300
278
280
282
286
286
290
284
286
288
290
290
288
286
296
294
222
82
56
116
122
88
78
66
62
80
102
126
132
114
118
134
148
180
188
180
202
220
224
220
212
208
198
192
186
188
198
228
246
242
254
228
200
176
180
166
174
182
196
192
202
202
220
228
230
228
238
252
258
228
242
244
240
248
256
316
294
312
338
362
390
416
406
410
422
436
416
358
388
390
382
486
490
492
492
460
422
476
500
448
456
476
474
462
422
430
466
438
454
490
456
468
476
430
450
390
476
476
434
420
384
338
374
372
398
446
428
428
416
336
362
400
374
372
370
354
348
382
356
306
282
330
372
374
376
374
378
376
352
330
310
276
250
276
314
314
308
302
300
298
296
298
278
280
284
288
288
288
282
286
288
290
290
292
300
240
116
48
88
130
114
88
80
72
62
62
82
98
104
114
122
126
142
188
220
224
224
234
254
264
262
264
260
250
232
214
198
182
192
206
228
256
268
262
212
212
214
200
220
196
178
180
170
184
210
206
202
214
234
244
234
264
246
246
254
248
280
292
304
308
290
332
352
384
432
400
388
382
432
382
396
450
470
502
504
498
492
436
460
510
478
440
442
412
416
398
430
456
432
438
454
420
468
472
420
454
460
426
444
404
454
488
470
494
496
466
466
420
460
494
424
366
338
414
440
450
424
378
348
312
322
324
270
288
304
318
336
326
306
266
252
222
212
268
310
312
308
304
304
300
296
296
294
280
284
286
286
290
284
286
290
288
294
304
302
212
70
56
92
126
104
76
64
64
62
64
72
82
104
120
132
124
126
182
234
250
270
278
274
276
274
272
274
264
264
274
266
256
232
210
198
204
208
212
222
228
230
246
236
260
240
212
198
192
184
200
202
204
212
228
232
222
218
234
240
238
246
256
282
288
294
300
316
316
308
350
368
330
320
360
338
352
364
348
400
442
454
464
492
492
478
484
482
468
442
454
396
422
466
462
474
482
422
482
496
426
448
448
464
468
432
424
422
416
442
458
438
444
472
430
406
402
254
178
256
388
424
446
428
380
336
328
326
306
298
298
284
290
284
270
256
254
274
288
304
306
304
306
304
302
302
298
296
292
284
284
288
284
290
288
286
288
292
304
256
140
68
82
110
114
88
70
66
64
66
62
64
86
122
150
152
140
162
220
262
278
284
282
276
278
282
282
274
274
274
270
266
266
270
274
264
246
232
214
206
204
196
200
206
228
246
254
264
254
222
208
206
206
210
202
222
246
236
234
242
260
252
238
258
292
278
286
256
272
260
246
284
288
256
272
254
252
248
260
238
268
308
346
370
394
392
454
456
456
486
468
482
470
434
462
462
472
446
418
466
482
430
448
456
432
414
380
410
456
470
472
482
468
418
334
238
214
186
144
250
326
340
350
366
388
360
330
316
310
312
296
306
298
250
232
244
276
302
310
302
300
304
304
304
302
298
304
298
298
296
280
284
288
286
290
290
288
294
292
196
70
52
88
116
120
88
66
60
62
58
60
60
92
130
152
166
192
230
280
292
284
280
278
282
284
284
292
288
286
278
278
276
278
268
266
268
274
278
274
256
232
216
208
202
194
182
188
200
226
260
258
246
230
222
218
220
212
224
218
228
240
244
272
282
296
262
270
280
280
270
236
262
296
292
240
250
236
248
248
236
230
222
256
264
286
318
350
336
374
378
426
454
448
426
342
384
460
458
462
436
450
472
440
442
462
424
456
474
480
446
454
460
460
438
342
228
194
178
192
206
272
356
352
348
344
342
334
332
332
334
320
284
260
244
246
276
304
310
308
304
302
302
302
306
304
302
298
296
296
296
298
284
280
284
288
288
288
298
272
140
36
44
84
118
116
90
74
70
68
66
64
74
106
132
144
184
244
282
292
288
294
288
286
282
280
284
288
296
290
288
286
284
286
288
284
280
276
276
270
274
274
268
258
236
216
200
190
182
184
186
194
200
204
222
232
226
224
206
208
220
212
222
230
250
326
324
312
274
244
296
268
252
258
302
288
244
242
228
244
238
224
218
252
224
220
230
232
242
240
286
276
302
340
342
362
380
418
486
492
474
450
474
432
428
432
440
398
434
396
402
412
388
416
380
298
220
190
180
194
222
270
358
364
376
392
390
374
348
338
324
308
264
254
266
284
302
302
304
306
300
304
304
302
306
304
304
302
300
294
292
296
302
284
282
282
282
302
292
194
98
58
64
96
122
116
88
80
80
76
72
76
98
126
144
164
228
286
298
290
288
288
294
290
290
288
284
286
288
290
290
290
292
292
290
292
290
286
280
282
278
276
270
266
268
266
258
228
202
196
194
190
190
190
184
190
196
194
206
224
222
228
214
218
206
238
284
282
318
274
262
266
252
220
216
208
212
234
234
260
258
252
242
232
240
222
216
224
220
232
216
228
232
232
238
248
290
316
448
462
438
392
434
422
432
450
418
382
390
392
376
364
324
278
244
218
222
214
188
206
270
306
332
374
370
362
360
354
352
322
292
256
248
270
298
310
304
300
306
306
304
300
304
308
306
306
308
304
302
300
298
296
294
300
284
282
282
296
248
134
56
66
78
98
116
120
100
84
84
86
80
86
98
122
162
226
284
298
294
290
292
290
288
288
288
288
290
292
286
290
290
292
294
292
294
290
292
288
290
290
288
290
292
284
274
266
264
272
268
238
222
222
214
208
208
198
198
190
186
182
186
204
202
210
220
244
270
278
280
256
274
268
280
242
296
288
244
278
248
230
248
236
234
240
234
234
220
222
220
222
226
214
216
212
210
214
214
252
266
394
392
372
342
356
364
374
394
396
368
328
298
266
258
252
264
284
308
318
292
254
290
326
310
352
382
370
356
324
308
298
266
254
280
306
308
300
308
304
302
306
300
302
304
302
306
306
306
302
302
304
300
300
300
298
298
284
282
294
238
106
64
68
80
106
120
112
92
78
78
84
82
90
108
142
210
274
296
296
292
290
292
294
292
296
288
288
290
292
292
292
292
292
292
292
294
292
290
286
288
290
294
296
294
294
288
286
280
274
268
270
266
240
222
220
224
222
218
206
200
196
194
188
188
182
182
196
236
294
296
308
314
276
240
238
230
294
280
302
322
290
286
286
288
280
260
260
242
230
216
206
208
196
202
202
180
172
172
188
216
292
356
322
346
354
350
382
346
330
338
306
274
282
296
324
352
356
340
362
362
388
362
286
310
328
328
358
322
294
272
256
256
280
300
306
308
306
304
310
308
306
306
304
304
304
304
306
304
306
302
300
300
302
302
302
300
298
282
290
230
78
46
58
76
106
122
116
98
80
80
84
88
104
152
232
286
304
288
286
290
288
290
286
288
292
292
288
286
290
294
294
294
294
290
290
292
290
286
286
292
296
292
294
294
288
292
296
292
292
292
282
272
262
256
240
240
232
232
220
206
202
194
192
192
190
196
196
184
190
214
216
216
238
262
282
286
282
286
298
310
288
306
278
302
334
320
316
282
258
236
224
210
206
210
216
212
194
180
182
202
290
398
360
300
334
336
358
368
302
316
282
288
336
348
320
320
380
382
364
364
350
314
310
316
330
320
284
264
258
262
276
296
306
308
304
306
306
308
304
304
308
306
304
306
304
306
306
304
300
306
304
302
306
302
300
302
300
298
290
222
78
34
62
82
112
116
100
96
88
84
82
100
144
220
280
300
296
294
286
288
292
292
294
294
290
292
288
288
286
290
292
294
290
290
288
286
288
290
292
292
294
298
296
290
288
294
294
296
296
290
294
290
280
268
270
246
228
236
224
214
204
198
194
190
196
202
220
236
240
244
244
248
246
230
222
220
232
272
296
298
300
320
336
340
324
336
344
348
314
296
282
272
262
248
246
240
228
208
200
210
224
256
310
252
248
258
278
282
270
294
338
346
342
328
360
314
296
306
320
302
302
304
252
242
254
248
248
260
276
296
304
308
308
308
312
308
310
306
308
306
304
304
302
300
306
302
302
304
302
300
304
306
306
304
298
298
300
298
298
246
84
46
56
68
108
116
96
76
80
96
104
132
208
274
304
292
286
294
292
286
288
288
288
294
296
292
290
288
288
292
290
290
292
292
290
292
292
294
294
298
294
290
294
294
292
290
296
298
294
296
296
290
292
284
276
262
230
224
240
234
224
216
212
220
234
250
268
282
292
296
292
286
280
272
270
270
264
244
236
234
242
238
262
286
286
280
274
282
288
288
282
282
280
262
242
238
218
212
210
202
206
218
236
240
222
228
244
240
224
234
252
236
228
218
208
206
210
208
212
218
218
212
214
226
244
254
278
298
308
308
308
306
302
306
308
308
312
310
306
306
308
304
300
300
300
304
302
300
302
302
302
306
304
306
306
302
300
302
302
300
206
74
74
96
106
118
116
84
88
116
156
214
270
294
292
288
290
290
292
296
290
290
294
292
292
294
294
290
290
290
292
294
294
294
292
294
294
296
296
296
298
294
294
294
296
288
294
298
296
294
294
294
294
292
288
278
262
258
268
266
266
270
272
280
288
300
308
302
302
298
296
292
290
288
278
270
274
280
292
284
268
264
260
252
244
242
244
242
236
238
238
238
240
246
254
260
260
260
268
278
274
272
262
254
254
250
244
242
242
226
212
224
222
212
214
218
220
228
232
240
246
266
278
282
288
294
292
298
302
302
306
306
306
308
310
310
308
310
310
306
306
306
304
300
304
302
300
302
302
306
304
302
304
300
302
304
302
300
298
308
298
206
64
82
106
108
108
112
138
182
234
274
292
290
282
282
286
288
286
290
292
288
288
296
292
288
286
290
292
294
296
294
294
296
294
290
294
296
294
296
296
300
292
292
294
294
296
302
298
296
294
296
294
296
294
290
278
276
284
286
286
292
302
306
302
302
302
302
300
298
300
300
300
296
294
290
282
278
276
286
282
284
286
284
286
284
290
286
286
286
286
286
288
290
290
294
292
290
282
284
286
290
294
290
290
286
288
296
298
292
276
284
280
280
284
286
288
292
292
296
298
298
296
290
292
294
296
300
302
302
304
306
310
308
308
308
310
310
308
314
306
308
306
304
306
304
302
304
300
302
306
306
308
300
300
300
304
298
294
294
300
300
262
172
140
124
140
172
230
272
288
294
286
284
284
284
280
286
288
288
288
292
290
290
296
292
290
288
288
292
294
296
294
292
290
294
292
288
290
292
296
294
296
292
294
292
296
294
294
292
298
306
298
298
300
298
292
292
286
284
284
292
292
298
298
298
302
302
306
306
300
300
300
304
302
300
296
290
286
284
290
288
294
292
288
284
284
288
286
286
286
290
292
294
294
296
292
292
296
294
292
290
290
288
288
284
288
292
296
292
296
298
300
304
302
298
298
296
296
298
298
298
298
296
298
294
296
298
300
302
306
304
306
310
312
312
308
308
310
308
310
308
306
304
304
304
304
304
302
306
306
306
310
312
302
304
300
296
296
296
296
300
298
282
282
272
272
280
292
292
288
286
286
280
284
282
278
282
290
294
288
292
292
284
286
292
286
288
292
290
288
292
290
294
290
292
296
296
292
288
294
294
294
294
292
294
296
296
296
294
300
308
306
298
300
298
296
298
298
292
290
294
296
296
294
296
300
300
302
302
304
302
302
304
306
306
304
296
292
296
296
294
296
298
294
290
282
288
296
292
292
296
302
306
302
300
302
302
302
300
300
300
300
300
300
302
298
298
298
300
300
300
302
300
304
302
304
302
300
300
302
302
302
300
300
298
296
300
302
308
308
306
306
308
308
312
312
310
310
310
308
302
304
308
302
304
306
304
306
302
306
308
304
308
304
306
302
300
298
298
300
300
298
296
282
278
276
282
284
284
284
280
278
282
280
288
282
280
288
288
298
292
286
286
284
288
294
292
288
288
290
292
288
288
296
298
296
292
294
294
294
294
296
300
296
298
298
296
298
298
296
300
306
296
298
298
296
298
294
294
298
296
296
294
296
294
300
300
298
298
296
296
294
300
304
300
302
302
296
294
292
296
298
300
304
302
304
294
302
302
300
302
302
304
304
304
304
304
306
308
306
304
302
302
300
302
306
298
302
300
302
302
302
302
304
302
306
308
302
300
304
304
306
304
304
302
300
302
306
306
306
308
312
308
306
310
310
306
308
306
304
306
304
304
302
304
304
304
302
304
304
306
300
306
302
304
304
300
300
302
300
300
302
298
296
280
284
278
276
280
278
278
280
280
278
282
284
280
282
284
284
290
298
288
284
286
286
292
294
290
290
292
294
292
292
294
292
296
294
290
294
298
298
298
296
298
298
296
294
294
292
294
294
300
302
296
300
302
300
300
296
296
296
300
294
302
296
302
298
302
292
292
294
296
296
300
296
296
296
296
294
296
300
310
308
312
310
310
308
306
306
306
302
306
312
308
306
306
304
306
304
302
302
306
308
304
302
304
304
304
306
304
306
304
304
308
308
312
304
304
302
304
304
304
302
302
304
306
308
308
308
308
310
310
306
304
306
304
308
306
304
304
302
304
302
302
302
302
302
302
304
304
304
302
300
304
300
300
298
298
300
298
296
302
298
294
