282
282
286
286
286
286
280
284
282
284
286
288
290
292
292
290
288
288
288
284
282
292
296
296
292
296
296
298
300
298
300
308
308
306
300
308
308
312
312
310
308
310
314
312
310
312
312
314
312
312
318
318
312
314
316
316
316
312
318
320
320
326
318
314
318
320
318
320
320
324
328
328
332
334
334
330
330
326
324
322
326
324
326
326
324
324
320
320
324
324
324
322
322
322
320
320
324
326
320
326
322
322
318
316
322
322
322
320
326
320
320
322
318
322
322
322
322
320
318
318
320
322
324
320
318
316
314
316
316
318
316
310
314
322
318
314
314
312
314
312
308
308
310
310
304
300
300
298
300
306
308
310
302
302
302
304
302
302
298
298
300
280
286
286
286
286
284
288
282
278
282
282
288
294
292
290
292
292
292
286
286
286
294
290
294
298
304
300
298
298
298
310
308
306
308
304
304
304
304
308
308
304
308
312
312
318
314
314
310
316
316
314
316
314
314
316
314
312
314
312
318
322
322
316
312
318
322
312
322
328
308
290
288
288
284
292
304
316
332
336
338
344
338
332
326
324
324
326
324
324
322
326
322
320
318
314
318
322
322
324
322
320
320
322
320
320
320
322
322
320
318
320
320
318
324
320
322
324
326
320
320
324
322
318
318
316
314
316
314
316
314
312
314
314
316
314
314
314
314
314
314
312
308
308
310
310
302
304
302
300
302
302
308
308
300
302
306
306
302
302
300
300
266
274
286
288
284
284
288
282
274
280
278
288
292
288
286
292
294
292
288
292
290
294
292
292
298
300
304
298
304
306
302
306
306
308
306
306
306
304
300
306
300
300
310
320
316
312
308
308
316
316
318
318
316
316
316
316
318
314
318
320
318
312
316
306
310
308
308
282
270
250
198
168
166
176
184
196
210
226
238
208
238
272
310
334
336
328
326
324
324
318
318
322
318
318
314
320
318
320
322
322
322
322
320
322
324
318
322
324
318
318
320
322
322
320
324
324
326
322
320
324
322
320
314
316
316
316
318
318
320
318
320
318
314
312
314
312
312
312
314
312
310
308
308
312
310
302
306
304
302
306
302
306
302
302
296
300
302
300
300
296
300
282
282
284
284
288
286
284
284
280
280
284
284
290
288
288
292
294
292
296
298
300
300
298
302
296
300
300
304
304
300
298
298
300
300
306
308
308
300
298
310
310
300
308
320
314
310
308
312
316
318
322
316
318
316
316
314
314
314
318
314
318
318
314
312
312
310
302
234
190
214
216
200
180
166
172
174
178
180
166
146
142
130
132
180
252
316
336
330
326
324
322
316
316
316
318
318
318
320
320
320
320
324
322
322
324
320
318
318
318
322
320
322
324
322
322
324
326
320
320
318
310
312
312
316
316
316
318
318
322
312
316
316
314
318
316
314
312
314
310
312
310
308
312
308
308
308
310
304
304
312
308
304
300
300
296
300
296
302
302
304
300
286
288
286
284
284
284
284
286
286
284
292
292
286
286
286
290
294
294
296
302
298
298
302
302
300
304
300
298
300
302
298
292
304
300
302
308
304
298
296
304
310
312
312
316
314
312
312
312
312
314
318
314
312
314
314
318
310
314
318
312
312
320
318
322
320
320
318
298
244
202
196
206
210
196
172
158
140
140
138
146
160
158
148
126
114
158
222
278
308
324
334
326
316
316
320
320
320
318
320
324
322
320
320
326
324
316
316
322
320
318
318
322
328
330
324
320
322
322
326
312
292
294
310
320
320
318
320
316
318
314
314
316
318
314
314
316
316
320
312
310
314
314
310
312
312
312
306
304
308
308
312
304
308
300
296
296
296
298
298
302
302
286
288
290
286
286
282
284
284
284
288
292
290
288
288
290
290
294
290
296
298
298
300
298
294
292
298
302
302
302
304
300
298
300
298
304
306
302
298
290
308
310
308
314
318
316
312
308
312
316
316
312
320
314
314
314
314
312
316
322
314
318
322
320
320
318
318
322
326
324
288
234
182
182
188
182
158
134
120
116
118
122
122
124
130
124
112
118
124
132
158
232
288
306
312
320
322
326
332
328
326
324
332
330
328
328
320
320
328
324
320
316
318
322
326
322
320
322
318
320
310
300
310
312
318
326
316
314
314
318
320
314
314
316
316
316
314
314
316
314
312
310
308
308
310
308
310
310
306
306
310
312
306
304
302
300
298
298
296
296
296
304
288
272
274
286
292
276
272
278
286
288
290
292
290
294
298
296
298
298
298
296
300
304
298
294
294
296
298
298
298
296
304
302
294
302
306
304
306
306
304
306
308
308
312
318
316
314
314
316
314
312
314
318
312
314
312
310
314
318
316
314
314
322
320
318
316
312
314
316
318
326
316
276
214
182
180
162
150
118
102
100
98
100
106
102
98
82
74
96
102
122
166
202
194
212
230
238
250
248
250
254
260
236
244
258
260
272
292
294
294
294
306
308
314
312
310
316
322
322
322
308
312
314
316
318
324
318
314
318
318
318
316
314
314
314
316
310
310
310
308
308
310
306
308
314
312
310
316
310
308
306
306
306
300
302
302
298
298
300
300
302
302
284
274
274
278
274
276
278
288
286
288
292
290
292
296
298
294
292
296
296
296
298
294
294
296
296
298
302
298
296
296
310
304
298
302
306
308
308
308
308
304
308
306
308
316
316
316
316
318
316
312
314
312
314
314
310
312
314
314
314
312
312
312
312
312
308
306
308
308
310
314
320
322
306
252
216
206
180
150
120
98
84
78
76
80
78
92
124
178
192
196
182
202
208
240
230
208
236
236
270
290
214
102
112
118
172
252
318
324
314
256
312
302
306
304
304
298
300
304
312
312
310
322
316
318
324
320
316
316
316
312
312
312
310
310
308
310
310
308
312
310
312
312
310
310
310
308
308
312
304
306
306
302
306
300
298
298
298
302
300
300
300
288
284
286
282
274
282
286
292
290
288
290
290
290
294
296
300
292
294
288
290
292
290
292
292
292
294
296
296
300
304
302
298
304
300
304
310
300
308
306
308
314
304
304
310
314
314
312
312
312
312
312
312
312
312
314
312
310
314
318
314
314
314
308
306
304
298
296
300
300
300
310
320
324
286
234
196
168
142
114
98
94
96
116
122
130
154
192
208
236
216
246
208
228
242
248
208
244
284
296
322
268
150
168
206
276
328
372
386
398
382
398
400
370
370
374
380
356
314
312
304
288
292
292
310
324
318
316
316
314
308
310
310
310
310
308
312
316
310
306
308
310
312
314
308
308
308
312
310
302
304
308
306
304
302
298
298
298
300
300
298
298
290
284
280
276
284
286
284
300
302
294
292
294
290
290
296
292
296
294
288
292
294
296
294
290
296
292
292
296
302
302
300
300
304
304
302
302
300
302
306
306
310
306
302
306
320
310
306
310
312
314
318
314
314
312
312
312
308
312
314
308
310
312
312
310
312
310
300
298
290
274
256
234
208
174
140
118
118
136
144
160
152
168
172
198
186
176
190
244
250
228
248
232
240
240
240
266
280
260
282
300
332
298
182
178
228
370
368
342
386
406
402
402
412
396
398
394
418
408
412
392
374
356
324
312
298
302
298
306
310
308
308
308
308
310
308
314
314
308
306
308
308
308
312
312
306
306
308
304
304
306
308
310
306
302
300
298
302
298
300
296
296
284
282
274
276
284
290
286
262
234
228
234
252
274
292
300
296
298
292
290
296
294
290
288
292
292
288
290
300
302
298
300
302
300
304
300
304
306
302
304
302
306
310
302
310
316
310
306
310
314
310
312
310
312
310
312
312
308
310
318
324
322
316
304
288
254
220
180
156
128
112
108
100
92
100
120
120
144
178
196
186
186
180
208
196
190
188
206
210
212
220
232
228
248
246
218
214
216
242
222
242
294
312
182
120
224
344
334
344
360
390
386
362
390
404
380
384
414
406
410
432
426
420
430
422
408
380
360
316
298
298
302
308
308
310
312
310
314
312
306
306
304
304
306
306
308
308
308
306
308
310
310
310
306
302
302
302
304
300
298
296
298
272
280
276
280
284
292
260
142
82
80
80
92
118
162
206
254
294
304
298
294
290
292
292
294
292
292
294
300
300
298
304
302
304
306
298
302
304
302
304
306
308
310
306
314
312
304
302
312
308
310
308
308
306
316
320
326
318
302
284
254
206
170
132
104
86
76
84
88
92
98
114
124
140
148
144
150
166
176
180
170
206
186
204
210
184
196
198
210
210
204
216
210
218
194
204
214
220
268
254
254
286
272
234
206
218
250
294
332
358
362
366
384
340
370
374
386
406
386
408
414
414
406
392
406
438
448
418
400
388
360
320
304
298
306
312
312
308
310
308
308
302
308
302
304
304
304
306
304
308
314
310
306
302
304
302
304
300
300
298
300
300
272
282
256
274
288
284
278
234
182
150
112
100
98
90
86
104
148
212
266
298
306
296
292
296
294
294
300
298
294
296
300
300
304
300
298
300
304
304
306
306
308
306
304
310
308
296
304
306
308
320
320
314
310
282
246
210
160
124
82
58
54
70
76
82
94
98
114
118
122
130
128
138
152
148
140
154
182
176
166
174
200
210
184
204
202
206
212
230
218
212
232
184
182
188
180
240
284
256
260
290
290
274
244
252
254
298
358
346
358
368
342
380
352
354
398
394
410
384
394
404
404
414
418
426
440
442
424
430
410
412
416
378
340
328
300
308
310
306
304
306
300
306
304
304
304
308
308
310
308
312
308
306
304
304
306
306
304
304
300
300
294
282
282
256
262
280
278
282
252
178
138
130
116
112
118
114
104
86
88
122
174
234
278
310
308
300
296
300
298
302
300
298
302
298
296
298
304
302
300
300
302
304
300
302
310
316
306
320
314
288
254
212
164
118
86
72
60
76
122
66
78
90
106
100
100
116
116
126
144
136
130
132
154
156
184
180
182
198
192
204
208
212
218
218
216
228
232
232
208
208
246
244
206
200
214
210
250
274
264
266
270
270
280
238
246
298
314
304
332
340
364
358
368
372
376
384
400
380
396
388
400
392
390
410
416
300
392
434
422
408
394
400
408
424
416
386
306
306
310
304
304
300
304
308
304
298
302
304
306
308
310
310
308
308
304
310
304
302
306
304
300
298
276
278
276
268
272
274
280
280
242
124
106
114
106
114
132
126
104
92
82
86
104
130
162
212
280
310
312
306
304
300
300
302
298
304
302
302
298
306
306
302
312
314
308
300
270
226
180
132
92
66
58
56
62
78
90
92
96
106
112
120
130
124
130
126
144
164
170
184
186
170
166
180
190
204
214
210
218
218
222
230
232
232
232
234
238
240
246
220
210
248
248
222
244
242
228
238
266
246
274
294
250
272
272
274
302
300
250
278
324
366
334
356
366
346
368
376
366
370
366
376
394
402
412
424
382
412
430
426
400
398
420
426
362
292
284
170
170
268
284
298
306
306
314
314
308
304
308
306
308
310
308
306
308
306
308
306
304
304
304
306
298
270
272
270
262
258
270
282
278
294
224
86
104
116
118
136
134
128
110
88
74
76
84
86
92
128
174
230
280
296
304
314
316
312
308
308
310
304
300
290
256
228
186
144
106
76
52
50
58
66
76
86
88
88
102
104
116
126
126
138
148
158
158
162
162
164
192
198
196
198
190
190
204
216
222
230
228
224
242
234
244
238
242
244
242
254
242
262
252
226
258
252
270
270
278
220
240
264
254
264
290
292
310
288
298
278
248
254
308
298
348
348
338
364
332
346
354
336
354
368
316
338
364
380
410
428
330
362
436
412
404
388
246
104
102
96
136
172
188
248
234
226
238
196
186
260
300
306
314
314
324
320
322
324
308
302
304
304
298
298
304
300
264
270
268
260
270
274
276
270
280
282
196
82
100
106
110
132
140
124
102
88
72
64
74
82
100
90
102
126
130
134
146
174
184
186
174
156
132
108
86
66
50
44
40
52
66
72
80
102
100
100
118
130
134
140
144
140
160
160
158
168
178
182
188
182
190
202
208
212
212
210
206
210
214
220
226
228
228
242
236
230
242
246
248
244
266
268
282
256
246
254
248
300
296
280
232
252
300
302
272
254
306
308
302
318
306
246
266
306
300
318
312
316
344
348
328
350
330
326
348
276
280
326
370
406
412
380
412
454
376
326
280
150
144
166
124
200
266
292
354
224
134
76
78
152
174
228
256
212
186
190
182
176
212
298
316
302
302
300
298
302
296
258
274
270
264
262
272
274
272
272
284
282
218
108
74
106
122
138
140
122
102
84
70
68
76
82
90
94
92
52
36
32
32
40
44
42
42
44
46
54
60
68
76
80
80
92
104
106
116
132
142
142
162
184
168
168
174
180
176
180
188
196
196
208
212
220
228
222
220
212
218
224
226
230
248
254
260
256
268
280
276
284
296
296
292
338
398
330
312
290
264
270
312
276
264
280
268
284
344
316
258
306
306
354
352
316
278
278
302
322
326
322
324
326
330
300
314
330
318
316
318
290
292
342
362
398
418
426
406
288
314
266
168
220
260
164
92
240
322
372
262
116
130
240
148
46
154
278
126
106
166
222
144
76
178
280
312
306
298
300
304
296
268
274
266
252
266
278
276
280
284
282
290
300
254
140
92
110
114
134
140
114
94
82
76
76
74
78
66
60
56
50
56
68
76
72
76
74
76
82
84
94
100
96
102
116
128
138
146
162
166
172
180
194
202
202
194
202
204
198
200
216
220
222
228
240
258
262
258
280
274
266
272
276
278
282
290
298
292
304
310
308
330
348
342
316
362
406
372
300
296
280
300
340
290
308
332
342
308
328
364
342
314
336
356
362
300
272
286
298
300
298
306
318
306
300
328
316
324
292
274
318
336
290
274
274
352
430
426
282
308
302
188
208
220
240
158
114
252
360
426
358
174
188
312
78
10
50
278
230
188
260
322
316
238
118
120
162
284
306
302
302
300
278
276
276
270
276
286
284
284
284
286
286
288
298
294
192
112
118
108
124
142
108
88
80
80
74
76
64
66
74
72
84
84
88
98
94
100
108
110
112
116
122
128
132
152
162
164
178
190
186
196
212
232
232
258
286
306
312
290
274
312
332
296
304
302
312
318
322
330
332
312
322
334
340
340
348
350
354
350
332
350
356
370
372
374
372
406
408
362
372
370
336
330
368
396
416
378
318
326
416
400
342
372
354
406
358
294
338
320
330
300
292
338
312
316
334
326
322
302
306
322
338
320
304
310
332
376
354
228
288
268
196
246
258
250
152
136
248
354
422
376
272
146
284
180
10
10
234
292
184
326
348
360
296
156
164
96
214
316
302
304
302
280
274
274
276
282
286
284
282
286
284
284
290
292
298
300
172
72
82
114
146
122
98
90
78
68
66
62
66
82
78
90
84
94
102
108
112
136
140
150
148
154
180
196
240
236
268
252
262
228
242
234
270
278
312
318
344
356
320
328
294
306
268
300
304
296
304
316
322
342
330
294
338
326
374
344
354
362
380
376
418
414
456
474
462
480
480
464
440
424
436
384
362
430
422
404
406
384
336
376
428
358
354
342
366
422
360
336
340
308
296
322
334
324
328
346
342
362
346
348
344
340
338
364
316
284
338
328
230
270
196
200
202
294
180
168
158
238
310
410
392
350
202
194
240
82
54
316
286
204
354
346
298
232
166
190
144
208
310
300
302
300
266
266
270
272
274
280
278
284
286
284
288
288
292
288
292
294
220
98
48
98
124
114
92
74
62
66
66
64
76
78
88
88
94
104
114
130
152
154
178
192
176
192
250
262
300
254
230
246
218
228
222
240
246
254
250
276
304
246
296
266
272
260
272
276
284
264
292
324
342
340
346
356
360
404
394
420
394
410
414
476
470
490
500
490
508
508
508
500
482
476
462
446
460
420
400
434
432
362
348
372
340
332
332
330
424
406
338
350
320
304
368
368
362
340
350
322
372
376
338
338
350
316
322
286
294
378
382
236
238
150
244
280
316
256
232
142
252
304
352
436
372
310
182
190
182
258
372
234
198
290
306
268
214
190
182
158
254
310
306
300
300
270
266
272
266
268
276
276
286
286
280
284
288
290
292
288
286
304
268
88
56
116
148
126
88
66
68
66
64
72
82
100
102
102
118
120
146
152
158
192
216
194
178
204
206
234
204
216
222
244
218
228
240
240
228
242
260
258
234
258
274
272
274
288
286
304
280
322
316
350
340
370
344
400
362
412
390
420
424
450
492
494
508
500
488
488
470
498
498
486
474
500
490
430
384
370
318
334
356
360
366
356
348
336
322
362
348
330
318
334
310
320
334
318
314
326
346
350
362
352
306
332
304
308
310
302
368
364
252
214
178
260
270
356
348
266
182
264
310
312
390
390
372
302
276
294
296
256
214
370
292
300
274
216
214
178
180
282
306
302
300
300
272
276
282
274
266
278
280
280
284
280
286
286
286
288
288
286
288
298
230
48
76
142
146
98
74
64
72
70
72
88
96
108
108
100
128
192
164
164
182
192
208
204
210
216
218
222
224
248
256
256
246
274
272
236
274
282
290
254
268
284
254
260
280
320
282
308
322
326
326
308
350
332
378
358
410
362
400
386
436
438
456
496
500
440
466
476
460
488
506
496
500
462
414
382
380
316
342
342
320
294
346
320
278
290
300
320
314
302
308
314
308
312
340
332
338
338
336
348
338
310
324
362
326
288
312
324
350
276
206
214
252
260
320
334
310
300
300
356
290
300
382
410
358
314
288
198
158
322
382
322
278
264
244
198
182
230
302
304
302
296
298
272
278
284
280
284
286
282
288
284
284
280
290
288
286
288
286
286
292
276
90
72
140
144
102
72
60
72
64
74
88
84
106
146
140
194
234
188
202
190
194
212
210
212
238
230
228
228
236
242
246
240
240
258
252
260
278
280
274
286
272
276
276
298
322
270
332
336
336
292
302
328
340
312
364
372
346
368
386
416
382
430
472
492
484
496
502
480
504
508
500
498
444
370
344
366
328
322
340
294
266
306
306
268
268
288
290
294
296
286
324
336
332
350
338
322
324
324
364
354
322
296
340
350
296
282
314
376
318
242
246
282
278
292
338
356
368
304
326
328
294
312
388
390
382
360
292
346
370
322
352
322
292
236
200
212
258
302
298
296
298
296
272
278
278
280
284
284
282
284
286
278
274
286
284
280
282
290
286
296
262
90
102
134
136
98
70
66
68
70
78
96
106
116
166
206
170
200
188
200
210
192
212
230
212
218
232
208
200
216
256
224
234
232
222
230
244
236
234
236
240
254
264
280
292
294
296
302
308
308
308
322
336
330
314
342
338
360
368
426
430
454
488
498
502
506
466
422
490
482
488
436
390
360
338
292
310
302
296
302
304
294
308
314
318
328
330
324
340
364
342
336
320
330
332
332
320
314
312
330
334
310
294
314
342
334
284
294
334
296
244
270
280
312
324
336
358
406
348
304
360
318
324
390
406
398
396
404
392
392
384
368
346
280
218
214
230
290
302
300
300
300
298
280
280
280
282
282
282
282
282
282
278
274
278
280
280
284
288
294
306
186
48
112
146
112
84
70
84
84
92
88
106
128
134
144
212
206
190
210
204
226
226
222
236
228
230
232
214
198
202
226
218
212
216
210
202
228
236
228
226
240
250
252
262
248
266
270
262
272
284
268
286
298
308
314
336
338
338
378
416
440
484
486
476
462
456
414
408
432
388
390
350
362
324
340
342
352
368
338
358
352
342
364
330
362
354
358
368
370
320
304
298
298
296
302
290
296
248
260
284
322
322
334
310
318
296
250
318
346
288
216
302
298
334
408
390
358
394
392
340
286
296
374
412
398
388
374
374
382
372
356
354
348
256
196
220
270
306
302
304
296
298
296
280
280
286
278
280
280
280
282
282
280
278
282
280
282
286
298
294
172
50
92
154
124
90
76
68
90
104
106
98
120
130
146
140
172
236
220
228
214
208
206
220
248
246
246
240
242
228
248
264
254
246
244
236
230
214
230
220
216
232
220
228
248
250
256
258
256
278
272
258
272
256
278
288
350
320
348
370
374
372
410
404
434
404
434
374
372
374
352
294
312
336
306
326
328
374
344
292
340
372
320
302
294
322
314
302
292
280
270
276
270
274
268
268
262
254
248
290
300
294
286
280
254
274
274
238
284
328
308
252
310
374
330
358
404
374
376
396
364
284
260
370
392
376
368
358
360
358
354
348
344
344
264
200
254
302
306
300
300
296
294
294
278
282
282
278
274
276
274
278
282
282
282
286
284
292
298
252
132
48
84
128
108
82
70
64
76
100
114
114
104
114
134
154
162
154
200
230
232
218
210
188
198
220
224
222
210
212
224
224
214
208
214
234
232
242
244
248
246
248
260
244
248
228
236
250
246
246
254
242
258
278
262
288
310
326
318
310
342
372
408
460
422
432
418
448
370
384
370
310
296
328
344
342
358
338
378
350
306
378
368
316
328
316
328
320
306
332
314
298
316
310
310
304
282
308
298
308
298
274
246
236
256
264
274
270
260
262
280
320
332
282
344
376
340
376
386
378
366
344
322
294
320
372
370
364
358
360
360
356
358
352
336
258
228
294
306
302
298
294
294
296
294
274
282
276
280
278
278
278
280
282
280
282
284
292
278
164
56
46
108
120
94
76
74
64
64
80
92
96
114
104
110
136
186
198
172
176
184
180
176
166
154
160
182
184
196
210
240
238
232
236
210
188
168
164
172
186
208
218
224
218
220
238
238
248
254
244
258
266
246
254
256
264
300
296
292
322
320
364
382
394
438
400
428
412
368
362
450
426
344
426
444
450
448
436
394
426
396
374
384
358
332
330
320
330
334
332
332
324
304
304
310
316
314
286
318
294
292
274
284
284
292
292
302
302
314
300
272
288
316
348
352
256
302
354
382
398
400
364
316
314
314
268
270
298
330
360
358
344
310
298
290
272
230
276
308
302
306
298
296
298
298
292
274
276
276
284
276
278
280
280
282
280
286
292
252
116
50
60
100
104
72
60
62
66
62
66
76
88
96
110
114
138
176
196
186
170
176
196
208
210
202
196
188
160
152
150
160
196
230
254
286
274
244
192
218
190
180
192
186
174
184
178
208
242
228
224
230
252
268
252
250
260
264
292
296
316
332
362
396
372
370
390
352
408
406
370
410
436
442
466
470
466
470
498
456
438
458
452
418
404
392
368
358
342
332
330
324
330
328
334
336
312
316
344
302
322
320
300
336
332
330
308
286
302
284
282
292
350
388
314
270
230
260
308
378
386
412
410
402
350
318
316
292
276
268
250
268
268
252
212
214
194
208
256
302
300
302
300
298
298
300
296
290
276
276
276
280
282
278
278
278
280
298
254
150
66
58
90
100
90
64
54
58
58
60
64
82
106
118
128
116
108
140
178
194
212
234
250
256
260
262
254
254
248
220
186
168
164
164
182
208
232
254
266
230
236
240
234
260
232
206
196
176
178
214
200
204
234
282
254
252
258
262
270
274
266
304
334
364
378
342
372
368
326
328
386
386
394
406
432
460
448
406
448
490
480
484
504
500
494
502
478
440
418
380
344
388
390
382
346
340
334
326
334
342
320
350
336
342
314
330
296
292
286
306
300
308
306
316
264
222
206
158
216
346
358
372
348
372
394
368
316
298
296
292
284
276
266
258
256
242
222
182
220
290
300
302
302
300
298
298
296
296
294
276
278
276
274
278
274
272
278
280
212
78
30
60
94
108
84
54
48
48
52
56
58
76
120
138
136
120
140
192
230
246
258
256
254
252
254
254
254
252
252
260
262
258
228
194
176
174
182
188
196
208
224
242
248
244
262
262
238
224
218
204
214
220
228
230
254
264
264
250
248
272
270
274
334
356
386
348
328
340
326
292
320
330
336
386
400
408
408
404
352
380
408
426
442
456
484
484
496
492
476
452
454
420
412
424
340
304
310
318
310
306
328
318
356
324
320
306
318
288
294
272
260
246
218
198
182
178
178
188
214
236
356
336
322
320
304
304
312
294
298
298
278
260
270
254
236
224
204
206
224
270
298
296
302
300
302
296
296
298
294
300
270
270
274
274
278
280
286
252
152
36
26
62
98
106
84
60
56
58
54
54
60
90
118
134
144
174
216
254
264
262
260
258
258
256
258
256
260
254
250
258
258
256
266
268
258
230
192
188
186
192
188
186
186
206
236
254
262
282
268
236
218
210
208
208
218
240
252
250
246
262
256
286
308
318
330
350
362
340
342
318
352
356
356
344
372
368
382
386
356
304
334
312
376
362
402
430
446
488
500
506
502
498
484
434
474
426
400
372
376
350
344
354
340
384
326
314
284
274
252
236
222
208
198
194
182
166
156
180
206
258
342
370
360
372
380
364
344
326
322
320
294
270
262
244
200
180
190
238
280
290
294
294
294
298
300
298
300
294
296
294
296
272
272
272
272
284
260
168
70
48
56
76
98
102
70
64
64
60
56
60
78
112
116
120
168
226
260
270
272
272
268
266
268
262
264
262
260
270
266
264
260
258
260
262
264
264
264
264
242
202
188
190
188
182
176
182
192
208
238
274
260
256
240
230
232
230
224
246
244
240
244
248
262
318
340
394
346
318
344
348
332
340
390
426
342
336
332
352
348
324
290
322
304
324
294
342
354
370
376
390
384
418
454
472
500
506
466
470
442
420
406
390
354
298
320
292
276
272
268
256
246
244
240
240
242
246
192
184
246
302
344
366
346
344
360
366
358
332
322
300
310
302
280
244
190
186
226
272
296
298
294
294
296
300
298
302
298
296
298
298
294
292
274
276
274
278
242
116
46
44
60
82
100
100
80
68
70
68
62
72
92
114
130
162
222
266
280
274
278
282
276
280
276
276
272
272
266
270
270
270
270
268
268
272
272
258
264
264
266
272
264
232
202
192
186
178
174
176
180
190
206
208
214
240
242
242
226
200
212
230
226
240
234
248
292
350
386
380
300
284
282
298
260
310
310
374
352
344
364
368
352
320
292
288
284
268
264
290
258
278
270
266
298
322
346
450
476
470
470
448
464
434
396
340
322
298
294
280
286
292
294
292
294
292
302
288
260
206
254
338
336
356
368
344
340
350
336
334
310
290
280
270
236
200
194
224
262
286
292
290
294
294
294
296
298
298
298
298
294
294
296
294
292
276
276
274
202
76
54
50
72
96
100
88
72
62
66
70
72
78
88
110
164
228
278
286
282
282
284
286
284
278
278
282
282
280
282
278
278
276
274
274
272
270
278
280
270
266
262
268
270
278
274
252
212
196
196
186
184
184
180
186
182
184
198
208
212
228
240
246
240
226
228
222
256
282
348
332
334
350
372
386
332
274
200
210
232
256
312
322
334
342
354
308
296
298
272
280
280
240
234
206
216
214
254
298
376
418
484
482
446
424
414
362
342
326
322
334
342
318
334
334
340
340
330
324
324
270
276
322
334
360
396
348
332
336
322
296
306
292
280
232
184
190
236
272
286
288
282
286
288
292
296
294
294
296
294
296
298
296
296
292
294
292
276
256
170
52
40
48
68
96
102
96
68
60
68
72
76
88
120
176
238
280
290
286
286
284
286
290
286
284
282
284
286
284
282
284
282
284
286
280
278
280
276
284
286
276
268
264
264
266
266
270
272
266
232
206
198
194
192
182
186
194
182
184
178
178
182
198
232
228
244
244
254
288
298
316
298
308
336
382
378
414
398
294
352
376
298
360
338
308
308
322
320
286
276
246
250
254
234
230
206
190
178
180
210
264
422
440
416
424
422
394
340
354
354
382
388
378
340
316
354
346
346
340
340
334
382
416
400
408
388
406
340
318
300
288
278
278
240
196
194
240
276
286
282
278
286
288
290
292
290
296
296
298
292
294
294
296
296
294
288
294
296
274
146
38
26
48
80
100
94
80
78
74
64
70
86
128
200
264
292
294
286
284
288
284
284
286
290
288
284
286
284
286
286
288
286
284
286
286
280
284
290
286
288
288
282
278
276
268
276
270
270
268
274
274
250
216
208
210
212
210
206
198
190
182
176
170
174
180
188
200
228
264
312
322
330
320
290
262
254
248
298
306
348
400
350
324
306
338
320
294
294
282
264
246
232
228
214
232
238
216
180
174
176
208
308
442
436
420
394
396
390
380
370
378
386
388
356
368
400
346
398
374
344
356
412
400
408
412
400
344
332
298
282
272
264
238
208
198
238
278
284
284
288
284
284
286
292
296
294
294
298
300
296
294
292
296
294
296
294
292
294
296
226
60
44
58
64
100
92
70
66
78
84
82
128
204
268
296
294
286
284
282
286
286
284
286
288
292
288
288
290
286
286
286
284
282
284
284
288
286
284
286
284
288
292
290
288
282
278
282
276
272
268
268
268
270
262
226
214
216
228
222
214
200
190
184
178
178
174
176
176
186
214
266
256
248
284
312
312
296
290
288
322
374
316
370
316
288
338
350
344
316
280
252
242
232
226
228
230
232
218
200
194
196
206
270
352
318
314
328
344
388
410
388
390
360
376
372
350
390
400
408
354
368
416
364
374
374
344
300
280
278
260
240
224
202
206
244
284
290
290
288
282
286
290
288
288
290
296
294
294
300
302
296
294
294
296
296
298
292
294
292
292
198
72
66
90
92
96
76
66
84
108
152
218
268
290
290
288
288
290
284
284
290
286
288
290
292
292
288
288
290
290
292
288
286
284
280
286
290
290
290
290
288
290
290
290
290
290
290
286
280
276
272
272
264
266
272
238
212
224
236
230
220
202
196
192
186
184
190
226
224
182
160
146
158
148
162
200
248
290
322
330
320
334
328
340
340
340
358
376
392
374
332
290
278
266
258
254
252
240
222
202
192
208
226
272
270
230
252
258
274
316
334
384
374
328
354
376
354
310
306
306
304
318
334
312
300
276
262
248
228
202
192
194
222
256
286
294
290
286
286
286
284
286
294
288
290
290
296
300
296
296
296
296
294
296
300
296
300
296
298
296
290
174
72
74
84
84
92
106
142
194
240
280
292
286
286
284
288
288
284
286
288
292
292
288
290
292
294
294
290
292
292
294
290
288
288
284
286
288
290
294
298
294
292
298
294
290
290
288
288
290
286
282
280
268
260
266
262
234
238
236
232
218
206
196
194
196
214
230
220
188
182
208
222
226
226
200
178
158
182
260
310
322
322
334
344
354
346
334
358
364
366
356
344
358
354
314
294
268
230
210
194
200
230
258
280
264
232
240
282
260
250
284
284
262
254
238
234
244
228
206
208
228
224
204
192
190
178
178
182
196
224
256
280
292
294
294
288
288
290
290
294
290
290
290
290
294
296
296
298
300
302
300
296
290
292
300
298
300
296
294
296
292
254
188
154
146
168
210
250
274
282
280
282
282
286
290
286
288
288
288
292
292
292
292
288
290
292
296
296
290
294
294
294
290
290
292
292
292
290
294
296
294
284
292
302
298
294
288
288
294
294
294
292
280
276
264
268
276
234
232
244
242
228
220
208
208
212
214
222
236
268
276
280
276
276
280
274
276
266
224
182
176
176
184
204
226
232
230
224
222
218
216
216
194
204
192
170
172
162
150
150
154
150
152
170
180
184
196
198
184
180
184
184
174
164
162
152
154
160
164
166
168
158
162
168
174
186
208
232
258
282
290
296
294
296
296
290
288
286
290
296
302
296
294
292
296
298
298
298
296
300
310
300
296
296
296
294
294
296
294
292
296
292
274
276
278
280
284
282
282
282
284
280
280
282
282
284
284
288
292
290
288
288
288
290
292
292
292
292
294
298
290
298
298
294
294
296
296
294
294
296
296
288
288
294
300
300
294
294
292
294
296
288
286
288
282
276
276
252
226
234
240
236
226
218
218
232
256
274
290
292
290
280
274
272
270
276
272
268
278
280
278
266
252
234
214
202
200
198
204
202
208
208
204
208
196
216
228
234
246
252
258
260
254
246
238
226
222
212
206
210
204
194
198
206
208
206
208
212
200
202
208
218
244
262
264
268
282
282
284
286
286
292
294
294
294
292
292
292
292
298
296
296
294
294
298
302
298
298
298
298
296
302
298
296
294
300
298
298
296
296
294
294
290
268
268
274
278
274
274
274
278
280
280
282
284
278
284
284
288
292
288
288
286
288
288
290
292
292
296
292
292
292
294
296
296
294
290
292
294
292
296
294
292
294
294
302
296
294
296
294
292
296
286
286
288
292
282
268
256
246
252
254
260
268
272
284
290
292
288
288
288
288
286
278
272
274
270
276
270
272
274
278
282
284
282
280
278
278
280
286
288
288
288
280
282
280
282
280
276
276
270
264
272
272
272
278
280
284
284
280
282
272
266
272
276
278
276
272
278
272
272
276
278
282
272
272
274
280
282
284
286
286
288
290
290
292
294
294
296
298
300
298
296
294
298
300
298
300
294
296
300
298
302
296
294
294
294
296
298
298
300
298
294
290
272
274
270
272
272
266
274
274
280
278
278
284
278
284
284
286
288
286
286
288
286
290
290
292
286
292
294
296
294
296
290
294
296
296
298
296
290
292
294
288
288
290
298
300
298
298
294
298
292
288
288
288
288
278
268
274
284
290
294
292
298
294
296
286
282
288
286
288
286
284
284
280
280
276
278
274
270
268
274
274
272
272
274
274
280
278
286
284
280
284
276
278
278
276
280
282
274
270
278
280
282
274
270
270
274
276
274
276
276
280
280
272
274
278
276
272
272
270
274
274
274
274
276
282
280
280
286
284
288
290
292
294
296
294
298
300
300
298
296
302
302
300
298
302
300
298
298
302
298
296
296
294
292
294
292
296
296
296
294
292
290
