210
210
212
210
208
196
186
200
208
206
204
206
206
208
214
212
216
216
208
210
214
218
218
216
214
216
218
216
216
216
222
222
220
220
218
214
214
216
222
222
224
224
224
226
226
230
232
232
224
224
228
226
228
234
228
226
228
226
226
228
226
224
232
228
230
232
228
222
222
222
220
224
224
224
228
228
232
232
232
234
234
232
234
232
230
228
230
230
228
232
232
230
234
236
234
234
232
230
234
232
232
234
232
236
238
236
238
236
232
234
236
232
234
234
236
234
238
240
234
228
230
232
232
234
236
236
238
232
232
234
236
240
238
236
238
238
238
238
240
242
238
242
240
244
230
234
238
258
270
238
242
242
246
244
246
246
244
246
246
248
250
206
200
204
204
206
206
206
212
212
208
210
210
214
214
214
216
218
216
214
208
214
216
218
220
216
214
216
218
220
220
220
220
222
224
218
216
214
216
218
222
222
222
224
226
224
230
232
232
226
222
226
228
226
228
230
230
226
226
226
224
226
224
228
230
232
230
224
218
222
220
224
222
220
222
222
224
228
224
226
230
232
228
230
226
226
226
230
230
228
230
230
230
232
232
234
234
232
232
230
234
234
230
232
234
230
232
236
232
232
232
234
232
238
236
236
234
238
236
234
224
228
232
236
234
234
234
234
234
236
238
236
242
240
234
236
238
238
242
240
238
238
240
240
240
226
226
238
246
274
244
242
244
246
244
242
242
242
248
248
248
246
206
200
200
196
204
206
208
214
216
212
214
212
214
216
214
216
216
218
218
218
216
222
218
218
222
218
216
218
218
220
218
218
220
220
222
222
218
220
224
220
224
224
226
222
220
224
228
228
228
230
230
228
226
226
228
222
228
226
226
226
224
226
226
226
226
226
222
220
224
224
224
228
226
226
224
222
220
224
222
226
224
226
224
228
226
224
230
230
226
226
228
230
232
230
228
230
230
232
228
232
230
228
230
232
234
232
230
234
226
220
232
230
232
234
234
232
234
228
228
224
228
230
232
228
228
234
232
240
238
238
236
236
238
240
236
240
240
242
240
238
236
236
236
242
238
224
232
242
268
244
244
246
248
244
242
246
244
246
246
248
246
208
202
206
206
206
198
204
208
208
212
214
210
214
214
214
216
218
214
218
218
218
224
220
218
222
222
222
226
222
220
224
216
220
220
218
220
218
218
222
220
220
222
224
222
218
218
230
228
226
226
226
226
226
228
226
222
224
226
224
222
230
226
224
230
224
224
222
220
216
214
196
178
178
184
194
192
210
222
228
230
232
230
224
228
222
224
224
230
228
226
226
224
226
226
224
226
226
228
232
230
228
222
222
228
232
230
228
230
228
222
230
232
232
232
234
230
230
230
224
226
228
226
230
234
232
232
234
240
244
236
236
234
234
238
238
238
240
238
238
236
238
240
242
242
242
240
234
238
244
240
244
250
246
244
244
244
244
244
246
248
244
212
210
210
212
216
202
202
208
208
214
214
214
216
214
218
218
220
216
214
214
216
222
222
220
216
222
222
224
224
220
222
220
220
220
220
218
220
220
218
224
222
224
228
224
216
228
232
224
222
224
222
226
224
224
224
226
220
220
224
222
234
226
222
230
232
228
228
218
182
156
162
146
126
114
120
132
142
154
172
186
184
196
222
228
232
224
220
224
228
222
224
224
218
224
222
222
224
226
222
222
232
222
220
220
226
230
224
226
228
230
230
230
232
232
228
224
228
230
222
228
230
230
232
230
230
234
234
232
236
236
236
234
236
238
236
234
238
238
236
236
240
242
240
244
242
240
244
242
244
248
246
246
244
246
246
244
246
244
242
248
246
212
210
208
212
212
214
214
212
212
216
210
210
214
216
216
214
214
218
214
214
218
214
222
222
218
218
220
220
222
214
218
222
220
222
222
220
220
222
224
222
222
222
222
224
224
236
224
222
222
226
226
228
224
226
222
224
220
220
218
218
218
216
220
228
224
224
222
220
218
194
164
156
160
152
130
120
122
120
128
122
106
108
118
132
172
208
230
226
222
220
220
224
218
222
224
222
224
222
216
220
224
222
220
218
222
230
226
222
226
226
228
232
232
228
224
226
228
228
228
228
226
230
232
228
230
236
232
228
228
236
232
230
232
236
238
238
240
238
238
240
240
238
244
242
240
238
240
242
242
250
244
246
244
244
246
244
246
246
244
248
246
212
214
212
216
216
216
218
216
218
214
208
212
212
214
218
216
210
214
216
216
220
216
222
224
224
218
218
218
218
218
218
222
218
220
222
218
216
222
226
224
220
224
222
224
228
228
216
218
224
224
226
226
226
226
222
224
224
220
222
222
216
206
202
206
212
210
204
208
214
218
208
184
150
140
142
134
116
98
98
94
94
114
110
100
90
102
144
192
222
230
230
222
220
222
224
226
222
220
220
222
226
224
220
220
218
224
224
222
220
216
224
228
228
224
224
228
230
228
228
228
230
230
232
228
230
232
232
230
228
228
230
236
234
234
234
236
238
236
236
238
240
240
238
236
238
244
242
242
244
242
240
242
240
242
246
248
248
246
242
246
244
212
214
214
212
212
214
210
210
212
212
206
210
216
214
214
214
212
214
214
218
218
218
220
220
220
220
220
220
216
218
220
218
218
220
222
222
214
218
222
218
218
218
216
220
228
224
216
224
224
224
226
222
224
222
220
220
222
218
218
220
214
212
206
190
186
184
184
188
190
194
198
206
196
168
134
122
112
98
84
80
82
90
90
92
98
90
80
92
118
162
192
214
228
230
226
226
220
218
218
218
222
220
218
222
220
216
222
226
222
218
222
226
224
222
220
226
230
228
228
228
230
228
226
228
230
234
234
232
232
228
228
232
234
230
232
236
236
236
236
234
236
238
240
236
238
242
242
240
244
240
240
244
240
242
246
248
246
246
248
246
246
210
210
212
210
208
208
212
208
210
208
206
206
212
212
204
214
214
216
214
216
216
218
218
216
216
218
216
218
218
212
218
218
216
218
220
220
220
220
220
216
216
218
212
218
224
220
218
222
224
224
224
218
216
218
222
218
220
216
216
216
214
210
212
206
192
178
170
176
178
176
174
180
184
188
190
170
152
130
102
76
68
68
72
74
76
70
68
66
62
60
66
102
144
172
198
220
224
224
224
230
226
222
224
228
226
220
220
218
222
218
218
214
222
222
224
230
228
230
230
228
230
228
226
226
228
232
232
230
232
228
230
232
232
234
238
236
236
236
230
228
234
238
242
238
238
238
240
236
240
242
240
242
240
240
244
246
244
246
244
246
248
210
210
208
210
210
210
210
210
210
208
212
212
206
208
208
214
216
214
216
216
218
218
216
214
216
214
218
216
218
216
220
220
218
218
218
216
218
218
220
220
222
218
212
218
224
218
218
218
218
216
220
222
222
220
220
216
216
212
216
220
218
212
206
202
196
188
176
168
168
168
164
162
164
164
156
164
162
152
132
104
78
60
54
52
52
48
46
38
72
106
86
92
108
106
98
108
134
150
156
164
168
168
178
196
212
214
222
218
212
218
224
224
216
220
222
226
226
220
220
220
224
226
224
220
228
230
232
228
228
230
232
230
234
234
236
234
230
236
236
230
236
238
238
238
236
236
240
240
240
236
234
238
242
242
242
242
244
248
244
246
246
210
212
206
212
212
212
210
212
212
212
210
210
210
214
212
210
214
214
214
220
218
216
216
216
216
214
216
220
220
218
220
218
218
216
218
218
216
216
218
220
222
218
214
218
216
216
214
216
216
210
212
216
222
216
212
212
212
216
214
216
214
212
210
208
206
202
188
176
174
164
152
144
146
142
128
126
116
102
88
72
58
54
52
62
68
66
80
98
128
132
144
136
132
130
146
174
144
126
150
140
170
202
180
90
94
96
96
148
200
188
176
176
186
188
200
200
206
210
214
222
222
220
224
224
226
226
226
226
230
228
228
226
232
226
232
232
228
234
236
230
234
234
234
236
236
238
238
236
236
236
236
240
240
234
240
246
246
244
246
246
248
206
208
206
208
210
210
210
212
210
210
210
212
214
210
214
214
214
216
220
222
218
214
220
218
212
212
216
218
220
216
216
216
212
214
216
216
220
214
216
218
216
216
218
218
214
218
218
212
212
210
210
212
216
218
216
218
222
222
220
218
208
196
188
174
164
142
120
108
102
92
90
86
82
82
76
78
72
74
90
92
94
98
94
98
102
110
110
116
128
130
154
144
146
138
150
170
172
142
148
172
210
268
180
64
94
106
154
246
340
340
322
220
300
288
264
266
258
242
228
202
200
200
210
216
222
220
224
222
224
226
226
228
226
228
230
232
224
228
232
230
232
234
234
236
236
238
236
234
230
234
236
240
240
238
240
240
242
246
250
248
244
208
206
208
208
212
212
210
212
210
214
220
224
224
220
216
214
216
216
216
218
218
214
216
214
212
210
216
214
216
216
216
214
214
214
214
216
220
212
210
212
210
210
212
218
210
212
216
214
214
218
220
218
220
214
196
184
166
144
126
96
78
70
72
64
58
58
62
66
70
74
78
82
86
82
84
84
94
94
106
102
110
106
112
116
114
130
118
114
134
140
142
148
142
150
148
142
158
146
160
158
198
216
226
120
108
156
184
290
334
346
422
402
416
426
396
400
402
396
394
346
328
286
244
220
200
198
206
212
214
220
224
224
220
222
226
224
224
226
228
226
230
234
230
236
240
232
236
242
232
234
238
240
240
242
242
242
240
242
250
248
246
212
210
206
212
170
84
76
86
88
100
116
130
154
174
194
210
218
224
222
218
218
218
218
216
212
212
214
216
218
216
214
214
212
216
214
212
206
212
208
208
206
206
214
218
218
218
214
204
186
166
146
124
102
84
70
62
54
70
50
38
42
66
80
70
74
78
80
86
90
92
92
98
96
108
106
104
104
112
114
116
116
118
124
122
128
122
118
118
130
140
138
142
142
154
154
144
154
152
160
154
164
168
196
218
116
90
116
278
300
274
370
390
404
388
410
396
396
406
434
436
444
432
424
408
368
332
290
264
234
206
202
214
218
218
224
224
222
220
222
222
226
230
230
234
234
232
236
238
240
240
242
240
240
240
242
240
238
242
244
246
248
210
210
208
212
156
74
72
64
52
56
58
52
50
54
72
94
122
152
178
198
214
216
224
226
220
216
214
214
214
214
212
212
214
212
210
208
212
214
208
212
210
206
196
180
152
126
98
72
66
54
60
56
54
62
70
72
76
96
74
76
78
90
90
84
92
98
92
102
106
102
106
104
118
118
130
120
124
134
132
140
140
150
158
142
140
148
148
154
170
172
154
156
162
156
160
162
182
182
184
222
188
180
200
208
176
140
172
214
242
288
286
342
344
304
332
372
322
336
384
392
418
452
446
446
460
464
456
436
410
334
288
244
214
214
214
220
218
220
216
216
218
220
224
226
234
234
236
238
238
240
242
240
240
242
244
238
236
240
244
244
248
206
206
210
210
212
160
98
80
82
74
72
78
74
72
62
50
46
50
66
86
100
108
136
170
184
198
208
212
212
216
218
218
214
210
210
202
186
178
154
134
110
88
70
58
50
48
52
58
60
64
76
74
70
82
86
90
96
94
104
110
118
112
114
122
118
136
148
148
154
154
132
136
146
154
168
172
170
176
170
180
188
184
190
188
188
198
194
194
196
194
198
206
200
148
162
158
158
240
258
248
252
282
276
254
226
212
206
244
302
318
308
320
306
338
298
316
312
326
372
332
368
376
362
382
372
398
454
470
448
442
440
418
362
294
258
220
200
216
214
214
214
218
216
222
228
232
234
236
236
240
242
238
240
240
242
240
240
242
244
244
246
206
206
208
206
212
202
124
42
52
76
70
70
84
92
78
66
56
48
38
36
42
56
62
72
76
94
110
104
94
100
104
100
94
94
88
76
66
58
48
44
44
54
52
58
70
64
76
86
84
84
98
106
112
114
110
112
122
128
126
130
146
144
150
154
150
160
176
178
174
176
168
166
170
178
184
196
196
188
198
202
212
210
204
208
212
218
218
228
202
166
204
234
204
176
178
180
190
252
256
248
264
274
286
276
204
204
250
332
340
348
346
358
340
364
362
368
380
388
386
360
364
376
360
360
388
384
374
436
436
454
438
442
442
422
428
398
282
218
216
214
214
210
212
218
220
224
228
232
234
240
240
240
242
240
242
238
242
240
242
242
242
208
208
204
208
208
206
208
158
68
38
58
62
68
72
82
82
64
56
48
38
34
34
42
56
62
62
58
34
26
32
36
42
46
46
50
50
56
56
60
60
66
66
72
76
88
92
94
106
116
126
122
142
164
148
148
146
156
162
156
164
164
170
166
178
174
184
186
190
188
182
178
180
184
184
194
196
194
190
206
196
200
202
210
210
204
214
212
218
248
190
206
234
224
204
204
204
210
240
240
226
276
252
234
248
208
216
254
276
236
316
352
382
360
382
394
382
392
396
382
390
388
402
386
376
400
388
274
416
456
440
418
418
446
468
432
408
336
146
148
196
204
212
216
220
222
220
222
230
232
238
240
242
240
242
242
244
244
244
240
242
248
208
208
206
210
208
204
208
220
208
134
80
40
44
62
72
80
80
70
52
44
42
38
40
40
46
52
56
54
58
70
76
72
70
68
70
70
72
72
80
92
92
92
100
112
120
130
140
148
146
146
146
152
168
166
162
158
160
160
164
170
172
176
172
176
170
172
168
178
188
182
188
182
186
186
192
196
194
196
194
198
188
202
212
210
204
214
194
216
238
214
218
222
262
252
234
206
218
236
250
236
236
256
234
250
240
234
230
244
254
302
324
378
360
364
392
364
382
378
372
390
398
374
398
406
420
436
440
362
390
422
418
446
442
300
208
196
104
96
148
154
202
206
162
178
202
204
214
224
232
246
248
248
248
250
246
242
244
242
242
244
246
206
208
206
208
208
210
202
206
214
220
206
148
88
54
68
70
70
78
72
52
44
38
42
34
42
62
64
68
88
90
82
82
84
80
82
90
94
96
94
88
98
124
124
128
138
138
140
140
140
140
142
148
148
158
150
148
144
146
146
140
144
148
148
150
144
146
138
154
156
152
166
162
158
168
162
166
162
152
168
172
170
168
174
182
196
198
220
218
186
200
196
212
252
240
204
218
224
224
236
252
206
242
280
274
244
256
238
264
294
312
314
346
358
354
376
366
368
378
366
378
394
278
322
390
406
426
430
344
410
452
406
396
278
148
140
118
86
176
220
308
342
160
94
56
78
164
196
152
138
136
138
130
130
154
226
256
244
242
244
242
242
212
210
206
208
208
208
206
210
212
210
216
228
214
140
60
48
52
68
88
66
46
40
38
30
38
76
60
72
98
86
76
70
78
82
82
92
102
110
100
94
100
118
120
122
132
130
124
124
124
122
124
128
128
134
136
142
148
150
152
158
142
142
134
134
132
138
142
150
146
148
152
142
146
146
146
146
158
152
166
168
168
158
166
174
182
190
194
198
160
190
184
196
236
220
184
230
224
230
226
250
244
218
286
288
266
258
234
280
288
304
318
322
356
364
356
356
342
344
350
350
374
316
254
338
390
402
432
452
460
418
278
352
186
88
154
192
92
90
170
326
396
224
74
110
134
122
146
220
152
84
108
202
154
88
100
178
226
246
242
242
244
206
210
208
210
212
214
212
214
214
216
216
212
224
216
168
96
56
26
44
62
64
56
40
28
34
66
64
82
96
82
82
70
76
80
80
84
90
100
104
114
112
112
120
128
132
130
130
128
132
128
124
132
128
122
124
130
132
138
136
140
140
136
142
140
138
138
140
144
136
132
140
138
144
144
140
132
140
146
138
138
146
148
138
140
156
150
170
176
154
174
176
172
198
256
214
202
194
206
224
234
254
230
238
270
256
244
236
252
300
316
312
292
338
366
350
358
352
340
344
344
326
356
320
326
332
342
414
454
420
240
306
272
114
144
174
154
66
108
208
326
402
282
110
254
218
4
10
188
276
170
238
336
358
258
98
92
116
230
246
240
240
210
210
202
208
214
214
216
214
214
214
218
216
216
212
218
216
198
134
40
36
70
84
56
34
28
64
84
82
82
74
74
74
80
78
92
114
110
118
116
124
128
134
134
142
138
140
142
140
140
140
134
130
140
118
126
138
136
130
132
130
134
128
128
134
134
130
122
120
122
116
128
130
128
132
136
124
130
130
128
118
126
126
122
124
140
138
136
140
142
158
172
168
204
228
210
188
190
188
222
230
218
234
246
264
252
276
300
250
264
284
310
278
322
356
326
354
366
350
364
348
336
356
366
360
344
328
338
376
300
184
346
190
96
150
216
162
78
146
264
382
430
376
196
180
270
52
0
126
334
198
300
370
384
326
162
172
140
222
246
244
242
210
208
204
206
212
212
218
216
214
212
218
218
216
214
218
218
220
232
126
22
50
84
66
38
36
78
82
66
66
66
70
84
98
96
116
134
120
126
120
122
130
136
134
144
138
134
132
132
144
138
136
128
140
138
132
142
144
142
142
134
136
144
140
144
136
132
128
124
132
132
122
128
120
130
130
132
134
130
132
130
110
108
108
112
126
142
184
132
126
128
164
148
164
162
172
180
182
184
190
218
222
224
256
256
264
300
330
278
250
258
286
274
290
348
332
326
366
350
362
342
330
364
364
362
344
286
294
390
344
274
236
106
144
206
266
154
132
152
254
356
440
382
292
88
182
162
54
218
326
188
312
336
342
288
192
200
184
240
240
242
246
210
206
208
210
212
212
212
216
214
216
218
218
222
216
214
216
216
228
160
44
62
82
60
36
48
80
74
66
72
74
80
88
98
120
114
120
122
124
130
126
130
142
138
138
140
130
122
124
138
130
128
124
118
120
130
134
134
128
128
130
140
150
150
154
150
140
140
140
144
142
132
134
134
134
130
142
138
134
134
132
128
126
120
122
140
128
154
146
110
110
144
142
144
148
150
172
174
172
184
198
226
208
246
260
226
268
250
266
280
256
278
298
284
328
340
338
342
356
346
354
348
322
330
322
334
312
330
440
344
274
132
130
216
298
304
258
168
136
276
330
426
430
370
172
140
228
234
314
242
246
292
330
314
216
204
188
218
244
240
242
244
206
204
206
208
208
212
214
214
210
214
216
218
216
212
214
218
230
210
78
30
80
78
48
32
52
80
78
76
76
84
88
96
102
120
138
128
144
144
138
136
136
156
152
152
148
144
140
148
146
142
140
140
138
134
126
130
126
122
126
128
128
134
132
134
138
132
132
132
138
148
144
140
146
142
140
136
138
134
130
124
118
128
118
118
130
120
108
118
126
102
110
134
142
136
132
150
152
150
152
170
182
180
206
214
218
242
228
270
296
272
272
316
304
318
350
342
342
332
328
342
324
322
348
370
336
348
334
390
332
220
96
176
208
270
352
314
268
176
230
308
350
426
426
362
218
250
246
178
262
420
310
304
264
206
180
192
238
240
242
244
242
206
204
204
206
212
212
212
212
212
210
212
214
210
214
224
214
160
58
32
62
68
48
38
32
56
86
92
82
82
88
96
108
116
122
144
140
146
150
138
118
120
134
128
128
132
138
140
142
140
138
136
140
138
138
134
138
140
134
142
136
134
130
128
136
136
136
132
128
130
126
130
124
124
130
132
130
140
140
140
134
136
124
124
132
142
126
146
140
150
132
154
170
156
148
164
170
172
176
174
184
202
204
216
226
246
254
240
240
280
256
258
304
308
316
340
314
294
294
328
372
364
336
330
384
368
326
328
386
372
242
144
206
222
232
330
358
378
298
176
234
266
344
442
432
392
348
246
298
404
352
334
310
262
196
198
236
242
240
244
244
244
210
208
202
208
210
214
210
210
214
212
216
218
220
218
146
66
28
50
66
50
42
40
34
32
58
78
72
78
82
82
98
130
136
118
104
102
98
94
82
78
74
78
80
76
86
104
122
138
146
146
140
128
128
118
116
120
124
124
128
128
136
134
138
146
142
142
140
140
134
130
126
122
116
126
128
128
136
136
140
144
138
134
142
144
140
150
166
170
162
152
158
178
168
158
182
180
190
176
182
182
200
210
208
216
226
224
206
210
234
200
222
226
230
260
282
314
280
288
328
372
362
332
320
366
366
306
278
352
322
228
206
232
228
222
296
378
416
394
230
196
252
264
378
416
400
422
414
390
372
378
372
326
222
196
244
248
240
244
240
240
242
210
210
202
212
212
214
212
212
214
216
222
228
192
98
26
32
60
62
42
34
36
36
34
38
42
58
60
74
74
80
104
118
116
118
114
116
118
118
108
100
88
86
86
82
82
82
88
100
116
128
144
142
136
144
132
142
130
120
114
112
112
116
124
124
124
128
136
138
132
130
126
122
118
128
134
132
140
132
124
126
130
134
132
132
124
138
184
198
156
148
144
154
150
150
170
228
198
170
192
228
184
194
196
214
226
208
194
200
190
180
194
198
200
212
236
262
254
256
298
332
326
328
304
324
324
262
302
372
312
194
212
310
236
206
230
322
392
424
318
226
220
300
408
368
352
334
308
310
308
320
348
312
210
226
252
242
238
240
238
242
240
206
208
206
210
212
214
216
214
216
226
196
110
40
28
54
60
46
36
34
34
34
32
34
48
66
78
74
70
88
112
128
138
150
154
150
154
158
152
144
140
124
112
102
96
92
92
88
90
90
92
98
104
116
136
144
156
152
142
128
122
118
116
118
120
122
120
124
124
124
126
126
116
120
116
118
128
122
126
128
130
144
134
126
140
136
132
128
146
130
130
130
130
136
150
156
204
206
170
180
228
214
218
224
220
226
214
208
218
210
204
210
204
194
212
208
236
274
270
242
254
244
258
274
288
292
256
250
276
288
276
206
330
360
282
258
246
308
372
348
270
212
308
364
302
294
278
272
280
286
296
318
294
232
240
248
244
244
242
244
246
240
206
210
206
206
214
212
214
224
216
136
42
14
38
60
66
48
32
36
34
34
32
40
52
70
82
94
114
136
160
170
170
172
174
170
170
172
174
170
164
158
154
142
128
114
108
104
98
100
94
90
88
88
84
88
102
118
136
154
154
144
130
128
132
130
126
126
130
132
132
132
128
120
120
114
114
116
124
118
118
120
132
148
158
136
126
124
122
110
106
120
120
120
116
134
140
132
150
154
162
162
182
186
206
214
240
232
190
206
190
186
208
200
184
220
210
222
220
202
188
216
216
218
244
250
248
248
226
218
242
304
332
214
288
340
358
348
312
292
256
266
276
244
262
266
282
282
280
288
258
244
240
246
242
240
240
240
240
240
244
242
246
208
206
208
208
206
222
216
152
82
24
24
40
64
54
40
36
38
38
38
38
52
64
68
86
128
160
184
190
194
196
190
188
182
182
188
188
190
188
182
174
172
170
166
150
134
122
112
112
104
96
90
88
86
80
78
78
84
102
126
142
144
140
140
128
118
122
126
126
128
132
132
126
122
116
114
110
126
122
124
118
116
136
176
134
116
118
114
112
106
108
114
108
110
120
118
124
136
136
140
158
166
174
192
206
224
204
204
204
200
218
220
210
184
212
206
198
212
212
254
250
240
220
220
204
204
218
216
184
156
186
232
214
218
326
346
406
410
376
300
244
276
226
198
204
212
242
236
218
190
186
208
240
246
242
240
240
236
238
236
238
246
208
208
204
208
218
170
86
26
28
40
52
64
60
42
42
42
40
40
46
58
74
94
132
176
200
202
200
202
198
202
200
200
198
190
194
196
198
196
194
194
188
190
188
176
166
154
136
124
112
106
100
96
88
86
84
82
82
84
84
86
98
116
130
130
124
124
120
120
128
132
134
134
132
128
124
122
122
124
126
122
122
116
126
114
112
118
114
114
112
108
114
114
108
110
110
122
118
120
120
132
136
150
160
174
220
232
226
198
204
208
208
206
196
214
220
204
228
222
216
208
202
186
188
182
192
212
182
128
110
122
96
134
278
338
360
342
366
392
362
250
238
240
232
234
222
216
220
224
226
232
240
242
244
238
238
234
236
234
234
240
242
208
210
210
216
140
46
28
36
48
58
60
54
40
38
40
42
42
46
60
100
152
192
212
214
212
210
210
206
202
204
202
202
202
198
196
198
200
198
198
198
196
196
190
188
186
182
170
162
144
126
112
102
100
98
88
88
90
86
86
88
86
80
88
96
110
124
130
128
128
126
124
132
136
126
132
132
130
132
118
130
114
118
112
114
118
122
126
122
120
116
112
118
114
110
108
112
120
110
118
122
118
126
136
150
158
172
176
164
180
196
204
200
208
206
194
194
188
196
192
214
216
200
204
190
178
168
148
138
144
148
154
138
206
298
340
328
304
290
276
246
240
232
214
206
196
200
216
236
226
230
238
240
240
236
238
240
240
234
240
240
240
202
210
204
106
24
22
32
48
62
64
54
40
40
42
42
44
74
128
174
210
218
216
216
216
212
212
212
208
208
206
206
202
206
206
208
200
202
200
202
200
200
196
192
194
200
200
196
188
180
162
144
126
116
110
102
92
94
104
108
106
100
92
84
78
78
88
104
110
120
126
134
150
160
148
140
138
142
136
124
110
120
124
116
120
122
122
130
120
114
120
114
120
110
110
110
108
116
116
120
118
114
116
110
112
108
122
140
146
164
192
194
202
202
200
222
228
216
196
194
180
170
166
156
148
146
150
124
100
110
130
136
202
284
316
334
382
334
280
256
258
240
206
190
188
204
216
222
224
224
228
236
238
240
236
234
234
238
236
238
238
236
202
192
84
16
20
36
54
60
50
46
44
42
38
50
84
144
192
222
224
216
212
214
216
214
214
208
210
212
204
202
202
212
212
212
208
204
198
200
198
196
196
204
202
200
202
202
196
196
196
188
178
160
138
126
108
98
100
108
116
116
108
100
94
90
88
84
84
86
90
100
116
156
178
194
192
170
138
126
130
118
128
120
122
120
132
142
138
136
138
128
126
120
112
108
108
106
108
106
106
104
108
110
112
104
98
116
122
146
172
186
188
190
186
180
190
218
212
194
186
184
180
176
176
170
168
176
124
112
154
170
182
208
252
296
276
272
276
236
214
194
188
186
190
206
216
224
214
220
224
232
236
238
240
238
234
226
232
236
238
238
238
208
128
26
36
44
52
66
50
34
38
48
62
96
158
204
224
216
214
216
214
212
216
214
216
216
212
210
208
208
206
208
210
210
208
206
202
200
204
202
204
198
202
212
204
200
200
202
200
198
194
190
186
166
140
116
110
104
114
122
122
118
112
104
100
96
94
94
98
100
92
92
102
112
114
134
152
158
156
154
152
144
132
126
124
130
154
180
188
200
188
174
150
134
122
114
104
102
96
96
82
76
86
92
94
98
120
126
138
150
162
170
182
188
188
186
180
184
204
186
188
192
192
200
202
192
170
154
144
160
154
166
218
278
286
228
204
222
196
186
186
194
204
204
212
222
218
218
224
230
236
236
238
234
236
236
232
230
234
236
238
240
206
106
26
52
60
62
54
46
58
92
134
176
210
218
216
212
214
212
220
218
212
216
216
214
214
216
214
212
212
210
210
208
210
210
210
206
210
212
210
210
206
204
210
210
206
208
204
206
204
200
198
192
182
154
128
118
114
128
140
142
128
120
118
116
118
116
116
110
102
92
84
76
72
68
66
72
100
126
150
172
178
180
180
174
170
158
150
154
160
168
166
152
136
124
118
116
116
116
116
104
98
104
102
102
134
136
126
124
142
146
158
160
164
162
164
160
166
168
156
156
152
170
212
194
168
156
148
144
158
182
184
228
218
196
190
182
184
192
204
202
206
212
214
220
222
214
224
226
232
234
236
234
234
236
238
238
238
236
236
238
240
208
154
82
64
64
74
106
148
178
198
212
218
216
210
208
212
212
212
216
216
212
214
214
212
214
212
214
218
216
214
214
214
210
208
210
212
210
212
214
212
208
212
212
212
204
210
210
206
204
202
198
190
186
160
134
122
126
136
140
138
136
138
134
136
140
134
134
130
128
122
118
110
102
94
88
80
76
76
88
106
126
136
156
182
178
170
160
164
162
160
154
156
152
140
136
130
120
118
110
102
98
102
112
118
150
136
130
138
128
132
130
140
144
146
146
146
140
160
144
136
142
156
132
134
152
146
154
172
182
200
190
180
186
186
190
198
198
206
210
208
212
218
222
226
224
224
222
228
228
234
238
238
234
234
236
240
240
240
238
236
238
204
208
198
186
190
196
210
218
218
214
208
208
208
210
212
214
212
214
218
214
214
216
216
212
214
212
212
216
216
214
212
210
212
206
208
210
210
214
210
216
208
212
210
214
216
214
210
210
210
204
202
200
190
170
146
138
140
136
140
146
150
154
154
158
162
164
162
160
160
158
154
146
136
126
112
108
102
96
94
84
82
84
92
96
102
98
102
100
104
102
108
106
108
108
98
94
86
78
72
70
72
78
90
102
114
120
126
126
124
122
122
130
120
118
114
114
110
120
120
122
128
136
128
124
134
136
156
162
164
170
180
188
194
198
200
208
206
214
216
214
214
220
222
222
222
226
226
230
234
234
236
236
236
238
236
238
240
238
240
240
236
204
204
202
206
210
210
210
206
204
210
208
210
208
208
214
218
220
214
218
212
210
216
212
212
214
214
214
214
214
214
214
212
214
214
210
204
212
216
214
208
210
214
210
212
212
212
210
218
220
210
212
212
206
186
174
170
170
168
170
168
170
176
178
184
184
186
186
180
182
178
176
170
166
156
146
138
130
124
122
114
114
114
110
108
108
106
104
100
98
100
98
98
96
96
96
94
88
84
84
84
82
80
80
84
80
86
88
86
86
88
96
88
82
84
92
94
98
104
110
116
118
116
120
126
136
148
158
170
180
190
194
200
200
206
208
210
216
216
216
218
220
218
218
216
222
224
226
230
232
234
240
234
238
238
234
236
240
240
236
238
240
204
204
206
206
204
202
204
204
202
200
208
208
204
210
210
212
224
214
214
212
214
216
218
216
214
214
216
212
212
218
216
216
216
214
216
216
216
214
214
212
216
216
214
220
214
216
220
220
218
214
214
214
210
202
198
194
190
190
190
190
190
190
192
196
196
198
200
194
196
190
196
190
182
174
172
164
158
154
150
148
146
140
140
136
136
136
134
130
134
134
130
130
126
124
122
122
116
114
112
108
108
110
110
110
112
112
114
112
112
114
112
112
112
112
114
114
118
122
132
134
136
148
154
158
166
172
176
186
196
198
202
204
206
212
212
214
218
220
220
218
220
218
216
222
224
226
228
232
234
232
236
236
236
236
236
238
240
240
236
238
240
204
206
206
204
204
206
208
208
206
206
210
208
206
206
208
210
218
210
212
210
214
216
218
214
214
214
216
212
212
214
214
214
216
212
216
218
218
216
214
216
220
216
212
214
212
212
218
216
214
214
214
214
212
210
208
204
202
200
200
202
202
206
204
198
202
200
204
200
200
202
200
198
194
188
188
184
180
176
168
166
164
160
156
154
154
154
154
154
154
152
152
146
148
144
146
142
140
134
132
134
132
134
134
138
138
138
140
142
138
140
142
146
142
142
146
148
152
154
160
162
164
168
170
176
182
186
186
194
200
204
208
212
214
214
214
216
216
222
222
222
216
218
222
224
228
230
228
232
234
236
236
234
232
234
234
234
234
242
240
242
238
206
206
206
204
194
204
204
208
206
206
212
214
208
210
208
210
212
206
206
206
214
216
216
216
212
214
212
212
212
216
216
214
216
214
218
216
216
218
212
216
218
214
212
208
204
206
214
218
224
216
220
216
216
210
208
210
210
206
206
210
206
212
210
210
206
204
202
204
204
208
204
202
202
198
192
192
192
190
182
176
176
174
166
170
168
166
166
164
166
164
164
164
164
162
156
160
160
152
150
152
150
150
154
154
156
156
162
162
164
166
166
168
164
166
166
166
170
172
176
178
176
178
184
188
188
194
196
200
206
212
212
214
216
216
218
218
214
220
222
218
218
218
220
230
222
228
232
236
236
242
236
234
232
232
234
236
232
236
236
238
236
208
202
206
202
194
202
204
206
208
208
212
210
208
204
208
212
212
210
204
206
214
216
214
212
212
214
214
210
212
220
222
220
214
216
212
214
220
220
212
210
214
216
216
214
208
206
216
218
222
218
222
220
218
216
214
214
216
210
210
212
214
212
214
212
210
210
210
206
204
212
206
204
200
200
204
200
196
200
194
188
186
182
178
176
178
174
174
172
174
174
172
172
170
170
168
168
170
166
164
162
162
160
158
164
166
166
170
170
174
176
178
176
178
178
176
180
182
182
182
186
188
186
190
194
198
204
206
210
210
214
212
220
218
218
220
218
216
218
216
220
220
222
224
226
226
228
236
234
232
236
234
232
232
232
232
236
238
234
232
238
236
202
204
206
200
194
200
200
204
200
204
208
206
206
202
204
206
206
208
206
212
214
210
210
214
208
210
216
212
212
214
216
216
214
212
216
220
218
218
214
208
218
216
214
218
216
220
224
216
216
214
224
222
216
218
220
216
214
214
210
214
218
218
218
216
214
210
214
208
208
210
206
204
204
204
202
202
202
210
200
200
194
188
186
182
184
186
184
182
180
182
178
180
182
182
176
176
174
174
176
172
174
170
170
172
174
180
176
174
180
186
188
186
186
186
188
186
186
186
186
190
192
194
198
202
204
208
212
210
214
212
214
214
218
214
216
214
218
218
214
216
218
220
222
228
230
232
232
234
228
232
234
232
230
236
234
234
242
232
234
236
236
