266
264
266
268
266
274
278
278
276
276
234
198
182
240
298
292
290
294
290
292
290
290
296
294
286
288
290
292
292
296
296
296
296
296
298
296
294
290
298
296
302
302
306
308
306
306
308
308
312
310
312
308
310
314
306
308
312
310
314
318
316
318
316
318
320
320
320
322
320
322
322
320
320
324
324
322
324
330
328
326
328
328
326
322
326
326
330
326
330
332
324
326
326
328
326
326
328
326
328
324
326
328
326
334
328
334
334
332
336
334
332
328
330
328
328
328
330
334
332
330
330
330
328
328
330
328
326
326
322
322
320
320
318
324
322
322
320
324
320
322
318
318
318
320
320
316
318
318
314
316
312
310
314
310
304
304
306
302
300
302
304
264
266
264
266
268
272
276
280
278
276
262
234
194
144
212
296
292
290
292
292
294
294
294
292
292
294
290
292
292
296
300
294
296
302
302
298
294
294
298
302
302
304
306
310
310
308
306
302
302
304
306
310
312
310
306
302
312
314
316
320
320
322
318
318
320
322
322
324
324
320
318
320
324
324
324
322
322
322
326
326
328
328
328
326
324
322
326
324
326
328
322
330
330
326
330
332
330
330
330
328
326
336
330
332
332
332
334
334
332
332
332
330
328
328
330
328
330
332
332
332
330
326
326
326
326
326
324
324
324
322
322
322
320
326
322
324
322
320
322
320
320
320
318
316
316
320
320
320
314
308
310
304
308
308
306
308
304
302
300
304
302
266
270
264
268
270
276
276
278
278
278
250
214
214
194
172
216
292
294
292
290
298
294
294
292
298
296
286
288
288
292
298
294
292
302
300
302
300
304
308
304
306
304
306
308
304
306
306
304
300
306
308
310
310
312
304
306
310
316
316
318
320
318
318
322
320
322
322
320
320
320
322
320
324
324
330
326
324
328
326
326
328
324
322
326
324
326
330
326
324
328
332
330
330
328
330
330
328
328
330
330
328
330
334
334
332
332
336
338
330
328
330
332
332
334
336
332
334
330
330
328
330
328
326
326
326
324
324
324
324
322
324
322
322
322
322
322
320
312
320
320
320
322
318
316
316
320
322
318
310
308
308
306
306
308
306
308
304
304
304
304
304
266
264
266
268
270
276
276
276
276
278
262
208
210
214
208
178
216
292
290
280
290
290
294
296
296
290
292
288
294
294
294
294
292
296
300
298
300
310
306
304
302
300
304
308
304
304
302
306
310
302
306
312
314
312
314
314
312
314
314
314
318
320
320
320
320
320
322
322
322
322
324
324
322
322
324
326
324
324
326
322
324
326
324
324
322
326
322
326
328
330
330
332
328
328
326
328
330
332
332
334
330
332
330
328
332
332
332
334
328
330
334
332
332
338
334
328
326
330
330
326
326
328
328
326
324
324
328
324
324
322
320
322
322
316
322
326
320
316
318
318
320
322
320
318
316
318
320
312
308
308
306
308
306
308
306
304
304
304
304
308
304
264
264
266
268
272
276
276
276
278
278
288
222
190
212
204
194
172
218
294
296
296
292
294
296
290
294
294
294
298
302
296
294
298
300
308
304
304
306
308
310
304
300
300
304
306
304
302
306
310
304
304
308
316
306
312
314
316
318
312
308
314
324
318
316
316
322
322
326
326
324
322
324
324
324
326
330
326
324
322
324
328
324
324
322
326
328
326
328
330
328
328
330
328
328
328
326
326
328
330
330
326
328
336
332
334
332
328
330
332
330
334
330
328
328
326
330
332
330
328
328
326
322
326
322
324
324
324
324
328
322
324
322
318
318
320
318
320
320
320
320
322
320
316
314
316
318
314
314
308
308
308
306
308
310
312
310
306
304
306
306
302
260
262
270
268
268
274
276
278
276
278
288
264
186
206
198
204
196
162
230
304
300
298
298
294
288
290
290
296
298
300
302
300
304
306
308
308
306
306
306
302
300
302
300
300
304
304
310
308
304
308
310
310
306
308
310
314
318
316
318
310
318
322
316
314
324
324
324
322
322
322
322
326
324
324
328
328
324
326
322
324
322
326
326
322
326
326
326
328
328
326
326
328
326
330
328
322
326
328
328
328
328
328
330
330
332
334
332
330
324
326
328
328
330
328
328
328
330
326
328
330
326
324
324
324
326
322
320
322
324
324
322
320
320
318
316
314
318
318
318
322
320
316
314
314
314
314
314
310
308
310
312
308
308
306
308
308
308
306
304
306
300
256
260
252
260
270
278
280
278
278
280
284
292
214
194
210
208
208
188
164
246
290
284
294
292
284
288
294
292
302
300
302
304
302
304
302
302
300
302
300
304
298
298
300
302
302
304
312
306
306
306
308
308
308
312
314
312
314
316
318
318
322
322
312
314
322
322
324
322
324
326
326
324
322
322
326
326
320
318
322
324
322
324
324
324
326
326
326
328
330
328
326
328
330
328
326
326
328
326
328
330
330
328
326
328
332
332
334
330
330
326
326
328
330
330
330
330
326
330
326
326
326
324
322
320
324
322
322
324
320
324
324
318
320
318
318
318
316
314
310
320
318
316
316
312
312
314
314
312
310
314
312
308
312
308
306
302
302
306
304
304
300
256
264
252
254
270
276
278
280
282
282
282
288
256
192
194
208
222
202
174
166
250
298
290
282
292
296
306
300
296
298
294
298
306
300
302
302
300
302
306
304
296
300
296
302
306
310
310
304
310
308
314
310
310
308
308
312
314
316
318
318
320
322
312
318
322
322
326
324
328
328
322
316
322
326
326
326
326
320
324
324
326
326
328
326
330
330
322
324
328
328
324
324
326
326
326
328
328
330
330
330
332
330
330
328
328
328
328
326
328
328
324
322
328
328
330
326
324
326
326
324
324
322
324
324
322
322
320
322
318
322
320
316
318
318
316
316
316
320
318
318
312
308
316
314
314
314
314
314
316
316
314
314
310
308
304
306
302
308
306
302
300
260
260
260
250
272
276
278
282
284
282
284
290
286
214
188
196
206
210
190
162
174
268
294
294
294
294
300
300
292
290
296
296
296
294
300
302
300
304
302
304
300
302
300
300
308
304
304
306
308
310
308
308
308
314
312
314
312
314
314
314
316
322
316
312
316
318
318
318
320
324
326
318
322
326
326
326
324
326
324
322
324
326
328
326
328
328
326
326
326
324
330
330
326
328
328
330
328
326
326
330
326
326
328
328
328
326
326
326
326
324
322
324
324
322
326
324
328
324
322
326
324
324
324
322
322
322
318
320
322
320
316
316
316
316
318
314
316
316
316
312
314
310
312
312
316
316
316
314
312
316
316
310
308
304
304
302
304
306
302
302
302
260
258
264
268
272
266
272
278
280
282
284
286
290
246
168
204
208
214
204
180
156
182
268
302
298
294
298
296
292
294
288
286
300
294
300
296
300
302
304
304
304
304
302
304
304
306
310
312
310
310
310
314
308
310
312
320
316
312
312
310
312
322
320
316
318
322
318
320
318
316
332
334
332
336
338
340
336
336
336
340
342
336
340
338
334
334
332
322
326
328
328
334
334
326
326
328
326
326
326
324
324
324
324
326
326
324
328
326
328
324
324
328
326
324
326
324
324
326
326
324
326
324
324
322
326
320
320
324
324
318
318
316
318
318
316
316
316
314
314
314
314
312
314
312
312
314
316
312
312
310
312
308
304
304
308
304
306
306
304
306
304
260
262
272
270
264
264
272
276
276
276
286
286
290
272
198
190
210
220
208
184
166
156
186
280
306
296
298
296
298
296
290
288
292
296
294
298
302
306
306
308
308
306
304
308
310
310
308
312
314
312
312
314
314
310
308
316
312
310
312
308
312
320
318
318
318
318
318
316
318
320
310
294
280
266
256
254
258
260
246
208
216
218
238
264
296
328
336
336
340
342
332
334
332
328
326
328
330
330
334
334
334
336
340
340
334
324
316
316
322
314
312
312
314
310
306
310
312
314
318
320
318
320
322
324
322
322
324
324
320
314
314
318
316
316
312
312
314
314
312
314
310
312
310
310
314
314
316
314
308
308
312
304
304
304
304
306
306
308
304
300
300
264
262
268
262
258
266
268
272
276
278
284
286
290
282
228
174
208
206
216
198
168
156
154
180
264
296
292
294
294
290
290
300
298
300
294
294
298
300
310
308
310
310
310
310
312
310
304
306
310
314
312
310
312
312
308
314
316
314
312
314
314
320
318
318
318
314
310
306
304
280
220
180
164
164
174
176
178
172
154
144
150
136
130
128
136
164
190
212
220
248
280
298
312
318
316
308
296
288
280
280
262
256
242
222
238
278
278
270
230
298
296
302
314
324
332
322
304
316
312
302
296
286
284
288
302
302
302
300
304
310
312
314
318
318
314
310
310
310
312
314
310
310
308
308
310
310
308
312
310
310
310
310
306
306
308
308
306
308
302
302
302
266
266
262
256
250
264
274
274
274
280
284
286
288
290
258
176
184
208
216
208
174
156
148
150
178
262
300
298
290
286
298
300
304
304
302
300
304
304
312
308
304
306
310
312
306
308
306
306
310
306
308
306
308
310
306
310
314
314
314
316
318
320
318
314
312
312
310
268
210
198
208
200
194
184
172
160
148
140
132
136
144
138
138
132
120
104
92
84
86
110
158
170
182
200
194
198
198
218
254
214
108
112
116
176
274
332
354
366
338
378
388
362
378
388
388
402
400
412
404
402
394
398
384
386
374
366
326
326
324
304
308
300
306
300
314
314
310
310
306
308
308
308
308
306
304
306
304
306
310
308
310
308
308
306
308
306
304
306
302
300
300
260
254
258
254
254
268
284
276
276
280
284
286
288
290
284
206
154
196
204
220
188
168
154
150
158
178
270
300
290
294
294
300
306
304
302
304
306
300
308
310
308
302
308
310
308
308
300
302
302
300
304
306
310
308
310
310
310
314
314
314
314
316
318
318
318
316
314
300
268
228
206
196
196
196
182
162
138
120
110
110
106
98
92
88
82
78
116
154
168
162
176
182
202
218
176
202
242
252
280
246
140
148
182
248
330
344
338
368
374
380
370
384
394
372
360
376
382
394
418
400
388
390
402
418
432
396
402
396
400
398
386
366
372
346
298
296
318
316
312
312
314
310
314
310
306
304
308
312
322
316
322
320
320
316
312
304
304
304
302
298
298
260
258
258
262
266
270
276
276
274
280
278
286
292
288
292
260
178
170
194
220
210
176
162
152
150
156
176
266
302
300
302
298
302
304
304
302
300
300
308
306
308
308
310
306
304
304
304
302
304
308
308
308
306
308
312
314
310
312
316
310
312
314
318
316
318
316
320
322
324
320
302
264
230
194
184
176
162
134
108
88
78
74
78
84
98
136
176
200
216
236
206
194
218
212
198
224
236
228
246
286
308
156
122
166
318
308
288
326
334
330
324
338
366
350
344
360
336
360
380
352
356
366
368
360
402
400
402
384
382
392
404
420
386
360
224
134
208
242
270
270
264
250
218
250
282
276
262
230
212
176
154
152
214
268
288
310
306
302
300
302
300
258
256
260
264
266
268
270
272
278
282
280
280
292
292
294
282
218
138
164
214
208
186
164
160
160
150
152
174
282
310
302
302
304
306
302
304
302
302
306
302
308
310
310
306
306
306
306
306
304
312
308
306
302
304
310
314
312
312
308
308
308
314
318
314
312
310
308
308
308
312
322
332
336
298
224
188
154
124
104
100
102
114
146
170
152
170
200
238
224
234
222
228
246
198
218
202
214
212
244
260
316
224
152
202
284
288
292
328
320
304
344
312
310
356
348
360
348
342
364
348
352
370
360
244
350
410
404
390
394
406
390
262
176
130
124
170
196
268
224
146
100
68
144
178
218
220
122
118
144
216
182
130
94
112
118
238
314
302
298
296
298
262
266
268
264
270
270
278
274
274
278
282
286
282
288
288
290
264
190
140
176
204
188
174
166
164
150
150
140
170
272
312
310
304
304
304
302
302
300
304
302
308
306
302
302
304
306
304
306
304
304
304
306
306
308
310
304
306
306
306
306
306
316
314
314
310
312
312
308
300
282
264
236
212
174
128
110
108
124
152
176
152
170
198
200
172
180
186
186
198
208
216
228
224
190
184
178
206
224
226
240
230
236
244
238
248
312
314
294
314
308
318
326
326
326
338
328
340
326
316
336
344
346
372
374
334
316
386
398
368
350
232
128
140
126
172
248
302
362
276
130
94
182
162
48
110
282
198
166
250
296
334
300
170
158
120
168
312
302
300
296
298
256
264
272
272
272
268
276
278
278
278
280
282
286
280
284
292
284
238
150
170
200
190
172
172
168
154
158
220
200
128
196
290
318
308
302
300
300
302
302
304
304
302
302
306
304
306
302
302
302
304
302
304
304
308
308
310
308
312
312
320
326
324
320
298
272
246
210
176
142
114
100
98
88
96
110
122
132
160
194
170
182
174
202
174
170
178
186
192
186
196
194
170
174
176
192
230
222
216
252
256
256
244
246
288
290
266
294
276
312
314
306
322
296
310
314
306
292
300
272
268
292
300
328
356
302
306
386
346
340
334
168
214
236
172
90
192
294
374
360
196
154
296
132
2
14
190
320
166
294
338
346
288
170
184
158
196
308
296
300
300
300
260
262
268
272
268
272
272
274
274
274
278
280
278
276
276
276
276
270
190
152
196
212
184
164
166
148
184
344
380
292
156
184
220
270
296
304
304
304
306
302
304
302
302
302
306
302
298
298
304
310
310
318
320
322
322
314
302
282
254
232
202
168
144
122
94
82
82
90
92
100
108
118
128
144
136
136
154
160
160
152
184
184
170
194
182
188
196
198
206
210
208
192
212
214
204
240
244
262
272
264
272
280
284
298
310
262
260
270
306
314
314
328
316
294
322
318
284
274
286
268
250
288
304
328
354
370
366
270
292
256
178
214
214
162
110
198
290
400
406
316
154
248
266
58
8
222
344
182
308
336
310
252
190
184
166
238
308
300
302
296
300
260
262
266
264
264
270
274
268
268
268
276
272
276
274
270
270
266
280
186
120
176
214
194
176
166
162
284
360
380
418
344
298
188
158
188
220
250
264
278
292
298
300
310
306
302
304
298
300
292
282
270
252
234
208
180
154
134
108
118
94
60
62
94
94
94
102
106
118
120
120
124
130
142
152
152
154
172
174
174
186
190
202
204
202
212
216
212
194
216
246
228
230
252
242
216
244
256
272
310
304
328
316
308
314
280
262
304
314
322
316
310
326
336
314
314
342
324
272
284
338
268
262
268
288
356
380
276
224
308
210
296
232
214
164
128
202
260
342
402
378
268
186
230
184
164
354
302
198
266
294
326
254
220
192
192
274
310
300
300
296
296
262
260
258
260
260
268
264
264
266
268
274
272
274
274
272
278
284
294
242
146
168
206
200
174
146
246
420
330
322
350
330
358
396
354
310
246
222
204
176
174
180
188
182
182
174
166
158
142
128
114
108
98
96
92
90
100
104
106
136
124
114
126
132
122
120
134
136
154
166
160
144
158
170
184
200
200
206
202
208
220
224
222
228
228
230
240
276
246
246
268
258
274
286
260
224
294
310
328
338
312
350
346
352
358
314
308
346
354
378
342
324
328
292
318
336
354
300
280
286
356
324
286
284
278
304
312
240
216
250
176
190
238
224
186
160
198
270
286
370
414
354
276
238
284
296
286
182
338
340
300
298
270
216
208
228
290
302
302
302
302
298
256
242
246
260
264
272
264
264
266
268
276
274
280
282
284
288
286
280
240
190
180
196
190
170
138
318
422
324
342
336
260
288
332
380
406
400
290
258
232
194
176
182
160
162
136
132
138
126
130
154
144
136
144
144
140
144
140
148
142
154
164
170
164
168
164
168
194
198
202
200
196
198
212
216
228
230
230
240
244
244
248
262
258
272
280
288
316
274
296
288
266
324
312
310
292
326
386
376
322
340
340
392
420
366
332
332
336
350
364
312
318
316
308
306
346
330
330
340
368
350
316
324
322
258
270
336
248
226
184
172
214
278
286
266
184
218
342
318
300
370
394
362
310
306
254
166
276
378
342
344
320
266
218
222
264
306
306
300
302
302
298
258
260
264
268
268
268
272
274
264
258
248
240
226
202
198
196
176
146
118
118
166
194
184
166
154
262
342
348
390
338
224
288
296
326
374
394
346
328
300
262
214
234
214
202
190
190
192
182
172
182
184
174
188
202
194
196
188
186
202
184
186
202
206
204
196
196
214
222
218
216
210
214
220
220
232
240
242
260
264
268
276
300
310
328
392
374
338
396
356
328
312
356
374
372
392
396
390
396
372
400
386
414
438
432
354
368
394
356
350
322
338
362
352
370
356
376
420
388
344
324
306
284
280
252
272
358
306
264
180
218
244
282
318
268
284
288
416
402
330
310
352
374
370
366
356
354
398
386
368
362
334
242
212
236
294
306
304
302
300
302
296
260
262
264
266
256
224
196
192
186
148
136
134
136
134
134
124
140
154
170
182
180
176
166
154
170
250
354
378
394
294
224
304
296
288
328
340
334
322
340
338
310
278
264
240
230
240
240
240
230
228
238
236
234
260
262
242
226
226
226
210
212
222
218
224
228
232
236
232
226
224
226
242
250
274
302
324
334
346
376
370
396
432
424
400
416
394
370
354
360
362
428
408
428
474
486
466
386
394
480
432
406
438
448
460
452
432
436
414
350
366
438
394
396
376
370
348
372
346
302
288
310
272
268
264
264
312
308
264
210
238
274
290
306
300
346
344
304
404
410
366
346
384
402
394
386
392
382
364
352
354
338
248
210
276
308
308
304
300
304
302
298
258
260
266
226
162
156
140
134
138
126
122
128
140
156
162
168
170
166
168
164
158
154
148
134
204
352
394
384
360
330
362
348
322
332
348
354
340
338
334
342
328
290
268
306
306
308
306
290
286
280
272
272
282
288
288
282
278
276
268
254
262
278
272
272
288
312
322
322
340
336
300
316
318
346
366
392
400
400
370
388
424
432
430
412
402
438
480
426
466
488
490
446
446
472
466
454
420
398
466
448
398
394
418
398
462
442
418
436
402
378
398
378
338
324
330
310
312
340
316
282
288
320
292
248
268
300
322
294
248
270
326
358
372
350
354
392
346
344
344
320
372
404
388
374
358
360
354
354
354
354
338
258
244
306
308
308
304
300
302
300
300
256
266
244
144
106
132
128
138
146
146
152
158
166
164
162
148
138
136
130
136
140
140
144
144
192
376
394
394
358
400
364
320
340
356
354
370
380
378
412
392
390
424
400
416
450
456
450
412
412
404
374
386
386
398
404
396
408
410
410
354
366
380
346
336
358
354
372
376
400
418
334
330
340
340
386
394
402
408
402
470
478
486
506
504
506
506
506
504
502
508
490
506
502
464
464
452
450
418
422
446
418
402
400
392
448
438
392
370
380
340
342
326
332
306
312
316
328
342
320
282
264
298
306
288
266
282
338
294
240
286
304
390
472
468
424
412
396
342
264
270
372
388
370
360
358
362
360
350
334
314
282
236
292
310
306
310
302
300
300
298
296
254
250
208
120
112
122
142
148
158
160
160
160
152
140
130
126
116
112
114
130
138
146
154
156
214
388
416
394
370
352
402
436
478
450
444
458
376
396
488
470
462
462
426
432
468
460
454
406
406
416
400
406
406
422
420
412
374
416
396
346
344
310
294
286
310
292
282
304
326
320
292
294
312
318
342
356
350
384
366
446
478
484
492
488
508
486
476
480
504
506
508
510
508
500
464
414
424
446
438
450
460
392
340
336
362
356
324
308
314
330
326
332
350
352
332
310
282
280
292
284
298
296
300
280
230
280
358
300
236
324
352
328
368
418
396
376
376
346
306
282
294
324
328
344
356
334
308
250
236
206
200
262
308
306
306
302
302
302
300
300
298
260
220
150
146
126
136
154
158
156
160
148
142
136
130
126
116
114
108
106
118
134
144
152
134
230
402
398
380
356
428
498
504
506
496
458
386
396
386
432
458
490
484
424
380
356
370
352
354
324
342
342
324
366
390
370
352
336
344
288
282
316
300
284
298
272
284
262
298
286
292
298
324
314
338
308
340
306
362
326
394
404
436
432
414
470
426
430
450
498
508
508
506
492
462
486
454
464
446
368
338
364
348
314
320
346
364
390
426
416
402
382
380
356
302
284
250
262
264
294
282
276
236
246
262
244
270
304
334
316
302
332
348
336
368
390
400
364
320
312
316
276
260
266
260
268
258
250
232
220
190
220
294
306
306
304
302
300
300
300
298
298
258
232
164
128
138
144
148
140
144
150
134
136
126
124
126
122
112
114
110
110
114
120
132
142
150
294
408
402
364
408
464
468
454
480
434
368
424
430
484
482
418
454
442
410
402
378
366
372
342
342
340
336
330
364
342
340
354
342
292
274
312
294
262
282
308
280
290
306
288
280
264
294
282
302
328
324
312
326
352
340
324
410
418
454
432
390
458
460
442
492
502
472
440
386
426
396
344
376
362
374
388
422
428
410
426
432
428
372
378
346
340
328
312
304
286
286
316
296
270
258
276
308
324
320
296
282
288
384
344
332
252
262
350
380
408
414
404
362
324
302
298
288
276
272
260
248
230
210
220
256
286
302
300
304
304
302
298
300
300
298
300
254
250
218
154
128
132
126
126
136
140
134
126
128
126
128
126
124
122
128
130
138
150
160
182
176
186
260
302
332
332
358
382
382
406
378
336
300
346
408
392
330
378
386
334
368
374
350
374
352
356
358
350
354
366
358
342
338
328
306
300
290
284
292
300
326
276
330
330
318
290
290
314
300
286
330
306
312
312
364
326
358
424
418
484
386
318
466
480
432
406
436
382
358
346
384
394
380
394
418
412
390
430
426
372
352
358
338
324
370
356
378
362
326
388
362
332
322
314
318
338
336
370
340
324
326
372
442
352
284
208
200
306
338
354
336
342
354
346
302
286
288
274
250
248
216
188
200
250
294
302
302
300
300
298
302
302
298
300
298
296
300
254
258
258
240
204
184
164
154
150
150
142
136
144
144
142
140
140
146
166
176
180
180
188
198
200
180
144
192
222
244
228
222
250
276
212
232
252
218
258
246
242
238
260
252
278
288
292
262
238
276
316
300
298
300
280
302
300
274
256
266
264
272
272
286
296
296
284
296
284
284
302
302
290
308
316
298
300
334
374
386
434
412
402
456
388
326
370
406
334
314
358
350
368
358
400
410
368
376
404
362
360
380
400
364
368
380
386
366
386
372
396
418
350
392
398
370
368
368
338
330
320
342
390
388
386
366
290
208
200
182
192
302
352
318
326
314
318
310
302
302
296
280
246
204
194
238
284
300
298
298
300
300
302
300
296
302
304
296
296
296
294
254
258
260
258
260
260
252
246
222
178
152
148
144
152
160
158
158
156
166
170
168
164
172
174
180
172
158
164
154
168
182
164
166
158
142
142
166
160
162
168
166
166
190
210
208
206
214
224
224
248
258
272
264
244
226
214
234
220
210
216
224
230
242
250
246
256
236
256
254
234
246
238
242
264
296
258
286
314
336
350
404
374
392
400
418
342
356
350
300
316
376
386
432
392
436
432
386
438
462
400
378
368
402
388
380
400
398
420
426
392
432
460
404
424
426
392
328
356
370
394
422
368
344
288
220
180
166
164
170
206
280
358
360
352
364
370
348
318
296
284
264
218
202
230
274
294
294
294
292
298
302
300
300
298
300
300
298
296
294
292
294
258
260
262
262
264
266
262
242
204
180
172
176
166
170
178
176
182
182
182
178
180
178
174
174
176
170
166
166
162
154
146
140
136
132
128
128
122
116
108
104
106
124
152
162
170
178
192
210
214
212
214
230
248
254
264
250
238
250
226
234
222
216
218
228
234
236
236
236
222
228
240
230
244
254
260
244
252
280
296
324
378
352
394
374
368
342
428
364
346
418
440
478
490
434
462
488
454
446
448
460
446
438
448
450
434
434
444
450
416
388
412
448
384
418
410
420
396
418
372
304
284
230
190
184
194
186
160
174
240
294
340
360
328
338
340
330
322
292
274
220
192
226
268
288
294
284
284
292
298
300
304
302
300
300
300
298
296
294
294
294
296
260
260
260
262
266
266
252
212
176
170
176
178
178
178
178
176
176
178
178
176
170
170
172
170
164
158
156
152
152
152
152
162
174
174
186
200
204
200
188
176
162
152
152
154
162
168
196
222
234
240
226
194
166
174
176
184
198
220
218
226
220
234
232
230
236
226
226
238
226
226
224
230
250
246
246
258
264
308
290
296
312
304
338
350
328
334
378
380
360
372
346
414
442
412
452
486
478
496
496
488
488
476
490
472
444
426
438
432
434
412
416
448
412
448
430
376
346
292
262
238
236
238
248
254
256
232
190
260
318
318
356
362
334
330
304
282
284
248
202
212
266
284
286
288
284
290
294
298
298
300
304
302
302
300
298
296
296
296
296
300
292
258
258
260
264
262
262
242
196
172
172
176
174
172
178
174
172
170
162
166
162
160
158
164
166
170
182
198
206
222
232
242
250
262
264
258
264
264
268
264
254
248
244
216
170
144
162
172
188
210
242
254
256
206
192
200
180
188
186
172
172
166
168
212
210
200
200
218
230
222
220
230
234
244
240
240
260
270
310
280
288
298
260
292
342
308
302
316
318
326
304
268
308
336
352
382
392
408
400
460
444
456
482
496
492
492
482
476
492
500
484
474
444
372
324
314
284
274
276
284
282
292
302
310
322
310
274
278
300
322
340
380
344
306
284
274
244
212
206
258
290
288
284
286
292
294
294
298
300
300
304
300
300
298
298
296
302
302
298
294
298
292
254
254
260
262
260
254
226
188
168
166
168
170
170
164
158
158
162
162
166
176
190
210
228
238
254
264
270
270
270
268
264
264
262
262
254
258
256
258
252
248
250
252
250
226
188
152
146
166
182
196
206
222
226
222
234
214
236
232
208
180
180
162
182
188
176
192
214
222
202
220
218
236
236
234
262
290
278
278
246
260
236
244
294
298
272
290
292
312
310
262
238
266
250
264
272
280
314
292
354
340
324
366
362
396
434
470
492
484
462
468
426
350
302
294
326
350
336
332
344
352
340
354
342
354
360
396
432
352
378
366
318
294
262
234
210
206
242
286
292
286
290
288
292
294
298
298
298
294
298
298
300
298
294
294
294
296
298
298
296
292
296
254
252
258
256
256
236
198
168
162
164
150
142
152
160
170
196
216
238
244
254
268
268
270
272
270
264
262
258
256
258
254
256
256
256
250
254
258
254
248
248
250
250
248
258
260
236
192
156
158
182
192
196
198
200
212
228
240
244
248
240
220
196
192
192
194
192
200
216
212
216
214
216
240
262
278
268
258
276
258
278
238
254
294
332
256
274
260
282
280
262
234
262
236
230
224
224
244
214
216
206
202
216
218
276
340
390
466
468
452
424
396
352
354
362
418
398
396
384
370
360
400
400
368
390
422
368
350
358
328
278
248
212
196
206
238
282
290
286
288
292
292
294
296
298
302
300
296
296
294
296
296
294
296
296
292
292
294
296
298
292
292
250
250
252
252
254
240
206
172
164
172
168
178
204
230
248
268
268
266
266
266
264
256
258
262
258
258
258
256
252
252
250
250
252
250
246
250
254
252
248
248
250
250
248
252
254
258
258
240
206
186
172
180
190
186
186
192
202
212
234
262
258
238
222
210
206
196
190
204
204
206
210
214
222
278
304
310
264
224
248
232
232
234
264
250
250
232
244
268
260
264
258
234
232
226
216
216
224
192
200
182
178
172
196
222
242
380
428
406
404
388
384
398
366
392
382
372
388
372
354
374
402
370
342
380
368
300
256
246
218
192
186
214
250
284
292
288
284
290
292
294
298
302
296
296
300
296
294
298
294
294
292
294
296
296
294
294
296
292
294
294
290
246
250
252
248
250
252
248
234
206
230
248
246
256
258
262
260
258
258
258
260
256
256
256
260
256
260
256
250
248
248
246
248
248
252
246
248
248
252
250
248
248
252
248
248
252
252
252
262
260
246
218
192
180
182
186
184
178
186
196
208
216
214
220
232
222
212
196
198
204
208
212
216
216
262
286
324
282
242
264
260
254
206
174
172
208
196
240
252
256
274
278
268
250
240
218
210
210
202
208
188
166
160
162
196
294
412
382
336
354
340
358
370
356
382
350
352
354
340
308
294
266
272
248
234
198
190
164
172
192
232
268
292
296
288
290
290
292
298
298
292
298
298
294
292
296
298
296
298
294
296
292
292
294
292
296
294
296
294
296
294
292
246
248
248
246
250
252
250
244
240
242
248
252
254
250
258
254
250
250
250
254
252
250
254
252
254
256
250
244
242
242
242
246
248
244
246
250
252
254
256
254
248
248
248
248
248
254
250
252
250
254
260
250
220
190
182
190
192
188
186
186
192
192
198
200
204
208
224
236
232
224
226
220
248
256
278
250
252
262
286
270
294
314
240
310
296
252
252
274
286
282
264
258
244
228
218
212
208
220
228
212
194
184
186
194
244
302
230
224
232
250
262
276
312
298
284
248
230
202
196
168
172
164
160
158
174
202
232
256
278
288
288
284
286
288
290
294
294
298
298
292
294
296
298
300
296
294
296
298
294
294
292
288
294
292
294
296
294
296
294
290
292
252
246
244
244
244
248
240
234
234
234
242
244
248
252
254
248
252
248
246
250
248
250
250
248
244
244
246
242
240
238
244
248
248
246
248
250
252
250
252
256
250
250
250
246
248
250
242
248
244
244
248
254
260
254
222
192
180
204
212
216
214
208
196
190
184
182
184
196
202
206
218
236
284
296
298
304
274
238
214
208
224
248
280
294
286
260
220
260
274
272
258
256
214
256
242
236
242
244
238
226
202
190
196
214
240
238
214
210
230
216
198
206
200
172
158
154
142
150
164
170
184
202
226
258
270
274
280
276
282
284
280
282
290
290
294
296
298
296
296
296
296
298
300
300
300
296
292
294
294
294
294
292
292
292
294
296
294
294
294
290
292
242
242
240
242
242
244
236
224
234
240
240
240
244
246
240
242
248
250
248
248
246
248
250
250
242
240
242
246
246
244
248
250
250
254
254
250
254
256
256
254
254
254
248
244
242
250
248
248
246
242
246
246
250
258
264
250
220
210
222
242
242
226
210
194
188
184
180
176
174
186
210
194
222
224
206
212
248
270
262
268
278
276
304
294
316
312
320
326
344
348
348
348
320
334
322
314
286
248
206
182
160
152
152
172
190
190
188
178
172
170
180
172
170
190
206
214
230
246
254
260
268
274
272
270
268
270
274
276
282
282
284
288
290
296
296
294
298
296
296
296
292
294
296
298
298
292
292
298
296
292
292
290
288
290
294
294
292
292
292
292
292
238
238
240
238
242
238
234
228
238
238
234
238
242
246
240
238
246
248
242
244
242
246
248
248
244
244
246
252
250
246
248
250
254
256
254
254
254
254
256
258
258
256
250
248
246
248
250
250
248
244
248
250
250
250
254
258
256
224
222
238
232
226
212
204
208
190
194
214
232
218
194
150
144
146
150
156
154
166
186
224
274
284
282
286
314
322
316
294
284
272
260
240
230
214
206
190
164
168
184
192
208
216
220
218
226
236
236
240
250
262
254
250
264
278
278
276
272
270
274
268
268
268
270
272
272
274
276
278
284
286
288
290
294
296
298
292
294
298
300
294
296
296
298
298
298
300
300
298
296
296
294
292
294
292
290
294
294
294
294
290
286
234
236
238
236
238
236
234
232
238
232
234
236
236
238
236
236
238
244
240
244
244
248
248
246
246
248
246
248
252
250
248
252
254
256
262
258
256
254
256
258
258
256
254
252
256
254
248
252
256
248
250
252
250
252
250
256
260
244
228
248
242
244
262
240
252
216
216
216
196
194
206
238
252
246
252
260
250
232
210
190
182
180
182
184
188
188
182
180
178
178
184
188
196
202
210
234
250
260
276
270
282
292
282
278
282
284
278
274
276
274
270
278
278
278
274
272
270
270
268
270
272
272
274
276
280
278
280
284
286
288
290
288
294
294
298
298
298
296
294
298
296
296
294
294
296
300
304
296
296
294
290
288
292
290
288
292
292
290
290
292
284
236
236
238
242
234
234
232
230
230
228
230
230
230
234
238
238
240
246
244
248
244
244
242
246
246
246
246
252
252
252
252
252
252
252
262
262
258
262
260
256
258
262
266
258
262
260
258
258
260
256
252
256
252
256
256
254
262
236
214
224
222
220
216
206
198
204
214
236
266
282
282
280
268
256
256
258
262
268
264
270
258
252
252
248
242
242
250
258
262
266
268
274
272
272
270
272
268
266
266
276
280
288
278
276
278
276
274
270
268
272
274
270
274
276
276
274
278
272
274
274
272
276
276
282
284
282
286
286
290
290
296
294
298
296
296
296
298
296
292
294
294
294
294
296
292
296
294
292
290
292
290
288
290
290
292
290
286
284
286
286
284
234
238
236
238
236
234
230
222
220
224
228
228
228
228
230
238
244
246
244
242
246
244
242
244
242
242
250
256
256
254
256
254
252
256
258
258
258
264
266
258
260
266
266
266
266
264
264
262
266
264
258
260
264
258
256
260
262
232
212
218
222
236
244
248
256
272
282
282
280
270
270
266
262
264
264
262
260
262
260
258
262
266
264
268
272
272
272
270
268
270
270
268
266
266
264
264
268
262
272
272
266
266
268
266
266
268
276
272
270
272
272
272
274
280
280
278
284
286
280
274
284
282
284
284
288
288
288
288
292
292
296
298
298
296
296
298
300
298
292
292
298
294
294
292
292
294
296
288
292
292
286
286
290
288
288
286
288
290
284
284
286
