304
304
308
306
308
306
314
310
312
312
312
314
312
310
308
308
316
308
316
318
324
322
320
322
318
322
330
334
332
330
330
328
328
328
326
328
330
322
320
326
334
336
340
336
334
334
340
340
338
338
336
342
340
334
330
336
340
340
342
340
340
344
330
330
334
334
330
332
338
340
346
346
342
346
348
350
348
346
344
342
342
342
342
340
338
340
344
344
340
338
340
340
336
334
332
338
342
336
336
336
334
336
340
338
338
338
340
332
334
336
332
334
334
332
340
338
342
332
334
336
338
334
318
308
312
326
330
334
330
326
330
330
330
326
328
332
332
330
328
324
328
330
326
324
326
318
322
322
324
326
320
316
318
322
326
322
314
314
312
310
312
306
300
304
302
304
310
312
312
312
314
314
314
314
312
312
310
316
316
318
318
318
322
324
320
322
324
324
330
328
330
330
330
330
330
328
326
330
328
320
320
338
338
338
334
330
330
338
338
342
338
338
340
338
336
338
340
338
338
340
342
342
332
332
334
330
330
328
332
332
306
260
254
258
262
270
284
302
324
338
352
350
352
352
344
336
344
342
340
340
334
334
334
338
332
336
338
338
338
334
336
336
338
336
334
334
340
340
332
334
338
336
332
330
332
338
344
340
336
336
336
332
330
322
318
330
326
332
338
326
326
328
330
332
328
328
326
330
330
328
324
324
326
320
322
320
316
322
322
326
324
324
318
318
318
318
318
314
314
314
314
312
306
300
298
300
304
308
312
308
306
310
316
318
316
314
314
318
318
320
318
318
322
322
324
324
324
324
320
320
324
324
324
328
330
330
326
326
332
332
328
328
336
336
334
336
334
334
332
334
342
340
336
338
340
338
338
338
338
344
334
332
336
334
338
340
334
338
324
268
236
244
226
196
180
178
196
208
212
222
236
236
216
260
302
332
352
356
342
334
338
336
330
332
334
334
336
334
334
332
338
336
338
336
334
336
336
334
336
334
332
342
338
332
330
336
332
334
334
332
338
336
334
328
322
328
330
326
332
336
330
328
330
332
328
326
326
326
322
326
326
324
324
324
320
322
322
324
320
324
324
320
322
318
318
320
318
318
316
314
312
310
314
304
302
302
304
306
306
312
308
308
314
314
314
318
320
318
322
324
320
324
322
322
324
320
322
324
322
320
316
322
324
324
326
328
326
322
318
322
328
332
332
336
334
336
334
332
334
330
334
336
336
338
338
336
336
342
336
334
338
330
332
336
336
336
336
334
336
332
306
262
230
228
230
220
198
190
192
192
200
196
180
168
166
154
164
212
274
328
348
344
340
334
328
330
332
330
330
332
332
340
334
334
334
334
336
332
334
336
334
338
338
338
334
332
334
338
338
334
330
330
332
336
332
324
326
330
328
332
338
330
326
330
330
320
322
324
324
324
324
324
328
322
318
320
320
326
326
324
320
320
320
322
316
318
318
318
320
318
318
314
310
312
308
306
306
306
308
312
310
308
306
312
314
318
316
314
320
322
316
318
322
324
320
322
324
326
322
320
322
318
322
324
324
328
328
328
324
320
316
328
330
332
334
336
336
336
332
332
334
336
334
338
342
332
334
332
330
330
332
330
326
328
334
336
336
332
330
330
330
338
336
300
252
212
210
218
204
182
162
154
154
156
170
190
188
174
150
138
170
230
292
334
342
336
334
332
330
328
330
330
328
324
326
328
332
332
334
330
336
334
332
334
334
328
328
336
338
338
338
336
330
328
336
336
330
330
330
330
334
336
328
328
328
324
322
322
322
326
322
322
324
330
322
320
320
322
324
326
322
318
316
320
320
316
316
318
320
320
320
314
314
312
312
310
306
306
306
310
316
314
310
306
312
312
318
312
312
320
318
322
320
316
316
316
320
322
326
324
320
320
322
322
318
322
326
326
326
324
322
322
328
330
332
334
336
336
332
334
336
336
334
334
336
336
336
336
334
328
332
332
330
328
326
326
326
328
320
324
324
324
326
326
338
330
292
236
196
196
188
170
154
134
134
138
140
144
154
164
152
142
134
146
194
216
260
292
328
342
344
344
344
342
340
340
338
340
342
340
338
340
340
336
336
336
334
336
332
334
330
338
336
328
328
332
334
334
328
330
334
334
332
332
330
326
322
322
322
320
320
322
322
326
324
322
322
318
324
320
318
318
316
320
320
320
314
318
320
318
320
320
312
312
314
312
300
300
306
312
308
310
314
310
310
318
318
318
320
318
320
320
324
322
318
322
318
320
320
320
320
320
316
326
320
316
322
324
328
330
324
326
326
322
328
326
326
334
330
332
334
336
336
334
334
332
332
334
338
334
334
334
336
334
340
342
334
336
332
332
324
316
316
320
318
320
324
338
328
286
234
214
200
178
142
128
124
122
122
126
128
128
118
116
116
96
102
126
140
134
168
208
236
252
268
272
280
278
280
288
288
284
288
290
288
294
304
312
318
320
328
332
338
340
338
338
338
336
334
330
332
332
330
332
330
334
334
322
322
322
324
324
322
324
326
322
326
322
322
318
320
316
314
314
320
318
314
318
320
322
318
314
316
314
314
314
312
294
304
306
310
316
318
316
318
318
318
320
316
320
322
318
320
322
314
314
322
316
318
320
322
320
320
322
324
324
324
324
322
330
330
326
326
328
328
334
324
322
324
332
332
332
332
334
330
330
332
330
330
332
338
332
330
334
334
334
336
336
340
342
342
338
320
310
314
314
314
320
320
324
326
318
270
236
208
180
148
126
118
110
106
108
98
78
66
88
138
130
150
218
154
120
118
114
122
128
122
116
116
112
116
124
116
108
132
146
150
156
156
180
180
184
190
200
214
228
250
276
300
308
326
334
342
340
336
332
336
330
324
322
326
326
324
322
324
324
324
324
320
322
320
320
316
316
314
320
318
318
316
320
318
316
316
314
314
314
312
314
302
310
316
300
290
290
300
314
324
326
324
316
312
316
316
314
316
316
316
316
316
314
316
318
318
324
328
326
316
322
322
322
324
322
320
324
326
324
326
326
322
318
330
336
326
326
328
330
330
334
334
332
332
332
334
332
334
332
336
338
336
340
342
336
340
330
314
314
312
312
314
314
314
310
308
284
234
214
184
150
118
98
78
68
60
58
72
88
180
222
214
244
250
202
220
226
222
224
226
218
224
238
252
150
124
126
102
156
276
298
268
202
226
294
254
242
256
252
254
222
184
182
176
180
198
228
266
298
324
340
340
332
328
324
324
322
324
324
322
322
320
318
320
322
320
322
318
316
316
314
320
314
320
316
312
318
312
314
314
310
314
306
318
256
120
88
110
128
156
196
248
292
322
330
322
314
316
318
320
316
314
314
318
314
318
316
320
320
322
322
318
322
322
320
324
320
322
326
324
322
328
326
318
328
328
326
328
330
328
330
330
330
332
332
330
336
332
336
332
340
342
338
342
340
332
342
342
322
312
320
320
316
320
322
316
300
290
188
130
96
60
46
50
62
76
96
102
144
172
232
248
234
218
222
268
266
294
290
322
366
334
284
324
286
192
204
200
218
306
314
356
354
346
354
392
388
378
376
408
410
402
384
396
366
316
274
220
194
190
216
222
238
280
306
326
326
330
326
324
320
320
318
320
318
316
312
322
316
314
312
320
316
316
318
314
312
316
312
314
316
312
312
306
306
294
214
168
142
110
98
108
110
128
176
242
298
322
326
324
320
316
314
320
316
314
314
318
322
316
318
324
322
322
322
318
320
326
324
324
322
326
328
326
326
328
324
322
324
330
326
330
328
328
332
336
336
336
334
328
334
336
340
340
344
342
346
354
350
336
336
328
314
290
266
240
204
180
148
72
58
70
80
80
96
108
146
158
186
196
250
290
322
286
322
328
378
364
324
300
394
400
364
320
330
318
152
144
208
324
318
348
346
362
380
366
386
384
370
368
374
386
392
384
414
406
426
442
452
410
386
354
332
256
258
238
248
290
302
320
328
320
318
318
314
316
316
308
314
316
314
314
316
316
318
318
314
312
314
316
316
312
314
308
306
308
316
278
214
180
154
140
136
134
124
106
106
138
198
272
314
326
322
316
320
318
316
318
320
316
314
316
322
322
324
324
320
314
324
322
322
324
320
324
326
318
322
326
320
326
328
326
328
326
326
330
336
334
336
332
334
336
342
350
354
356
348
342
316
264
226
190
158
120
100
84
78
78
82
82
104
118
180
220
244
258
306
334
338
346
348
386
390
404
380
384
434
380
414
394
378
466
444
440
360
358
330
262
156
156
160
270
342
310
324
338
316
356
348
376
374
338
348
388
366
388
384
386
396
410
412
422
416
400
356
382
390
362
340
326
272
262
314
320
310
308
314
312
306
306
310
308
308
310
318
312
314
312
312
314
312
314
310
310
308
308
306
314
304
252
162
134
148
134
140
144
144
132
112
100
112
168
232
290
324
332
322
316
318
320
316
314
316
314
320
318
318
314
316
320
320
320
320
322
320
322
318
322
326
318
328
326
328
330
332
334
336
334
336
340
346
352
340
324
294
252
212
172
134
100
76
62
62
70
66
88
118
130
134
134
176
198
218
346
396
400
382
412
430
436
406
422
450
464
454
458
436
470
380
370
458
442
452
458
462
440
380
366
352
264
148
188
336
328
314
328
320
288
290
292
338
348
304
318
330
330
362
386
374
352
360
388
414
422
392
390
368
382
416
426
424
390
272
214
284
318
312
306
306
300
300
302
302
300
302
312
314
314
318
314
316
314
310
310
310
310
308
304
310
308
302
226
108
116
132
126
136
156
154
136
118
102
96
100
138
194
246
304
330
324
318
318
318
312
312
316
312
312
312
318
322
318
322
316
318
320
320
316
322
324
322
324
324
326
334
338
350
352
340
316
290
250
196
150
114
74
50
44
54
64
70
84
112
130
128
118
120
172
202
214
206
264
314
328
386
420
404
440
456
462
480
434
470
470
486
496
486
480
476
470
450
476
496
492
482
432
488
470
452
394
318
258
272
310
322
450
360
312
310
318
310
408
368
328
338
336
336
358
318
318
320
350
346
386
404
370
360
356
362
366
376
354
372
352
194
106
190
250
282
302
312
314
310
308
310
314
318
322
326
326
330
334
314
314
310
308
308
304
296
300
304
312
320
230
100
110
132
136
154
156
150
138
120
100
88
84
88
100
144
220
292
322
326
324
316
318
314
314
318
316
316
316
318
322
318
316
318
314
314
324
330
334
340
342
330
304
268
228
184
140
98
72
52
54
56
62
60
60
86
128
102
104
128
164
192
208
208
226
250
276
332
342
350
368
398
432
452
430
476
498
486
488
492
496
494
476
494
504
496
490
500
508
500
476
496
486
458
474
480
466
500
422
368
342
350
364
432
398
382
378
380
384
436
402
396
410
402
386
384
358
334
338
384
344
252
370
350
354
334
326
346
376
302
254
182
78
62
86
130
212
176
174
214
234
244
246
254
272
258
210
202
208
256
324
330
318
314
310
296
300
304
300
306
306
314
242
128
104
122
130
142
158
152
126
114
100
78
72
90
102
110
134
180
264
304
330
332
328
322
322
324
324
324
322
328
326
328
334
332
330
318
298
266
220
174
124
86
62
50
48
48
54
68
86
88
130
140
92
94
122
164
156
166
186
170
226
254
262
268
246
282
346
390
388
422
470
490
488
478
482
484
498
504
498
504
506
496
502
504
508
506
436
424
372
372
494
494
500
498
482
492
496
460
380
364
420
420
402
410
416
396
410
402
406
426
408
426
398
382
392
408
370
370
408
348
338
382
366
390
360
340
370
264
156
166
88
116
174
188
238
162
92
94
90
86
118
132
90
80
76
58
44
40
78
172
218
282
316
310
284
300
302
304
310
300
300
312
290
182
92
118
146
152
166
158
138
116
100
82
70
74
96
110
112
130
150
168
200
236
266
272
278
274
272
282
296
278
260
230
192
152
114
82
58
44
36
40
58
68
76
86
84
100
116
128
124
160
144
134
146
176
198
198
198
234
282
290
316
342
354
346
406
418
438
466
484
496
500
504
508
506
508
506
508
508
508
510
508
492
504
508
506
422
390
356
424
508
484
480
488
480
446
478
404
332
360
440
414
378
424
402
372
396
410
404
398
398
394
396
398
424
390
382
388
404
392
412
328
354
366
336
328
274
160
152
166
180
294
270
306
344
150
110
100
108
126
182
168
94
62
82
118
154
120
104
76
76
138
300
314
292
298
298
294
302
304
306
306
316
320
230
134
130
150
150
172
162
128
106
98
84
84
78
88
100
104
96
54
56
50
50
54
60
66
70
78
84
72
54
44
34
40
44
54
64
70
74
88
98
102
114
122
116
138
148
164
178
182
194
220
284
304
318
320
380
442
480
484
478
486
470
488
508
508
508
508
508
508
508
506
508
508
508
508
504
500
498
502
508
412
476
490
450
374
372
354
460
504
444
452
472
458
380
384
368
340
336
378
402
374
382
362
372
382
348
334
342
348
340
416
414
398
332
344
422
416
418
398
334
374
332
310
388
280
310
232
224
166
314
360
336
334
222
120
82
206
220
190
250
192
106
234
266
300
252
188
118
116
114
276
316
286
294
298
296
298
302
308
308
312
312
326
284
156
110
138
138
154
158
126
106
92
92
84
80
84
76
80
64
50
48
42
40
52
56
52
52
54
56
58
60
70
74
70
80
92
98
110
140
132
126
144
190
200
222
238
276
312
372
398
422
476
478
486
482
458
492
496
502
504
506
506
500
494
470
488
492
488
492
486
484
478
500
502
492
484
476
484
462
458
448
486
442
428
362
342
346
402
414
376
386
360
366
354
352
324
348
308
382
462
316
316
314
330
342
284
300
314
310
292
326
406
364
296
332
434
414
402
368
378
362
310
274
290
226
230
214
220
96
300
444
356
366
310
172
296
286
42
36
182
326
180
264
280
284
302
218
154
168
160
296
314
278
300
304
302
304
304
306
308
314
310
310
326
310
156
84
106
146
180
150
114
104
102
88
80
82
78
82
84
76
70
76
78
76
74
78
74
76
78
84
78
92
102
98
106
118
134
128
170
260
318
302
400
452
446
430
428
452
426
438
458
478
482
496
506
492
496
496
474
486
470
466
482
490
486
490
490
460
444
418
410
416
400
428
414
414
414
422
390
402
422
474
398
324
338
346
346
348
352
332
338
284
238
314
390
326
304
302
328
354
260
266
258
274
284
268
284
268
244
276
272
278
238
240
308
346
318
336
356
364
322
278
278
246
256
236
184
162
144
318
338
362
388
366
188
410
328
18
18
76
346
212
238
318
324
334
206
174
176
214
312
312
294
306
310
304
306
308
306
306
310
312
318
312
320
316
212
102
74
122
148
136
116
102
84
70
84
90
94
104
102
104
112
104
114
108
104
106
118
112
128
156
156
162
174
212
246
268
280
332
378
428
438
448
480
492
496
492
498
482
426
378
392
400
428
422
440
438
436
460
466
472
442
412
386
408
414
412
404
386
384
346
362
344
362
350
346
358
376
402
342
292
314
304
300
320
278
262
262
254
252
280
302
238
228
304
304
284
284
216
264
246
236
222
238
244
236
248
240
236
246
256
218
216
230
214
222
206
272
346
346
330
258
276
222
366
410
254
188
148
420
382
358
404
412
228
346
404
92
0
172
348
208
330
364
378
352
220
188
182
268
312
308
300
304
308
304
308
310
306
306
310
314
316
312
312
318
336
292
116
54
126
160
158
118
94
70
90
88
100
114
104
114
120
140
152
146
138
156
188
182
196
244
248
280
310
348
404
432
436
422
418
380
354
330
326
380
360
362
354
332
326
306
300
316
326
310
278
256
244
256
282
304
302
312
328
300
294
266
272
242
252
242
244
250
238
252
240
246
336
398
316
244
244
236
254
310
246
208
212
212
208
202
268
310
222
242
282
284
270
194
206
208
214
210
218
242
240
240
256
240
230
230
246
212
220
242
242
234
274
336
328
358
302
204
208
336
322
224
172
220
488
488
410
376
410
330
208
348
278
152
308
296
230
310
370
386
286
212
190
224
300
312
308
298
302
306
302
306
308
306
310
312
310
316
308
310
310
316
328
286
106
64
134
180
154
104
78
86
88
100
100
104
120
126
122
134
146
142
160
196
206
228
198
178
224
250
236
268
320
320
282
294
290
256
256
254
250
238
220
214
180
194
192
194
210
226
224
228
230
234
226
232
222
230
240
250
244
272
262
244
250
246
260
260
238
236
244
236
230
252
296
274
232
226
214
192
246
310
222
188
174
184
178
224
268
272
238
252
242
228
196
212
214
234
230
230
254
218
226
240
260
236
230
232
236
232
268
290
300
300
312
332
372
316
152
316
382
290
250
226
208
472
418
392
376
392
372
232
284
346
320
304
200
312
330
360
334
236
208
214
266
310
306
308
292
292
300
300
306
310
308
304
310
314
314
314
312
306
312
312
334
212
52
108
176
164
112
80
84
102
100
94
118
124
134
114
126
140
148
156
196
226
180
174
178
166
170
168
172
174
178
180
184
194
194
202
214
208
216
222
222
234
222
230
230
218
228
232
236
240
258
254
240
244
280
266
272
316
328
302
256
280
270
272
264
230
220
212
206
214
210
184
186
186
200
200
190
216
296
230
172
184
176
192
206
220
230
216
208
224
256
218
210
214
206
218
224
222
250
242
238
246
236
262
278
292
288
320
354
370
350
316
318
282
242
198
472
504
410
356
292
224
324
312
328
382
394
398
282
212
262
208
168
286
434
384
350
298
222
220
248
300
310
304
306
294
286
300
304
302
306
306
308
308
308
310
312
310
308
310
310
322
250
74
110
152
148
110
88
82
100
94
82
108
110
124
132
138
158
174
164
160
204
196
184
188
188
184
186
200
196
194
186
188
192
182
190
198
182
182
192
196
220
204
218
222
222
224
240
244
250
236
252
266
258
268
248
252
310
308
318
300
274
328
316
290
258
252
244
228
228
216
230
200
192
204
204
198
208
240
202
176
184
196
192
214
202
212
220
216
234
248
216
230
224
204
236
234
224
246
232
238
284
302
318
300
348
350
356
384
384
378
350
296
284
224
346
492
450
412
386
324
342
306
290
318
338
374
382
358
338
308
280
334
414
386
382
352
264
212
236
292
314
308
306
306
306
302
306
306
308
308
306
306
304
310
310
312
310
310
310
308
326
224
46
114
166
144
112
90
90
96
88
84
94
102
136
164
166
172
192
230
172
176
180
174
188
196
200
204
208
214
214
204
226
246
228
206
222
222
202
212
232
220
188
208
214
210
192
198
210
208
208
202
222
232
212
230
230
252
242
274
268
266
316
296
294
312
304
296
246
330
270
286
232
206
198
208
210
210
236
252
258
248
308
282
336
252
250
300
250
232
214
190
202
210
234
248
248
250
282
290
324
350
338
300
324
342
356
388
352
340
322
286
298
334
274
370
414
338
312
306
332
360
338
284
306
296
318
372
394
386
376
384
372
348
360
368
336
248
216
276
314
308
310
304
308
304
306
308
306
306
312
310
304
296
306
308
308
302
308
310
324
288
124
72
156
172
126
104
82
100
116
98
100
102
114
134
146
158
194
166
214
180
172
180
168
174
186
182
190
202
188
192
192
204
218
210
202
198
228
220
216
234
250
252
250
250
264
256
280
272
232
256
274
246
246
258
238
248
214
230
258
302
316
324
338
310
350
346
304
278
308
286
268
320
246
230
256
250
324
338
396
376
406
378
378
424
338
306
346
326
306
300
338
338
322
380
378
360
380
382
328
298
280
312
382
360
320
284
306
308
322
316
338
310
292
266
314
340
298
240
252
268
302
352
286
254
288
286
376
392
378
360
350
350
352
344
334
324
248
258
312
310
306
304
306
304
304
310
308
304
306
302
304
304
298
302
306
302
300
314
330
278
112
60
138
162
128
110
94
80
94
118
134
138
114
118
122
130
146
218
186
166
170
164
192
192
176
190
190
178
188
186
166
160
174
192
178
180
178
174
176
178
186
186
188
190
206
228
256
262
300
302
282
306
290
298
312
316
316
298
332
326
334
324
316
332
286
302
286
280
270
274
290
254
274
306
260
310
312
380
398
412
408
428
422
432
406
392
376
320
344
376
384
350
324
292
300
292
296
312
290
296
312
388
406
420
294
322
308
316
348
342
428
408
292
268
234
308
344
312
238
214
234
268
326
322
260
282
358
396
358
350
354
344
338
328
322
316
268
242
300
312
308
308
304
304
302
308
304
306
304
304
306
306
304
304
304
304
302
320
310
214
88
72
126
144
120
98
84
80
80
94
122
150
136
112
122
128
134
138
156
216
204
206
198
192
200
194
206
218
216
208
202
192
180
196
200
194
192
186
182
184
176
184
180
168
170
182
182
184
190
204
218
194
206
216
224
260
264
278
304
336
330
312
320
354
322
294
258
244
278
310
308
286
326
356
370
404
398
396
422
434
398
404
400
354
380
340
372
384
322
320
384
356
372
338
362
416
370
344
382
370
418
440
386
316
292
318
380
394
432
410
382
416
348
328
334
280
302
386
378
352
284
266
290
316
326
290
280
358
384
360
350
340
324
306
274
246
210
220
286
310
306
310
306
304
306
304
304
304
298
302
298
300
304
304
304
310
310
320
278
136
52
72
138
142
108
94
88
82
74
78
98
108
118
122
110
112
122
148
174
164
176
194
188
180
176
168
160
176
194
192
188
194
208
204
206
198
186
186
194
196
208
192
194
208
186
192
188
190
190
186
204
200
206
198
200
194
200
196
200
202
234
244
222
258
274
280
298
294
288
286
304
300
330
318
346
390
402
422
448
426
426
412
334
378
408
372
342
446
442
390
372
390
430
446
420
460
402
348
402
380
380
366
380
312
282
328
394
412
376
340
334
362
376
384
400
296
314
314
338
350
384
364
308
302
316
294
300
292
246
278
294
290
286
270
236
200
198
208
268
308
306
308
306
306
304
308
304
300
300
302
302
302
298
302
302
302
316
316
228
98
62
84
116
122
98
78
72
74
76
74
78
88
94
102
114
110
118
148
186
190
182
184
200
210
210
214
210
212
198
182
174
170
178
204
224
226
232
212
178
156
160
158
160
166
184
178
182
176
194
190
192
200
202
212
210
206
202
206
194
196
196
206
248
224
234
254
236
252
268
290
298
334
304
330
320
322
386
352
382
402
414
386
424
314
332
444
388
328
404
418
374
362
372
422
390
354
352
340
312
352
350
342
294
310
336
384
368
362
378
378
304
314
368
364
384
344
296
330
370
352
348
354
354
348
322
328
316
304
296
262
252
254
248
236
212
198
222
268
286
302
302
302
304
308
306
306
304
306
296
298
300
300
306
304
304
304
320
276
140
58
74
116
124
108
82
72
68
74
70
68
70
92
120
132
136
122
114
148
196
222
236
250
264
272
274
276
274
272
274
264
246
218
198
186
182
194
218
240
252
252
200
182
190
174
186
182
166
160
152
150
174
178
174
174
184
192
196
198
212
200
196
196
202
220
222
230
216
226
244
260
278
324
322
320
292
322
310
298
292
286
282
290
306
360
338
338
354
392
418
394
396
398
368
310
414
420
374
398
380
314
414
372
306
342
320
392
358
336
308
326
316
292
328
338
314
270
256
284
224
200
306
382
398
386
388
368
352
338
294
268
274
258
234
200
184
204
252
294
308
304
306
300
302
302
306
306
304
296
302
296
302
302
300
304
302
306
312
228
80
32
70
112
132
118
82
64
62
62
64
62
66
98
132
156
154
150
162
220
254
274
280
280
276
272
270
272
274
268
270
274
276
276
278
256
226
208
198
202
204
208
218
220
216
228
214
232
226
194
172
170
158
168
178
170
176
182
190
186
178
184
196
194
192
196
194
232
232
210
220
226
228
232
258
290
264
242
250
244
204
216
222
216
218
250
246
244
256
284
276
316
322
322
336
314
300
396
376
318
298
320
298
316
304
294
300
298
300
310
274
302
310
318
326
294
276
242
240
226
186
182
174
230
320
350
356
350
332
324
306
284
276
220
174
172
200
244
286
300
298
302
300
300
300
304
304
302
304
302
304
302
296
296
302
300
302
306
274
174
52
34
64
104
124
106
80
72
68
64
64
64
80
114
138
142
170
210
254
284
296
290
286
284
286
280
286
280
278
282
280
276
278
278
274
276
282
282
258
226
226
216
214
212
206
204
208
222
236
238
242
236
216
188
180
184
182
180
182
194
198
192
202
200
210
194
186
192
208
206
226
194
204
196
206
276
274
208
212
208
204
208
202
198
200
194
214
214
214
226
220
234
244
250
276
284
272
286
310
402
408
382
406
378
390
348
338
352
296
300
308
312
314
294
310
306
302
286
254
224
206
198
206
218
268
322
340
364
356
330
300
290
252
192
168
204
252
284
294
296
298
296
300
302
300
300
306
298
302
304
300
302
302
296
298
296
300
292
216
82
52
70
86
110
124
106
84
82
82
72
72
80
108
134
138
154
214
272
296
298
300
298
300
292
292
294
288
286
286
288
294
290
290
286
284
286
286
278
274
280
276
270
248
222
216
216
208
202
194
196
204
220
250
258
230
216
196
190
182
186
182
186
188
196
198
204
214
216
228
192
190
204
226
226
194
204
234
252
204
208
200
206
214
196
194
198
198
198
190
196
202
200
196
210
204
208
218
216
220
260
332
322
292
300
314
328
322
314
344
330
328
322
322
304
296
280
260
254
240
230
192
178
202
238
274
340
338
334
342
338
316
260
198
168
208
264
288
290
288
290
298
304
302
302
306
300
298
304
302
302
304
302
306
300
288
296
300
308
190
76
52
70
90
110
122
112
90
82
86
82
74
86
102
134
172
226
282
306
306
304
300
306
306
302
304
300
300
296
294
290
292
296
294
292
290
288
294
298
288
282
282
278
284
288
278
256
228
216
210
202
196
194
200
208
210
208
208
216
214
194
194
186
184
192
188
196
208
220
246
230
228
214
194
226
220
214
188
212
204
192
200
200
208
208
208
202
206
204
196
194
196
196
190
190
196
194
200
206
204
200
220
292
284
280
264
284
280
292
302
304
302
322
322
306
276
260
248
236
246
260
252
230
262
296
290
340
362
344
334
288
256
212
172
194
252
286
292
292
294
294
292
296
302
304
302
300
302
300
304
308
304
306
302
302
302
296
304
298
168
66
64
70
102
124
120
100
82
78
84
82
82
90
116
156
226
290
312
310
306
306
306
308
308
304
300
302
306
304
302
302
300
304
302
304
300
296
294
296
306
302
292
286
280
278
282
286
290
272
244
220
214
210
208
206
206
208
204
200
200
196
190
200
202
202
206
194
196
188
222
236
210
222
212
210
216
208
210
208
200
190
196
192
224
234
230
230
228
228
224
214
212
218
216
210
212
208
202
194
194
198
194
232
260
244
248
250
246
242
244
282
308
290
268
246
210
214
212
216
266
292
340
328
266
278
290
274
332
306
272
238
188
170
186
242
286
300
292
292
290
292
296
302
300
302
306
310
302
298
302
302
298
300
306
298
296
302
306
300
152
38
48
62
94
116
114
110
88
78
82
84
90
116
180
252
304
318
314
308
316
308
302
310
308
306
304
302
304
308
306
304
302
302
306
306
306
300
304
310
306
310
308
300
300
290
286
290
284
284
286
286
272
240
216
216
220
230
230
222
212
206
194
190
186
182
192
190
194
202
230
260
258
252
240
228
210
206
196
236
288
230
244
236
244
282
286
306
318
306
278
266
244
212
212
200
196
206
194
170
168
182
198
226
262
254
232
250
264
276
300
324
298
234
206
200
216
204
250
274
304
288
260
254
260
228
234
264
262
212
188
168
174
204
252
278
292
294
296
296
294
292
296
298
302
302
302
300
310
302
300
300
302
302
304
304
302
302
300
298
154
38
34
60
94
112
102
86
92
90
80
82
120
184
262
312
318
314
310
308
306
312
306
306
308
310
312
306
306
304
308
306
306
306
300
308
306
306
302
302
308
304
312
314
310
310
304
300
306
294
288
284
288
294
288
260
240
240
246
252
242
230
220
216
210
202
198
188
182
176
190
220
278
270
270
282
262
246
240
232
262
252
240
238
232
234
252
296
306
308
308
292
272
252
234
224
222
220
220
210
200
198
200
222
306
360
278
238
280
274
306
320
234
206
212
256
286
276
252
278
316
298
296
274
226
194
202
186
164
164
176
204
238
270
288
296
294
296
296
296
296
294
298
302
304
298
302
300
296
302
302
298
298
302
306
304
304
304
300
296
224
62
58
68
82
118
112
80
72
88
104
126
182
262
310
320
314
308
306
308
306
304
308
308
306
310
310
312
308
310
312
308
308
304
306
304
304
306
306
306
310
304
306
312
314
310
310
314
312
310
308
300
298
290
284
286
290
262
238
248
256
256
242
228
220
212
202
200
196
198
204
186
170
180
180
172
182
200
224
248
268
288
282
304
294
298
310
302
308
302
274
274
260
266
274
252
256
254
236
226
206
190
186
194
204
238
262
224
224
232
238
244
224
196
228
230
244
220
212
180
172
176
162
164
156
158
162
176
196
224
254
272
288
294
296
296
296
298
298
298
298
300
300
296
302
300
300
302
302
300
304
300
296
294
302
300
302
302
302
300
296
196
72
86
110
110
110
96
84
114
158
214
264
308
312
306
310
308
312
308
306
304
306
308
310
310
310
314
312
310
312
314
312
310
306
306
308
306
306
306
308
314
312
308
312
318
314
312
312
312
310
314
312
310
300
294
284
294
292
256
258
262
254
244
224
214
210
202
206
210
202
196
206
230
254
268
278
270
242
210
190
202
226
248
246
258
322
322
314
306
324
288
280
268
264
260
232
214
196
176
166
164
168
168
162
156
162
160
164
166
164
168
162
154
152
150
150
152
156
158
168
178
192
204
206
226
244
260
274
282
288
286
288
292
294
294
296
296
298
300
298
302
304
300
302
302
300
304
302
300
302
302
302
296
298
304
304
304
300
302
302
300
226
116
98
90
98
114
162
208
250
286
302
308
308
304
308
312
310
310
312
310
310
310
314
312
308
314
316
316
314
310
314
316
314
308
310
308
308
310
306
310
314
316
308
310
320
316
316
308
312
314
314
316
312
308
302
294
294
306
274
248
252
252
244
228
224
220
214
210
218
242
278
306
316
314
306
304
304
300
294
282
256
228
210
202
192
204
206
188
192
196
190
186
190
190
190
196
212
228
240
254
266
272
272
254
244
234
232
228
222
226
228
240
244
242
256
262
264
264
266
270
272
274
274
276
280
278
276
280
280
282
288
292
292
294
294
296
300
300
304
300
302
304
298
300
302
302
304
298
304
300
300
300
300
302
304
304
304
306
302
300
300
292
266
238
220
232
260
292
306
306
300
300
306
306
310
308
310
308
308
310
310
314
310
312
314
310
310
314
316
316
312
314
314
314
310
308
316
314
312
314
316
314
308
308
314
320
324
314
312
316
312
316
312
306
310
310
304
290
290
256
246
254
248
236
228
224
228
248
272
300
316
318
312
308
302
300
296
294
294
288
286
292
288
282
280
270
258
256
258
262
274
272
280
278
280
280
278
286
292
282
278
284
284
272
270
274
274
278
278
276
280
280
278
274
276
274
274
272
272
276
274
274
274
272
276
278
276
280
284
290
288
290
296
294
296
296
296
300
300
298
304
306
302
300
300
298
300
306
298
298
298
300
298
304
298
302
304
300
298
296
300
298
292
298
300
306
308
302
298
300
298
302
298
302
302
302
310
306
308
312
310
308
308
308
312
310
312
310
314
314
314
312
312
314
316
314
312
312
316
314
314
314
312
306
312
316
322
318
318
316
314
312
312
310
308
308
312
304
288
280
256
256
262
260
260
270
290
310
312
320
314
304
312
314
314
310
306
304
302
290
284
280
282
282
278
278
280
278
282
282
288
290
284
284
284
280
282
282
282
288
278
276
282
284
274
274
272
274
274
274
274
276
278
274
276
276
274
276
274
276
278
280
278
276
278
282
286
286
290
286
292
294
292
296
296
296
298
300
302
302
300
302
300
300
302
298
296
298
304
300
300
302
298
302
304
304
302
298
302
298
300
300
298
294
296
294
294
300
300
294
298
294
302
302
302
302
304
304
308
308
312
314
310
308
310
310
310
312
310
310
314
314
314
312
316
312
310
312
310
316
316
312
314
314
308
310
314
316
318
318
314
314
316
314
310
310
316
304
302
294
290
298
304
312
314
310
312
318
310
308
316
306
310
316
314
312
318
310
304
298
292
288
284
282
288
280
282
280
276
278
282
284
290
288
286
286
284
288
290
286
284
282
280
284
284
278
278
278
276
280
276
280
278
278
278
280
278
280
288
286
284
282
286
286
286
288
288
290
290
288
294
296
298
296
298
298
298
296
298
300
298
302
306
300
300
300
298
300
300
300
300
302
300
300
304
302
300
300
298
298
300
300
298
300
290
296
298
298
298
294
294
294
288
300
302
306
308
304
304
308
306
310
308
308
306
308
310
310
308
312
310
310
308
316
316
316
312
312
316
312
316
314
318
316
318
318
312
312
314
316
316
316
314
312
306
318
318
316
312
306
304
298
298
300
304
306
308
310
312
308
320
308
316
318
318
314
310
314
310
308
304
304
300
294
292
292
288
284
288
284
286
292
294
296
296
292
290
294
292
292
294
294
290
286
286
284
282
282
282
282
284
284
282
280
286
284
286
288
288
286
292
292
288
292
292
290
294
294
298
292
294
298
298
296
300
300
300
302
300
300
304
304
302
302
298
300
302
302
300
300
298
298
300
298
302
300
300
302
302
300
298
302
302
296
298
