294
300
300
286
290
288
294
298
300
306
310
308
300
306
308
314
310
314
316
318
316
316
312
316
316
320
322
318
316
320
320
318
322
320
322
320
322
324
320
324
322
326
326
326
334
330
328
332
338
334
332
332
332
332
332
334
338
336
334
332
334
334
336
338
338
340
338
334
334
338
338
346
350
350
348
348
346
346
344
344
348
340
342
340
340
340
338
340
340
338
340
342
340
342
348
342
344
344
342
340
340
340
338
344
338
338
338
338
338
338
338
336
338
340
344
340
338
336
338
330
334
336
340
336
338
336
338
340
336
336
336
336
336
334
334
332
334
334
332
332
330
328
326
328
330
322
322
332
332
330
326
324
326
326
322
320
320
324
322
320
322
298
302
300
292
294
298
294
292
296
304
306
304
308
310
310
306
310
312
316
316
318
320
318
324
322
320
322
318
318
320
320
322
326
318
324
324
328
324
322
326
326
324
324
330
330
326
326
332
334
334
334
334
334
334
332
336
330
332
334
334
332
332
332
336
334
330
336
334
334
338
330
294
280
286
296
298
314
334
348
352
360
354
342
342
340
340
340
338
340
338
340
340
342
340
340
342
342
344
338
336
340
338
342
344
342
340
336
342
334
328
338
336
338
338
338
340
332
330
332
332
336
336
334
332
336
338
338
342
338
336
334
334
334
336
336
338
334
336
328
328
330
330
332
328
332
328
326
328
326
326
324
328
328
326
326
324
324
322
320
320
322
304
304
302
296
296
300
306
292
288
298
302
308
310
310
310
312
316
318
312
314
316
318
316
326
320
322
322
326
324
326
324
324
326
322
324
322
324
326
322
326
328
326
324
326
328
328
322
330
336
332
334
334
330
332
334
334
328
332
332
334
330
336
336
334
340
334
332
334
308
266
262
240
194
172
178
192
210
220
246
274
272
282
326
352
356
348
342
344
338
340
338
338
338
338
340
340
336
338
340
340
338
338
338
340
344
340
340
342
338
336
338
342
340
338
336
332
332
338
330
332
334
332
334
336
334
336
336
342
342
334
334
336
334
336
332
334
334
332
330
330
330
332
334
330
332
328
330
330
330
330
330
330
328
330
328
326
326
324
322
322
322
310
306
306
302
298
304
310
304
300
306
304
310
308
308
312
314
316
312
316
316
312
316
318
318
322
322
320
326
322
324
324
320
322
324
328
324
324
322
326
324
324
326
326
328
330
328
328
338
336
330
330
330
330
330
332
330
332
332
330
330
334
338
334
330
336
338
334
338
310
232
218
240
238
218
192
184
184
186
194
190
160
154
164
186
246
316
356
352
346
340
340
338
336
336
340
338
334
338
338
338
340
334
334
340
340
338
334
338
340
338
342
340
340
340
334
332
336
332
332
336
332
332
334
336
336
336
336
332
340
336
336
330
332
334
336
334
334
338
332
330
334
332
330
332
334
330
328
330
332
332
334
328
328
326
328
326
326
324
318
320
326
300
302
304
304
302
304
308
306
308
310
312
310
306
308
312
314
316
312
320
316
316
312
318
314
324
320
322
324
322
320
320
320
318
322
324
326
326
322
326
324
324
324
328
330
330
328
334
334
328
330
330
332
332
334
332
330
332
328
328
332
334
332
332
334
338
336
336
342
340
314
258
224
216
228
230
204
174
152
154
150
160
176
178
154
134
144
206
282
338
358
354
342
336
336
338
338
336
336
334
336
340
336
336
336
336
340
336
332
338
336
338
342
338
338
336
336
332
332
338
336
334
336
336
332
336
334
334
330
334
338
336
334
332
336
336
334
336
336
334
338
334
330
332
332
330
330
332
330
330
330
330
328
328
328
326
326
326
326
326
322
318
304
304
304
306
308
310
310
310
308
310
314
312
306
310
314
314
316
314
312
316
316
316
318
314
320
324
322
320
320
320
318
320
320
326
324
324
322
322
322
322
330
326
328
330
328
330
334
328
320
328
334
334
332
336
332
332
332
332
330
330
332
328
324
330
334
336
334
332
336
350
346
312
240
198
196
200
178
150
132
124
128
134
144
146
154
140
124
132
174
238
292
338
350
346
340
344
340
336
336
336
336
334
334
334
334
338
338
334
332
334
334
336
336
336
338
336
334
334
336
338
336
336
332
338
336
338
334
338
334
332
334
334
336
336
332
332
336
334
334
334
332
332
332
330
328
330
330
328
330
328
326
328
326
328
326
326
328
328
324
324
320
302
302
304
306
308
310
304
304
306
306
310
310
300
306
312
310
310
312
314
314
316
316
318
318
320
320
322
320
322
322
320
320
320
322
324
326
324
324
320
324
330
324
324
328
326
330
334
324
326
332
328
334
332
330
330
330
332
332
328
330
334
330
330
322
324
330
326
326
330
336
342
348
338
290
222
202
194
170
138
110
112
108
110
116
120
120
112
106
100
88
104
172
256
300
324
334
338
336
336
338
340
342
350
350
344
346
342
340
332
332
336
336
332
332
328
336
336
336
336
336
338
336
330
336
336
340
342
336
338
332
330
334
332
332
328
334
334
334
334
332
330
332
334
330
326
332
328
326
328
328
328
326
326
324
326
324
326
326
326
326
322
300
300
302
304
306
302
304
302
302
304
308
306
300
302
310
308
308
312
314
314
318
316
316
316
316
316
318
318
318
322
318
320
322
320
322
322
322
324
322
324
322
320
322
320
326
330
330
324
330
332
330
332
328
332
330
332
332
332
330
330
332
330
332
332
324
320
320
318
320
326
328
334
344
350
302
246
236
208
178
136
106
94
86
84
92
90
86
90
116
142
158
150
156
160
186
194
196
212
218
238
262
256
244
266
282
286
304
322
318
322
336
334
340
334
334
338
338
336
334
334
338
338
334
334
334
336
334
334
334
334
330
332
332
332
336
336
334
334
332
330
330
332
334
332
328
326
328
328
324
328
328
326
328
328
324
326
328
324
324
322
322
302
296
302
306
300
306
304
304
302
304
310
306
306
306
304
306
308
312
312
312
314
314
312
314
312
314
318
316
318
320
322
318
320
320
320
324
322
322
320
324
324
322
324
320
320
328
326
326
326
326
332
334
334
328
334
334
332
334
330
336
336
334
330
332
336
334
334
332
330
336
330
328
328
320
280
226
184
158
140
124
116
112
102
110
110
114
124
156
164
180
164
180
154
164
178
168
140
178
208
226
272
166
78
114
128
170
234
298
292
282
246
306
304
314
322
330
324
324
330
332
336
338
332
332
334
336
336
336
332
332
332
336
334
332
336
334
330
332
334
330
332
332
328
330
330
326
330
330
326
328
328
326
328
328
326
328
326
322
322
318
324
300
298
304
300
300
306
304
306
308
308
308
308
310
310
306
310
310
314
312
314
318
320
316
316
310
318
318
320
322
320
320
322
326
322
320
322
322
318
320
324
324
326
324
320
320
328
324
326
326
328
324
326
336
338
330
330
334
336
340
348
356
350
334
324
310
286
262
236
214
196
180
164
144
128
114
114
106
112
134
148
166
148
158
156
172
152
154
156
198
204
184
202
170
180
174
178
186
200
202
210
236
236
130
114
156
200
286
322
334
360
312
346
344
328
350
346
348
334
318
322
320
314
320
324
336
336
332
334
334
330
334
330
334
332
330
332
330
332
336
330
332
330
332
328
326
326
328
328
330
330
328
328
328
324
322
322
324
322
322
324
322
296
296
300
300
302
304
304
304
304
306
306
306
308
308
308
312
312
314
314
318
322
318
316
316
322
318
320
318
320
322
318
322
322
318
318
322
320
320
322
320
324
326
328
326
328
330
330
328
330
328
322
332
336
348
348
344
332
316
290
262
230
192
166
144
118
100
94
94
92
90
92
98
106
112
132
122
124
134
158
176
158
172
160
188
168
160
170
166
168
170
176
188
186
212
196
174
204
182
186
198
214
258
254
120
96
180
312
280
290
356
330
352
336
350
360
362
356
374
372
386
356
354
340
322
318
316
324
324
334
332
332
334
332
332
332
334
330
330
332
330
328
326
330
328
328
328
326
326
326
322
322
326
326
328
326
322
320
322
326
330
324
298
300
298
302
302
302
312
314
316
316
320
320
320
320
316
312
310
314
312
316
320
320
312
316
320
316
318
318
318
316
320
320
318
320
318
318
318
324
322
320
324
326
324
326
328
330
334
342
342
344
338
324
294
266
224
186
154
124
128
80
64
66
92
88
88
96
98
102
114
114
120
118
122
138
136
128
134
152
158
152
146
170
164
172
184
170
174
174
180
178
174
184
182
196
182
184
174
184
216
200
206
222
244
186
148
230
264
278
286
310
322
320
294
356
368
316
326
356
352
392
408
388
402
412
378
366
352
344
318
322
326
326
330
330
328
328
326
326
328
326
326
324
328
328
328
328
326
324
326
322
320
326
326
328
324
326
324
320
322
328
326
298
304
302
302
300
302
254
196
198
204
216
226
252
280
302
314
320
320
322
318
320
320
316
316
318
316
316
316
318
316
320
318
316
318
320
320
324
322
322
320
324
324
326
336
348
340
330
302
256
210
170
132
100
74
74
78
78
88
122
92
100
108
114
104
106
118
124
126
142
138
130
126
144
150
164
160
162
172
170
174
174
180
182
178
184
186
190
190
200
192
190
196
168
176
178
180
210
224
216
234
254
238
216
240
230
228
264
284
282
302
282
296
312
274
322
308
332
340
312
364
370
350
354
368
390
402
422
398
386
372
348
326
322
320
324
326
324
322
326
328
326
326
326
326
328
324
324
326
326
324
326
326
328
326
326
326
324
322
324
326
324
300
304
302
302
304
288
132
62
88
88
90
108
110
116
138
166
210
252
286
312
324
330
334
330
324
314
314
314
320
320
320
320
318
316
324
322
326
328
334
336
334
328
302
274
232
180
132
96
74
68
72
82
82
86
100
98
104
110
104
120
134
142
136
142
142
148
170
174
180
188
174
172
176
184
196
204
204
202
204
216
216
206
212
214
212
220
222
212
188
198
212
206
204
206
216
196
220
230
226
244
250
252
238
226
254
298
330
318
274
292
296
290
308
278
306
314
310
322
300
318
312
304
332
340
330
366
404
398
414
414
424
392
350
330
322
318
320
320
322
322
324
324
322
324
324
322
324
326
326
326
324
324
328
326
328
326
322
320
320
322
324
296
300
300
300
302
304
254
194
168
142
136
138
134
128
116
108
98
104
126
160
200
234
246
272
310
324
326
330
334
336
340
340
336
340
340
336
320
296
266
230
188
144
106
76
62
66
72
82
102
100
96
112
122
122
132
128
134
148
146
146
158
172
172
176
172
176
192
198
198
196
188
190
198
210
212
218
216
214
224
222
222
218
220
222
224
234
226
246
232
212
232
240
234
250
244
206
220
226
242
260
252
240
270
254
272
316
288
266
282
306
310
294
314
312
310
318
316
306
308
280
288
278
300
324
252
228
376
374
384
374
394
432
430
426
418
360
326
328
322
318
314
318
318
316
320
322
324
326
326
322
324
322
326
324
328
326
324
318
320
322
322
296
294
294
298
294
306
284
186
104
128
148
132
136
148
152
140
120
102
90
82
84
92
98
110
144
166
190
226
232
216
204
208
212
202
184
150
118
90
76
60
58
66
76
88
84
96
104
110
120
134
142
140
160
172
164
168
168
172
180
184
188
192
190
202
200
204
208
204
208
208
204
210
214
210
216
222
224
230
232
228
226
242
244
234
242
254
236
252
242
244
234
258
288
290
268
220
246
244
244
264
292
294
290
292
294
268
270
268
262
306
322
300
324
328
316
320
312
316
320
306
308
304
310
336
318
278
318
368
348
344
408
454
452
412
394
354
236
252
308
312
322
326
330
328
328
320
322
324
320
320
324
328
326
328
328
326
322
322
322
322
322
294
296
300
300
300
302
310
286
150
68
110
134
120
144
164
156
140
120
100
86
74
66
78
84
96
98
98
102
80
44
46
48
60
58
56
66
68
76
84
86
94
98
100
110
122
128
140
146
162
166
172
180
190
198
194
192
196
194
196
198
206
202
208
224
226
236
234
232
234
228
230
226
226
234
250
252
252
252
256
256
248
266
266
258
270
316
306
270
252
260
246
256
324
300
276
238
264
274
288
254
286
326
314
310
314
284
274
296
278
294
318
302
324
332
312
326
304
312
334
310
260
306
326
346
362
324
238
328
344
384
414
350
264
168
132
116
142
178
236
282
262
280
262
234
266
314
320
322
326
334
338
338
338
338
328
324
324
324
322
320
320
296
298
296
294
296
302
298
304
306
200
78
88
114
116
124
148
162
136
118
102
86
74
68
76
78
88
84
80
74
60
78
90
94
94
100
98
102
110
114
114
124
130
136
144
160
166
174
186
196
190
196
216
228
234
250
264
266
280
270
268
290
296
268
270
264
270
270
280
288
276
274
284
284
286
284
288
286
282
292
284
288
302
312
308
296
382
344
290
268
262
266
312
318
258
278
278
276
314
350
278
266
326
338
348
344
300
290
286
296
308
310
318
318
328
314
310
316
306
314
310
256
274
308
334
342
354
352
400
370
318
368
212
124
120
132
124
190
218
272
344
202
120
72
96
152
202
276
288
268
242
244
252
256
280
322
326
326
324
322
324
322
298
298
300
298
298
300
298
302
310
320
264
176
92
86
122
130
140
156
148
118
98
94
84
82
78
76
78
78
92
102
110
114
104
112
116
118
130
142
142
162
166
164
182
202
230
242
274
266
268
238
246
238
268
266
294
302
306
318
302
320
294
310
280
298
294
286
288
308
296
312
296
292
314
316
306
308
300
306
306
308
314
320
332
320
320
340
366
322
278
284
290
330
340
288
308
318
304
296
334
354
314
312
356
358
350
278
284
292
308
312
302
322
316
322
308
298
318
316
302
304
312
280
288
312
326
382
394
376
268
222
314
174
142
184
210
116
120
214
270
324
254
116
170
200
52
54
174
238
146
158
170
216
184
128
242
340
338
328
320
320
318
298
298
298
296
298
298
302
300
302
302
314
316
252
154
102
136
136
142
154
150
118
98
92
88
80
78
86
84
94
114
116
112
102
106
114
128
142
154
164
192
214
190
202
248
250
292
264
258
266
248
250
248
266
264
278
264
302
298
260
290
278
284
272
282
280
286
274
306
306
334
312
318
314
344
346
330
336
324
328
348
362
364
412
388
394
390
402
358
330
324
318
304
378
366
334
320
302
282
332
378
358
330
354
354
368
290
300
306
318
316
296
324
334
322
336
334
328
324
304
302
336
310
294
276
292
342
370
294
182
304
224
192
212
206
186
116
162
248
314
346
288
144
200
228
38
18
82
284
182
200
278
336
332
224
168
188
238
304
326
318
320
300
302
302
298
300
302
302
300
306
310
306
308
326
318
218
104
112
114
130
168
144
106
98
92
76
72
102
84
92
112
108
114
112
118
130
138
162
168
178
210
240
220
212
236
234
250
238
250
260
284
262
260
276
278
258
278
288
292
270
272
300
288
298
286
294
302
286
306
310
340
330
344
332
372
352
392
358
372
366
410
448
436
456
438
432
464
470
392
386
368
356
340
388
394
314
308
328
318
314
344
358
326
332
320
372
348
320
342
336
326
310
344
340
322
348
340
338
344
342
342
340
328
320
288
262
266
292
238
224
314
184
186
194
224
174
136
174
250
316
354
308
216
140
220
142
10
74
328
252
186
294
332
340
274
140
156
118
182
324
322
322
298
300
300
300
304
304
308
304
308
310
312
312
312
318
326
230
114
84
72
106
126
130
110
92
78
72
94
90
94
110
116
126
128
124
108
148
212
188
194
214
228
244
242
244
254
250
256
262
278
282
288
278
300
290
268
310
316
310
284
298
294
282
290
304
324
288
318
302
308
306
318
312
338
352
346
374
358
376
380
426
414
490
480
460
432
422
466
466
430
400
404
410
392
374
316
316
330
312
330
328
320
322
316
316
364
384
336
334
328
316
334
342
348
344
364
356
352
372
340
328
338
312
304
272
238
272
364
272
278
226
166
186
246
234
184
176
172
260
312
392
346
306
150
140
176
114
216
348
250
206
296
304
292
272
190
244
200
142
304
326
318
298
300
298
298
300
306
308
310
306
304
312
314
312
314
312
322
298
238
120
64
100
152
164
116
82
72
92
110
98
106
106
106
120
142
134
226
266
224
250
230
236
258
254
252
276
270
254
254
266
278
264
266
258
268
274
276
284
288
286
300
286
306
292
330
310
294
328
324
318
292
304
310
318
302
356
334
344
340
368
384
368
426
452
414
400
460
428
410
450
448
410
430
376
366
326
304
304
302
330
320
312
330
324
314
342
328
336
330
318
322
326
328
344
336
332
340
334
320
316
304
292
288
288
286
260
270
374
304
296
162
200
238
288
280
250
174
176
268
302
358
380
326
268
218
234
240
304
290
218
216
240
262
258
252
238
260
196
194
322
322
318
300
302
300
292
296
306
306
308
308
306
308
312
312
310
310
314
318
328
308
124
46
114
170
132
84
76
100
102
84
100
116
116
130
198
230
206
234
222
236
260
240
262
278
260
254
266
232
230
248
286
254
266
264
244
256
276
268
262
250
256
276
286
304
304
304
310
314
318
318
320
326
330
316
312
330
322
330
336
372
344
372
416
436
442
474
482
450
452
504
484
466
472
368
342
356
336
320
320
312
276
290
328
284
282
298
300
312
312
300
308
308
302
316
318
312
308
300
294
310
296
296
306
302
284
284
268
336
286
250
180
226
228
272
316
276
248
242
310
314
318
368
360
346
320
308
320
246
186
274
350
270
286
276
266
248
224
198
254
324
320
320
302
300
298
300
302
304
304
306
312
306
308
312
314
314
310
312
316
316
334
204
72
120
156
120
90
82
106
94
100
112
128
156
162
182
256
246
234
256
252
274
282
286
290
296
294
294
276
254
272
280
270
258
252
248
240
254
264
254
260
272
276
284
278
258
282
270
266
276
288
296
316
322
318
326
322
332
346
386
402
432
480
480
454
486
450
362
442
474
452
432
392
376
332
274
314
298
292
300
304
284
274
304
294
294
294
290
292
306
294
296
316
302
306
322
294
292
286
302
318
306
288
290
320
294
268
288
320
316
256
210
254
262
264
310
332
348
308
320
336
314
338
410
414
390
386
290
224
268
332
316
338
316
300
266
226
220
226
300
324
322
320
300
296
296
298
302
304
304
306
306
306
312
310
312
312
310
308
310
318
332
162
78
144
150
104
80
94
120
110
122
122
148
160
178
176
214
288
272
272
266
248
236
256
278
276
272
262
270
270
290
292
290
294
294
290
284
272
276
258
266
274
258
262
262
276
284
278
280
288
278
274
268
282
282
310
334
324
358
370
392
416
444
440
416
444
366
352
398
392
360
354
356
322
332
312
326
332
320
310
314
312
324
308
320
328
328
302
312
332
320
298
302
296
314
302
298
282
278
312
332
314
276
282
320
312
276
264
302
304
266
238
278
286
282
310
344
382
384
298
334
358
332
358
416
422
430
420
388
398
384
388
396
360
320
256
232
242
260
314
326
320
322
290
290
290
294
296
298
304
308
304
306
308
314
308
310
308
312
324
326
204
62
110
156
116
88
72
92
126
130
128
136
152
166
196
200
192
238
270
266
256
242
224
234
248
252
262
252
264
272
262
242
232
220
218
220
246
254
270
270
284
278
292
282
268
292
286
280
280
276
266
284
282
284
290
318
328
308
338
336
356
382
386
386
386
404
346
346
360
344
296
292
312
292
298
302
336
322
302
302
330
310
296
292
308
318
304
288
282
282
272
260
272
262
266
266
282
272
272
304
318
302
304
290
310
306
258
272
318
308
234
246
306
322
384
368
336
376
414
364
334
322
326
372
418
418
416
412
410
416
426
412
404
396
308
242
246
252
280
326
324
324
322
290
292
292
294
294
298
304
306
306
306
308
308
306
306
316
318
260
138
48
100
130
98
82
74
72
100
116
126
142
134
144
168
226
236
216
216
218
216
208
198
192
198
216
210
210
234
276
284
298
308
278
240
208
214
202
204
230
222
236
222
242
254
258
274
276
276
294
290
284
274
276
296
308
300
322
316
340
354
366
398
380
368
368
366
334
350
372
312
288
298
314
296
310
298
354
352
282
324
376
306
292
282
304
302
288
284
278
280
280
270
264
260
254
250
272
270
290
302
300
286
284
274
284
290
252
260
310
284
252
252
356
316
352
430
398
370
404
398
358
270
302
404
404
400
400
404
402
404
396
388
398
388
294
230
246
266
324
326
326
322
326
294
298
294
296
298
300
304
298
304
308
310
310
310
324
270
140
52
76
126
116
88
78
74
64
70
94
102
112
132
142
170
216
242
230
208
210
230
248
252
256
260
240
204
190
186
190
214
244
280
308
322
286
256
282
254
262
250
224
204
206
200
244
254
236
256
272
290
282
268
280
284
300
306
302
324
338
380
376
348
372
344
364
376
320
330
370
368
332
370
370
392
368
388
332
374
368
312
348
348
318
314
304
308
316
300
316
304
298
302
304
306
298
284
296
286
304
290
280
264
254
262
280
276
282
266
262
256
276
292
278
286
338
306
334
398
414
396
380
362
318
298
370
406
400
388
390
386
380
378
372
384
378
302
236
260
316
334
330
322
324
322
296
298
294
300
302
302
302
300
304
306
310
328
308
218
80
56
88
120
96
70
66
64
68
72
84
104
126
144
144
134
168
210
220
248
276
290
300
308
304
294
292
288
280
252
220
204
204
208
224
234
252
272
276
290
278
294
310
286
258
256
232
236
250
234
252
286
292
264
282
276
286
288
282
294
334
362
386
348
342
360
342
346
362
336
336
380
378
422
456
418
426
458
426
372
378
390
338
348
326
316
302
304
302
306
302
296
286
288
294
304
310
306
288
306
300
288
282
284
298
292
290
294
292
302
298
278
274
306
270
306
240
228
314
340
374
392
410
368
348
354
322
298
342
366
384
386
380
384
370
366
362
344
276
252
308
332
334
324
322
322
320
294
298
296
298
302
302
306
306
306
314
316
234
112
62
88
112
106
76
64
60
62
64
64
80
122
152
162
140
152
204
252
288
306
310
308
298
306
304
300
300
292
286
298
306
296
272
232
208
214
212
214
218
224
246
274
300
306
308
290
268
250
246
258
268
268
276
290
298
288
278
298
286
278
326
348
394
350
334
342
342
306
354
366
352
380
402
410
442
454
404
416
480
460
430
466
472
440
466
424
376
352
326
314
340
328
316
304
310
330
320
314
334
316
324
308
324
324
348
332
314
292
300
292
284
294
338
412
356
280
226
196
228
320
346
364
386
412
390
348
340
328
292
298
288
292
316
322
306
256
264
262
262
254
302
332
326
332
324
320
322
320
290
292
292
298
300
298
302
306
320
276
138
42
54
94
120
110
68
60
62
60
60
60
84
124
152
166
186
226
280
310
308
302
304
304
296
302
312
310
304
300
298
294
292
294
294
302
302
280
248
218
214
212
206
200
206
230
252
286
326
310
286
266
246
250
244
264
280
278
270
286
288
282
310
314
332
366
378
350
338
322
334
366
338
316
368
384
392
398
384
346
352
376
394
398
426
464
470
494
506
472
418
388
364
394
404
336
306
312
304
308
310
322
314
344
322
346
314
330
310
314
304
322
314
300
312
334
302
232
232
196
196
330
354
328
322
340
368
368
336
314
318
326
326
320
314
300
292
278
270
256
204
238
294
336
328
328
330
324
322
322
326
292
294
296
294
294
306
316
286
210
84
30
58
106
118
96
74
68
66
62
62
74
106
134
138
174
236
292
314
310
310
304
304
302
300
308
310
316
314
308
300
302
302
298
294
294
294
296
306
306
276
232
220
218
206
198
192
196
212
242
264
274
282
282
270
258
234
262
278
270
274
284
280
308
330
390
376
344
354
348
338
340
370
424
344
356
344
364
360
342
326
360
338
382
376
428
448
456
490
508
508
508
492
466
458
462
348
304
296
304
296
290
318
332
356
340
346
332
332
326
310
288
262
242
216
200
180
180
186
190
228
250
340
382
340
348
332
324
322
324
328
330
328
316
320
306
298
294
284
262
236
220
272
330
338
328
326
324
326
320
320
320
296
290
292
294
304
290
218
96
56
64
82
114
122
96
74
78
78
70
74
96
130
146
160
220
294
316
310
308
308
314
312
312
306
304
306
314
318
312
308
310
310
308
310
308
308
300
292
294
298
304
292
258
228
220
208
198
196
198
206
204
212
238
256
266
262
260
244
254
252
266
262
272
298
354
384
404
340
306
310
310
298
346
364
398
366
346
364
362
350
324
334
330
336
316
352
388
382
394
404
416
434
488
498
506
502
412
412
374
352
316
328
334
334
380
366
326
304
284
264
238
228
210
202
196
194
184
174
184
230
278
348
386
368
384
406
404
384
370
356
350
340
322
298
296
288
258
224
220
246
284
302
322
332
332
330
328
324
320
320
322
320
294
292
290
306
280
158
68
56
74
90
112
114
94
76
76
80
80
88
104
124
158
220
290
316
316
308
310
310
308
310
310
310
312
308
308
312
314
310
312
312
312
312
312
310
308
308
302
296
290
288
294
300
280
238
214
212
208
194
196
204
198
198
206
212
232
256
286
276
260
258
262
290
306
368
352
372
368
364
396
356
270
228
252
294
324
358
364
372
384
364
344
340
354
318
328
338
314
332
338
330
376
420
434
478
506
478
468
438
444
406
398
374
314
310
294
278
274
274
266
250
246
244
252
250
254
226
196
262
332
366
386
384
362
372
388
392
378
358
350
338
346
324
310
296
242
206
232
278
314
338
334
328
326
330
330
328
324
322
314
316
316
290
288
304
252
102
48
60
72
108
118
108
80
70
74
78
84
92
112
146
214
282
316
314
312
308
310
314
312
310
308
310
308
312
308
308
308
310
312
312
312
314
314
310
312
308
312
310
306
304
294
288
288
298
294
250
236
234
224
218
216
206
206
198
192
188
200
228
238
262
284
304
330
330
344
352
328
334
376
374
410
384
284
320
332
304
356
344
334
368
386
382
354
354
326
322
322
278
268
244
258
272
332
390
412
440
480
478
438
436
432
408
356
306
308
308
302
290
288
286
288
298
306
324
322
290
246
252
354
390
384
396
372
366
372
364
356
358
330
314
310
320
292
262
226
232
278
312
328
330
328
322
328
324
324
328
324
322
322
318
314
316
288
302
228
70
40
62
76
106
114
108
90
72
74
80
90
112
168
246
300
318
308
306
308
308
306
308
312
310
312
308
310
308
314
314
314
312
312
310
314
314
310
308
306
310
310
314
314
314
314
308
298
290
288
294
300
258
238
234
236
234
224
210
202
194
190
188
190
198
206
228
274
342
348
354
348
326
304
292
280
310
316
344
400
380
358
372
378
366
340
330
346
316
320
288
286
288
256
250
224
214
200
210
250
296
438
474
462
468
452
442
398
360
272
280
314
364
330
344
346
350
354
344
342
342
322
312
346
370
402
426
386
346
352
354
330
326
332
316
314
282
236
222
242
284
316
324
324
328
328
324
322
326
326
324
324
322
320
322
318
320
316
290
208
60
38
52
82
114
112
84
80
82
88
84
116
174
252
302
318
320
308
302
308
310
310
310
308
310
308
308
308
308
312
314
314
312
310
308
310
310
310
304
312
314
312
314
314
310
310
318
314
308
304
296
288
288
276
236
238
244
242
228
214
204
202
194
194
198
204
210
208
218
254
246
256
308
350
348
322
316
316
332
378
350
370
332
316
348
362
326
312
294
280
258
242
234
224
242
250
228
198
194
190
210
310
456
458
452
422
422
400
364
334
350
380
394
410
400
408
388
384
382
364
348
376
416
414
430
442
424
396
382
338
328
316
300
302
308
288
246
230
264
298
318
318
320
320
326
326
322
322
324
324
326
326
326
324
318
318
316
318
316
270
110
50
82
86
108
120
88
72
84
102
130
180
258
304
316
306
300
308
306
304
310
306
310
312
308
306
306
304
308
308
312
312
310
306
306
306
308
310
308
308
314
316
312
310
312
312
314
316
312
308
312
306
294
286
294
246
236
242
236
224
216
204
200
200
210
218
226
204
178
172
166
176
172
176
212
270
324
352
354
348
356
346
362
350
348
372
384
356
314
290
270
260
250
246
250
250
250
234
214
208
216
226
292
376
368
372
366
394
408
436
418
418
396
434
394
414
422
450
440
432
400
408
444
432
422
418
402
356
330
312
300
296
292
292
274
252
238
266
314
328
326
328
324
326
328
326
326
320
324
326
328
326
328
328
324
320
318
314
320
322
242
82
70
110
118
114
100
88
116
162
214
268
304
312
302
304
302
304
312
306
302
306
306
306
306
312
306
306
308
308
310
306
310
310
312
310
312
316
314
318
312
310
314
316
314
314
314
318
318
314
314
310
312
298
292
276
232
236
252
250
234
224
216
216
212
220
232
234
252
268
278
284
278
276
248
210
184
206
276
326
356
356
362
370
376
370
372
378
382
372
350
336
324
300
296
290
282
268
250
230
224
232
250
296
292
260
288
286
304
350
372
400
426
370
378
416
384
368
406
398
372
354
386
394
372
384
334
314
296
294
292
280
268
256
240
248
280
316
328
332
328
324
332
330
322
328
330
322
326
324
328
330
330
328
324
322
318
320
314
316
316
262
126
96
94
104
120
168
212
252
284
302
306
302
294
298
302
302
304
308
306
304
308
310
306
308
310
310
310
308
308
308
310
308
308
312
312
312
316
316
314
310
312
314
316
308
312
316
318
314
318
316
308
312
304
294
264
244
248
250
244
238
236
238
254
276
290
308
316
318
304
296
296
294
294
296
298
288
246
208
194
194
208
232
264
272
280
278
280
284
296
302
300
350
312
264
268
244
212
206
206
226
260
296
310
286
254
262
310
298
284
320
344
326
316
304
312
312
312
250
262
298
302
306
302
320
272
258
260
248
230
224
226
238
266
298
328
332
328
328
336
326
324
330
328
324
324
324
324
322
324
326
328
328
324
322
322
320
316
318
316
314
284
272
238
224
240
266
292
304
302
298
294
294
298
292
296
304
302
304
306
304
300
304
308
304
304
304
308
312
314
312
310
310
306
306
310
316
314
314
314
314
310
310
316
318
314
318
316
314
314
310
308
310
310
304
290
284
292
294
298
302
306
310
314
320
322
320
316
316
310
308
304
300
296
292
288
290
294
298
298
286
264
244
226
204
194
194
196
194
188
178
176
172
166
168
162
164
170
172
178
178
168
166
186
208
216
230
232
224
222
222
236
230
204
198
192
186
190
188
194
202
204
204
190
178
176
178
188
200
224
252
286
312
326
334
332
330
332
328
328
326
324
324
324
328
328
326
326
326
322
320
322
322
324
324
322
320
320
318
316
316
316
280
284
290
302
300
296
296
292
294
294
292
298
290
294
300
308
300
306
308
300
302
306
304
306
308
308
308
310
312
310
308
308
310
308
306
306
314
316
314
312
310
314
312
316
320
314
314
316
316
314
316
316
310
302
290
292
298
304
308
314
318
320
314
316
320
318
314
312
312
312
308
304
300
296
292
294
296
296
298
300
300
302
308
308
298
296
296
294
298
292
290
294
282
284
288
288
288
288
286
286
276
268
250
234
222
218
208
206
202
194
184
180
180
176
180
180
178
188
194
194
190
186
212
238
252
260
280
302
314
326
328
330
330
328
330
330
328
324
326
328
324
322
322
324
322
322
326
324
322
324
320
320
322
324
322
320
322
318
318
316
314
284
280
278
288
290
290
286
288
286
284
296
296
292
300
300
308
306
300
300
300
302
308
302
304
300
302
306
306
304
308
310
310
310
310
306
308
314
312
312
308
310
314
312
314
310
314
316
324
322
316
316
318
316
306
304
304
308
306
308
306
310
312
310
314
316
322
316
308
312
312
312
310
308
304
300
298
298
300
300
302
304
300
300
302
304
302
300
298
302
302
298
302
304
300
300
294
288
282
288
288
288
292
298
304
308
304
302
302
294
272
254
252
256
248
230
222
226
228
232
232
248
276
302
302
302
308
310
316
322
326
328
332
328
326
330
328
326
326
326
326
324
324
322
322
320
318
320
320
320
322
322
318
320
322
322
324
316
318
318
316
316
286
286
282
284
286
280
284
288
286
292
292
290
294
298
296
306
308
300
298
298
302
308
306
304
304
306
304
304
308
310
310
312
308
306
312
314
312
312
310
312
314
314
314
316
312
316
320
322
316
314
314
316
316
314
314
310
312
312
310
310
310
314
316
316
314
316
318
316
316
314
318
314
306
306
310
306
304
308
306
310
308
306
304
304
308
306
308
304
306
308
310
308
306
304
302
304
300
294
298
296
300
300
296
300
300
302
302
300
296
296
296
292
296
300
306
304
306
308
312
316
312
310
308
306
308
312
312
314
326
330
328
326
328
326
326
326
326
328
328
326
324
322
324
318
320
320
320
320
318
320
322
318
322
320
320
322
320
316
316
318
318
284
284
282
276
288
288
288
288
290
292
290
290
290
292
296
304
298
294
296
298
304
306
308
302
304
306
304
304
306
306
308
306
306
310
314
310
312
312
312
314
312
310
310
310
312
312
320
316
314
312
314
316
314
314
316
314
314
314
314
312
314
316
316
316
314
314
316
314
316
318
318
316
312
312
318
318
316
312
308
310
310
306
304
306
310
310
308
310
308
310
310
308
308
306
306
310
306
302
304
308
320
312
306
306
308
308
310
306
308
306
304
308
310
308
310
308
310
306
314
316
314
316
310
312
312
316
318
320
326
326
322
324
326
322
324
326
328
328
330
328
324
322
324
320
320
320
322
318
316
322
324
322
320
318
320
318
316
316
318
320
322
