328
332
328
322
320
326
328
336
340
334
332
338
338
336
334
332
332
334
340
336
340
340
346
348
344
344
344
352
358
354
354
354
354
350
352
348
344
346
344
346
356
362
362
362
360
356
360
364
362
360
360
362
364
360
360
356
356
362
364
370
364
366
370
366
366
372
372
368
368
372
376
370
364
364
366
364
366
364
366
366
366
366
366
364
362
358
362
362
362
358
360
358
362
360
354
352
352
354
358
360
360
358
356
356
356
360
354
356
358
358
354
352
350
352
356
354
356
352
356
356
352
352
350
352
348
344
342
346
348
346
346
346
346
344
344
342
340
342
342
342
340
342
340
340
340
336
340
338
332
334
334
330
332
332
334
336
332
326
326
332
328
328
332
326
318
322
324
324
330
336
330
330
340
340
338
334
334
336
336
342
340
338
340
344
346
348
348
348
348
352
352
352
354
352
354
354
350
344
348
346
344
348
362
362
360
358
356
356
360
360
362
358
360
362
362
356
360
362
364
366
370
366
370
364
352
352
354
352
356
360
362
364
364
366
370
372
374
372
368
366
362
366
364
364
362
360
360
366
368
362
360
358
358
360
358
352
356
358
358
358
356
358
356
354
358
356
356
360
354
356
356
352
354
352
354
354
356
356
352
358
352
356
350
350
346
346
344
346
342
344
346
346
346
344
348
346
344
344
342
342
340
340
340
342
340
342
338
336
336
336
338
332
330
336
338
334
334
330
330
324
326
326
330
328
328
324
322
324
326
330
334
330
330
336
338
338
340
340
344
346
342
342
342
344
346
344
346
348
346
346
344
344
346
344
352
352
356
350
344
344
350
350
354
360
358
358
358
358
356
356
360
366
362
364
360
358
362
360
362
364
366
364
360
362
356
356
358
352
354
352
352
344
302
270
276
284
294
306
332
352
368
372
378
376
368
360
358
360
362
364
360
358
360
358
360
354
352
360
362
358
356
354
354
362
358
356
356
360
360
354
352
356
352
352
350
354
358
358
354
350
354
352
354
346
334
324
334
344
348
346
346
346
346
344
344
344
346
346
342
342
342
344
344
342
344
342
344
338
336
340
338
332
334
334
336
340
336
332
332
328
328
322
326
328
324
328
332
326
326
334
334
328
328
330
336
338
338
338
338
344
342
340
344
348
342
346
346
344
346
346
344
342
342
346
348
352
352
352
348
340
342
352
354
354
356
356
356
356
356
354
356
356
360
362
356
360
360
362
364
354
362
368
354
352
356
356
360
358
358
362
332
268
258
262
232
208
196
208
226
234
250
264
290
280
308
352
374
372
370
364
358
358
358
354
356
358
356
358
356
358
358
352
356
354
356
354
352
356
362
358
346
352
358
354
354
348
352
358
360
358
354
354
352
354
346
332
332
340
340
352
348
344
344
344
350
350
344
350
348
346
344
342
344
346
342
338
336
338
338
338
340
340
338
334
334
336
338
336
328
330
328
328
326
326
328
326
332
326
328
328
336
334
332
330
332
334
336
340
334
340
340
340
340
338
336
336
342
344
346
350
348
350
344
342
344
348
348
352
352
348
342
340
354
350
354
356
356
358
356
352
354
356
356
358
360
358
360
360
358
360
352
358
358
354
356
358
358
358
356
358
358
352
324
276
246
250
248
230
208
210
216
224
226
214
180
178
188
222
282
340
368
368
360
358
356
352
352
352
354
352
354
352
362
356
356
356
352
354
352
354
354
348
354
360
356
348
352
350
350
354
350
348
354
352
350
344
338
344
342
340
352
348
346
350
348
350
350
342
340
346
344
344
342
340
340
336
336
338
336
336
338
338
342
342
332
334
332
336
334
334
330
330
328
326
326
328
318
322
322
328
328
330
334
338
332
336
340
340
342
338
336
338
340
346
342
340
336
338
340
342
344
346
342
348
346
340
344
348
350
352
352
350
346
350
352
354
352
354
356
356
354
356
358
358
358
358
358
360
360
352
348
352
354
352
348
348
352
354
354
350
352
352
354
362
350
304
250
228
242
236
210
188
176
182
184
196
216
208
178
160
172
238
310
356
372
364
354
348
352
350
350
352
352
356
350
348
354
354
354
350
350
356
354
352
358
356
350
352
354
354
350
344
342
350
352
352
342
340
348
342
342
352
350
348
346
350
346
342
342
338
338
338
342
342
338
340
336
336
336
342
338
340
340
338
340
336
334
334
332
334
332
326
326
324
326
330
320
318
318
326
330
338
340
338
336
336
338
340
336
338
344
342
342
338
340
340
344
342
336
338
340
342
340
338
350
350
340
346
348
352
352
348
350
348
348
352
352
352
352
354
354
356
356
356
352
356
356
356
358
358
356
356
358
360
356
358
356
352
352
350
344
344
346
348
348
354
362
344
286
226
214
214
194
178
156
148
156
164
174
186
198
176
156
162
210
284
324
346
362
360
358
354
352
350
348
346
346
348
350
350
352
348
352
352
350
352
350
346
346
354
356
358
356
348
346
350
354
352
344
344
344
346
352
350
342
348
348
342
340
340
340
340
336
338
342
338
336
336
338
340
342
338
336
334
334
336
334
330
332
332
334
334
328
324
326
326
326
314
320
324
336
322
300
300
316
328
344
348
344
340
332
336
338
340
338
336
334
338
338
334
336
340
342
344
346
348
344
346
346
342
352
350
346
350
348
350
352
348
350
346
354
354
354
354
354
352
354
356
356
358
356
358
360
358
358
362
364
368
364
364
364
362
342
342
340
342
342
344
356
364
332
264
230
224
202
170
142
146
146
144
142
150
154
152
152
144
136
144
194
230
280
322
344
362
366
364
364
362
362
362
362
360
356
360
360
358
358
354
350
352
350
348
352
356
352
348
346
354
352
350
346
348
350
352
350
344
346
344
338
340
342
338
340
338
338
346
342
338
334
338
340
336
340
338
334
338
336
332
330
332
334
336
334
328
328
328
328
326
320
326
330
328
202
94
100
132
156
196
252
310
342
350
344
334
334
336
336
340
336
336
338
336
338
338
344
348
348
340
348
346
344
344
346
346
348
348
350
350
348
348
342
350
354
344
348
350
354
354
360
358
356
360
358
358
356
356
360
364
362
364
368
370
370
362
336
340
342
340
342
346
348
354
350
306
264
236
204
168
144
128
126
124
134
134
114
102
100
118
122
130
168
112
118
162
190
216
242
254
266
268
280
294
298
302
312
316
318
326
338
348
350
354
358
360
362
358
354
350
348
350
348
348
350
348
350
348
348
346
340
340
342
342
340
340
340
342
340
342
340
336
340
336
334
336
336
334
336
332
332
332
336
334
336
330
328
328
328
328
326
324
328
326
332
300
226
186
146
114
120
124
138
192
262
322
346
342
342
342
338
332
334
338
334
336
336
344
342
342
344
344
344
344
342
346
346
346
350
348
348
352
348
346
354
348
348
350
354
352
352
356
356
356
358
362
358
358
360
360
368
364
368
372
360
364
368
350
340
338
340
342
344
340
346
336
320
262
242
214
184
150
128
108
92
82
72
68
70
126
194
186
204
268
210
178
160
146
144
148
132
124
124
120
118
134
118
124
150
158
170
176
192
214
220
240
260
276
302
312
338
356
358
358
356
352
350
350
350
346
352
340
338
342
342
342
342
342
344
336
342
340
336
336
334
332
330
332
334
336
330
332
334
334
336
330
328
330
330
330
328
328
324
328
328
332
328
264
212
180
166
156
150
140
122
122
154
230
306
346
348
338
332
340
340
338
336
342
344
340
342
344
344
342
344
340
346
350
346
346
340
350
350
348
350
348
342
348
346
352
352
354
350
354
356
356
360
358
358
358
364
366
364
366
372
366
366
378
358
342
346
354
346
348
352
358
326
326
238
170
128
86
66
60
62
76
86
90
124
154
226
276
262
258
252
220
244
268
268
264
272
264
260
274
272
154
140
130
106
178
284
280
256
176
234
240
208
200
208
198
204
188
204
224
254
292
326
352
360
356
354
350
342
342
342
340
342
340
340
342
340
340
338
338
334
338
336
332
334
334
336
334
332
334
336
334
332
330
328
334
328
326
328
324
330
332
328
334
310
228
150
164
156
154
162
164
152
124
118
140
210
286
334
348
346
340
338
336
342
336
332
334
340
342
346
346
340
342
344
344
346
344
346
348
348
346
348
344
342
348
354
352
352
350
350
356
358
360
360
354
356
358
362
366
368
372
378
388
384
364
358
350
334
314
290
262
242
200
188
104
70
66
74
72
84
92
114
142
146
168
212
268
290
252
260
264
350
314
316
310
358
392
346
306
342
278
194
214
200
244
310
340
368
364
324
366
386
378
362
378
396
384
334
296
280
230
186
174
192
226
274
320
344
354
352
348
340
342
338
342
340
340
338
334
336
336
338
338
334
330
332
332
334
332
336
334
332
332
328
332
332
326
328
328
322
324
322
322
326
326
302
170
116
148
140
148
170
176
158
138
114
110
128
184
260
320
346
346
338
338
340
338
334
336
338
338
340
338
344
342
342
344
342
344
346
344
342
350
344
342
352
352
350
354
354
356
356
360
358
358
364
370
378
384
380
370
354
332
300
254
208
174
148
124
102
94
88
86
92
90
100
116
168
204
216
230
258
292
292
318
312
352
356
396
352
378
400
394
418
352
340
438
426
386
352
358
326
156
162
242
352
334
366
360
380
390
384
400
392
376
382
406
400
408
422
444
422
414
382
322
262
252
236
214
246
288
322
344
350
346
338
338
336
334
336
336
336
334
336
332
328
328
332
330
332
336
332
328
334
330
334
330
324
328
330
318
320
320
318
322
326
336
306
158
108
150
146
166
176
170
158
136
116
100
100
114
138
214
306
352
348
340
342
336
336
338
336
340
340
342
342
340
342
340
342
340
340
340
348
344
344
348
350
350
352
362
372
376
374
370
362
340
308
274
236
190
148
120
102
84
72
66
66
80
80
94
130
142
152
152
184
222
216
346
418
420
394
430
446
442
428
426
450
456
444
432
418
464
396
416
428
416
478
458
460
374
376
332
268
168
172
184
314
352
322
346
340
352
374
372
388
382
358
396
400
382
394
392
412
436
440
436
412
404
338
298
284
256
294
308
324
342
342
336
334
334
336
334
328
330
332
332
328
334
336
336
332
330
328
332
330
330
328
328
326
328
310
314
318
320
320
328
324
332
306
176
120
134
142
154
174
174
148
130
112
90
88
104
112
144
214
286
348
352
348
342
338
338
338
340
336
338
338
344
338
338
340
334
338
346
352
358
362
366
360
344
330
300
270
226
182
150
110
86
72
54
48
54
72
88
86
96
126
164
160
150
146
180
232
242
240
280
344
348
400
440
426
440
468
472
486
450
476
478
490
492
492
478
488
410
398
476
472
476
472
476
456
404
378
368
256
160
246
360
338
316
348
330
314
308
336
366
354
316
362
362
368
404
406
394
386
402
420
428
410
368
370
402
406
380
356
312
262
314
342
330
326
332
330
322
322
330
330
326
328
336
330
328
330
330
330
330
328
328
326
322
324
304
306
312
324
322
326
328
318
330
330
238
114
118
160
172
184
172
150
132
112
88
84
94
116
124
134
196
258
302
334
350
352
358
356
356
352
346
354
354
354
360
356
348
340
324
292
256
208
170
130
94
78
58
48
52
62
72
84
114
98
86
92
166
156
134
154
164
218
250
250
264
284
312
360
378
388
408
430
454
474
450
488
504
498
494
498
500
500
496
502
500
498
486
508
492
492
508
504
490
454
500
484
454
404
328
288
308
324
378
438
342
322
312
310
336
394
346
324
342
330
352
362
348
344
350
370
402
432
402
400
382
372
402
428
424
414
314
216
282
338
332
328
324
320
318
318
322
320
326
328
328
330
334
330
330
328
328
326
326
324
328
306
312
316
320
314
318
322
322
324
334
344
274
154
142
168
168
192
182
148
124
110
96
92
92
108
122
132
120
104
136
174
204
222
228
240
250
274
286
270
252
226
188
154
118
88
66
52
34
40
58
70
82
82
90
104
120
122
136
194
120
126
132
186
200
200
222
222
248
308
312
308
302
310
384
426
426
450
478
498
496
490
488
498
504
504
504
504
504
500
502
508
508
502
480
494
472
458
506
496
488
488
482
490
500
422
396
364
378
394
454
388
386
376
370
410
444
384
396
402
386
386
356
326
336
364
380
332
390
386
354
352
356
362
372
356
358
362
230
102
184
262
304
326
334
334
326
324
326
326
330
332
338
344
340
338
328
330
326
324
326
326
310
306
310
318
316
320
320
328
330
330
332
348
318
180
128
162
166
176
172
140
124
108
106
96
92
98
96
96
62
56
38
30
28
42
52
54
64
68
60
52
40
38
46
48
62
68
74
80
92
100
106
122
124
130
152
164
168
166
164
192
208
232
262
264
266
306
366
366
380
400
408
406
434
450
460
480
498
504
502
506
508
508
508
506
506
508
508
508
508
508
510
508
508
442
410
364
414
508
494
504
502
488
496
494
440
392
398
448
418
416
418
412
410
416
406
430
422
432
430
400
398
402
378
354
388
396
264
348
370
372
364
330
350
380
308
236
184
84
64
92
130
218
200
208
250
274
284
294
306
326
314
282
288
304
336
344
336
328
328
326
324
300
298
318
324
320
324
324
324
328
334
330
328
344
336
178
102
130
162
198
166
128
116
114
98
96
92
82
88
78
60
56
56
62
66
66
64
66
66
66
68
72
80
78
78
92
106
108
138
148
132
138
168
182
180
218
232
268
306
328
330
388
416
420
418
442
492
508
508
506
506
494
500
510
508
508
508
510
508
508
508
508
508
510
506
508
506
504
506
506
452
498
506
478
424
400
384
474
508
472
482
486
472
446
480
380
352
400
468
402
408
434
394
392
420
416
422
406
426
400
396
408
428
410
382
426
390
382
402
366
394
382
340
366
264
152
172
104
118
188
188
240
174
100
98
104
112
142
152
122
126
120
94
84
90
166
290
320
338
330
326
326
316
316
320
326
328
324
324
326
324
326
328
334
338
338
332
212
104
104
156
170
146
130
116
98
86
90
92
94
104
88
90
98
94
88
90
88
84
88
90
98
92
110
108
110
118
144
138
158
218
294
270
316
404
392
402
390
426
446
466
498
506
508
508
508
484
488
498
492
500
500
506
506
502
478
488
494
492
498
498
500
494
508
508
506
494
494
494
496
492
430
478
472
440
372
366
372
474
468
430
458
466
442
378
388
372
358
358
418
398
386
392
372
394
384
372
364
374
368
402
440
418
400
358
416
420
420
436
352
344
378
330
342
294
204
170
166
184
316
290
302
354
168
116
114
106
108
168
160
90
62
64
86
88
74
86
100
128
252
336
324
326
320
320
322
328
324
324
328
326
326
330
332
336
334
330
338
356
290
108
76
150
174
158
130
108
86
100
94
114
118
104
120
130
140
148
128
132
138
152
134
170
194
188
188
216
244
274
274
310
368
434
462
472
506
508
508
494
496
492
438
426
444
456
482
488
506
504
506
492
496
482
470
482
488
492
494
492
474
456
430
428
430
428
456
444
446
444
454
418
432
466
492
426
394
368
368
364
402
390
376
366
350
358
372
368
342
358
330
456
416
316
344
330
368
334
302
320
338
318
342
422
416
354
314
416
446
428
416
380
392
354
298
396
296
338
260
258
162
318
384
344
344
228
132
74
198
242
226
246
154
102
210
252
274
210
152
98
86
152
328
330
324
314
320
320
326
320
320
330
330
330
334
334
336
328
330
330
334
354
284
96
94
170
198
158
118
90
100
88
118
108
110
124
138
164
168
160
164
200
214
220
248
290
292
344
356
416
448
452
446
448
432
400
408
386
436
448
454
460
458
432
388
380
400
410
406
396
396
398
430
448
468
450
422
406
414
426
426
422
412
412
376
392
374
396
388
386
400
408
414
384
374
410
366
316
346
346
344
340
330
334
350
280
252
358
382
324
324
316
370
326
266
282
276
314
288
302
308
284
294
284
342
324
274
320
426
406
400
370
392
354
332
272
276
236
224
202
224
116
306
464
376
370
310
188
284
292
66
60
232
302
174
294
288
292
294
198
158
136
182
330
328
322
318
312
310
320
322
324
330
330
324
330
330
332
334
332
330
332
330
354
200
58
136
200
174
126
96
98
102
104
100
120
142
140
136
158
162
160
198
220
244
242
212
200
268
264
276
332
372
348
330
346
314
294
294
292
298
276
268
244
242
258
250
290
292
308
278
252
252
250
276
290
302
318
342
320
310
288
296
272
280
268
276
284
276
286
282
300
386
410
306
268
280
284
316
332
252
246
248
254
256
286
312
246
256
332
304
312
266
248
284
256
246
256
270
256
272
264
246
258
284
262
226
244
252
272
264
288
368
358
354
286
302
260
296
296
214
178
156
344
348
372
396
368
204
432
318
8
20
112
362
198
266
310
316
318
186
194
166
240
332
324
322
324
320
310
320
324
324
328
328
326
330
332
330
330
334
328
330
330
346
256
86
130
180
164
124
100
88
104
96
102
126
138
144
126
148
162
176
172
244
230
194
198
190
184
188
184
192
204
204
204
214
226
222
246
244
242
250
252
234
222
220
222
218
238
232
242
252
270
256
252
248
254
262
280
270
296
286
266
268
264
278
270
256
252
260
254
252
316
368
310
270
260
244
244
314
272
228
220
218
206
216
308
304
228
284
284
308
240
212
226
230
224
228
252
252
252
272
266
252
238
252
238
238
230
238
218
254
344
348
354
286
278
224
388
436
276
204
166
442
418
370
410
412
238
390
378
54
2
188
344
214
336
358
376
332
196
188
188
294
330
324
322
326
326
324
324
328
326
328
328
328
324
332
336
332
330
328
332
332
354
230
56
136
180
162
128
106
90
90
88
90
114
120
150
164
176
198
204
186
194
226
212
206
210
206
202
210
214
210
206
200
204
194
200
216
210
206
224
220
256
250
248
258
244
252
274
280
278
288
290
280
268
312
298
292
344
360
322
280
302
298
298
284
250
244
238
230
234
224
220
218
218
222
222
196
276
324
214
192
190
192
210
240
298
260
256
258
252
218
216
220
242
248
238
266
258
240
254
264
248
246
250
238
232
250
270
270
296
338
338
390
344
206
236
358
314
230
186
248
498
498
426
382
412
320
250
390
244
120
320
290
244
352
388
390
294
214
194
240
320
328
320
322
322
324
328
326
326
326
328
330
324
318
324
328
328
324
330
328
344
316
144
80
176
192
144
118
98
102
106
94
104
112
126
172
186
196
186
240
234
186
194
192
194
208
218
222
226
232
238
224
234
256
248
224
238
228
204
216
222
224
192
212
228
240
232
242
252
262
246
250
280
282
274
270
276
336
332
350
328
308
352
332
308
264
254
248
236
232
224
212
208
202
216
214
208
246
294
204
198
200
188
222
214
238
228
226
222
262
254
222
234
218
230
234
242
258
256
264
264
256
250
264
276
268
300
334
346
338
304
332
350
322
166
374
452
340
282
256
224
468
410
402
386
402
368
238
328
362
328
318
222
308
326
382
334
234
216
218
288
326
324
320
318
324
326
328
328
326
324
322
324
326
320
322
324
324
324
332
352
306
132
74
152
190
158
130
114
90
112
126
128
124
122
132
146
148
206
214
190
224
188
194
194
182
196
206
202
226
216
212
218
222
242
248
232
226
258
254
240
272
280
256
258
258
250
222
230
242
220
230
226
234
254
236
244
250
270
262
302
296
298
348
322
316
340
312
314
280
324
266
294
220
220
210
218
212
224
236
204
198
220
226
230
230
232
240
236
238
260
240
232
242
220
240
256
240
262
256
238
264
286
314
310
334
342
334
386
402
378
352
326
282
240
262
498
502
438
390
308
258
332
310
344
396
404
400
268
232
286
224
172
308
428
374
346
288
224
228
262
320
324
322
322
322
328
330
324
324
324
326
322
324
324
326
322
326
322
340
330
234
110
82
136
166
138
112
100
92
92
104
138
170
138
126
136
138
146
172
234
206
186
190
190
212
206
200
216
198
206
206
188
172
182
208
200
200
194
198
204
200
208
224
240
248
260
292
308
326
328
288
300
324
288
284
290
274
280
242
268
288
334
344
348
354
334
374
358
308
308
352
302
314
290
244
234
260
250
284
330
334
340
332
362
358
356
262
314
314
250
244
210
210
220
236
262
266
244
276
278
304
352
364
322
318
352
380
392
378
370
374
340
306
318
264
392
474
420
398
382
340
364
324
310
332
356
392
394
354
334
284
262
338
426
396
386
340
258
222
250
312
326
322
320
320
322
326
324
322
320
322
318
320
322
322
324
326
332
344
286
140
60
86
156
160
130
112
108
98
88
96
112
140
154
122
116
134
142
152
152
186
242
230
226
212
210
214
212
240
236
230
218
214
194
198
212
204
202
198
188
184
184
202
190
188
188
208
214
232
242
282
304
276
306
310
328
342
346
340
336
368
352
356
352
344
356
320
338
336
296
308
294
296
278
312
272
264
288
318
382
400
402
428
414
414
418
414
346
348
368
332
340
344
366
334
368
404
372
390
398
360
328
316
312
352
370
344
312
360
336
334
304
296
316
342
300
360
396
328
300
304
336
360
352
298
318
304
338
384
402
396
392
394
386
366
378
374
320
228
234
298
332
326
322
324
326
316
324
322
320
320
322
320
322
322
326
322
336
322
228
102
78
102
134
138
110
90
82
92
90
82
92
102
108
118
124
120
128
158
198
196
176
190
200
192
188
182
172
178
202
206
204
206
218
218
218
218
210
204
220
214
228
212
206
214
192
196
198
194
192
202
210
222
210
222
228
230
266
268
294
320
358
344
332
354
380
332
308
268
256
308
300
332
292
346
338
372
384
380
408
432
442
420
436
440
438
436
396
408
358
336
390
402
378
348
314
312
326
310
344
320
308
298
360
392
456
344
322
304
302
322
332
386
408
312
282
264
328
342
304
238
254
272
310
366
290
274
300
310
394
400
384
372
362
360
362
356
348
312
236
288
328
322
324
320
322
320
318
320
318
320
322
320
322
324
320
330
342
270
122
64
94
132
140
120
92
82
80
80
78
82
90
108
126
136
138
126
126
154
198
216
222
228
250
264
262
260
260
254
244
216
196
194
194
218
244
246
244
222
188
174
178
184
190
194
220
206
212
206
214
214
206
224
220
228
224
220
218
220
216
216
220
256
256
244
290
294
314
326
308
304
314
332
318
346
350
396
406
434
438
414
450
402
400
398
370
362
362
376
414
378
334
384
388
396
370
372
416
402
354
384
374
404
446
420
376
342
302
358
376
406
412
394
444
382
306
312
266
324
378
340
266
230
252
288
342
328
276
310
386
392
366
366
366
352
346
340
336
324
266
270
328
326
324
322
318
320
320
318
320
318
322
320
326
320
322
338
322
196
64
42
86
130
148
126
90
74
70
70
76
70
78
108
150
170
168
148
154
196
246
276
292
300
308
306
302
304
304
306
308
306
292
262
232
210
204
216
238
264
276
272
212
186
192
178
180
186
180
178
172
184
194
206
208
210
222
222
220
222
224
214
214
214
230
266
246
258
276
254
278
300
308
332
346
334
366
326
388
436
404
462
468
446
462
390
338
452
436
348
428
470
428
386
410
440
456
432
462
430
370
404
404
398
390
416
342
278
316
392
432
416
406
384
380
400
378
378
336
306
320
380
390
382
310
286
306
330
330
302
308
380
386
366
358
348
334
314
292
258
230
252
318
326
326
322
322
318
322
318
318
318
320
318
320
318
328
326
248
140
50
54
84
130
140
114
94
86
78
78
74
74
90
130
156
164
182
212
244
290
312
316
310
312
308
308
306
302
302
304
302
300
308
306
312
298
260
236
222
226
230
236
252
252
232
242
220
236
226
194
174
172
162
180
190
178
178
190
200
198
210
224
220
210
214
224
230
248
242
236
250
262
290
318
358
344
344
332
354
344
344
342
336
364
352
398
388
330
388
426
376
380
422
396
376
374
408
416
376
370
362
322
352
368
352
320
322
338
374
378
386
398
382
308
326
384
374
414
388
300
336
354
356
356
380
362
316
322
328
302
318
286
262
300
308
304
296
278
234
208
194
226
306
326
320
324
322
320
322
320
318
318
316
312
316
316
328
288
176
64
68
82
106
132
140
118
98
96
90
84
82
94
122
152
152
168
224
278
310
324
324
322
318
314
318
314
314
314
312
316
314
312
310
306
304
306
314
318
300
258
248
244
238
236
230
232
240
250
262
260
246
218
204
182
182
194
186
196
198
212
206
198
200
212
208
208
212
212
264
234
224
242
242
254
270
306
326
292
290
300
266
244
278
262
280
294
326
340
318
364
354
416
418
398
408
402
324
408
438
388
406
400
332
414
396
330
342
328
394
386
374
336
356
362
318
336
364
366
344
314
324
312
352
364
386
374
368
358
338
344
328
312
294
268
264
258
254
242
214
204
242
274
304
318
316
320
318
320
320
322
320
320
318
314
312
318
334
296
156
76
68
90
108
130
132
118
102
96
96
90
84
100
126
158
188
238
296
328
330
326
324
326
326
324
322
322
322
316
316
314
318
318
318
316
312
314
316
312
308
314
314
300
274
252
240
238
232
222
224
230
238
260
286
270
228
212
200
198
190
198
206
210
206
224
222
226
210
204
218
220
234
232
208
218
208
240
304
256
214
232
224
218
212
212
212
216
232
246
246
248
256
276
294
308
328
338
332
308
382
406
344
314
342
320
332
326
300
318
318
328
334
290
308
326
318
324
336
322
266
256
260
250
190
170
320
392
402
396
394
372
360
338
290
280
280
252
226
198
198
226
282
318
322
320
320
318
316
320
320
324
318
316
316
318
318
320
330
270
104
54
66
88
128
140
134
106
94
94
94
98
94
110
132
182
258
312
338
334
328
328
326
330
330
330
322
328
328
326
324
322
320
320
318
316
320
318
318
328
320
314
312
312
316
318
306
274
250
244
236
222
214
214
224
242
254
246
238
234
218
204
198
198
202
202
212
214
234
236
250
238
204
214
222
252
224
210
234
272
254
216
222
218
238
226
208
210
208
224
224
226
238
238
234
244
260
282
294
286
288
312
400
430
392
418
392
398
364
346
356
308
298
320
316
338
310
332
330
304
288
270
266
228
196
210
212
260
326
354
358
350
328
320
304
296
256
198
170
186
230
280
312
318
316
316
318
316
318
318
316
322
320
316
314
316
316
318
332
268
86
36
64
86
118
132
126
120
94
92
94
96
106
148
214
286
326
340
332
332
332
330
328
332
330
326
326
322
326
330
326
328
326
328
326
328
322
322
320
324
330
326
320
314
314
310
314
316
318
298
264
244
242
228
228
226
226
226
224
222
228
222
210
218
204
204
212
200
214
218
250
270
242
244
220
212
246
232
214
214
238
210
212
216
220
226
218
210
208
220
204
198
208
204
204
204
216
214
216
226
230
232
256
346
334
312
316
332
342
338
324
358
332
336
332
328
314
310
306
298
306
280
248
216
200
208
228
264
332
342
358
376
358
330
304
276
220
176
190
240
286
308
316
316
314
314
320
318
314
318
318
316
318
314
316
314
314
312
320
268
90
40
52
78
120
124
104
94
102
106
94
102
160
234
306
336
338
330
328
328
328
330
328
330
330
332
326
326
326
328
330
326
328
326
328
330
326
324
326
334
328
332
334
328
324
316
316
318
316
314
318
312
286
254
240
238
242
246
244
238
224
220
208
202
210
210
220
222
214
208
218
258
246
228
230
224
236
228
228
214
216
198
202
200
216
238
234
232
232
230
230
214
212
216
218
216
204
206
202
206
214
212
220
224
304
296
300
280
300
300
314
328
324
324
336
346
342
308
294
280
256
242
240
236
206
224
264
292
340
372
346
344
334
334
282
220
174
196
260
300
312
312
310
312
318
316
314
318
316
312
312
312
314
318
316
318
314
314
314
320
208
68
88
98
110
136
114
88
92
112
136
170
244
306
334
336
330
326
326
328
328
326
328
326
328
330
330
328
328
332
332
328
324
328
324
328
324
332
326
324
328
326
334
336
334
332
326
326
328
322
314
312
322
324
306
270
256
264
272
270
256
246
234
226
222
216
204
204
198
212
228
274
286
288
278
260
236
220
226
216
304
270
250
252
248
274
296
284
306
302
276
272
258
236
234
232
220
226
226
206
198
200
210
206
250
280
262
262
268
272
266
250
282
318
312
302
286
254
238
232
228
256
298
338
304
286
324
312
314
384
352
338
308
254
216
180
194
252
298
310
310
306
306
310
310
316
318
316
318
316
312
314
318
318
316
316
316
316
312
316
314
190
80
100
120
116
112
112
122
168
220
270
316
334
328
328
328
330
328
324
324
322
328
324
328
330
334
334
330
328
328
334
334
326
326
328
326
326
328
330
328
326
326
334
338
332
332
334
334
332
328
320
318
318
314
322
316
280
268
274
280
274
260
246
240
236
228
218
212
202
200
208
254
282
268
278
294
270
266
260
260
296
254
256
248
252
264
308
334
346
346
324
304
272
244
232
228
214
218
214
182
188
208
222
272
304
280
250
268
282
296
306
332
328
284
248
228
222
202
242
248
272
288
282
322
298
250
260
304
298
296
252
220
190
178
196
246
296
316
310
308
306
308
312
316
314
318
316
324
318
312
314
312
312
316
316
314
308
314
310
310
312
278
200
158
136
144
184
242
278
306
324
328
326
324
324
326
328
330
330
328
330
328
330
330
330
332
336
334
328
328
334
336
336
330
330
330
326
326
332
330
334
334
330
334
340
336
336
334
332
332
336
332
328
328
318
314
326
302
266
280
284
278
262
246
234
224
220
222
222
232
214
188
182
192
196
194
198
216
248
280
306
302
312
326
300
310
300
306
318
286
286
282
270
274
262
252
250
254
252
242
232
226
224
238
310
368
292
254
292
292
326
336
286
230
198
234
272
256
258
316
334
346
316
288
238
232
240
226
218
196
170
170
192
228
270
300
312
314
314
312
308
312
310
314
314
316
314
314
322
316
310
314
316
314
314
314
312
310
310
312
310
308
314
314
308
300
308
318
328
324
320
316
324
328
326
328
330
330
328
328
328
334
334
334
334
328
330
332
338
332
334
334
334
334
334
332
332
330
332
332
336
336
334
328
332
338
338
340
330
332
336
338
336
330
326
324
318
324
324
292
282
280
268
256
240
232
232
234
228
222
220
240
270
296
310
314
314
292
256
218
204
228
258
272
274
328
362
366
346
366
336
320
306
304
310
282
268
254
222
200
186
170
166
182
200
230
248
224
228
234
244
260
238
186
198
218
258
258
236
214
210
220
204
214
200
168
162
168
172
186
216
248
272
300
314
314
312
314
312
312
310
310
312
314
314
312
314
314
314
316
312
310
314
314
316
320
316
314
310
312
310
310
310
314
316
314
318
322
316
314
320
320
320
318
320
322
326
326
328
330
330
328
330
334
330
328
334
328
332
330
332
334
330
336
338
334
334
336
336
334
334
336
338
330
330
336
340
340
338
336
338
336
338
336
334
334
332
324
318
320
278
274
282
278
262
246
236
232
240
254
284
314
334
344
336
328
326
320
324
324
316
292
256
228
216
206
214
238
230
220
236
214
210
210
204
206
200
194
196
196
206
212
222
216
196
176
172
170
168
170
174
176
160
150
152
164
154
148
150
156
160
168
178
178
178
194
220
244
262
280
296
304
310
312
314
312
310
314
312
314
314
314
312
314
318
314
312
310
314
314
316
312
310
308
310
312
314
314
314
312
310
310
310
312
314
314
312
314
316
316
316
314
310
322
322
322
324
322
324
326
328
334
328
328
332
328
328
330
330
332
332
334
332
332
334
336
334
332
334
336
340
336
336
336
330
330
338
340
340
338
338
334
338
338
332
332
334
336
326
314
298
272
270
270
262
260
264
280
298
316
340
338
338
336
334
328
326
326
318
316
316
312
316
322
314
308
296
276
262
262
262
262
266
276
272
276
274
276
292
304
304
306
312
310
304
294
290
282
274
266
264
260
256
258
254
262
276
278
278
276
280
282
286
290
292
290
300
300
302
304
302
302
306
308
308
314
314
312
312
314
314
314
316
314
314
318
314
314
312
316
314
314
310
312
310
312
316
314
314
312
310
312
310
306
310
308
312
316
316
314
312
312
314
314
318
324
322
326
322
326
328
328
330
326
324
326
326
328
328
330
328
328
330
330
336
336
332
332
332
338
336
338
336
334
338
334
332
332
338
338
340
338
338
338
336
334
334
334
328
322
318
316
318
322
328
328
326
336
346
336
340
340
328
336
336
336
332
332
326
326
318
312
306
306
310
304
302
306
308
308
314
312
318
316
312
310
304
308
308
306
310
302
302
306
304
296
296
296
296
300
296
302
300
302
302
298
298
294
296
294
294
294
296
298
296
294
298
296
296
298
302
302
306
310
310
308
310
312
314
314
314
318
316
318
312
312
314
316
316
316
316
314
312
312
312
314
314
314
314
312
312
310
308
308
306
310
310
314
318
312
312
314
308
310
316
318
320
320
322
322
322
322
328
326
324
324
324
324
324
328
330
332
330
326
328
332
330
330
330
334
334
334
336
338
336
340
338
336
334
338
336
338
336
334
332
332
338
338
334
330
324
322
324
326
326
330
334
330
334
334
330
334
328
334
336
336
330
332
332
328
320
316
318
312
308
312
308
308
306
300
302
306
310
312
312
308
308
308
310
310
308
306
302
304
306
304
296
298
300
298
300
296
298
298
302
298
296
298
296
296
296
298
296
296
300
300
298
302
302
302
304
310
310
310
312
312
312
312
310
316
314
312
316
316
314
314
312
312
316
316
312
312
310
310
310
316
310
312
312
312
310
312
310
306
306
308
