330
326
334
334
334
334
332
338
330
338
344
342
342
348
352
342
348
352
348
350
346
350
354
344
346
342
342
344
348
350
344
352
354
352
358
362
372
354
360
366
360
362
360
364
360
350
354
356
362
356
360
358
352
362
352
360
356
360
358
356
362
374
390
382
374
378
374
368
366
368
354
366
352
352
356
352
358
350
368
362
372
378
380
380
376
386
372
368
354
362
362
358
370
356
366
356
360
362
362
366
356
368
358
356
356
352
356
348
360
348
358
350
356
366
354
364
352
368
350
346
350
344
354
330
348
334
338
346
342
354
340
348
338
346
352
334
348
332
332
330
332
330
322
338
334
336
338
328
334
328
328
326
332
338
314
318
324
324
316
322
328
338
336
340
336
336
340
332
342
340
336
342
336
346
342
342
348
340
350
346
348
350
346
348
350
346
334
336
350
348
350
356
354
352
356
372
354
358
366
356
362
362
364
360
358
362
356
366
354
358
360
356
360
356
360
358
360
360
356
364
354
362
286
208
168
162
178
168
156
156
164
164
162
172
152
160
146
132
132
126
126
144
164
192
236
262
284
310
334
334
342
358
358
374
368
380
374
368
378
366
372
362
364
366
358
360
350
368
350
354
354
350
354
348
358
348
360
350
350
352
342
352
334
354
344
346
350
342
348
332
340
332
342
342
332
346
336
344
338
342
336
326
348
332
330
336
326
336
326
336
328
334
336
322
330
328
330
322
324
326
312
332
342
332
340
340
328
342
340
332
338
336
344
344
344
348
342
348
346
344
348
348
348
342
344
346
348
356
344
348
352
350
352
350
360
352
358
368
352
362
364
366
362
362
364
354
364
358
354
354
350
360
360
360
352
358
360
356
364
352
364
370
348
146
118
112
86
82
98
98
90
80
84
86
100
116
132
112
90
108
116
70
64
70
66
66
68
76
112
154
142
150
162
168
168
190
232
276
296
314
314
326
342
344
360
358
374
370
370
372
366
364
350
358
348
358
346
352
354
344
354
338
354
340
342
340
344
354
340
352
332
330
346
342
344
330
342
334
344
340
332
346
330
340
334
336
342
326
340
328
336
336
328
338
328
330
322
332
332
314
328
320
320
332
334
330
336
336
328
336
340
342
336
340
350
336
350
346
340
348
346
350
340
346
344
346
348
344
350
358
356
356
358
360
346
358
370
352
360
360
362
352
360
366
356
362
356
360
360
354
358
352
354
354
362
358
354
362
354
358
358
360
360
282
136
152
132
110
114
128
122
138
164
162
134
142
148
152
142
138
150
156
132
138
150
144
126
116
110
120
114
142
172
182
162
140
142
118
106
128
128
124
132
136
118
124
158
186
208
234
272
280
314
330
360
362
368
366
356
354
338
354
336
346
338
342
346
334
348
336
346
336
342
352
336
344
330
340
340
334
342
328
338
332
340
338
326
340
332
338
330
332
334
326
332
318
330
334
322
332
322
326
314
324
328
340
348
334
336
336
348
332
340
346
340
348
342
344
344
342
348
342
346
346
346
354
350
350
354
352
350
352
362
350
356
358
348
356
362
360
354
360
366
352
364
356
358
358
354
362
354
352
350
356
360
352
362
362
360
356
358
364
362
368
196
72
100
88
100
78
88
102
136
160
158
140
154
138
124
116
116
114
112
108
114
120
126
146
148
176
194
192
218
222
204
178
162
180
192
188
184
174
156
160
142
138
104
126
114
108
124
124
118
116
128
150
188
234
286
306
352
352
364
352
350
344
330
346
338
342
332
340
338
328
342
330
342
336
334
344
332
340
326
340
334
326
338
326
336
332
336
332
326
332
320
338
328
318
328
324
326
312
326
318
308
336
328
334
332
344
330
340
338
332
350
350
340
342
346
346
344
350
344
342
350
344
350
356
352
350
352
356
344
356
364
352
354
360
362
358
360
360
352
366
368
356
360
354
362
356
358
354
354
350
344
360
350
356
352
354
358
358
360
362
374
252
178
192
152
148
114
104
122
146
138
130
130
126
126
134
116
98
102
100
116
130
170
206
212
214
240
228
202
212
188
216
184
184
200
192
190
198
200
184
184
188
190
214
226
184
156
164
180
174
152
136
132
108
86
86
108
136
180
242
292
320
358
354
358
336
338
336
328
340
328
336
334
334
340
334
344
328
340
332
330
338
332
340
326
336
330
328
336
322
334
326
330
322
324
326
314
328
316
316
324
312
330
332
338
330
336
340
332
340
342
338
342
338
344
338
352
338
326
348
340
348
350
348
346
352
358
348
352
354
350
356
352
354
352
356
352
348
360
350
356
360
354
360
358
350
352
354
354
338
352
342
356
348
348
354
354
358
354
368
364
342
262
240
212
134
118
130
170
182
154
120
106
94
88
88
96
104
112
142
154
176
178
188
212
158
162
196
194
184
194
182
192
188
180
206
178
186
234
186
168
196
190
186
228
240
232
196
176
188
192
208
176
170
188
186
146
124
110
96
84
92
122
172
226
296
346
350
352
330
340
332
336
338
332
342
328
340
332
328
334
328
344
320
338
336
332
334
324
334
324
330
322
328
330
314
330
322
320
318
322
328
310
334
324
334
344
334
334
334
342
338
342
350
336
346
346
342
340
300
340
350
346
344
346
356
344
354
364
348
354
348
356
348
354
356
348
354
350
356
354
354
360
356
358
350
346
354
348
352
348
352
344
356
358
356
360
350
360
350
362
358
360
310
202
148
130
144
168
162
120
116
116
112
112
124
142
162
172
186
182
180
160
136
158
164
182
208
242
250
242
222
206
208
194
210
218
192
216
204
210
208
216
208
176
210
318
286
262
284
248
238
230
226
192
218
208
180
180
184
174
158
128
110
90
82
94
146
204
276
312
346
352
336
340
322
338
330
334
332
326
338
322
338
328
330
328
326
336
322
334
322
328
328
314
332
314
314
312
322
328
310
328
310
340
340
324
340
346
332
332
338
346
334
346
342
340
350
344
344
342
344
344
348
350
338
348
352
340
348
350
352
346
354
356
350
358
350
356
356
354
362
354
362
354
354
350
342
356
350
352
354
348
354
352
358
356
366
352
356
358
360
356
350
374
214
102
154
172
160
124
116
108
120
128
152
178
178
176
186
184
170
172
206
208
188
218
232
264
220
230
196
162
206
252
192
182
174
208
232
208
226
198
192
230
234
218
224
232
278
284
262
246
208
222
254
230
226
248
240
210
252
242
172
182
156
132
114
100
80
86
118
178
270
312
352
338
330
326
330
338
320
338
324
336
330
328
336
320
332
320
332
334
324
334
326
322
302
322
322
310
322
316
322
312
322
338
342
346
342
342
350
336
350
346
344
352
342
342
342
338
340
338
348
344
350
352
348
342
350
354
342
350
354
350
358
356
356
352
356
358
352
362
358
358
364
354
354
350
352
340
354
354
346
352
350
358
356
358
362
366
372
368
376
350
362
250
122
120
124
112
118
106
114
140
156
164
174
198
208
228
224
226
244
206
162
170
192
236
230
142
158
182
194
242
242
178
174
176
166
210
216
218
204
194
216
212
196
224
244
220
202
246
222
248
246
248
198
200
216
186
154
216
182
196
208
178
154
158
138
142
128
110
82
78
114
196
294
338
350
328
334
326
330
324
328
334
320
330
322
336
320
326
334
326
330
322
338
324
320
326
322
326
310
318
316
346
346
322
308
290
280
286
282
282
292
306
328
344
354
358
356
358
338
344
352
346
348
338
344
350
348
352
344
352
352
356
350
354
362
350
358
352
354
358
350
356
362
368
362
372
368
354
362
360
364
360
370
370
354
336
304
282
234
202
164
154
150
146
130
130
142
144
166
174
178
190
196
234
242
248
266
242
252
272
236
240
244
260
282
280
244
236
230
216
208
184
200
172
156
180
208
198
214
200
198
226
210
228
250
254
206
174
224
228
282
258
176
236
250
216
194
202
160
154
196
184
182
182
174
154
160
188
166
126
106
80
62
80
136
238
316
348
328
324
322
316
330
318
330
318
322
328
318
332
318
330
326
328
326
320
326
310
322
318
316
320
196
138
96
74
74
64
62
68
68
72
90
102
124
170
224
272
316
352
354
364
354
354
336
350
366
350
350
352
352
348
356
360
352
360
348
358
364
350
354
358
360
356
336
284
264
302
328
342
332
328
318
280
226
174
140
120
114
128
144
162
150
182
172
162
216
228
232
264
258
242
246
252
282
278
280
296
290
282
282
262
238
228
268
286
298
268
242
198
174
158
170
196
200
192
182
214
212
212
216
176
220
190
232
250
258
212
222
224
266
282
250
240
238
240
244
220
220
184
182
186
172
178
166
148
154
180
170
158
162
138
122
104
82
62
66
104
190
306
338
330
316
328
318
326
322
316
330
320
330
322
326
322
324
328
310
324
312
316
316
312
322
256
188
134
84
34
38
34
30
28
28
32
26
24
24
26
40
68
134
184
258
314
346
364
354
354
352
354
338
344
352
346
354
350
352
348
348
354
356
358
350
364
286
134
82
118
144
130
140
136
138
130
120
122
166
186
180
188
222
246
234
232
204
216
280
260
280
300
296
278
282
286
306
304
276
262
234
252
272
242
210
208
198
220
220
202
204
186
188
194
168
180
216
208
188
188
200
226
230
214
168
180
214
228
222
202
206
194
194
294
248
270
290
270
232
252
254
228
214
206
188
202
212
186
166
172
180
186
184
178
148
138
120
108
104
100
76
54
98
190
300
330
332
322
320
324
312
328
314
316
320
322
332
314
326
312
320
314
312
312
306
322
342
340
232
98
34
40
28
26
40
34
34
32
28
32
38
32
30
26
26
44
102
168
242
274
308
326
346
360
356
362
354
354
354
350
348
352
358
344
360
374
348
196
86
102
142
140
134
150
154
170
196
234
256
258
242
222
222
240
246
246
270
260
272
296
286
280
304
296
272
244
230
202
186
190
172
188
204
196
212
190
234
236
196
208
194
172
208
196
206
224
216
194
210
208
188
208
230
236
208
184
200
178
200
246
258
204
190
228
226
288
214
284
284
274
296
252
218
246
206
206
212
214
208
206
208
170
156
164
164
148
148
148
136
122
128
134
100
74
56
86
200
298
340
320
326
312
324
314
320
324
308
324
316
316
308
314
320
310
314
302
318
310
326
268
124
56
44
46
50
46
50
52
68
78
54
38
40
50
54
52
46
42
44
62
72
100
132
184
228
236
274
312
322
334
348
358
348
360
356
330
304
242
160
144
172
178
162
186
196
210
198
214
230
206
194
184
212
220
238
212
248
256
228
220
202
220
242
238
224
204
188
182
164
178
192
172
220
220
216
244
222
222
236
228
234
234
226
244
262
246
210
244
282
226
250
224
202
226
242
230
252
256
198
242
276
248
276
300
278
202
344
300
296
292
276
270
256
272
246
230
228
250
234
214
220
192
208
198
186
154
152
170
142
114
90
96
98
80
72
62
48
32
76
206
298
334
310
314
316
308
318
310
316
304
314
316
306
312
302
312
306
314
328
320
326
322
256
144
62
46
32
30
58
86
80
78
68
66
60
60
64
66
62
56
48
44
38
34
74
122
80
76
88
108
124
132
190
208
196
190
176
150
132
168
140
160
172
176
176
204
192
194
206
212
168
164
188
230
240
216
216
200
204
206
208
206
198
210
218
238
238
230
226
202
212
230
230
238
256
242
250
250
238
248
256
266
294
270
262
298
296
274
260
286
232
260
276
246
266
268
220
240
286
258
242
288
238
254
314
296
260
306
248
226
296
282
258
220
262
266
256
232
204
218
218
222
200
216
204
194
200
204
166
100
72
64
58
52
50
56
50
52
46
36
34
94
220
318
320
310
306
320
298
316
314
306
310
306
318
298
310
306
314
318
322
322
326
340
300
222
102
44
20
28
32
38
70
92
96
98
88
74
78
72
68
66
66
76
122
176
194
190
194
168
150
142
136
172
190
166
180
214
190
194
204
208
198
186
184
206
222
210
196
190
204
196
214
230
206
240
242
224
214
218
234
210
228
228
224
270
274
254
224
240
234
212
246
256
242
250
232
248
262
258
260
272
284
306
302
282
254
280
298
254
250
268
248
260
264
264
270
240
246
296
312
284
276
286
298
252
258
270
274
282
284
268
256
278
294
288
254
250
236
180
186
246
244
250
190
240
244
200
136
82
60
62
60
60
58
52
50
52
60
64
58
46
42
46
124
242
322
312
316
306
310
308
308
312
302
314
304
310
304
300
324
320
330
322
328
322
306
270
170
72
28
30
50
36
46
58
86
100
102
94
86
78
76
92
188
262
284
294
264
250
262
242
262
258
256
274
252
256
274
278
236
220
192
202
196
186
212
210
208
216
226
228
222
212
224
220
250
254
226
276
254
228
218
212
276
266
274
246
226
254
250
222
218
234
238
238
256
272
278
252
246
242
266
262
274
316
286
234
260
250
270
268
244
264
246
244
250
268
248
230
258
284
284
314
310
282
270
256
234
248
268
260
282
248
286
258
252
264
264
266
210
226
234
266
276
238
250
224
106
50
56
58
56
66
56
94
130
110
58
42
54
50
52
48
40
34
56
132
228
304
320
310
310
300
314
304
314
308
306
312
298
332
320
320
320
316
316
312
314
300
254
98
28
42
62
72
68
62
68
88
100
106
100
96
142
196
226
230
242
250
230
278
290
252
254
258
282
292
252
198
226
236
252
202
218
248
254
244
228
222
260
264
200
248
248
256
278
272
248
236
260
262
234
196
204
296
302
280
284
278
294
274
268
270
276
266
254
268
274
320
290
264
276
280
268
310
290
282
298
264
270
312
278
258
288
268
270
302
310
270
270
284
266
286
330
296
268
294
266
250
258
236
238
264
286
266
216
258
264
270
250
224
218
256
246
228
208
166
116
54
58
64
58
82
80
68
82
134
128
104
96
104
88
84
74
60
52
60
54
64
136
242
288
318
300
308
296
302
306
304
316
286
334
320
324
320
316
328
318
322
318
304
280
150
30
42
64
66
62
62
72
102
126
110
108
94
100
120
138
132
220
222
282
312
262
290
296
278
244
220
228
244
256
274
262
268
270
304
246
230
278
268
226
168
242
306
286
284
272
252
246
236
272
264
250
258
318
310
292
298
292
286
304
276
256
294
292
304
294
282
306
324
322
294
278
290
298
282
286
292
276
300
314
308
290
312
314
296
294
326
252
270
306
300
288
282
298
284
288
310
274
254
262
266
262
290
252
250
266
266
242
254
276
276
246
234
220
210
122
46
54
70
58
68
78
66
72
76
88
82
94
118
126
118
106
100
116
86
58
54
50
42
70
132
226
278
310
302
298
304
288
306
290
326
312
312
326
314
326
318
312
320
314
334
278
142
68
56
44
36
58
78
124
136
110
136
114
120
172
152
152
200
200
272
302
288
274
278
242
226
234
238
226
248
248
252
236
240
224
240
246
240
260
238
200
242
300
278
264
252
260
256
266
250
242
280
292
308
298
324
286
260
296
292
282
284
286
304
304
288
308
306
320
302
280
304
300
288
272
306
310
314
326
316
306
338
362
392
382
398
372
328
318
320
312
304
290
286
284
290
306
288
276
262
280
306
294
282
310
292
270
246
288
298
332
302
290
276
168
70
56
70
60
60
76
70
70
86
94
72
60
72
78
98
116
114
84
104
98
80
62
64
58
66
66
68
104
152
292
298
302
290
296
288
310
322
316
322
316
308
318
316
322
308
308
124
34
28
30
34
46
64
106
164
118
120
136
122
112
150
140
194
202
234
272
198
176
194
198
190
222
226
200
192
210
184
202
214
184
194
212
216
214
234
236
236
232
242
244
230
234
244
238
244
200
230
216
248
288
258
292
268
284
278
280
312
306
296
290
282
296
306
292
310
310
298
326
298
288
312
318
292
328
306
320
288
314
358
376
430
486
482
410
302
354
332
302
286
290
278
264
304
306
318
302
280
314
298
298
260
294
262
250
304
332
364
332
258
156
68
54
74
68
62
78
70
62
76
66
70
58
58
56
52
64
86
88
102
120
114
72
64
66
46
54
60
62
70
46
98
264
310
280
294
302
306
324
314
314
312
306
316
312
322
326
284
82
30
16
20
34
46
62
130
234
118
108
112
96
78
128
122
152
162
166
194
146
168
172
196
210
266
268
248
202
214
214
208
190
178
206
196
208
224
230
240
242
230
216
224
224
228
240
256
256
232
184
168
210
256
238
240
248
268
272
286
282
270
264
276
280
274
270
302
306
322
326
316
308
300
326
320
292
298
320
342
340
270
322
336
330
364
404
388
316
322
302
288
302
290
292
296
308
294
276
284
270
294
284
262
238
270
270
266
308
356
352
312
174
84
102
68
82
80
82
122
100
104
90
64
68
98
92
66
58
48
56
66
82
96
68
54
44
26
26
20
40
74
74
78
62
150
300
296
292
298
318
310
308
306
314
314
322
322
308
328
322
214
68
22
18
34
54
70
152
176
86
92
88
84
78
80
110
124
198
154
136
150
170
162
168
168
186
198
232
260
248
268
254
214
182
218
220
208
240
238
232
240
246
232
226
212
228
242
226
248
222
160
180
240
258
248
238
242
264
246
260
262
264
238
250
258
242
266
278
272
262
290
286
290
284
302
306
334
320
304
312
354
334
296
294
302
318
308
334
354
332
316
272
310
296
302
304
290
306
290
310
332
312
290
292
298
254
256
270
246
284
294
220
100
108
96
82
82
74
94
134
164
124
72
68
70
136
92
78
76
74
74
60
60
66
38
44
46
26
24
22
36
52
62
62
94
230
298
288
284
306
332
312
322
316
324
320
312
324
316
352
214
26
0
14
28
46
74
88
82
68
80
80
76
74
70
58
50
58
94
134
152
150
158
170
188
182
168
188
264
260
238
254
246
240
216
200
196
178
194
212
220
208
204
226
226
210
228
224
214
212
222
228
240
256
238
226
252
210
216
244
238
232
216
220
230
244
242
254
256
246
236
252
272
258
256
278
282
276
284
288
286
302
292
208
230
324
332
332
308
342
338
308
320
308
320
316
318
328
342
316
356
342
308
278
294
284
262
258
230
246
206
160
122
68
82
92
96
82
86
126
148
132
110
98
86
72
76
82
88
94
98
76
56
62
64
34
24
42
26
30
38
34
62
100
86
112
190
140
210
280
296
332
314
320
320
312
326
314
330
308
198
24
4
6
26
48
76
90
88
84
74
76
82
78
74
66
56
46
48
60
78
120
182
238
202
134
126
112
136
156
178
170
180
194
200
192
230
230
206
192
180
176
180
196
198
202
206
200
220
216
204
212
232
238
238
218
220
240
200
196
218
204
204
204
196
202
222
240
220
226
250
246
226
236
262
244
256
284
266
280
266
264
308
284
208
292
310
292
312
320
334
322
290
328
332
310
314
298
308
308
322
330
318
278
276
272
274
288
230
220
206
170
136
98
72
102
108
90
86
98
100
76
70
92
68
84
94
86
66
68
76
74
78
80
84
84
88
58
36
34
42
72
102
120
138
114
94
88
108
244
280
278
328
318
306
318
316
314
314
320
194
52
72
74
102
88
102
100
98
80
76
74
76
74
66
60
50
48
46
52
56
112
224
262
216
76
98
100
106
124
112
144
174
170
178
186
158
168
214
216
192
202
184
174
190
192
188
188
178
204
208
194
204
216
200
206
184
190
204
200
192
188
182
204
220
200
204
214
238
214
224
238
234
232
244
258
242
258
286
294
272
248
260
270
270
252
258
290
264
286
290
288
302
314
294
278
308
272
282
286
254
288
308
278
236
266
268
266
284
210
226
150
156
136
106
92
118
134
158
114
108
68
72
98
108
88
82
104
100
88
86
68
56
62
76
106
112
112
94
60
62
90
130
134
126
148
138
128
120
206
286
270
278
300
316
318
322
314
312
320
312
252
148
126
72
56
46
62
70
74
80
76
74
70
60
54
44
42
44
42
58
162
236
262
276
86
34
84
96
112
140
136
122
138
148
180
162
194
170
180
192
186
194
184
178
180
190
176
188
188
186
188
192
186
194
202
192
198
194
188
192
196
202
220
222
222
214
210
228
222
220
230
244
226
230
264
264
228
242
258
282
258
252
262
268
264
290
278
248
258
282
276
262
242
242
296
322
318
288
298
252
234
266
284
276
242
252
244
226
172
188
214
130
134
122
108
100
130
128
110
118
124
82
68
104
120
108
102
130
128
114
120
110
70
68
56
64
64
60
66
56
68
126
138
130
146
156
164
146
162
256
274
268
270
306
312
310
312
312
306
326
208
46
18
16
32
46
54
66
80
80
72
72
64
58
54
48
42
54
44
102
192
270
286
300
312
112
20
44
68
84
114
138
126
118
138
192
184
162
192
194
206
174
148
156
170
162
166
178
178
182
188
188
174
170
178
176
166
192
186
170
186
198
208
238
238
212
226
238
218
206
230
234
216
202
226
244
228
232
244
230
228
248
250
268
244
224
234
242
200
212
258
258
232
254
274
276
272
250
258
228
220
240
230
218
216
208
202
230
234
178
204
206
152
140
156
136
106
140
112
82
80
82
104
110
98
108
100
108
160
160
130
120
148
116
102
110
114
116
106
116
148
144
150
156
152
154
158
136
136
230
264
262
268
262
314
314
314
306
316
316
308
194
116
60
34
34
44
62
72
72
72
74
64
60
56
44
40
54
60
124
256
300
310
314
318
314
264
88
32
46
58
82
98
102
114
130
136
172
178
214
178
200
196
146
154
184
164
162
162
166
182
196
194
168
172
164
168
178
174
166
182
186
194
214
230
226
220
230
246
216
216
228
216
200
230
220
224
246
254
238
224
220
220
238
228
212
244
212
210
204
202
216
224
208
236
262
224
224
218
230
228
214
210
218
178
168
200
198
214
252
174
178
158
154
116
132
126
98
122
100
86
102
98
106
140
162
162
156
160
166
154
120
106
128
120
110
134
156
154
144
128
136
132
132
140
148
124
114
156
232
258
254
258
262
256
318
306
316
298
318
310
200
48
18
8
18
32
50
66
78
78
76
64
54
48
42
42
52
78
180
282
316
316
322
312
320
312
324
166
54
62
44
64
82
96
106
118
128
126
190
206
176
168
198
200
166
164
164
162
170
184
178
168
158
172
184
170
178
190
162
154
166
176
178
198
216
208
212
226
220
194
208
220
216
240
254
212
224
256
236
214
212
218
216
220
198
214
246
236
228
220
204
206
184
186
204
226
212
220
240
224
174
164
164
170
162
168
160
158
182
222
172
152
164
152
146
120
96
76
94
106
106
132
140
134
114
132
150
166
186
176
154
116
108
104
108
120
128
136
122
114
112
130
136
130
100
96
152
212
254
246
244
246
246
258
250
318
296
308
308
318
242
84
4
8
18
32
44
54
70
72
70
66
56
44
38
42
68
128
230
306
314
322
314
322
314
322
306
326
288
128
40
32
50
58
74
96
116
124
128
118
150
174
194
184
184
234
212
160
152
160
156
154
162
182
186
156
162
172
182
176
166
182
196
178
178
190
192
210
218
206
222
210
212
228
236
232
208
212
222
208
178
186
202
194
182
190
208
230
222
190
218
206
198
162
200
198
182
156
210
250
174
142
166
192
192
178
170
186
180
190
198
186
150
134
132
150
138
104
78
78
96
114
100
98
136
172
170
150
128
138
144
120
120
126
128
124
130
140
142
146
140
146
134
98
94
150
202
256
244
240
242
240
246
240
252
252
310
306
304
306
196
24
0
10
36
40
42
54
56
58
62
58
52
42
38
52
94
186
288
308
328
310
318
314
322
314
318
316
312
330
208
78
22
32
46
58
78
96
104
118
124
114
130
186
232
216
222
258
244
176
136
142
164
172
176
170
158
168
188
178
192
196
190
200
196
192
190
192
200
196
194
208
218
198
200
214
204
194
196
202
192
184
194
194
172
168
182
186
208
186
194
198
186
166
178
200
168
162
168
170
188
164
124
142
138
108
88
78
70
66
62
68
68
64
62
62
66
78
82
86
86
84
86
82
84
82
100
146
182
194
186
160
148
148
156
160
174
176
164
146
120
86
76
92
158
216
254
240
240
236
240
244
242
248
246
248
244
298
304
304
254
158
150
146
104
70
48
30
46
64
64
52
42
34
40
72
150
258
298
324
312
318
310
320
304
318
320
304
318
310
332
284
236
64
22
28
46
50
58
70
94
114
122
116
108
180
250
224
236
242
242
196
154
166
162
166
162
168
186
184
192
202
198
200
204
192
186
190
188
188
190
186
194
190
180
182
192
202
200
210
192
188
194
190
180
172
186
188
184
172
186
196
180
172
168
188
194
148
134
120
98
68
48
36
32
26
22
26
24
24
26
28
26
26
28
32
38
40
46
52
56
56
60
70
80
96
114
152
162
154
142
154
154
140
132
142
138
142
128
90
52
70
122
190
232
248
230
242
230
240
240
240
248
238
248
234
250
252
292
304
266
214
128
96
58
42
38
64
86
80
68
44
34
52
84
140
232
284
320
312
314
310
318
310
314
318
302
320
312
318
304
316
320
288
206
128
80
34
38
46
52
64
84
102
126
122
106
154
166
214
200
186
224
234
198
180
160
160
176
164
164
180
186
182
200
192
190
184
184
178
170
174
180
198
212
198
196
206
208
214
212
224
224
206
202
194
196
200
194
192
194
208
232
212
178
182
178
188
170
134
124
114
104
90
68
50
42
36
30
28
30
30
32
34
34
36
34
34
38
42
50
60
78
96
116
132
126
148
166
162
148
130
136
138
136
136
126
102
84
76
102
158
214
242
242
230
238
232
238
236
236
242
242
246
236
246
244
248
248
292
288
174
94
104
106
110
84
92
72
58
42
44
74
118
178
240
284
322
304
314
310
314
308
314
316
306
324
310
320
306
314
306
310
316
306
306
218
208
40
28
32
34
48
66
118
112
110
96
94
110
168
228
228
236
224
248
226
188
174
154
146
156
158
144
156
180
176
162
152
148
156
166
182
192
202
206
204
216
214
222
228
230
238
244
254
250
236
232
214
230
238
242
244
260
240
220
216
218
212
218
230
216
206
222
228
204
172
176
160
116
92
84
68
60
58
56
60
62
64
72
86
110
156
170
182
194
192
178
160
152
150
142
150
148
126
96
76
74
102
162
216
230
246
236
226
236
230
240
232
238
238
242
246
236
246
242
244
244
246
262
302
284
306
230
130
88
68
46
56
78
106
142
178
216
264
290
316
296
310
304
308
306
312
320
302
320
308
322
308
310
310
310
318
294
310
302
322
304
278
174
124
146
148
176
124
102
62
70
84
94
102
100
244
228
200
180
186
194
204
212
178
148
124
126
128
136
148
148
148
152
162
184
214
218
200
184
196
202
214
228
246
256
260
262
260
268
268
260
256
252
258
260
268
278
258
252
254
246
260
258
240
242
234
218
226
220
214
208
214
210
204
204
196
168
150
154
150
136
136
140
150
166
168
162
162
166
172
172
164
150
152
150
136
106
74
78
104
154
198
236
230
236
230
226
230
228
238
232
244
228
240
246
238
250
250
254
242
252
254
244
264
314
288
294
248
170
140
160
182
204
236
246
264
282
296
314
290
308
306
304
306
310
316
300
322
308
316
312
308
308
304
314
292
310
298
310
296
308
316
288
258
214
264
170
102
44
36
54
72
78
86
92
96
132
146
102
104
112
118
148
150
128
122
120
136
144
152
158
174
194
192
200
222
236
234
226
222
204
174
136
128
156
172
190
212
212
232
256
240
240
246
240
234
238
236
234
224
216
218
226
238
236
224
212
212
204
208
200
200
196
182
192
192
192
178
178
182
178
170
156
160
160
154
158
150
148
150
150
144
138
124
102
82
78
132
170
218
230
244
228
232
228
228
238
234
236
224
240
230
238
238
236
244
244
252
242
262
258
250
260
256
268
310
292
306
306
300
318
290
292
288
292
292
300
316
284
304
304
306
302
310
318
302
318
308
316
312
310
314
300
316
294
314
296
290
304
304
314
298
314
298
312
304
248
16
10
28
40
56
60
68
72
76
82
86
104
86
54
54
50
60
68
92
128
150
148
140
138
126
130
160
168
194
224
250
252
252
246
238
234
216
194
176
158
140
122
112
120
130
144
150
166
160
160
162
198
206
196
180
184
196
200
208
208
186
184
182
178
180
176
170
160
154
156
154
154
154
148
154
160
158
162
164
168
168
164
142
130
112
86
76
80
108
166
208
246
244
246
226
234
230
230
226
232
240
230
240
228
236
242
242
242
244
254
240
260
256
252
254
256
268
250
280
302
302
290
308
284
302
294
296
300
302
316
288
304
292
300
306
300
310
298
320
306
314
312
306
310
302
322
294
314
304
308
298
308
320
288
310
294
310
292
312
324
180
4
24
28
38
46
50
58
62
64
64
64
54
98
130
64
46
48
76
144
214
248
250
252
224
228
188
178
152
142
118
140
168
196
222
242
256
254
262
262
254
238
228
216
196
168
166
162
156
148
142
138
154
170
168
162
180
184
188
192
188
168
164
158
160
152
152
154
154
160
162
166
170
172
172
176
172
162
152
140
124
106
90
84
90
116
138
184
222
236
238
234
240
226
244
234
238
236
236
236
228
242
226
242
238
240
238
242
254
236
262
252
256
252
258
264
254
280
260
272
284
312
282
294
298
302
298
296
308
290
308
302
300
304
304
308
292
314
300
308
312
306
306
302
314
292
314
302
304
302
298
312
284
306
290
306
294
304
298
300
330
138
2
18
26
38
42
44
48
54
48
50
46
34
156
164
62
88
148
228
292
278
282
270
280
258
266
266
260
258
250
250
204
194
156
154
132
150
146
162
164
186
204
218
250
242
248
248
260
262
250
244
238
238
214
198
200
206
208
202
198
190
192
184
180
184
172
170
160
162
160
146
128
118
112
106
88
92
92
100
112
126
152
178
218
220
244
242
238
234
234
240
224
242
232
240
234
238
236
232
246
226
242
236
248
238
244
254
238
256
254
262
250
262
260
254
276
264
272
268
274
282
296
296
296
300
294
306
284
304
302
302
302
302
310
290
312
296
302
308
302
310
294
316
296
310
304
306
304
306
312
290
312
290
302
296
302
298
292
310
308
300
64
10
22
30
38
38
40
40
46
64
52
42
44
56
84
156
244
296
284
284
270
280
258
268
262
258
256
256
262
254
278
270
288
284
288
260
254
242
216
208
194
182
138
152
142
148
122
140
138
136
134
140
148
128
148
138
148
140
146
144
136
142
124
124
108
104
98
108
112
114
132
138
156
158
190
190
206
230
234
246
240
254
234
246
240
236
232
234
240
232
244
234
242
234
242
240
236
250
234
246
238
252
232
248
250
244
256
250
266
250
268
262
260
272
262
274
264
278
268
264
298
294
296
296
308
282
304
300
300
300
298
304
292
314
308
302
304
296
310
296
316
294
302
304
296
300
300
308
294
312
292
298
300
300
300
290
308
290
324
258
138
12
26
34
34
34
36
36
40
46
58
58
92
118
164
240
294
286
286
276
284
262
278
272
264
272
262
270
256
276
268
278
264
282
268
278
288
272
282
272
292
266
292
280
272
258
260
254
234
250
232
228
214
224
208
212
196
182
178
186
196
170
188
186
200
204
222
228
222
242
242
256
248
264
250
254
252
242
242
236
248
226
244
238
240
234
238
246
228
248
240
248
234
248
242
242
252
238
252
240
256
234
254
258
248
254
258
266
244
270
264
266
268
262
276
266
282
264
278
282
262
302
300
312
282
304
296
294
300
294
312
296
312
296
300
312
300
306
298
312
292
308
304
296
300
294
300
282
306
296
302
304
298
296
284
310
284
306
282
170
18
2
20
26
26
32
38
56
66
92
96
118
160
206
256
294
280
290
280
292
264
282
278
264
266
262
278
262
288
270
280
274
286
268
276
288
270
276
270
286
262
288
272
276
274
274
274
262
276
262
270
260
278
262
276
276
272
268
262
280
256
278
262
268
250
266
268
256
262
248
262
246
256
242
248
256
250
246
240
252
230
250
242
250
236
244
252
234
252
242
252
236
254
242
246
256
246
252
244
266
238
256
254
254
252
254
274
250
272
260
268
268
268
272
260
284
262
280
276
268
276
264
312
286
302
290
292
298
294
300
288
308
296
304
304
298
304
304
316
286
302
306
296
296
290
302
286
306
294
298
300
298
298
284
308
282
304
290
300
272
164
60
60
72
90
120
136
170
172
168
188
224
242
270
302
276
286
276
286
264
276
278
272
274
260
272
270
296
278
290
276
286
274
280
284
272
282
270
280
264
286
278
276
272
278
278
260
282
264
282
260
276
264
264
276
266
264
256
272
248
274
258
260
252
270
266
250
264
258
264
246
266
248
252
254
250
248
242
264
232
252
248
254
242
254
256
242
256
242
260
242
258
242
250
258
248
256
252
270
236
264
260
258
250
258
270
248
272
260
274
264
274
268
262
284
256
276
278
262
268
274
284
252
308
296
298
306
296
302
298
314
290
300
300
286
290
280
300
280
296
302
294
304
296
310
296
318
296
300
304
294
296
278
300
270
292
280
292
286
296
300
226
234
208
210
192
246
222
256
258
268
278
276
296
266
288
282
286
272
280
282
278
282
274
280
270
286
276
282
276
284
280
274
296
272
288
276
300
272
292
286
284
282
282
278
270
286
266
278
256
272
262
272
270
256
268
264
284
256
280
272
278
260
274
270
260
270
264
266
250
264
246
262
258
250
254
260
270
242
266
260
262
248
258
264
250
266
248
256
238
256
242
250
256
246
254
252
276
240
268
266
268
262
268
274
260
278
260
272
258
266
268
258
274
250
274
276
282
264
278
290
268
290
268
