344
340
344
336
348
340
356
346
348
344
352
346
364
354
362
346
358
346
360
350
364
346
362
360
362
360
366
354
358
352
354
360
360
364
360
366
366
370
364
370
360
366
362
364
364
362
370
368
376
378
376
366
374
370
372
366
366
370
360
374
368
384
380
382
378
370
378
364
372
366
374
362
368
340
328
330
318
328
334
356
368
386
390
374
378
374
386
384
382
372
368
376
364
374
364
368
382
378
384
382
382
370
370
378
356
372
372
376
384
384
388
384
378
378
376
370
372
372
370
378
386
378
384
382
378
376
374
368
376
368
374
378
378
386
380
380
376
372
374
372
374
372
374
376
378
380
380
376
372
370
368
368
372
374
374
374
376
374
370
368
370
332
344
336
352
342
354
348
358
350
354
348
358
350
364
366
360
358
358
360
354
358
358
362
348
364
356
364
354
370
358
368
338
366
362
368
362
360
362
360
366
360
372
368
376
366
372
364
376
374
370
368
372
374
372
376
368
376
366
378
372
372
374
370
374
370
376
366
376
376
378
376
318
230
146
100
108
122
124
124
140
186
254
304
376
390
384
380
368
376
376
382
374
374
376
372
380
374
376
378
370
376
374
378
380
382
380
376
378
374
376
378
372
378
374
374
380
382
378
378
380
376
372
378
376
374
376
372
378
374
370
378
374
376
372
370
374
374
378
382
378
376
378
374
376
376
374
380
374
376
378
374
376
376
372
374
376
374
372
372
370
378
336
352
342
356
342
356
344
362
346
360
348
366
322
262
274
332
354
374
358
364
354
366
358
362
360
356
358
362
368
360
364
362
372
362
372
364
370
360
366
364
368
368
366
368
364
368
364
372
366
374
366
372
364
370
374
370
374
374
378
370
378
374
374
368
372
372
368
380
370
380
362
362
324
278
198
118
84
96
86
80
84
86
98
162
260
332
378
392
390
374
380
374
376
378
378
374
374
378
372
374
378
372
378
376
376
376
374
378
378
380
376
380
380
370
380
374
378
380
378
376
374
380
376
374
378
374
376
374
374
376
378
374
380
376
374
378
374
382
380
376
382
374
374
376
374
378
378
374
380
378
374
378
378
374
376
370
372
376
374
376
378
348
348
356
348
350
352
352
354
352
358
358
360
332
138
60
124
216
304
348
378
354
366
354
370
354
366
354
364
360
368
362
368
364
364
364
368
374
364
368
362
370
360
366
368
370
364
374
368
370
370
370
372
370
376
372
374
364
378
374
370
370
370
374
364
374
366
378
374
368
372
362
366
350
352
328
296
198
108
108
94
86
84
84
74
78
98
156
232
316
354
376
392
388
376
382
376
376
374
372
374
372
374
372
374
380
372
378
378
380
374
374
380
376
376
378
376
382
378
382
380
376
378
378
376
378
376
384
380
376
378
376
380
376
378
376
376
380
384
380
384
378
372
380
374
376
376
374
376
378
374
376
376
374
374
372
374
374
374
376
378
370
358
338
366
346
364
344
356
342
366
352
360
360
228
200
120
40
46
104
180
290
366
370
360
362
362
366
358
364
352
364
360
370
364
368
358
368
366
372
358
368
366
370
372
360
372
376
378
362
370
368
368
368
374
374
374
374
370
374
364
372
364
376
372
372
374
368
378
370
378
368
376
366
360
360
338
334
324
236
104
110
102
102
90
88
84
64
54
56
92
130
192
270
320
352
388
396
392
378
376
378
370
376
372
376
378
376
380
376
384
378
376
382
376
382
374
384
384
376
378
378
378
378
376
378
378
376
372
378
382
376
380
380
374
380
376
376
378
374
376
378
376
380
374
376
378
376
374
378
376
378
378
378
382
376
378
380
374
380
382
378
376
350
348
354
348
352
348
358
354
360
350
362
332
178
100
144
100
46
32
44
86
202
332
380
360
368
360
370
360
366
360
368
366
366
368
362
370
364
376
370
372
364
374
364
364
368
370
368
368
374
372
374
368
378
368
372
368
372
372
372
376
368
376
370
376
366
372
372
370
372
368
374
364
372
360
362
340
330
336
210
78
74
98
130
116
130
120
92
72
66
76
86
88
102
142
202
266
330
374
398
390
386
378
376
376
378
378
380
382
382
374
382
378
380
380
380
382
376
380
378
378
384
380
380
384
376
380
376
374
382
378
378
378
380
378
376
376
376
376
376
376
378
380
376
378
380
376
380
376
378
380
376
380
380
380
378
378
380
380
378
382
384
342
360
346
358
348
362
348
362
350
360
366
266
100
76
70
58
54
44
38
36
48
122
272
358
380
356
368
362
368
358
368
362
368
360
368
370
370
368
366
372
368
372
358
370
364
372
368
372
364
366
366
368
378
368
374
364
376
368
376
372
372
370
368
374
368
372
368
378
370
370
370
368
372
366
368
352
366
310
152
82
70
66
94
128
120
138
142
144
140
124
118
116
110
98
88
86
102
182
254
284
340
370
384
392
398
402
396
396
388
380
386
380
382
376
382
380
378
382
380
380
378
378
382
380
380
382
376
380
378
378
380
376
370
374
380
380
374
378
380
378
378
378
376
378
378
376
378
376
376
376
378
380
382
380
380
380
378
378
378
380
378
346
360
350
362
348
360
352
360
352
364
358
310
170
112
64
42
44
44
40
42
40
36
74
192
346
374
364
364
364
366
368
360
364
360
366
362
366
362
374
368
370
370
368
368
366
372
364
372
368
374
364
374
366
372
370
370
372
370
376
368
376
368
376
372
366
366
364
372
366
374
360
370
364
368
366
362
374
222
82
72
70
64
72
96
126
144
144
140
146
142
130
104
110
108
116
132
148
170
192
174
144
164
170
188
218
262
282
310
322
354
374
386
402
398
396
390
386
378
376
380
380
382
382
380
380
378
378
382
376
380
380
374
378
374
378
380
372
378
380
380
384
382
376
380
376
374
376
378
382
376
376
380
380
376
380
378
380
380
378
380
378
356
354
354
354
356
358
360
356
362
358
370
300
164
160
156
118
66
46
40
40
40
42
42
54
140
324
368
364
358
370
362
360
360
364
362
364
364
362
370
370
370
358
370
360
370
360
366
366
368
368
368
374
370
378
368
372
368
370
370
368
370
366
372
362
366
364
372
370
370
372
368
372
364
374
372
380
276
142
84
72
68
66
74
78
96
96
120
110
122
116
128
138
152
174
202
238
254
232
256
266
246
198
172
164
152
130
110
100
94
126
142
172
194
230
272
304
348
368
390
400
396
396
386
382
382
380
378
378
384
384
376
378
380
378
386
380
376
378
376
382
382
376
376
376
376
378
374
376
378
374
372
366
376
378
378
382
382
382
384
376
374
360
346
364
352
362
354
364
354
364
356
370
366
226
84
82
100
104
96
62
50
52
48
46
44
50
114
266
366
358
362
358
364
350
368
360
370
362
366
368
368
364
372
368
364
364
360
372
364
374
364
374
364
370
368
376
376
364
370
360
374
364
364
368
368
370
360
376
366
372
366
372
370
362
378
366
292
138
86
82
86
82
82
92
102
100
146
178
190
180
176
216
228
208
226
250
218
232
240
230
232
214
230
216
208
200
168
180
168
152
134
140
134
114
80
76
86
104
124
164
228
280
328
370
396
404
400
386
380
382
380
380
384
378
380
378
380
376
376
376
380
374
374
378
372
378
378
378
378
376
376
380
376
376
382
380
378
378
380
384
372
378
358
350
356
358
364
356
360
360
368
360
364
374
256
122
120
70
36
48
70
68
58
60
56
46
48
46
102
220
340
364
360
360
358
362
358
364
366
370
358
370
360
368
358
368
364
368
368
364
372
366
374
362
376
364
372
368
368
368
366
374
364
372
366
372
362
370
372
366
374
364
374
372
394
354
242
118
100
102
108
116
120
142
150
156
170
200
200
190
194
194
204
214
216
212
220
204
208
206
200
200
196
176
192
206
192
202
206
194
190
180
176
172
164
144
132
128
108
102
96
80
70
90
126
178
238
312
374
398
398
384
378
378
378
378
380
380
378
374
378
376
374
378
376
378
382
376
382
374
372
378
378
382
380
378
378
376
376
380
376
378
382
352
362
352
358
358
366
356
362
360
366
360
370
326
120
58
62
42
36
38
56
66
64
56
52
50
54
50
78
180
308
374
350
368
360
372
358
364
362
364
370
364
366
362
372
362
372
360
372
364
370
360
370
370
364
368
360
368
362
374
368
370
370
364
370
366
380
374
384
384
382
380
330
228
144
112
112
106
114
138
162
162
164
176
164
154
174
178
174
172
178
190
180
198
200
172
192
188
196
182
184
200
172
186
208
202
212
222
228
200
202
192
192
176
198
188
166
158
156
140
120
126
118
110
74
70
84
130
192
288
364
398
394
382
376
378
380
374
376
376
374
372
378
378
378
374
376
380
374
370
376
378
380
378
380
378
378
382
378
376
384
380
348
368
354
362
356
368
354
364
356
370
358
366
370
228
66
68
54
42
46
52
64
72
66
62
52
62
78
78
88
144
288
366
364
358
370
354
366
358
368
360
368
360
358
366
380
380
370
380
362
368
358
372
358
364
368
368
374
382
392
386
398
374
372
362
348
338
308
282
254
244
214
148
78
88
118
116
116
144
146
166
118
116
140
118
116
130
144
154
156
176
192
182
180
190
198
232
208
238
256
262
252
274
256
248
270
266
278
266
256
268
250
242
232
222
242
222
196
194
162
160
154
140
140
126
128
104
100
82
86
130
208
310
378
392
382
374
376
376
376
370
374
374
378
376
376
382
380
380
382
376
380
380
380
382
378
378
390
378
376
376
376
360
366
366
360
358
360
364
364
356
360
364
364
376
290
80
60
48
46
46
62
80
80
78
80
68
74
72
78
70
84
122
252
342
378
362
352
362
360
366
354
366
352
376
366
350
330
326
340
368
382
376
386
380
382
368
358
332
296
266
232
194
168
146
128
118
112
106
88
106
96
82
96
114
120
124
144
138
148
150
166
190
182
166
168
178
190
200
180
204
236
244
226
238
246
250
266
290
304
298
268
256
262
298
282
280
296
286
276
296
314
288
296
288
282
286
250
216
232
218
214
180
172
150
156
152
142
134
120
116
108
82
92
148
254
360
392
384
378
376
378
376
376
378
378
386
378
380
382
378
382
380
380
376
384
382
378
374
374
378
376
376
362
354
366
348
366
358
368
352
368
360
374
360
374
360
230
112
82
62
48
54
88
96
94
86
82
86
82
74
74
80
96
106
170
290
348
376
350
356
358
358
358
364
280
178
110
82
78
102
172
258
274
254
238
204
154
108
78
64
60
54
74
84
86
104
118
132
124
142
162
160
154
148
160
166
176
186
208
222
224
236
250
234
240
236
258
262
260
250
276
278
266
254
236
252
262
272
284
264
266
270
214
218
282
266
280
284
266
280
252
310
306
264
292
274
278
240
212
236
232
212
212
198
158
186
182
174
186
166
140
142
128
122
90
80
126
248
344
398
384
376
374
378
376
376
378
380
378
380
378
382
382
384
380
380
380
378
372
372
364
372
380
364
358
364
356
370
360
368
358
368
356
372
362
368
380
222
84
102
92
118
140
96
104
106
106
98
84
84
96
106
98
76
66
76
116
190
284
344
376
356
362
364
308
154
74
46
42
62
84
86
72
68
70
66
76
94
94
114
130
128
130
148
154
184
198
212
208
204
222
224
232
238
234
222
232
240
238
240
250
244
256
260
246
250
276
264
252
268
274
276
274
284
280
266
272
286
294
264
258
252
240
238
286
276
268
294
274
264
292
262
274
300
300
266
266
254
208
226
168
256
240
196
220
184
170
196
194
202
200
182
172
158
144
138
116
106
80
130
252
370
398
378
380
376
376
376
376
378
380
380
380
378
382
378
378
380
378
378
372
372
378
380
374
362
354
370
366
370
362
366
364
370
364
362
374
306
124
78
84
80
82
146
100
106
120
118
104
92
86
82
96
98
108
110
112
112
148
90
130
296
328
342
354
238
94
64
48
56
66
74
100
112
118
142
130
140
166
164
200
200
194
204
206
220
244
240
232
248
240
224
250
258
242
276
268
258
274
258
252
270
272
274
264
252
302
292
284
280
278
288
298
298
288
260
284
256
276
292
264
274
290
276
298
292
284
298
290
282
286
304
304
308
276
268
288
258
238
214
240
208
258
266
210
242
212
194
226
204
190
208
194
156
190
180
162
154
154
134
96
76
154
288
388
396
376
376
378
378
382
382
380
378
378
380
382
380
382
380
378
382
380
380
378
350
372
362
370
358
370
360
370
358
372
354
384
328
188
84
88
106
98
76
64
108
130
154
166
150
122
96
106
110
130
166
158
144
132
108
98
66
66
116
146
170
148
112
94
96
108
118
142
160
164
184
182
202
214
214
228
234
238
236
240
276
248
238
258
250
260
266
252
252
260
264
264
278
300
266
278
284
276
274
280
280
286
294
288
294
286
302
302
294
298
298
254
276
308
296
294
288
286
296
298
288
272
306
328
300
286
284
310
312
296
242
228
266
240
240
246
260
258
226
236
246
212
186
230
222
198
204
198
206
176
188
186
184
182
168
156
128
108
106
96
190
326
400
388
378
380
378
382
384
380
380
378
380
378
380
378
386
378
376
384
376
364
360
356
360
364
368
360
366
362
374
374
376
180
72
98
88
98
148
110
92
122
162
184
188
156
118
112
124
130
142
164
144
138
156
142
150
140
144
152
160
178
176
220
198
222
236
222
226
226
236
244
222
232
218
220
224
236
232
246
232
260
236
224
230
218
216
224
242
234
246
242
244
266
290
254
262
294
288
292
298
276
274
278
260
296
318
260
290
282
290
304
282
276
282
308
284
284
260
262
290
298
268
270
254
268
294
306
268
222
244
256
226
236
226
208
258
260
228
240
222
214
226
240
230
216
200
228
186
208
210
172
174
198
178
158
148
136
130
122
102
80
98
230
356
398
386
380
382
380
382
384
378
378
380
382
382
380
380
380
384
380
370
354
366
358
370
360
372
364
376
382
362
200
60
78
102
118
126
136
136
128
132
172
192
190
154
102
110
126
140
140
162
164
192
210
176
166
162
166
158
172
188
164
172
172
188
208
206
212
204
202
210
212
178
186
214
200
170
172
186
190
184
194
190
170
208
240
210
176
220
266
272
254
222
234
250
262
286
298
286
300
288
242
302
268
260
318
282
292
310
302
286
316
272
232
260
266
270
238
262
256
280
246
244
244
264
258
252
248
232
214
238
260
244
244
266
276
220
218
256
236
280
266
248
260
208
184
224
192
196
228
198
180
194
180
188
158
128
124
106
94
76
72
70
124
248
362
394
380
374
382
380
380
378
380
382
382
380
380
382
382
384
368
356
370
362
374
368
380
386
376
290
186
138
136
94
68
82
88
90
118
136
114
110
130
130
128
102
132
150
176
154
156
186
222
212
196
176
164
150
158
166
166
176
164
174
174
176
178
184
176
188
176
198
186
192
236
220
220
202
200
254
218
212
224
204
286
306
272
276
298
316
298
254
244
240
236
230
282
306
274
318
338
276
294
310
308
352
368
356
332
322
338
266
266
258
276
322
254
284
256
220
244
264
228
224
258
256
228
240
254
222
232
244
254
272
292
282
244
286
308
304
318
256
260
268
252
212
258
206
172
178
184
184
176
230
190
156
110
80
74
74
80
76
74
72
80
140
264
366
396
388
382
378
380
380
382
382
380
380
382
386
382
364
368
370
368
368
362
336
256
176
84
80
82
80
68
60
56
68
92
124
140
124
104
104
114
134
170
172
192
176
162
190
186
194
200
210
200
198
186
178
176
186
202
172
178
176
184
206
234
192
220
204
240
234
222
240
246
238
218
226
282
294
242
262
274
242
224
252
324
306
286
308
314
288
280
268
256
278
304
280
306
310
300
356
340
324
352
380
330
304
322
308
288
286
272
270
284
272
302
260
264
254
234
242
248
238
236
252
258
226
210
250
248
246
282
238
270
274
306
292
272
218
230
244
260
204
214
270
178
182
192
172
226
204
242
166
102
86
76
72
74
76
74
78
90
78
70
84
146
258
348
394
392
378
382
378
380
378
384
382
386
380
360
370
364
382
336
218
132
72
88
72
46
50
56
60
72
78
90
102
102
118
130
134
120
112
108
164
184
170
176
150
158
182
174
192
200
206
206
210
208
218
224
208
222
240
252
254
254
280
272
268
270
260
290
294
264
266
280
272
290
268
248
248
248
278
260
252
256
274
306
298
270
302
288
330
336
310
322
316
308
280
294
316
326
362
354
374
320
300
324
302
310
330
328
294
288
314
266
302
282
300
308
274
258
296
292
234
264
278
270
262
280
246
252
272
274
272
320
288
274
258
246
248
230
164
172
196
230
202
172
194
204
202
162
122
90
86
94
94
76
78
86
80
74
74
76
72
70
74
84
126
230
338
392
394
384
382
384
376
378
382
382
358
376
372
312
222
124
88
78
66
66
62
62
64
74
86
96
100
84
76
80
96
114
118
108
90
132
166
186
160
156
160
152
168
178
188
194
178
200
210
216
228
246
260
272
276
258
262
296
314
312
296
292
318
310
304
304
300
316
334
338
310
292
338
290
298
294
296
294
284
300
288
294
288
298
316
344
346
324
302
346
378
364
316
308
302
346
358
360
386
354
348
328
326
314
304
324
290
318
300
288
284
240
318
352
352
262
276
332
286
292
264
252
288
312
310
294
316
296
264
300
316
290
220
262
218
184
278
184
210
176
146
188
150
88
84
88
118
120
94
92
98
92
90
88
82
84
90
80
76
80
74
116
216
328
392
396
384
380
386
380
382
366
340
298
194
108
74
78
68
58
56
58
66
74
80
88
92
92
82
84
84
84
84
84
80
78
78
92
120
152
202
244
214
204
224
216
208
210
234
224
220
230
242
246
234
236
244
250
246
262
262
260
258
272
274
276
262
276
302
296
290
278
266
312
302
288
288
282
310
316
322
300
296
310
308
338
318
320
328
334
350
348
358
360
334
302
300
346
356
390
324
298
302
264
286
292
294
328
358
374
348
308
290
294
336
350
336
338
328
328
338
358
350
296
290
304
272
270
248
256
262
262
238
238
200
230
192
182
226
208
188
190
208
156
78
96
126
144
104
116
114
100
82
90
94
94
94
96
82
68
68
68
68
84
126
228
344
394
388
382
382
390
256
168
140
72
72
72
70
60
68
70
80
86
76
76
82
84
80
78
74
76
76
76
70
70
72
72
78
96
162
240
266
276
270
278
288
286
278
294
306
288
274
266
258
248
228
222
220
226
236
242
270
278
264
254
248
246
254
258
258
256
234
220
244
252
276
278
276
282
292
296
286
306
332
308
330
338
344
330
326
342
342
308
290
302
324
298
288
290
292
266
282
280
284
330
300
274
294
318
300
296
306
316
316
312
316
326
308
278
300
342
310
336
308
248
286
262
248
198
232
224
222
222
240
164
230
270
232
234
256
302
268
204
94
94
132
178
96
92
130
130
130
102
88
96
138
124
84
84
106
98
94
110
130
122
132
152
294
398
378
386
384
238
166
142
106
84
56
58
56
52
62
72
76
80
76
70
74
84
82
72
68
64
62
70
78
96
122
140
158
196
230
258
272
282
272
288
290
246
190
192
226
258
292
302
290
278
272
244
222
220
216
232
244
244
228
230
252
242
236
242
256
234
220
228
228
250
262
266
256
252
264
274
274
284
286
294
292
278
286
284
290
298
294
302
276
292
286
272
304
282
252
254
276
290
286
272
302
302
304
308
290
300
268
280
284
288
298
286
278
290
292
306
236
252
290
254
212
226
252
270
250
248
266
262
272
298
248
280
246
254
288
194
100
84
102
170
152
66
88
102
100
104
108
94
114
150
116
112
172
152
122
102
80
110
160
150
118
180
370
392
382
380
226
220
156
118
108
74
60
58
56
62
62
70
70
66
68
66
62
64
76
84
96
112
134
162
198
238
276
298
322
322
330
320
336
326
334
206
122
86
86
104
158
206
248
260
260
258
246
246
244
232
226
226
218
210
226
230
238
242
220
230
238
234
238
234
238
252
242
240
238
226
246
222
244
256
272
272
238
262
264
250
246
238
258
260
260
264
278
306
288
268
282
310
306
294
286
298
286
298
290
318
294
280
288
286
266
334
332
302
300
264
274
246
224
240
222
234
250
338
254
230
294
290
244
302
304
250
248
246
244
212
140
98
102
146
166
68
70
112
132
98
84
96
90
80
80
94
128
156
100
122
82
64
58
102
166
140
148
330
388
378
382
70
72
72
56
56
64
54
58
58
66
68
68
66
56
62
74
90
110
156
192
228
270
298
326
344
366
374
376
366
374
372
368
368
382
290
128
124
114
116
116
120
138
160
186
198
210
232
236
220
220
214
206
206
220
214
214
218
218
220
210
234
230
220
220
232
232
236
240
228
234
236
222
214
210
232
228
226
230
212
230
242
236
232
266
248
234
254
264
242
220
234
264
278
286
300
294
292
328
324
296
282
302
332
326
334
352
310
272
284
294
296
278
284
302
304
242
352
326
326
292
284
242
252
296
280
226
204
228
202
176
144
118
138
160
116
76
110
174
152
122
104
100
90
90
98
94
108
90
68
82
68
72
92
110
134
132
238
378
372
374
378
84
72
74
72
72
66
66
66
64
66
74
72
78
118
164
226
272
312
326
352
364
380
378
380
372
384
376
374
364
382
362
374
368
392
284
106
132
118
130
134
114
110
124
130
156
190
204
206
206
200
202
202
204
196
194
196
192
200
216
226
228
222
210
216
228
216
214
224
224
216
212
210
194
196
200
194
214
224
216
232
224
224
230
236
216
258
248
240
252
264
268
266
246
256
272
288
314
306
332
320
264
302
306
276
342
304
282
312
294
256
262
268
240
250
264
242
316
270
316
308
250
228
270
276
242
218
250
234
174
148
152
162
148
108
90
106
130
146
154
132
126
124
142
152
152
126
96
88
66
88
72
70
90
100
154
186
286
376
372
372
376
138
100
74
74
72
60
58
72
74
88
110
144
212
284
340
362
382
380
384
372
374
372
374
366
368
370
374
378
374
370
368
378
368
388
314
128
134
130
126
130
130
118
114
118
124
144
176
186
186
178
186
194
202
200
196
190
190
190
198
212
204
200
214
218
218
212
218
216
212
202
204
190
190
194
206
214
218
220
224
216
214
214
228
220
222
246
238
232
246
270
268
256
256
250
250
278
274
272
272
286
272
274
288
236
230
280
268
280
278
234
256
260
286
256
232
222
254
238
278
258
246
302
296
290
258
224
268
244
130
138
186
202
176
102
88
100
98
118
174
150
148
140
164
212
188
150
148
164
158
110
94
110
156
208
254
246
208
224
274
380
378
258
200
128
98
100
130
182
228
264
300
328
348
376
378
392
372
382
372
376
368
378
366
376
368
374
362
374
368
376
372
382
374
378
386
358
158
136
150
136
134
144
128
114
110
120
122
130
158
178
176
168
180
186
190
192
192
188
186
184
190
194
190
194
206
200
208
204
196
190
194
190
184
202
212
220
216
206
222
226
220
214
216
230
220
228
228
232
248
238
242
256
240
254
250
242
242
238
246
246
260
246
238
230
216
220
236
258
256
248
248
258
252
256
248
248
242
188
240
316
294
258
250
258
272
294
250
220
154
142
204
220
226
144
82
110
100
72
100
132
150
162
148
160
212
234
224
232
234
220
176
162
206
308
310
296
282
242
266
344
374
374
374
380
350
334
326
350
376
386
386
394
386
384
380
380
370
378
378
374
374
380
378
378
382
372
372
372
374
372
372
372
380
374
384
372
394
236
102
110
128
132
140
132
108
108
112
118
120
126
152
170
170
166
176
176
190
188
180
190
182
176
182
196
184
188
190
194
186
184
184
184
198
224
216
214
240
230
232
238
238
238
232
228
234
248
250
234
244
250
232
240
244
254
238
250
242
238
234
224
228
228
236
224
216
234
228
220
226
226
260
254
220
276
276
238
236
240
278
314
306
312
268
250
222
278
282
264
222
148
216
226
208
198
122
138
172
122
76
102
146
168
178
158
168
178
210
216
224
220
204
208
250
318
362
328
282
302
320
358
378
368
376
364
382
372
382
376
386
364
374
380
382
370
384
370
382
376
384
368
380
378
382
368
382
374
378
370
376
362
380
384
374
378
376
378
376
380
380
188
80
124
118
124
128
124
110
110
108
118
128
126
136
168
160
166
166
168
172
174
184
182
184
190
190
194
192
190
190
184
172
172
188
198
212
218
228
220
222
224
234
234
224
232
240
246
238
242
242
250
228
236
252
266
244
246
248
250
244
228
234
238
242
222
210
212
230
234
234
218
240
234
220
210
230
260
246
200
224
258
272
274
266
258
254
232
300
254
244
178
176
218
206
154
138
140
182
218
228
194
156
186
192
210
178
212
204
190
214
240
252
268
306
338
330
334
322
302
324
362
370
364
372
376
372
372
370
376
372
370
370
376
374
372
380
382
376
380
376
374
370
382
364
378
378
380
372
384
368
376
366
378
364
380
376
376
368
382
374
390
316
120
124
138
120
116
120
114
104
106
108
116
112
122
140
158
166
160
160
170
176
178
178
182
184
184
192
202
192
192
186
184
172
180
190
212
222
228
238
234
240
230
244
238
232
254
252
240
240
258
270
248
246
258
262
244
252
266
254
226
240
250
230
242
248
240
228
230
242
228
216
248
246
226
218
218
238
246
224
204
212
276
248
252
276
222
268
232
274
232
152
192
236
224
166
158
146
142
186
228
230
220
200
206
236
198
194
248
286
320
320
294
262
248
260
276
284
304
338
352
368
362
366
360
368
374
364
378
368
376
368
382
368
378
374
382
370
382
376
376
374
384
374
376
376
376
370
380
374
372
378
374
370
368
380
366
374
378
380
372
384
386
272
98
120
174
140
116
110
108
92
98
104
112
122
124
122
138
158
158
162
164
166
174
184
188
182
190
194
190
182
176
170
174
192
208
218
216
220
226
224
220
220
226
232
244
244
244
248
270
268
246
254
262
260
242
238
252
254
238
236
250
246
226
240
252
236
242
246
238
246
224
244
250
246
240
238
232
220
216
236
264
256
248
252
280
266
278
274
294
246
152
186
250
248
190
196
188
156
120
132
168
192
168
200
224
240
234
228
266
294
274
252
256
280
296
302
312
334
344
350
358
364
368
368
372
370
370
378
364
374
370
382
372
380
374
380
370
380
370
378
376
380
372
384
366
374
372
378
364
380
372
376
370
380
368
374
374
372
370
378
380
374
394
262
106
114
142
134
132
120
112
108
106
106
116
124
130
130
130
152
166
164
168
184
180
174
190
190
192
196
178
184
180
184
200
210
208
204
218
214
226
224
236
222
226
246
244
240
254
270
264
236
262
264
252
238
262
264
246
244
246
256
226
242
260
248
240
234
236
248
252
248
250
238
252
244
242
232
216
206
228
228
208
212
224
236
270
248
290
224
208
184
200
254
264
248
246
262
230
210
180
156
170
192
226
228
242
264
282
284
286
302
326
348
340
330
326
334
346
356
354
362
368
370
370
374
368
380
366
370
372
374
370
380
370
378
382
382
372
376
374
376
376
380
370
372
378
372
376
374
376
368
386
374
380
372
386
368
374
376
380
366
380
380
408
270
66
84
118
136
162
144
128
110
96
100
118
130
124
130
142
158
166
164
174
178
180
190
184
190
190
180
182
192
194
198
196
206
202
210
224
210
234
256
240
232
236
250
250
252
252
252
254
254
238
228
246
260
246
238
250
252
238
236
252
250
238
246
230
232
232
224
206
188
164
160
148
134
134
134
126
130
128
130
140
144
150
160
162
162
176
184
176
182
172
168
224
280
284
260
244
258
258
268
258
254
276
276
276
296
308
322
332
332
324
318
326
334
346
350
352
364
366
368
370
374
372
366
372
366
378
364
378
372
380
366
380
368
376
376
380
368
382
374
382
372
384
372
380
380
378
366
382
374
376
378
378
376
370
378
368
376
376
380
370
386
380
218
62
100
110
114
140
120
102
100
100
104
112
118
138
142
146
166
182
180
186
182
194
188
182
174
176
188
186
182
198
204
210
210
208
220
232
242
258
258
260
264
258
262
262
246
242
266
266
246
252
260
250
228
234
260
264
260
260
252
244
238
236
230
224
230
216
186
144
126
116
106
100
102
102
98
100
104
108
112
126
130
126
138
142
148
156
160
160
144
166
184
214
254
260
254
252
250
260
260
264
278
296
304
312
310
308
314
308
322
334
336
342
350
356
356
362
362
370
374
372
376
372
372
372
366
370
372
368
370
378
374
372
380
376
374
376
380
366
382
380
378
374
386
370
376
374
380
360
382
376
380
374
380
374
376
380
378
376
376
378
386
292
124
92
86
84
114
138
118
100
92
92
96
98
108
124
126
144
172
206
218
206
206
198
192
182
190
194
202
196
204
220
220
224
234
256
288
304
306
304
298
300
282
282
294
288
280
294
294
288
304
294
276
282
292
296
294
292
290
268
274
274
252
252
242
244
244
244
246
250
214
188
168
144
122
114
110
110
120
132
142
148
152
154
168
170
178
214
234
256
282
274
258
252
256
276
286
280
278
278
286
302
306
312
312
314
318
324
326
338
338
346
356
354
366
364
364
368
368
372
376
370
382
366
374
364
378
360
378
374
378
370
384
374
380
376
384
364
376
378
378
370
386
376
374
376
376
362
370
378
372
378
378
382
374
384
372
376
376
382
374
384
300
210
138
140
82
80
114
114
110
100
90
92
90
84
86
90
100
122
146
166
192
202
198
206
194
206
226
232
228
234
256
260
250
290
318
334
342
340
340
306
290
288
302
312
320
324
318
318
332
330
326
320
330
332
326
322
318
318
310
316
306
284
290
286
286
290
298
294
300
310
304
292
276
242
228
214
206
214
216
216
216
226
244
254
266
292
308
310
298
304
302
292
292
294
288
300
302
308
314
314
306
310
318
320
326
330
332
352
342
336
360
362
362
368
366
370
368
366
376
372
368
378
366
374
372
374
374
382
370
376
378
380
370
382
376
378
372
382
362
378
374
378
368
388
372
378
370
384
362
378
380
380
372
382
378
378
388
378
380
378
392
298
132
60
98
92
68
62
70
80
90
84
70
78
74
68
70
70
76
86
102
128
176
216
248
252
276
278
276
284
272
272
268
264
288
308
324
328
332
336
322
288
266
236
220
236
250
260
270
284
298
298
304
312
318
330
330
342
338
336
338
334
330
326
326
322
326
326
316
314
322
328
328
328
322
322
314
320
318
314
308
310
324
330
326
326
316
320
314
302
306
302
298
300
296
306
308
312
314
318
316
322
324
328
332
342
346
350
352
352
362
364
364
370
366
370
372
368
380
376
366
380
360
378
364
376
370
384
370
378
376
378
358
374
376
378
374
374
366
380
380
372
368
374
376
374
380
378
376
372
382
370
380
378
378
372
386
378
378
376
380
376
396
364
240
138
92
74
58
54
60
64
62
68
72
82
96
106
120
148
190
210
248
274
300
300
304
314
302
308
300
306
302
292
284
276
288
282
284
290
308
324
332
336
324
290
254
236
240
236
232
248
240
244
242
236
270
298
298
312
316
328
338
340
342
334
332
346
336
336
342
334
326
324
324
326
320
322
330
320
310
304
316
324
324
322
316
306
298
292
306
308
310
308
304
310
322
322
322
326
326
334
334
336
342
352
352
354
356
360
368
364
366
370
366
366
370
366
376
378
378
380
380
370
378
362
378
374
380
372
382
368
374
362
374
366
378
368
374
366
386
364
374
364
376
364
382
374
378
374
382
370
376
380
380
380
382
382
376
386
374
380
378
388
382
408
360
290
234
168
134
128
106
116
160
208
250
280
286
286
316
338
340
350
340
350
342
352
340
334
338
326
336
322
326
320
316
302
290
298
290
300
290
300
280
256
236
226
232
248
240
240
246
254
262
274
276
282
286
284
290
300
316
318
322
330
324
314
328
332
330
328
322
314
318
310
314
312
308
306
310
310
302
300
308
308
298
304
310
290
286
320
318
316
316
324
332
326
328
340
340
344
344
342
352
346
358
362
366
366
366
368
366
370
364
362
364
366
366
376
374
376
376
376
372
362
372
372
372
370
378
370
372
376
376
364
372
376
368
370
380
366
368
378
372
366
378
380
368
384
376
376
374
382
372
378
380
382
376
384
378
376
382
378
380
378
384
380
408
392
368
362
356
324
334
358
358
374
366
376
374
386
366
364
374
372
370
368
368
358
370
354
348
352
344
340
336
334
324
332
318
316
306
272
224
154
114
114
130
154
182
214
244
274
284
296
296
294
300
290
284
278
292
302
306
310
308
316
310
302
306
304
304
306
310
310
308
308
304
304
300
304
312
306
310
304
308
318
320
320
318
324
326
324
326
334
342
340
340
350
346
346
354
356
366
362
358
364
366
364
370
372
372
368
366
368
374
360
372
376
380
376
376
380
380
374
372
388
362
378
364
372
358
374
372
378
380
386
360
370
366
374
360
376
368
378
382
388
370
380
368
374
368
378
374
380
392
378
380
374
380
366
380
378
382
384
390
378
376
378
372
384
382
388
390
402
382
378
382
372
376
378
382
384
400
384
384
374
374
366
368
368
362
376
366
354
362
360
346
348
346
346
330
302
278
270
284
292
300
314
324
338
330
320
320
316
320
304
304
306
312
312
302
294
300
310
296
302
316
308
308
304
306
308
302
306
308
310
310
312
310
310
320
316
318
326
326
334
328
334
336
344
346
346
354
352
346
346
350
358
360
362
362
358
354
358
360
364
370
368
376
372
370
366
368
368
376
376
380
372
366
350
372
378
384
384
