328
338
340
338
338
332
346
334
342
340
340
346
338
348
334
348
346
354
348
342
350
340
354
344
356
354
356
354
344
354
344
360
352
356
360
358
360
350
362
348
358
358
362
364
360
370
360
368
354
364
366
360
370
366
372
366
376
364
368
366
360
374
366
376
366
384
372
368
312
212
184
182
192
178
216
278
324
386
382
388
372
374
372
378
376
374
390
372
378
376
366
376
376
382
380
394
376
376
380
374
386
380
380
386
384
380
374
384
374
390
382
380
386
374
378
372
386
374
378
378
374
380
370
372
372
370
384
376
378
368
370
370
368
382
372
382
368
362
364
360
368
362
374
370
364
362
350
366
358
366
358
358
360
352
356
352
358
364
360
354
342
328
342
330
342
332
340
336
336
344
332
346
336
348
344
336
346
338
350
340
352
346
352
352
344
356
344
356
348
360
346
354
356
348
364
350
360
356
360
356
358
360
352
368
354
362
356
362
364
358
368
358
376
362
368
368
368
366
362
372
360
372
368
370
370
374
368
366
378
232
94
80
92
94
92
92
90
102
160
220
318
364
396
392
384
374
374
370
372
378
370
382
374
376
376
378
378
374
386
372
386
378
376
384
376
384
376
384
374
384
382
376
384
374
382
378
382
378
378
378
372
382
376
378
380
374
376
364
372
368
374
376
370
378
366
372
370
366
372
366
372
364
368
364
358
370
360
370
362
364
362
354
362
352
358
356
356
356
350
356
350
356
336
336
332
338
332
344
332
342
338
340
342
338
352
336
352
340
348
342
346
352
346
352
344
356
344
350
352
348
358
350
358
348
360
354
354
362
352
362
350
362
350
364
358
352
368
358
366
358
368
358
368
366
362
374
358
368
362
370
360
368
372
362
382
366
380
372
370
368
294
80
64
84
78
82
94
96
96
82
66
86
134
186
264
354
384
398
388
384
360
380
374
372
380
370
378
372
380
370
378
378
372
378
370
376
376
380
378
378
384
372
386
368
378
380
378
382
374
380
370
382
374
370
374
372
380
372
372
374
364
376
366
380
368
368
372
366
378
364
372
368
366
368
362
370
362
370
358
358
368
358
364
356
360
356
354
356
352
362
350
354
356
342
328
338
332
338
340
336
344
334
346
336
346
340
340
346
338
356
340
354
342
350
348
346
354
344
356
342
356
350
354
352
352
356
348
362
350
362
356
356
362
350
360
348
368
356
366
362
358
366
358
368
358
372
358
364
364
362
368
362
372
360
376
368
374
368
342
318
234
244
194
86
82
84
80
84
86
88
88
92
86
78
78
78
120
176
238
298
360
388
394
376
386
372
376
374
374
378
374
380
366
386
370
372
374
370
378
376
382
372
384
380
376
380
370
382
378
380
374
370
374
364
380
366
380
378
374
378
368
376
370
378
376
368
378
364
376
368
372
372
370
374
368
372
360
364
366
358
370
356
360
356
356
362
356
358
350
360
354
356
358
348
334
332
340
332
342
332
342
334
336
342
336
344
338
348
338
348
342
342
352
342
354
342
356
342
352
342
348
354
346
358
346
358
348
356
354
350
364
350
366
352
358
352
350
352
354
370
348
366
358
364
358
360
366
358
374
358
370
362
366
364
370
370
360
372
342
260
140
112
66
112
130
82
88
82
80
84
84
94
98
98
100
100
94
94
88
82
82
122
176
260
326
348
360
380
372
388
386
394
384
394
394
392
400
384
392
388
384
380
382
384
376
388
370
380
380
380
380
376
380
370
380
372
374
378
374
380
372
378
374
376
374
370
382
370
374
374
368
372
366
376
368
372
366
368
370
358
372
360
362
354
350
362
350
362
354
360
356
352
356
350
360
322
338
334
336
340
330
340
330
348
332
342
342
340
348
338
350
336
352
336
346
342
348
348
342
352
338
354
342
356
346
350
352
344
356
348
360
350
358
362
352
358
346
354
346
360
354
358
364
352
368
354
364
354
370
360
364
370
360
372
362
370
362
376
334
210
124
104
90
92
76
82
84
92
92
94
94
90
92
96
100
102
112
100
102
108
112
108
102
96
104
118
136
152
168
180
186
192
210
212
234
248
274
278
292
316
328
350
352
378
376
400
396
398
396
372
384
374
384
372
380
378
374
386
374
382
374
376
376
372
382
370
380
374
374
376
370
380
370
374
370
372
370
366
370
362
372
364
360
368
354
368
356
358
354
362
358
350
362
352
358
352
324
340
328
338
330
336
334
332
342
334
344
334
346
340
348
342
340
344
338
350
336
354
342
350
340
350
346
346
354
340
358
344
352
350
350
356
350
364
350
364
354
358
358
354
360
348
372
346
362
354
356
364
358
364
358
370
356
368
364
364
368
366
380
266
118
86
90
94
82
84
88
90
90
94
92
94
92
96
92
100
96
112
116
124
132
146
140
146
150
156
144
136
130
118
110
102
98
110
106
100
98
96
98
104
102
106
130
144
164
188
216
242
288
312
346
362
386
394
394
388
374
384
374
376
378
372
382
374
376
368
376
376
370
382
366
378
372
374
372
372
370
364
372
364
368
366
364
372
358
364
360
358
360
352
362
350
364
352
356
358
348
340
328
332
338
328
342
336
346
336
342
338
334
346
334
352
334
348
332
350
336
344
342
342
348
338
350
340
354
342
352
350
348
352
342
354
346
358
356
356
360
350
366
354
360
356
356
362
354
366
348
364
354
364
358
366
364
362
368
354
372
360
372
364
234
116
86
80
80
84
88
96
90
90
86
94
100
108
118
120
130
142
146
152
150
158
142
142
144
148
138
146
146
154
150
144
134
128
130
144
150
136
138
138
138
132
122
138
142
140
120
112
100
118
128
134
156
202
240
288
330
378
390
390
394
376
382
374
378
370
374
378
362
378
364
376
372
366
376
368
374
370
374
366
368
368
358
372
362
368
366
360
366
356
364
352
360
360
358
360
348
362
340
324
336
332
334
334
336
344
340
360
350
356
344
340
336
332
348
332
342
334
352
328
354
340
350
342
348
348
344
354
338
354
346
350
352
348
356
348
356
352
360
356
356
364
350
366
352
364
348
360
356
354
362
354
368
356
368
356
370
360
362
368
382
224
68
86
88
96
98
92
92
96
106
110
124
136
142
154
154
144
148
156
134
124
142
140
142
138
146
144
156
162
150
164
158
142
144
146
142
146
150
152
150
154
162
150
170
172
156
144
150
142
154
146
148
140
126
122
126
144
174
212
278
324
368
390
394
388
376
378
368
378
368
372
378
362
376
370
370
366
372
370
370
372
360
372
366
366
370
356
366
362
366
358
362
362
358
364
348
360
356
334
330
336
328
342
332
212
106
134
200
242
302
324
362
334
350
320
338
334
340
332
340
350
338
352
336
356
342
352
342
348
352
342
360
350
358
350
352
356
350
360
348
364
350
356
358
352
362
338
360
344
360
350
362
358
358
364
352
364
348
370
348
342
268
126
98
108
102
104
100
118
142
134
138
140
140
128
140
134
134
136
132
130
138
140
158
144
156
152
138
166
186
182
178
164
170
148
146
152
168
174
166
174
154
188
184
204
180
170
146
154
152
186
184
152
174
160
170
172
162
142
124
126
142
158
206
284
346
396
388
380
372
370
376
364
378
370
372
374
370
374
368
372
364
376
368
364
374
358
370
364
364
364
364
366
356
366
354
358
356
358
324
336
330
330
340
326
258
146
66
42
48
70
120
206
276
340
342
356
324
344
330
348
332
350
342
344
350
342
350
338
348
342
356
348
348
356
346
360
352
356
350
350
356
348
358
342
358
352
358
354
350
354
348
364
348
362
350
352
350
354
350
348
336
246
124
114
108
112
132
144
150
140
136
140
134
142
148
144
138
142
140
140
140
144
148
152
128
140
152
148
160
180
186
174
186
194
172
170
162
162
190
176
188
178
228
214
188
210
216
194
162
190
224
198
192
184
186
192
190
216
192
192
158
160
160
146
130
146
214
284
366
374
392
368
374
370
368
376
364
376
368
374
368
374
374
362
376
364
368
366
364
366
364
368
358
364
358
358
362
352
366
322
340
326
338
334
326
190
130
108
74
48
40
38
40
72
136
234
332
356
354
334
346
340
358
338
358
340
350
344
344
350
342
356
344
358
346
352
354
348
358
344
354
346
358
342
348
352
340
358
338
352
340
356
344
350
354
354
364
348
348
316
304
266
244
136
118
142
152
144
146
136
132
142
144
154
146
154
160
146
140
156
158
160
152
150
154
148
142
164
150
156
162
170
180
182
150
156
134
154
166
164
178
206
202
182
176
158
188
188
232
246
232
262
258
236
228
246
234
250
280
216
196
208
200
220
214
222
174
144
146
166
228
320
368
394
372
376
370
372
370
370
372
368
374
360
376
364
364
370
364
372
362
374
362
366
362
358
366
356
362
354
340
328
328
334
332
302
152
40
30
36
40
44
42
46
54
48
62
120
216
316
366
354
348
348
344
354
344
358
338
356
340
348
350
348
354
346
356
342
354
348
346
344
340
354
342
354
336
346
340
346
350
350
352
332
332
300
280
246
214
172
144
124
120
118
138
138
150
152
142
144
146
142
154
148
136
146
156
168
160
142
150
156
150
158
154
150
142
142
152
144
160
160
156
174
180
168
136
182
162
186
212
198
220
220
194
206
184
220
222
230
234
222
264
240
252
250
256
268
258
298
274
242
268
264
252
200
232
238
216
210
184
158
136
186
266
358
392
382
376
364
374
364
378
364
376
370
368
376
364
372
366
368
364
364
368
360
370
354
362
358
356
338
322
334
330
332
328
236
162
132
104
74
56
48
46
48
54
56
60
58
100
200
284
370
352
358
344
352
348
346
348
340
356
340
354
348
348
348
342
358
352
374
360
370
350
352
350
338
350
320
314
276
258
210
174
154
132
116
112
106
122
118
126
142
142
134
136
142
140
138
146
154
146
156
146
144
160
158
158
164
144
154
156
162
166
152
150
158
158
142
152
180
186
156
156
176
168
146
182
196
182
186
224
204
196
204
218
220
240
252
284
230
250
286
280
274
264
292
314
320
346
310
290
298
308
300
280
268
278
282
258
206
208
214
154
118
150
234
358
384
390
376
370
370
374
376
362
376
364
368
366
368
370
364
368
354
370
362
360
360
354
366
336
328
336
324
340
334
304
172
110
114
114
100
82
64
64
60
56
60
60
52
46
82
210
276
364
346
354
336
350
336
348
344
338
352
336
348
338
348
334
296
230
202
246
280
300
278
268
220
170
136
114
128
120
110
122
124
138
140
140
150
136
140
142
138
148
146
152
140
140
148
144
142
148
142
144
148
154
156
158
150
148
156
172
176
156
160
156
142
136
160
172
178
160
164
178
168
170
178
178
190
180
210
196
208
218
208
230
258
250
266
256
254
264
296
288
284
318
338
344
354
334
356
314
312
342
330
308
284
300
294
206
174
148
116
104
86
68
108
198
322
364
390
386
378
366
378
368
364
374
364
374
366
370
362
368
366
362
368
352
362
352
324
334
328
330
334
332
354
288
136
66
56
40
42
50
56
66
66
62
66
64
64
58
58
84
178
286
354
354
356
336
348
332
350
336
340
340
332
318
188
82
58
62
72
90
128
132
124
124
126
134
130
130
142
146
136
134
148
142
138
140
128
136
144
148
154
156
154
150
148
144
148
152
154
156
152
148
156
164
174
164
166
178
180
166
182
196
166
170
168
154
178
168
156
168
192
182
170
196
194
184
186
208
212
188
208
214
218
232
248
248
274
248
252
298
310
296
308
342
346
352
340
360
358
338
340
336
322
302
258
156
104
72
66
70
80
76
72
72
76
96
154
252
326
374
394
386
366
376
364
374
368
368
366
364
368
358
370
356
364
358
356
322
338
324
338
328
340
332
346
240
74
46
46
42
42
50
56
64
70
76
78
74
72
68
66
68
82
142
222
298
334
352
340
346
332
344
332
346
242
96
78
88
102
120
116
132
130
134
128
140
144
136
134
150
146
134
144
148
136
134
146
156
168
170
166
162
170
176
174
188
158
170
178
180
190
178
186
194
184
194
204
202
198
186
188
186
188
184
184
184
178
172
184
178
178
176
192
192
210
190
192
230
226
218
186
224
242
236
224
240
240
216
242
228
238
246
292
316
360
328
292
328
322
372
350
352
336
336
272
164
162
168
142
138
114
96
82
82
88
90
84
70
72
100
164
248
324
380
380
378
370
364
368
362
368
352
368
358
358
364
354
370
338
330
330
334
324
338
330
342
348
256
48
40
44
40
52
66
80
80
82
84
86
86
84
76
70
68
62
58
80
126
198
274
312
318
298
256
210
156
122
124
130
124
126
116
128
134
150
142
140
134
148
140
150
148
144
172
168
176
176
184
190
198
192
176
172
184
194
200
202
198
204
208
200
212
226
210
200
198
208
218
204
196
186
206
196
178
190
190
186
254
300
206
182
182
182
180
188
202
194
192
224
240
204
192
206
222
228
230
220
216
244
246
252
224
228
264
316
298
300
300
326
308
314
312
324
324
252
162
168
184
176
134
104
92
90
100
98
80
90
92
84
78
80
72
76
112
168
248
342
368
386
372
366
364
362
364
360
368
354
366
354
336
324
338
324
334
332
330
338
336
344
160
60
62
50
50
62
84
92
94
90
92
94
90
82
76
82
78
88
90
82
70
92
130
136
130
112
104
128
128
126
130
130
124
126
126
140
150
152
152
160
174
174
174
174
178
200
198
192
212
200
188
182
186
192
198
208
220
214
222
216
210
218
214
238
222
228
228
204
202
212
196
208
212
184
180
196
202
204
194
214
236
226
212
196
222
204
190
204
256
228
202
234
240
248
244
234
268
240
258
252
254
246
250
266
240
268
286
254
334
342
330
358
328
310
334
290
148
168
174
132
102
106
110
114
112
90
88
86
116
118
110
98
120
96
76
66
68
80
116
194
284
338
374
374
370
358
370
358
368
364
358
330
324
334
328
340
326
336
328
334
340
338
184
98
80
68
66
72
96
102
102
106
116
104
120
122
110
106
114
112
112
120
128
128
124
134
140
130
126
136
130
132
148
150
160
166
166
170
180
170
180
186
202
192
180
188
186
188
206
218
204
194
196
198
212
218
204
208
206
194
190
206
206
208
220
222
218
216
220
228
212
206
220
230
214
218
222
226
248
194
192
202
214
220
250
280
240
224
234
256
258
236
234
258
296
252
248
306
286
260
264
252
272
272
254
270
304
276
320
378
368
362
360
388
398
378
284
198
196
196
114
102
120
126
130
132
100
88
84
106
172
176
102
78
74
82
94
94
112
124
120
128
160
234
294
350
380
358
358
364
356
366
318
330
324
332
334
330
336
324
340
326
358
162
18
40
50
56
60
86
114
130
132
136
124
124
130
128
136
134
136
144
156
150
146
162
160
152
144
156
160
158
160
172
176
178
180
180
174
180
190
186
200
196
200
202
218
216
216
218
220
208
212
230
220
208
206
194
188
192
200
194
202
208
222
226
230
214
212
212
200
206
218
210
192
214
200
220
232
232
212
240
234
238
226
244
246
282
256
230
274
272
248
288
328
322
296
264
282
308
328
276
302
300
320
342
332
346
332
362
390
388
364
370
410
406
324
244
228
224
144
96
122
118
122
124
120
104
112
102
158
216
206
170
160
194
216
154
96
92
110
152
192
180
144
116
206
346
366
366
356
368
356
324
332
320
334
322
336
324
336
332
330
328
130
38
56
58
64
68
92
128
148
154
150
118
112
134
138
144
150
156
156
164
154
156
160
164
168
164
178
188
184
202
206
206
204
214
208
212
218
216
218
218
228
216
224
244
230
234
226
238
234
232
236
230
204
216
226
212
216
220
226
236
240
234
216
230
210
216
250
242
230
234
226
244
238
236
238
246
244
254
298
250
228
254
300
280
278
252
264
276
290
260
322
334
298
270
278
330
368
328
342
368
324
318
346
348
360
360
394
392
380
394
390
408
314
254
238
262
208
98
96
114
104
108
116
100
104
158
170
190
218
220
240
270
290
208
60
46
84
146
92
98
166
182
130
136
224
360
360
364
358
360
332
328
328
330
322
340
326
334
322
354
210
46
40
54
58
66
72
84
114
134
148
142
110
122
122
134
142
160
168
158
154
174
156
170
172
176
196
204
214
214
214
224
214
222
228
220
234
220
226
220
222
224
218
232
224
236
234
238
242
234
234
228
224
226
242
238
236
242
246
240
262
274
252
250
246
252
270
300
272
262
290
270
284
290
256
252
280
298
274
296
282
260
324
334
286
330
310
324
360
324
334
380
368
362
392
368
414
410
364
330
368
356
356
358
374
404
406
404
412
402
410
422
372
284
252
222
270
146
90
98
110
130
142
106
92
162
218
204
206
236
232
244
264
256
164
54
94
124
202
176
68
138
174
150
178
218
316
370
366
358
368
336
318
334
322
332
328
328
334
328
362
206
86
60
52
58
66
92
108
108
102
106
112
102
106
116
128
138
154
156
156
162
168
160
172
176
194
212
216
214
204
212
204
210
220
218
222
226
218
212
218
210
210
220
208
200
208
230
234
226
198
214
230
224
218
230
228
232
238
228
234
232
236
240
254
236
246
276
290
274
260
260
294
302
300
310
318
300
298
292
318
332
334
332
342
338
366
372
368
424
398
420
448
388
358
426
430
440
426
394
398
400
370
372
394
404
392
398
410
424
430
406
400
328
274
266
274
248
94
104
114
124
152
144
140
154
216
222
230
224
278
256
234
238
202
122
102
86
40
84
150
82
148
192
226
230
296
358
366
352
366
354
332
320
330
322
334
324
338
326
350
240
136
90
64
54
56
72
106
118
110
100
94
108
112
120
132
134
138
152
152
158
172
184
190
192
206
218
216
212
202
198
202
206
208
200
216
218
208
220
208
214
202
196
202
192
188
200
222
208
194
192
202
200
196
190
212
220
228
230
224
218
224
222
224
232
234
234
254
244
242
264
264
276
290
274
286
306
324
324
318
322
338
342
318
314
358
350
356
386
406
378
358
382
414
442
434
438
446
456
426
412
408
396
400
420
408
432
432
416
420
418
418
332
280
282
282
322
162
92
104
102
148
172
130
200
208
204
216
256
314
360
330
298
282
276
228
192
144
98
128
170
216
302
322
304
262
268
300
292
342
360
364
322
332
324
324
330
326
352
340
226
50
40
44
50
52
58
78
92
98
104
102
90
92
98
116
124
138
156
186
206
216
248
268
266
280
292
296
286
278
266
248
226
224
220
192
196
202
204
198
200
204
184
182
188
194
196
196
198
180
186
198
196
212
208
208
204
210
216
218
202
206
210
212
206
214
222
228
250
240
250
262
262
246
260
272
278
294
300
298
294
298
306
284
300
352
372
360
354
378
370
340
364
388
422
426
412
356
390
418
420
412
356
410
434
422
414
432
436
404
398
440
392
296
256
264
278
268
116
122
90
116
126
122
122
184
232
216
242
264
290
340
392
396
350
336
346
330
256
286
308
332
362
358
350
340
288
244
254
262
314
358
368
318
338
320
334
322
340
288
156
28
40
50
52
52
62
76
84
86
86
96
88
86
82
78
76
80
130
218
260
284
282
282
248
226
216
196
190
230
260
264
262
252
250
230
208
204
192
192
180
188
188
184
186
188
206
192
192
196
188
204
198
198
212
210
210
198
202
212
210
206
206
208
194
202
214
214
226
224
230
254
242
240
244
250
246
256
268
276
268
266
276
296
282
282
332
326
334
336
330
344
378
368
388
372
400
406
384
404
370
398
406
372
410
430
438
392
406
402
424
404
432
338
264
278
234
312
228
128
124
96
146
128
102
136
162
224
260
288
246
298
336
376
402
396
378
370
348
320
348
374
392
408
360
356
372
354
344
322
322
342
368
352
322
334
324
332
324
238
76
30
54
52
50
48
58
68
76
76
82
82
78
80
86
82
72
80
118
158
210
264
254
264
252
266
230
172
118
108
166
204
208
210
214
220
216
206
198
200
202
194
186
170
188
186
182
188
188
198
196
188
198
190
206
198
208
216
218
212
192
194
218
204
204
210
204
214
216
218
222
228
258
248
238
246
238
230
256
268
260
262
272
270
262
274
286
286
296
304
326
330
322
324
304
320
338
378
386
388
390
402
412
408
392
398
424
410
380
396
434
416
418
416
298
262
254
256
330
228
162
130
128
186
214
182
138
178
224
264
314
290
296
352
390
384
360
354
346
352
360
394
412
390
400
366
358
378
384
368
340
346
360
354
362
334
324
332
338
274
112
50
52
48
50
54
60
66
74
74
80
78
78
76
72
70
74
102
144
192
236
266
296
306
328
318
344
270
92
74
100
114
146
158
176
186
164
178
196
202
202
196
184
190
180
174
180
172
168
170
178
188
190
190
196
206
200
200
210
220
214
192
206
208
210
214
206
220
224
226
220
228
244
242
234
232
242
258
226
240
252
250
260
278
268
272
288
272
278
272
282
298
306
300
290
294
292
328
348
352
352
372
352
344
364
374
384
396
400
382
414
424
424
428
378
304
288
258
270
284
222
204
182
170
216
306
282
228
228
240
258
306
356
364
344
372
400
402
392
366
362
354
354
344
342
398
378
354
350
342
324
340
356
364
356
366
336
322
342
292
144
46
52
56
52
54
58
68
68
70
66
68
68
64
62
64
94
138
200
242
306
304
334
320
342
320
336
346
240
56
80
94
98
104
124
130
144
160
170
176
188
194
186
192
190
188
174
172
174
182
182
168
166
176
184
196
200
210
208
226
222
216
202
208
198
214
224
206
226
238
214
218
242
242
218
230
256
248
244
244
264
234
238
260
264
280
280
292
294
282
284
276
280
278
298
308
302
306
304
324
338
354
330
328
348
334
300
348
366
336
380
386
414
420
430
372
286
274
290
292
316
236
218
246
178
152
208
248
252
272
296
296
330
322
344
368
338
314
322
350
340
324
294
288
290
320
352
354
354
348
316
348
354
356
344
362
352
334
322
218
84
26
48
48
44
48
54
54
62
64
66
66
60
58
60
84
144
218
264
302
330
332
326
340
328
344
326
346
344
292
82
76
82
102
100
104
116
134
142
148
160
168
182
188
198
188
198
182
180
174
190
184
170
170
168
164
182
184
194
208
222
216
204
222
216
194
212
218
198
226
250
212
216
246
250
220
226
256
236
232
256
262
226
230
258
264
254
270
268
264
270
298
324
310
296
312
310
298
288
312
310
302
324
366
356
336
318
330
364
346
346
376
386
390
392
372
326
258
204
264
318
320
336
274
290
298
254
230
174
170
228
262
262
318
326
296
326
356
356
328
338
328
312
324
356
378
364
364
336
334
334
368
356
364
354
360
354
360
328
302
150
100
94
76
58
48
48
52
56
58
64
62
58
60
112
188
238
284
308
348
326
346
324
346
330
342
336
342
346
342
338
130
58
86
104
104
102
104
116
128
134
148
156
160
170
180
178
186
200
198
188
196
178
188
184
174
172
176
186
182
186
206
216
208
214
202
210
218
212
204
238
238
222
230
234
242
232
238
250
228
248
282
272
234
244
284
286
254
268
268
282
306
304
302
306
306
310
334
354
326
324
312
306
264
300
296
266
286
290
294
306
328
364
376
366
382
392
312
294
232
216
312
348
372
400
350
332
310
328
340
308
272
282
292
336
382
380
346
360
374
362
338
366
388
418
422
370
338
326
338
348
368
358
362
362
360
360
356
368
318
300
208
150
96
62
46
46
48
54
62
66
66
74
92
168
268
314
336
334
336
334
332
342
332
344
326
354
332
350
338
350
350
180
36
72
80
84
92
96
98
112
124
132
138
136
146
164
168
184
194
182
184
200
184
186
192
188
184
178
184
192
186
198
210
206
212
208
210
212
202
220
246
224
230
238
226
222
248
272
258
268
252
274
278
258
282
304
280
258
278
284
292
306
300
302
304
314
326
330
294
244
192
154
148
144
128
114
118
122
132
138
152
164
166
194
230
268
292
268
260
266
272
258
270
260
308
404
408
362
312
296
320
342
346
322
350
384
396
408
404
394
388
380
394
376
358
328
320
320
346
362
360
362
356
370
356
364
354
362
348
284
114
30
40
42
52
52
54
54
58
60
58
76
128
250
310
334
322
340
324
344
328
342
334
340
336
338
344
334
348
332
352
346
318
92
46
64
70
78
86
92
98
108
124
124
126
134
144
154
168
170
178
184
192
198
190
192
194
186
182
174
176
192
192
204
200
206
214
202
202
192
232
226
212
232
238
224
238
242
216
254
264
272
276
260
268
284
278
262
284
274
286
276
278
302
322
312
322
314
298
258
196
148
122
124
116
104
108
114
118
120
130
134
136
138
140
140
142
152
174
188
208
224
212
160
186
236
282
372
412
404
364
350
342
338
348
342
342
354
360
370
364
336
320
302
300
314
338
360
358
366
356
364
348
368
356
364
358
362
358
358
316
236
134
82
68
70
62
60
60
78
126
186
242
302
322
338
326
330
336
330
342
330
348
330
346
332
346
334
344
340
338
346
334
368
304
74
46
70
76
82
82
78
92
106
116
120
120
130
144
150
156
168
172
172
180
186
182
190
176
176
178
182
182
180
198
202
206
206
198
208
204
218
216
218
260
252
234
254
272
246
258
274
280
270
276
294
290
274
282
280
294
292
272
278
280
290
302
298
302
296
296
310
302
294
278
236
188
166
166
168
174
178
170
172
168
164
158
158
156
160
166
182
204
228
268
304
322
300
318
336
346
356
382
388
366
364
358
348
338
320
302
286
288
312
330
360
354
376
358
368
354
366
356
364
360
360
364
358
364
354
370
328
312
244
146
108
84
74
92
144
246
302
338
326
344
326
336
324
342
330
334
334
336
338
332
346
330
348
328
350
334
350
338
346
342
350
228
76
54
74
80
72
76
76
80
94
108
118
124
132
130
140
162
164
166
168
164
168
174
170
168
178
176
180
184
182
198
198
202
212
234
226
214
238
240
262
266
262
270
284
284
288
300
316
294
306
314
318
312
308
316
318
322
312
314
320
310
312
322
320
330
324
316
334
344
352
366
334
290
256
250
224
210
208
202
196
196
200
208
218
244
234
224
270
290
312
322
324
326
348
352
356
360
346
340
346
332
312
282
276
288
310
318
362
358
366
348
364
356
360
362
360
360
360
368
350
368
358
368
356
370
352
332
308
328
304
298
272
276
286
328
332
334
322
326
330
324
336
328
342
322
344
326
342
330
342
336
340
342
334
344
330
350
334
354
330
352
346
202
30
46
70
68
66
68
78
82
90
98
122
134
122
138
156
144
164
172
164
178
168
162
164
178
174
176
172
180
192
194
200
234
262
258
256
264
272
274
280
288
294
318
310
316
324
326
324
332
330
328
334
332
336
340
344
348
356
354
354
358
356
354
350
374
352
358
360
344
346
362
362
348
350
358
344
336
324
318
308
312
336
352
370
370
362
352
338
336
340
342
348
340
332
350
342
308
302
266
282
276
312
316
360
352
366
354
360
356
352
360
348
366
356
368
352
368
352
366
360
364
360
364
360
352
322
318
330
320
340
330
342
322
338
320
330
316
334
320
332
328
330
332
326
340
326
346
324
350
330
350
332
344
334
340
340
336
346
336
348
340
326
176
76
48
66
72
74
80
80
82
80
94
122
132
134
132
132
152
176
194
190
170
162
166
170
182
172
172
200
220
232
234
266
294
304
310
322
336
342
330
324
332
334
334
340
330
332
334
338
338
330
334
338
344
342
338
338
340
342
348
356
360
362
362
366
366
360
358
352
360
350
342
350
370
390
376
380
382
374
364
356
368
374
354
342
350
348
354
346
360
350
320
316
300
300
270
288
290
322
328
350
348
356
356
354
358
348
364
354
368
350
364
348
366
360
360
358
358
364
356
364
358
370
354
370
322
322
320
324
322
324
326
328
324
316
328
316
334
322
336
322
338
328
336
330
336
338
330
344
328
346
332
350
328
350
330
346
336
344
340
342
352
350
244
90
46
60
76
78
78
80
80
84
96
108
122
124
126
126
150
178
198
208
206
200
202
206
226
258
260
248
256
276
306
322
326
318
298
290
272
254
244
234
236
250
254
258
264
286
298
300
302
300
302
296
292
304
314
316
324
334
352
364
364
370
378
370
368
368
360
366
362
358
356
358
368
352
348
352
350
354
356
356
342
344
344
348
340
342
326
316
294
276
276
290
302
326
346
356
354
348
358
350
362
342
364
352
362
354
362
352
358
362
350
364
356
368
352
368
350
362
348
364
354
370
356
312
328
318
332
314
334
316
330
318
324
318
322
328
324
332
322
338
320
342
326
338
328
340
332
338
338
334
342
332
348
328
350
330
352
332
352
332
354
330
154
38
50
66
72
72
76
78
84
82
86
96
104
106
104
104
114
122
172
214
232
236
234
234
228
210
210
214
212
224
250
264
286
284
274
248
224
216
210
202
208
210
218
232
236
242
250
258
258
264
272
280
292
322
340
366
360
348
358
350
354
370
364
360
356
350
338
338
346
342
342
346
344
336
326
332
344
342
330
324
308
302
276
280
266
268
274
288
316
326
352
344
360
342
362
348
362
350
364
350
362
354
356
360
352
364
352
370
348
364
348
368
358
366
360
358
358
354
358
358
368
352
312
332
310
332
316
334
314
334
314
330
316
330
320
326
328
330
332
330
340
324
342
324
342
324
346
326
346
332
342
334
338
340
334
344
334
348
330
352
336
330
156
46
48
60
68
74
74
74
74
80
80
82
94
90
88
86
108
136
170
216
234
248
248
248
244
246
224
234
210
208
194
204
200
210
206
212
210
198
204
202
222
238
256
262
266
264
266
274
300
302
294
282
278
298
316
324
330
326
328
330
326
334
332
336
332
328
328
328
318
308
300
296
272
276
248
258
250
250
254
254
262
274
308
306
342
336
358
344
360
344
360
350
360
354
358
356
354
360
358
366
344
364
350
364
350
368
354
360
360
354
358
360
364
354
368
350
366
348
364
350
366
308
326
314
326
318
330
318
332
318
334
314
330
318
332
316
334
324
332
330
334
332
328
338
328
346
326
348
324
346
326
346
330
344
334
342
340
340
344
338
364
216
58
54
54
70
72
64
68
70
72
82
88
88
82
84
122
140
190
270
284
330
298
318
300
314
300
308
304
300
302
290
284
268
270
238
194
146
108
106
112
112
122
128
154
164
180
180
182
198
198
202
190
198
196
224
234
262
254
272
264
272
256
256
240
246
228
228
230
228
230
228
250
242
264
256
292
286
320
318
340
328
360
338
352
346
352
348
352
352
346
356
350
362
348
366
350
366
354
368
354
364
354
356
358
358
360
352
366
348
364
352
370
354
368
354
360
358
356
352
356
360
312
324
322
320
326
318
326
326
328
322
320
328
320
330
318
334
320
338
326
338
326
342
328
334
334
334
336
330
344
326
346
328
348
328
350
328
348
334
348
338
274
144
84
66
56
60
62
70
76
82
84
88
84
94
156
186
258
304
340
320
326
316
330
314
330
310
326
302
322
302
314
298
312
296
308
284
286
292
300
300
292
296
284
304
290
304
284
300
276
280
266
262
246
250
242
240
240
240
244
244
258
254
266
264
286
284
308
298
322
312
336
324
344
330
350
332
346
338
342
344
344
346
342
356
344
358
342
360
342
360
348
364
348
360
354
362
362
356
362
356
364
350
366
352
364
346
368
354
362
356
358
354
362
364
356
364
356
362
348
368
342
328
308
326
314
330
314
332
318
330
320
332
320
322
324
324
328
324
334
318
342
322
342
320
340
328
342
328
338
334
340
336
330
338
332
346
330
350
328
350
334
332
274
240
100
48
58
64
66
72
84
90
78
126
242
276
328
318
348
320
340
322
340
326
332
330
326
330
320
328
314
330
310
332
314
330
312
334
316
330
318
334
320
330
320
326
320
320
324
316
324
318
328
316
334
312
334
316
340
322
346
326
342
328
342
328
346
336
336
340
336
338
342
354
342
350
340
358
340
360
342
360
340
360
342
358
350
356
350
356
354
356
362
356
368
348
364
354
364
354
372
354
362
356
358
356
364
362
352
362
352
364
352
366
352
370
352
362
350
360
346
358
324
312
332
310
330
314
332
314
336
316
332
314
334
318
328
324
330
324
330
334
326
336
326
344
324
344
320
346
324
344
326
340
332
338
332
340
342
336
340
334
360
266
74
28
38
42
50
52
60
78
84
158
290
340
336
342
330
344
326
350
324
350
326
346
322
340
324
340
328
340
332
336
334
330
334
330
338
328
340
326
342
322
342
322
348
322
344
328
346
332
344
334
340
330
338
336
332
338
336
342
338
350
334
350
334
352
330
354
338
352
338
362
338
360
346
356
348
356
354
354
356
354
356
348
360
348
366
348
366
352
364
354
368
352
362
354
358
362
356
360
352
362
348
362
352
366
348
368
350
362
352
362
352
364
358
356
362
358
358
344
362
328
310
324
308
320
308
326
320
332
322
338
322
332
312
328
312
336
320
340
330
342
328
334
330
334
330
326
334
326
344
326
340
322
348
330
346
324
344
330
344
336
338
302
274
250
204
188
190
240
268
302
332
360
332
350
334
352
332
342
334
338
342
336
348
336
346
330
346
326
344
322
350
334
358
338
350
330
344
332
344
332
342
342
346
348
340
346
336
350
332
352
334
356
340
362
336
354
336
352
334
354
336
356
350
352
346
352
350
350
354
346
346
350
366
348
364
344
370
350
362
338
364
352
368
352
366
358
362
350
354
354
358
366
354
368
352
368
358
364
348
368
354
366
356
358
352
360
350
354
362
360
366
352
364
344
358
340
358
348
370
348
