322
348
354
344
348
352
346
338
338
338
344
346
336
346
348
336
348
348
346
352
360
362
348
352
360
348
346
350
358
356
348
360
348
358
358
358
364
350
360
362
358
362
364
374
360
362
364
362
368
364
370
366
360
362
360
364
360
362
360
358
368
378
392
392
388
380
392
386
382
392
380
388
376
384
388
374
384
380
384
380
386
380
378
374
374
380
374
374
358
366
366
364
370
358
366
360
368
366
364
370
364
376
364
362
364
356
362
350
364
350
356
356
358
374
356
368
354
368
356
354
354
350
356
336
354
344
344
348
344
362
342
354
346
354
352
340
354
336
336
330
338
332
326
344
336
340
342
332
338
332
338
328
338
338
320
326
328
330
316
330
330
348
336
346
340
342
344
342
346
340
344
340
348
358
344
352
354
348
352
358
356
352
352
354
346
354
344
342
354
362
362
348
364
358
354
372
356
362
370
368
362
368
374
360
364
366
364
364
358
364
362
362
362
358
364
356
366
364
362
366
360
352
256
218
240
274
306
298
288
294
292
278
276
274
278
274
266
268
262
254
246
264
284
304
336
342
354
352
358
366
366
378
372
384
376
384
378
370
380
374
382
362
362
368
360
362
354
376
356
360
360
362
362
350
362
354
366
350
354
356
348
360
342
360
350
352
354
346
358
340
346
336
350
346
340
354
342
350
340
350
344
330
350
336
338
340
332
338
330
340
328
338
338
326
334
332
336
322
332
328
318
336
348
352
342
338
338
338
338
342
332
340
348
346
352
354
350
346
358
362
348
352
352
344
350
354
354
354
358
360
356
362
354
354
370
356
358
368
364
362
362
372
360
370
370
362
366
360
360
358
356
360
358
364
354
360
366
358
366
360
364
372
346
170
130
114
70
70
74
82
92
92
90
102
104
96
112
94
92
90
82
108
106
102
116
136
122
168
162
152
146
168
174
174
190
214
256
296
312
332
330
342
358
362
372
370
388
376
378
370
370
362
356
358
352
360
350
356
356
350
358
344
362
348
350
346
350
356
346
358
338
338
350
348
352
336
350
338
348
346
338
352
336
350
338
340
342
330
344
328
342
338
328
338
334
336
324
336
332
320
330
322
330
344
342
336
338
334
338
334
342
348
336
346
354
348
344
352
350
340
352
354
342
350
346
352
350
348
356
358
366
356
360
368
352
356
366
366
362
362
370
358
366
370
362
368
362
368
366
360
362
356
360
356
368
366
360
364
366
364
360
368
362
292
136
142
118
98
98
96
86
96
100
98
98
100
108
122
122
140
124
102
108
116
106
114
104
94
100
102
112
126
158
170
134
136
140
114
106
134
134
134
144
142
132
156
192
220
248
278
312
322
350
362
386
370
370
364
352
354
346
362
350
352
344
350
350
340
356
342
352
342
344
358
344
348
336
348
346
336
348
336
346
336
342
344
334
344
334
344
334
334
338
332
338
324
336
336
330
336
324
330
322
328
338
338
336
342
338
346
350
340
344
348
350
350
348
352
340
348
350
346
350
346
352
352
360
360
354
360
348
352
366
356
360
362
360
358
366
370
354
364
370
358
366
358
366
364
362
368
360
358
350
360
364
356
360
368
366
358
362
364
370
374
220
72
96
84
96
84
92
116
150
158
162
152
144
120
112
116
122
120
120
106
108
100
114
132
150
170
188
188
216
220
202
192
164
186
190
178
176
164
154
152
134
114
94
110
102
108
120
122
122
140
162
202
256
302
344
350
374
362
364
348
354
352
340
348
338
352
342
344
344
340
346
336
348
340
340
350
342
350
332
346
340
340
342
330
346
338
340
336
336
338
322
342
330
324
334
330
332
320
328
320
324
334
344
334
338
344
338
342
344
340
342
356
354
336
356
348
346
352
350
348
350
350
352
354
362
344
354
360
348
354
362
358
356
366
370
354
364
366
360
366
362
364
362
362
360
364
362
354
358
354
346
360
358
364
354
356
360
364
362
366
382
276
178
194
150
146
108
98
120
148
142
132
126
140
140
148
120
102
96
106
112
124
154
178
206
210
246
210
228
236
200
218
178
198
200
200
196
204
204
190
180
182
190
194
194
170
158
172
176
166
132
114
102
88
86
116
152
204
264
322
356
362
368
346
352
340
344
342
334
344
332
346
342
340
348
342
352
330
346
338
336
342
334
346
330
338
334
340
338
328
342
330
332
328
326
328
324
336
316
326
324
312
326
336
342
336
342
338
344
338
348
354
338
352
346
344
354
350
338
334
352
350
352
354
346
356
360
354
360
358
358
354
358
362
352
366
368
356
364
362
362
358
364
358
364
356
352
362
358
346
356
344
358
358
356
354
362
362
358
368
370
350
266
250
224
150
128
132
170
184
144
118
106
92
88
90
102
98
100
132
138
168
178
204
234
190
200
214
212
206
192
180
200
182
182
210
184
194
224
186
176
196
202
224
248
218
200
176
176
194
192
180
166
174
174
152
118
104
86
94
112
150
202
274
322
358
362
348
344
332
348
336
338
344
340
348
332
344
336
338
338
338
354
332
342
334
340
336
328
344
332
336
328
336
332
320
334
320
330
322
320
332
318
338
326
338
336
344
334
338
346
334
348
354
346
348
350
350
346
320
326
356
352
346
352
356
352
354
366
358
352
356
360
350
360
356
354
362
354
358
362
362
364
360
360
350
352
356
354
352
348
358
346
358
356
362
364
352
360
354
366
364
366
308
218
160
132
140
166
166
124
124
114
108
110
110
120
140
158
182
188
190
160
144
168
176
182
192
232
234
248
248
204
204
198
208
222
172
222
218
198
208
224
188
166
222
296
268
250
230
218
208
228
178
182
204
186
166
160
158
130
110
100
86
82
120
178
256
310
356
354
346
340
338
350
328
344
340
338
338
338
350
334
342
332
338
336
326
342
336
338
326
332
332
324
334
322
330
324
326
330
324
332
310
340
342
334
334
352
346
330
342
344
342
348
342
348
346
350
346
344
354
340
354
356
348
350
356
354
348
356
358
346
360
356
360
360
356
358
360
360
356
362
368
356
360
354
348
358
358
358
356
358
354
360
364
362
368
352
358
356
364
364
354
372
216
114
160
174
166
128
116
110
116
122
142
170
178
182
188
180
162
168
184
186
196
208
220
240
248
266
224
194
230
234
192
200
200
226
224
210
216
210
224
236
224
240
286
250
298
308
266
254
218
242
244
232
224
208
224
204
224
186
160
148
130
100
86
90
112
162
234
310
362
344
350
334
340
334
336
348
328
346
328
340
332
328
340
330
340
326
340
336
326
338
328
330
314
316
324
322
332
314
332
318
346
328
340
350
344
348
346
348
344
348
350
348
348
340
348
346
336
346
348
348
352
356
358
344
354
360
346
356
354
356
360
358
360
358
364
358
358
364
356
364
368
360
356
354
362
350
360
360
356
354
354
364
356
368
360
364
366
366
376
374
398
266
108
128
144
120
116
106
112
132
142
164
170
168
190
202
206
196
218
220
186
170
198
212
204
196
220
182
174
254
258
180
174
170
184
232
228
228
196
192
234
208
190
206
252
256
246
248
226
222
242
262
186
228
252
190
198
262
196
210
200
160
158
142
128
112
90
82
108
178
262
340
354
344
342
330
344
330
340
332
332
342
332
336
326
342
332
330
340
330
344
322
328
324
328
332
314
328
324
322
320
354
360
348
340
326
316
312
314
312
310
326
342
350
370
354
356
354
344
346
350
360
346
354
356
348
358
350
354
354
352
360
356
358
358
356
364
354
360
364
354
362
366
364
360
364
358
358
362
358
358
360
366
376
374
376
366
348
320
292
246
236
194
144
122
122
128
122
118
146
156
162
168
208
238
234
240
222
244
240
194
202
226
234
270
246
202
208
232
230
240
208
184
174
162
178
218
208
206
202
204
228
228
226
266
252
192
200
238
244
280
250
216
228
220
210
178
190
172
178
214
194
188
180
168
152
164
162
138
106
70
72
128
232
300
352
340
340
332
330
330
330
338
322
338
334
334
334
334
344
326
334
330
336
334
322
338
328
326
318
326
330
246
208
158
128
108
104
96
96
92
94
108
128
148
198
256
298
336
362
372
360
358
360
344
350
364
362
350
354
356
350
364
356
358
364
350
358
364
358
354
360
362
362
374
356
348
360
368
376
374
372
366
356
326
266
210
176
160
128
120
120
118
160
160
140
190
180
168
206
214
210
218
236
266
262
280
288
270
264
278
264
268
262
294
300
316
296
284
230
204
186
174
204
180
174
182
222
200
232
202
196
224
184
236
254
266
198
212
240
256
294
228
198
254
268
220
204
208
150
186
182
172
186
184
164
156
180
184
170
134
118
102
74
50
84
174
282
340
348
324
330
318
336
330
330
326
330
340
318
334
332
338
332
322
334
324
332
312
328
328
316
326
252
180
110
86
48
28
28
30
26
28
34
30
26
28
38
64
100
164
228
280
334
358
360
358
356
350
352
344
350
346
352
360
350
356
356
356
356
358
358
354
364
346
240
144
130
180
206
224
224
218
200
156
122
124
132
140
140
194
208
216
212
216
196
188
212
240
270
274
258
264
268
288
298
286
284
284
280
282
276
238
206
208
252
264
262
234
206
186
170
148
190
202
208
188
184
222
218
224
210
190
216
210
250
248
242
218
226
216
296
254
260
274
234
238
252
236
216
198
194
186
190
188
158
144
172
196
154
180
162
138
118
104
92
92
56
66
142
282
332
344
326
334
326
330
336
320
340
330
332
328
328
338
326
334
314
328
326
318
324
320
328
342
360
300
166
62
34
28
40
52
50
38
40
32
34
32
30
28
24
32
58
120
190
270
320
340
350
362
348
354
356
346
354
352
360
348
356
358
348
358
358
366
258
96
82
136
144
100
108
106
122
140
180
202
218
224
240
224
244
250
216
240
192
238
284
256
276
302
304
280
272
280
274
260
246
222
202
236
244
204
200
216
210
208
200
190
204
190
194
200
196
180
222
210
194
186
212
234
254
200
152
184
220
226
224
212
204
180
228
294
262
274
294
282
244
268
242
224
220
206
198
206
220
180
194
178
180
186
186
166
164
138
128
120
112
112
90
62
68
154
272
340
348
336
318
336
320
332
318
324
332
322
334
320
338
324
320
322
320
322
310
328
322
332
318
160
66
64
72
66
54
42
34
32
34
38
38
38
38
42
42
42
36
46
80
112
138
180
238
300
314
344
360
374
362
368
366
354
364
368
368
372
344
206
122
136
152
140
170
192
200
202
232
242
244
232
202
196
202
238
234
260
258
250
242
254
264
264
276
256
226
206
188
168
172
166
170
206
190
200
216
202
250
222
198
218
188
186
224
206
210
220
230
208
218
210
198
218
236
232
222
220
214
176
222
266
266
216
218
228
222
296
216
310
272
292
300
244
240
236
202
222
232
216
220
214
210
154
162
166
156
158
158
154
136
114
150
114
94
74
56
60
170
274
342
330
334
322
324
330
324
332
312
328
332
328
316
314
328
310
320
312
318
334
330
330
336
282
222
168
118
68
36
38
36
30
32
36
38
48
52
54
58
56
52
52
44
42
42
42
108
132
116
164
196
226
242
288
302
298
282
256
214
168
168
156
194
180
166
178
182
196
190
208
214
170
166
182
240
236
228
196
228
210
202
196
184
212
230
220
222
198
200
190
178
198
198
198
232
226
232
242
228
232
236
236
250
246
248
258
280
252
216
258
280
230
262
226
206
234
244
230
258
246
208
258
286
248
302
316
268
234
372
300
304
300
282
260
258
288
238
252
232
266
222
234
204
208
222
216
172
154
172
166
116
80
80
76
74
70
60
54
42
28
64
180
294
334
324
318
324
312
328
316
320
314
318
326
306
320
316
320
316
310
338
338
318
338
316
276
160
26
6
14
18
22
30
36
44
46
50
56
60
62
60
58
60
58
48
48
82
130
174
134
94
80
80
76
132
156
148
150
158
150
162
174
146
166
190
192
208
240
202
206
206
200
170
186
218
238
242
218
220
202
220
224
218
214
206
214
242
246
246
236
236
212
226
248
244
252
256
248
258
254
244
254
264
280
302
262
270
294
292
278
270
276
224
274
272
252
272
262
216
262
296
256
266
288
240
268
320
282
274
294
224
246
298
276
258
234
274
264
252
224
202
218
230
226
212
214
208
200
212
186
120
72
64
56
52
50
60
56
52
56
50
42
36
88
210
322
326
326
318
320
308
320
326
310
320
312
324
312
314
316
308
320
328
328
330
334
352
302
182
86
26
30
26
30
30
36
42
48
54
60
68
68
64
62
56
88
184
262
246
232
224
226
216
208
222
222
240
222
232
258
230
216
216
216
208
184
182
206
210
212
194
200
212
204
232
230
214
256
242
228
234
232
224
216
240
232
248
286
266
248
228
248
224
222
256
246
250
248
242
260
264
260
266
278
290
308
306
274
252
292
292
244
266
274
264
272
264
280
278
250
264
312
314
290
292
308
304
250
264
278
278
290
284
270
260
294
296
286
256
256
224
160
218
242
252
230
206
256
224
156
92
60
58
58
62
62
62
56
54
60
68
66
52
46
44
48
114
232
316
326
320
318
312
324
310
322
314
318
314
308
314
302
326
334
322
334
336
324
344
352
294
186
70
20
24
22
26
36
46
56
60
66
72
74
70
80
154
244
278
298
252
206
252
246
276
276
256
266
286
262
248
278
228
208
174
188
204
198
224
214
212
232
240
230
228
216
232
232
260
240
242
270
236
214
210
244
290
264
270
232
232
262
236
224
230
238
242
252
268
284
276
246
244
260
276
262
298
322
272
248
268
254
290
276
256
278
258
266
280
282
260
250
280
294
300
342
330
290
290
254
248
258
264
260
274
238
282
240
256
264
268
248
218
238
234
272
256
236
244
170
68
52
64
58
64
66
62
122
144
90
48
52
58
56
54
48
46
38
60
122
230
304
332
314
324
310
318
308
310
316
302
322
302
320
332
334
324
330
330
334
334
338
330
212
104
40
34
32
30
42
46
54
68
74
82
92
124
158
204
228
258
198
192
292
312
246
252
220
270
310
220
192
230
236
250
212
242
260
268
238
228
242
266
242
204
270
248
272
284
262
240
244
266
244
220
196
246
312
286
282
286
292
286
278
264
284
276
262
264
258
292
320
278
268
278
284
282
322
288
300
298
274
294
336
272
280
302
276
288
340
320
282
298
296
268
300
342
280
280
304
262
264
262
236
246
258
294
248
224
262
276
264
250
212
244
260
242
226
202
150
86
52
66
62
68
98
86
78
102
130
120
114
116
112
94
92
78
62
54
70
56
66
136
248
298
320
308
312
310
300
316
312
316
296
334
322
330
332
326
332
330
330
330
344
348
272
102
34
24
20
20
24
42
58
70
86
98
128
160
164
186
192
190
200
264
306
282
300
300
272
238
224
238
250
268
280
264
268
276
296
234
242
286
256
204
182
276
302
280
280
252
254
236
248
272
260
244
278
322
298
292
298
296
288
306
258
278
298
288
302
288
288
312
338
306
286
280
300
306
284
306
294
284
328
336
306
302
326
332
324
340
334
254
304
312
300
286
298
294
284
296
298
264
258
250
264
272
304
246
254
270
264
250
266
282
270
246
234
222
184
94
42
64
64
56
82
80
68
74
80
104
96
116
126
134
114
112
112
120
72
60
54
50
48
76
134
212
286
310
312
304
312
298
310
314
334
322
320
328
326
332
324
330
330
326
330
342
318
128
38
26
22
32
40
50
66
86
106
154
152
154
182
238
250
194
272
300
304
260
260
236
230
236
228
222
246
238
248
230
236
216
250
230
244
254
230
196
262
292
268
260
254
262
260
266
238
260
284
294
296
306
316
268
272
294
276
276
272
294
310
292
294
314
316
328
286
288
300
306
284
278
316
306
318
330
320
314
320
356
422
380
414
330
312
306
308
326
300
282
290
278
296
298
270
262
264
286
298
286
290
316
304
268
260
298
312
328
286
296
256
142
56
64
70
56
72
84
72
82
94
100
64
64
76
96
120
128
108
86
110
94
80
60
62
62
72
66
76
102
158
308
296
308
306
296
306
328
324
330
326
320
320
318
330
336
324
320
328
336
158
72
36
36
36
40
56
76
92
108
166
132
162
220
288
250
230
286
212
204
192
188
192
218
218
192
196
200
194
204
214
176
200
208
214
220
240
234
232
226
242
234
222
238
238
234
232
202
242
206
282
264
270
284
266
280
264
284
306
290
284
276
268
296
298
292
302
290
298
316
286
286
302
314
314
326
304
312
282
324
350
348
386
422
402
374
300
376
332
306
288
284
270
280
304
300
316
288
300
320
314
300
284
296
248
274
302
330
366
308
254
140
54
60
72
66
68
82
64
68
80
70
76
56
60
54
58
78
90
92
112
128
104
64
84
68
44
56
60
68
72
46
130
294
308
296
292
308
318
324
312
318
314
314
324
324
338
330
330
330
194
24
20
28
30
30
38
60
78
86
104
160
164
204
250
234
216
192
210
164
174
178
200
216
274
268
242
208
216
218
204
186
172
206
188
208
222
234
238
240
222
218
230
234
228
244
246
246
220
182
176
238
244
236
242
244
260
262
284
264
258
264
270
274
270
280
298
292
314
306
302
292
300
332
304
282
298
328
336
308
284
338
328
338
394
438
374
306
370
308
290
292
292
282
290
314
304
294
300
268
300
284
248
230
296
250
278
338
370
352
294
130
86
90
68
88
72
90
106
90
100
86
64
78
98
80
62
54
48
60
72
98
104
60
54
54
34
26
24
52
78
76
82
64
206
306
304
290
308
314
324
314
314
322
320
328
330
324
332
332
354
238
124
54
26
24
26
42
58
66
72
112
146
186
176
180
164
218
186
162
168
182
172
172
174
188
202
234
246
230
248
234
198
180
216
212
208
236
226
224
244
246
230
220
216
242
236
236
250
184
152
202
244
252
238
226
256
252
244
254
260
250
228
256
244
250
264
274
262
276
294
288
294
292
298
322
326
308
306
342
348
284
316
302
300
314
336
358
346
306
286
282
320
286
304
302
292
288
270
298
310
306
292
294
282
256
268
282
268
348
304
224
94
118
90
78
86
80
104
138
158
110
74
66
86
156
78
74
74
74
70
64
68
62
38
50
38
28
20
20
44
62
62
68
122
246
296
306
292
308
322
326
322
318
330
324
322
330
322
334
350
304
90
26
18
26
24
38
50
58
58
66
94
108
110
108
68
58
104
142
180
176
160
164
194
190
164
180
270
278
220
214
220
214
200
190
190
170
194
214
212
208
210
226
212
212
238
220
210
218
224
218
238
250
226
236
226
204
224
234
238
234
222
232
246
236
242
262
252
240
240
272
274
252
274
294
286
298
292
284
292
320
318
222
272
332
334
306
314
350
332
308
300
302
308
304
316
316
340
310
356
340
304
280
304
276
256
264
246
252
218
198
118
80
94
94
96
80
92
136
164
150
112
96
84
72
86
92
92
98
98
72
56
68
62
28
30
54
24
32
38
36
68
108
94
168
314
268
260
286
290
328
320
324
324
322
324
322
334
324
346
264
70
4
14
14
24
32
44
52
56
58
66
78
88
84
64
54
56
70
98
122
168
234
216
132
108
104
134
178
182
184
168
164
184
192
224
212
188
172
170
168
168
194
194
208
208
208
220
212
200
214
228
250
232
208
234
224
182
204
222
208
208
196
206
216
232
240
232
248
246
238
238
250
244
248
266
272
254
278
274
280
304
236
208
286
308
312
322
314
340
298
304
338
322
326
328
316
324
310
338
350
316
286
290
276
280
264
230
232
216
168
156
86
68
96
102
88
90
122
134
88
100
108
88
98
88
80
68
70
80
84
76
74
78
76
68
48
36
28
42
68
100
132
160
136
114
154
114
106
256
284
334
322
316
318
324
320
316
334
336
262
104
72
92
86
90
58
40
46
52
56
64
74
80
78
66
60
58
68
70
90
196
260
250
78
56
74
86
98
112
144
166
176
172
152
136
176
206
198
186
182
166
166
190
178
190
178
182
212
200
194
212
216
202
198
172
202
200
186
192
190
188
206
200
190
206
230
222
198
232
238
232
224
246
250
240
272
286
280
264
254
268
292
264
238
310
302
268
294
302
306
298
296
294
304
282
284
284
284
286
304
324
280
252
268
258
296
286
210
214
170
202
136
88
106
122
126
120
108
106
84
82
106
108
76
94
116
98
84
78
64
60
74
94
114
120
124
92
54
68
90
140
146
138
164
154
112
102
102
196
292
266
332
308
318
330
318
330
320
320
336
260
194
150
114
76
58
38
38
44
54
66
66
64
64
60
52
56
58
58
102
200
258
268
130
40
72
76
88
106
116
124
150
158
156
174
212
166
182
190
184
200
184
164
174
180
162
180
180
182
186
192
196
200
196
188
184
186
184
186
182
190
204
224
218
204
214
224
224
214
228
234
230
244
254
248
238
250
274
288
246
254
252
256
264
274
250
274
260
280
272
270
282
316
270
304
306
270
294
250
244
292
294
260
244
276
248
270
202
220
184
142
140
124
96
108
128
132
120
136
110
74
92
122
116
106
102
124
110
116
114
84
66
62
62
88
88
86
82
58
76
128
148
136
152
178
172
150
130
170
254
288
274
320
318
312
322
316
318
320
320
238
60
24
22
20
28
38
38
44
52
56
54
56
54
54
52
58
62
62
108
226
266
284
284
42
28
60
72
86
96
112
142
176
154
174
158
212
216
188
178
176
168
168
166
154
168
174
176
172
174
162
156
176
174
166
182
184
170
164
186
184
222
244
224
214
218
224
222
214
232
234
224
218
242
260
238
228
232
250
258
256
252
266
254
256
278
254
220
250
276
258
240
228
244
316
304
286
274
256
222
240
246
260
250
216
230
230
200
150
204
188
148
162
140
106
120
144
108
94
112
104
90
80
110
136
110
122
166
154
138
132
136
98
94
80
72
74
70
92
110
118
150
162
166
172
170
172
146
144
252
270
278
272
308
326
318
316
318
310
326
302
226
152
104
54
36
32
38
38
46
48
50
50
52
54
46
58
74
72
174
254
286
302
322
304
108
36
42
66
76
82
98
110
202
196
140
184
164
210
218
228
180
142
180
186
158
154
148
150
166
190
176
144
150
156
154
168
164
158
166
190
196
220
236
232
212
246
234
198
224
230
216
192
204
224
226
228
242
224
216
220
238
244
248
220
216
216
208
194
216
246
236
234
278
266
248
244
236
234
206
222
234
214
188
196
206
200
258
228
188
212
194
154
138
166
120
120
138
96
82
72
82
130
154
134
122
114
144
172
160
130
126
154
132
110
140
166
170
160
150
174
162
144
152
162
158
146
126
126
210
280
260
276
270
308
320
318
304
314
318
326
236
94
28
10
12
24
32
40
42
46
46
48
48
48
50
54
70
82
188
286
302
328
320
328
330
214
30
28
52
70
78
84
100
118
266
204
126
180
212
202
212
232
180
176
180
164
162
164
174
170
166
156
168
172
158
170
162
152
160
182
184
198
220
220
210
222
234
218
206
226
226
208
236
242
216
240
254
238
224
220
212
214
226
202
226
248
206
214
204
192
214
196
200
226
232
208
214
214
232
214
194
192
198
164
172
196
182
224
214
160
160
154
154
114
130
106
106
122
100
104
132
122
112
128
166
190
200
196
178
160
112
116
112
114
120
134
148
132
124
112
110
120
134
138
128
104
110
162
248
258
262
256
262
274
312
306
310
310
308
324
278
104
30
8
20
28
32
38
40
46
48
44
46
46
46
58
76
118
228
286
328
326
330
324
330
328
234
12
24
40
66
76
80
90
114
230
220
122
130
160
180
162
214
230
188
164
168
162
166
168
154
156
162
164
160
162
176
166
152
158
182
184
178
202
204
202
222
224
202
192
206
214
228
248
224
206
232
232
226
206
204
218
212
208
198
224
240
232
220
212
208
194
174
196
202
220
194
238
236
196
152
166
164
160
164
162
158
156
204
216
160
164
160
160
152
112
78
78
102
114
118
130
140
160
142
140
130
140
176
178
146
122
128
118
120
124
132
140
132
126
136
166
152
116
84
108
172
240
254
260
248
252
254
256
268
308
306
308
308
326
214
36
4
6
14
26
30
40
44
40
40
42
44
44
46
60
100
178
252
322
316
328
320
330
316
330
326
288
72
14
28
48
64
74
88
94
94
130
128
114
122
128
170
162
192
206
194
162
162
162
156
160
174
196
166
148
162
166
166
172
176
194
186
190
190
190
196
222
200
212
226
214
214
228
228
214
200
208
210
196
170
198
196
184
174
198
208
242
190
194
212
206
180
170
206
182
166
154
234
216
156
144
176
194
190
178
174
180
188
190
186
178
136
128
134
146
134
100
88
88
100
110
94
94
132
172
182
170
156
146
136
122
136
140
140
142
152
156
154
154
148
138
102
72
118
188
238
250
246
240
248
242
250
250
252
266
310
300
318
318
280
188
154
154
128
102
60
32
38
44
42
42
38
36
46
72
144
218
308
318
332
322
328
312
324
320
310
320
312
240
42
12
30
40
64
74
80
84
90
128
104
104
100
118
142
142
136
172
168
158
148
170
182
176
176
156
168
182
186
188
194
188
194
200
190
194
188
190
196
190
198
204
198
186
200
204
190
190
206
196
192
192
198
188
164
176
182
190
192
182
198
186
178
162
200
186
156
168
166
168
192
148
122
140
132
100
78
70
62
60
58
60
56
60
56
60
62
80
78
90
94
86
78
80
90
84
102
142
176
206
202
176
160
156
168
172
180
172
152
132
100
72
72
122
192
246
248
244
238
244
240
252
244
252
248
240
262
310
306
296
320
278
232
178
138
78
34
30
46
60
66
40
30
42
62
106
188
284
310
326
320
324
316
326
316
312
322
306
326
320
312
116
8
20
38
50
58
60
72
76
108
134
102
104
102
128
140
128
138
142
140
148
170
182
172
168
168
188
180
178
196
196
198
198
188
186
188
192
180
180
182
190
200
186
182
186
202
202
208
210
186
192
192
186
172
180
186
190
182
176
196
190
174
168
174
194
172
142
148
130
98
72
52
42
38
28
26
28
26
28
28
26
26
30
32
36
38
46
48
54
56
58
64
74
88
104
134
164
162
134
122
150
150
134
124
126
126
124
110
74
52
82
150
220
246
242
242
236
246
240
242
238
248
252
242
252
248
256
292
314
306
236
80
32
24
44
64
80
78
70
52
30
40
80
126
192
276
304
324
316
328
314
324
320
318
326
300
322
314
316
304
322
268
100
66
38
30
36
48
56
64
60
148
160
96
92
90
98
134
156
144
150
156
164
180
178
162
166
160
156
174
178
172
190
192
188
184
172
176
166
168
178
190
208
206
194
202
212
214
216
220
228
214
208
204
198
200
198
196
190
202
218
240
192
180
178
180
188
156
120
106
94
78
64
44
36
32
28
28
26
32
30
30
36
34
36
36
38
40
44
56
68
86
108
128
134
132
160
160
154
138
134
142
136
140
132
120
100
80
78
112
168
234
246
242
238
234
236
232
246
232
248
248
244
250
246
256
244
260
296
306
316
294
268
226
206
140
74
38
26
34
68
108
164
230
282
300
328
316
320
310
320
314
316
322
306
326
318
318
308
316
314
302
322
260
118
6
20
28
34
68
82
128
118
88
66
74
82
86
96
120
148
158
150
164
180
186
182
166
160
150
160
144
146
168
176
162
152
152
154
174
180
194
198
204
206
214
220
216
228
230
236
238
246
252
244
236
224
218
236
236
240
248
258
228
218
216
214
210
220
218
200
208
214
208
166
152
146
114
82
70
60
56
50
50
52
54
54
64
72
90
118
162
172
184
196
186
176
158
150
150
142
150
146
118
94
68
68
100
172
208
246
242
238
234
234
238
234
242
232
242
240
236
244
246
252
240
256
248
254
302
296
290
318
272
64
20
20
52
100
148
190
232
264
298
304
326
312
316
312
314
310
318
328
304
324
316
320
312
316
320
304
322
298
316
318
188
110
150
192
182
190
148
102
66
56
72
68
72
76
82
82
96
120
120
136
146
176
180
168
158
136
128
140
142
152
160
160
166
172
186
216
232
224
220
238
246
236
236
246
258
256
262
260
258
268
266
260
252
250
260
258
270
270
246
252
252
252
260
246
236
244
228
214
226
218
214
206
216
204
194
190
166
142
132
136
128
124
128
136
144
166
160
162
162
168
174
166
160
154
152
150
132
96
68
70
104
148
210
226
250
232
236
230
236
232
234
250
230
242
238
242
240
250
258
242
258
248
254
252
254
304
296
302
292
312
262
226
240
268
286
292
310
310
310
322
304
320
312
312
312
318
324
298
322
314
316
316
312
318
306
320
298
310
310
306
310
290
296
242
162
80
42
36
40
56
64
68
66
66
66
70
78
76
72
66
78
92
118
128
130
134
136
148
162
164
174
178
202
210
210
226
238
240
224
198
194
194
194
194
208
230
236
244
248
242
274
256
246
246
246
238
238
238
238
238
224
218
226
238
242
230
222
218
206
208
208
198
200
194
184
196
196
192
176
178
178
182
162
152
160
160
158
154
146
150
150
148
146
140
126
102
78
84
118
170
214
242
238
244
228
234
228
238
230
234
238
226
240
234
238
238
248
248
242
264
252
256
250
256
258
256
310
286
308
308
294
316
316
320
308
320
312
308
320
294
310
314
310
304
314
324
304
322
312
314
314
316
320
306
322
304
320
302
300
314
294
316
306
274
44
6
6
18
22
36
48
50
56
60
58
54
54
60
60
62
58
50
52
58
60
78
106
126
128
124
126
112
108
134
158
182
216
246
258
250
236
206
182
160
126
108
106
104
110
120
136
146
180
184
200
196
186
186
208
216
210
192
184
194
204
204
216
198
184
188
186
188
180
178
170
158
156
160
156
158
154
148
154
156
150
154
154
160
168
160
146
136
116
90
74
72
102
154
214
248
248
232
238
226
236
226
234
228
234
240
226
232
234
246
234
248
248
242
256
246
258
250
256
254
260
268
248
306
300
292
306
300
312
298
310
304
306
320
298
314
306
308
302
300
312
298
318
310
316
310
312
318
306
326
304
318
318
308
306
308
316
284
310
304
302
98
6
12
14
18
30
38
38
40
46
46
48
50
48
52
56
66
64
56
54
86
140
182
218
226
236
214
218
200
186
162
160
130
140
166
204
226
250
266
268
262
254
226
198
162
134
130
110
118
124
132
128
130
128
174
202
198
184
172
182
192
196
198
184
170
162
162
160
154
150
148
152
152
152
160
164
168
172
178
180
174
166
158
136
120
90
78
80
90
128
164
210
228
246
238
230
246
230
240
232
242
226
234
242
230
234
238
246
230
248
248
244
254
250
258
246
254
248
256
266
252
272
256
296
302
294
304
294
310
298
300
312
294
312
308
306
300
302
312
294
316
312
312
316
310
314
306
320
298
314
312
302
310
300
310
284
302
294
304
304
262
72
6
12
20
24
26
30
36
48
46
50
56
48
54
52
56
70
90
134
184
228
254
254
244
244
254
248
260
258
282
266
276
258
244
192
182
148
146
148
152
174
176
204
220
242
254
256
232
232
234
242
234
214
218
208
200
184
184
188
200
192
190
184
176
176
166
176
176
178
168
168
176
176
166
150
144
132
116
104
88
86
80
92
96
126
162
184
216
224
246
240
246
236
234
242
230
244
236
240
224
236
238
228
238
240
248
228
248
242
240
250
244
258
248
258
248
260
264
254
270
270
276
256
290
298
292
308
300
298
308
292
304
302
304
300
306
312
292
314
300
302
308
306
316
304
316
300
310
310
302
308
304
314
292
312
298
302
302
280
176
56
0
12
16
20
26
28
36
38
50
54
54
58
70
90
102
128
168
218
254
254
248
248
246
254
250
262
258
274
268
290
274
280
276
292
286
288
298
262
256
226
218
172
184
154
138
128
142
146
132
148
152
160
148
166
172
166
158
166
174
176
180
178
178
174
166
146
138
126
112
112
108
112
100
104
98
108
130
130
154
178
198
210
226
242
234
252
240
248
230
242
232
234
242
230
242
230
248
228
238
240
238
240
240
246
230
254
246
248
244
248
254
250
264
242
262
264
260
264
266
276
254
284
274
298
304
294
292
300
284
300
288
298
296
296
306
290
312
306
310
306
302
310
304
320
294
300
308
296
298
298
310
294
312
304
300
308
298
308
290
294
168
100
82
82
82
94
104
108
116
118
124
128
164
186
210
236
246
252
248
258
248
250
262
258
270
268
284
278
296
280
290
290
296
276
280
292
276
290
276
288
272
290
288
280
286
268
266
240
248
224
224
206
206
174
182
178
158
160
150
152
116
140
140
136
122
140
150
146
164
162
180
186
202
218
234
246
238
254
252
256
242
252
250
236
248
236
250
234
244
232
238
244
232
242
236
250
228
248
242
242
238
242
252
236
256
242
252
248
252
252
242
268
242
268
262
262
264
268
278
260
284
274
270
276
280
278
294
278
302
300
304
294
306
312
306
318
304
304
304
298
298
284
300
284
298
304
300
306
302
312
298
314
306
306
308
294
298
276
300
284
306
306
296
274
266
278
254
262
248
256
248
254
258
256
268
254
258
258
272
256
268
282
280
284
282
294
286
306
290
298
282
288
282
274
294
270
288
276
292
268
286
288
280
292
280
286
272
292
264
272
266
272
272
268
276
264
280
272
292
260
272
268
266
278
264
262
250
268
262
274
262
256
256
260
260
240
258
250
262
240
252
248
238
250
238
250
236
244
232
240
248
236
244
238
260
234
250
250
250
248
252
258
236
254
238
254
248
246
252
258
272
242
270
268
274
268
274
276
260
284
266
270
264
262
278
