388
382
378
384
388
382
396
390
384
396
398
404
396
406
408
402
410
410
410
414
408
408
406
410
386
396
412
400
406
412
410
410
408
418
408
418
418
418
420
418
426
418
426
426
426
428
424
422
416
420
414
418
422
412
420
418
420
414
424
424
394
326
320
348
380
400
376
374
386
388
382
384
402
394
404
412
410
406
418
426
436
444
446
454
448
450
442
452
442
430
416
422
420
422
422
426
426
416
430
428
438
422
434
428
424
428
414
420
408
424
404
420
404
422
408
422
418
424
422
418
424
408
424
394
412
400
412
400
412
406
402
406
398
418
402
414
402
412
406
398
394
392
402
384
408
390
400
388
404
394
402
402
392
404
392
402
374
394
386
392
378
380
390
394
386
394
394
388
392
396
400
398
406
398
398
402
396
402
402
398
404
398
400
398
404
410
404
408
410
414
406
408
416
410
418
418
418
418
416
422
418
422
420
418
424
416
418
416
418
416
416
422
418
422
422
424
418
424
420
422
438
312
152
142
116
98
118
122
126
144
150
158
172
182
168
200
186
186
194
210
206
210
258
298
338
348
376
386
408
406
426
426
434
442
440
450
434
436
426
434
422
422
420
418
422
414
426
414
422
404
426
412
418
412
422
414
408
420
408
416
402
420
400
420
408
412
404
412
412
404
414
402
408
396
412
398
404
404
398
406
398
414
392
412
396
410
394
396
396
392
400
382
404
386
402
384
406
394
388
394
388
398
388
380
392
392
388
386
392
398
392
398
394
394
400
396
400
398
402
398
400
404
394
402
406
396
406
412
414
404
412
416
404
412
414
418
416
414
420
416
424
418
418
424
416
422
418
418
414
416
420
414
424
420
416
416
420
420
414
422
420
426
298
200
212
180
146
136
130
122
122
118
112
128
126
138
170
144
164
148
136
152
150
158
158
146
120
128
172
172
158
178
176
198
216
246
310
350
386
398
408
416
422
442
432
444
430
442
424
428
424
418
414
416
420
406
424
404
416
406
420
402
418
410
410
408
410
414
400
416
398
412
400
410
408
408
406
394
408
396
416
388
408
396
400
398
398
404
390
404
386
404
390
400
386
398
400
390
398
388
402
384
406
388
386
392
386
390
394
392
396
388
396
394
394
396
400
398
390
400
402
388
404
410
404
404
410
412
400
412
414
406
416
410
408
410
412
412
412
418
410
414
420
414
414
414
420
420
420
416
408
416
416
424
414
424
424
416
420
418
424
424
414
156
80
100
96
112
132
154
172
176
196
202
180
176
164
168
186
190
170
140
134
140
136
144
158
140
130
138
132
150
166
192
196
232
202
162
156
176
192
194
210
216
208
238
270
292
328
362
384
418
424
440
428
440
416
422
406
412
400
408
416
404
412
406
414
396
412
398
410
398
406
398
396
406
390
408
396
408
392
408
400
400
398
390
400
388
408
380
402
396
398
392
398
400
382
404
386
394
384
398
378
396
388
382
392
388
390
394
386
388
390
392
394
394
402
392
400
406
392
400
402
400
400
406
412
400
408
406
406
410
406
412
412
412
412
412
420
406
412
418
412
416
414
422
412
422
420
412
416
412
420
408
418
414
412
412
414
420
412
424
416
438
236
226
224
180
168
136
126
166
212
212
236
230
224
200
172
152
160
158
164
158
148
140
166
164
196
200
216
224
274
296
290
320
302
280
264
224
220
230
216
200
214
164
110
138
152
138
150
166
184
210
254
280
336
380
422
436
432
430
406
418
404
414
398
412
396
402
400
400
402
398
404
384
404
396
404
394
402
402
396
406
388
404
390
404
386
398
392
392
398
390
402
382
400
384
396
388
388
382
388
390
370
388
388
386
384
382
388
388
386
388
396
402
384
400
404
398
400
394
396
394
406
404
400
406
406
408
406
404
402
408
412
404
408
420
406
408
416
412
408
412
424
412
420
412
410
416
414
418
406
412
410
416
418
408
416
416
422
414
424
426
382
306
296
264
190
182
174
200
214
208
192
168
156
160
172
178
170
158
150
146
132
154
170
202
240
242
292
282
312
350
344
304
264
268
278
314
322
290
278
254
252
210
222
216
252
266
212
230
224
196
178
158
136
118
144
172
224
276
350
398
434
418
416
402
404
404
394
404
398
406
386
404
394
400
398
400
406
390
406
388
404
386
400
388
396
400
386
402
392
400
382
402
390
392
390
386
390
384
394
368
394
372
384
384
386
386
386
394
380
394
398
384
396
396
394
392
402
396
352
398
408
402
408
402
406
404
406
404
404
410
400
406
416
402
404
412
408
402
414
414
408
418
414
414
410
408
412
408
410
402
408
410
404
408
412
422
406
414
416
422
420
404
324
286
236
186
186
202
230
202
208
146
136
130
108
116
132
118
132
156
162
212
238
286
292
272
288
288
298
318
318
324
354
334
324
304
276
276
294
332
290
288
292
292
294
346
352
298
274
286
288
262
238
234
228
180
148
122
104
104
144
220
292
360
416
414
420
398
406
392
400
394
396
404
398
404
386
406
386
400
392
394
390
396
404
380
402
386
402
382
398
392
386
398
380
392
384
394
372
396
384
380
380
386
374
380
388
386
386
386
390
390
400
404
386
402
400
392
398
384
400
404
400
398
400
404
398
402
410
394
406
406
404
402
408
412
398
408
416
408
416
414
416
414
412
410
406
414
406
406
414
402
410
412
420
410
420
414
412
410
420
416
416
388
270
190
200
208
236
184
146
164
172
154
140
136
148
172
214
242
272
248
226
242
254
250
220
224
240
254
270
286
294
314
298
238
314
286
268
312
256
248
278
306
318
334
354
364
334
334
342
326
342
328
288
328
306
276
284
232
178
144
102
86
104
154
240
344
396
426
418
396
400
390
402
386
404
388
396
396
394
394
390
408
382
402
386
396
384
396
392
386
398
378
394
380
388
374
392
378
374
384
382
392
388
380
376
388
396
384
382
394
394
384
396
394
394
400
398
398
396
394
398
400
404
394
404
404
394
406
402
406
398
406
414
402
412
410
408
416
410
414
408
412
408
408
408
398
414
412
408
410
408
416
404
414
418
416
412
416
418
412
416
410
432
236
142
202
216
202
174
160
154
152
140
154
196
240
248
262
248
230
236
196
162
158
202
250
236
282
288
302
340
356
354
334
286
330
262
324
302
290
290
332
308
244
280
372
350
374
362
282
250
302
328
286
374
378
342
324
306
296
250
204
152
126
98
88
102
168
250
348
392
422
398
400
386
392
398
388
394
386
400
380
402
394
398
392
390
394
384
396
376
398
388
392
378
392
394
362
382
376
384
370
394
384
378
388
398
392
402
406
398
404
406
408
404
396
396
396
398
392
394
398
390
402
402
398
392
400
404
394
404
406
404
412
408
410
410
410
412
408
412
406
408
414
400
400
398
402
402
410
412
404
410
414
414
416
416
416
410
418
416
426
426
446
338
210
162
156
126
146
136
134
148
174
202
214
194
180
182
178
178
218
220
230
246
282
308
318
330
342
320
338
344
346
280
280
280
344
332
300
326
332
322
334
320
328
358
340
332
366
348
334
248
324
308
284
264
290
286
276
296
316
314
248
192
176
140
122
102
86
104
166
274
370
404
410
384
394
384
398
382
396
394
392
394
386
398
378
394
380
396
382
388
386
388
394
374
394
380
398
378
386
374
380
396
404
386
368
340
322
318
324
316
320
330
358
378
406
406
410
410
392
400
400
400
398
400
402
400
406
402
398
408
408
410
404
408
410
408
416
406
408
410
406
414
408
406
402
410
410
408
418
412
414
410
418
422
422
434
430
430
404
390
352
330
310
244
140
116
120
120
128
156
162
186
168
156
178
224
236
256
252
308
314
304
312
324
324
328
320
276
246
236
250
290
252
238
236
284
342
312
310
280
270
320
332
302
280
322
370
366
316
310
312
306
296
194
200
232
228
186
200
262
220
226
198
180
190
174
154
140
120
90
76
124
218
350
406
414
382
390
392
384
394
382
390
378
392
374
384
386
380
386
384
396
374
394
382
394
380
386
378
380
388
362
306
208
146
108
88
94
84
80
86
86
100
110
128
170
232
296
352
394
416
414
406
404
394
404
418
410
406
404
406
400
410
402
406
412
402
408
410
404
406
416
412
412
426
416
422
432
428
426
424
428
428
420
406
358
310
256
210
172
154
142
140
168
188
186
194
202
174
160
186
200
212
230
262
288
296
312
304
334
324
316
310
324
318
304
256
254
248
294
304
334
264
224
244
218
244
328
308
288
290
280
322
280
288
354
358
300
320
344
312
330
294
302
242
228
270
228
160
202
176
208
232
210
166
172
176
172
162
162
148
124
90
76
108
208
318
400
396
396
380
390
378
388
374
378
386
372
384
380
390
370
392
384
388
384
380
388
374
386
360
384
374
342
286
202
152
94
46
50
48
44
42
44
48
42
40
42
54
84
146
202
276
354
400
408
406
398
400
404
396
404
396
404
408
400
408
406
404
404
408
408
404
416
376
256
190
212
290
326
332
318
316
292
222
160
128
124
144
156
172
190
202
170
158
182
226
232
196
196
212
248
268
270
316
342
334
344
336
310
316
300
278
294
250
218
230
266
272
290
280
264
258
272
264
224
230
268
292
262
266
270
292
318
324
320
334
326
286
234
314
332
318
266
228
278
272
240
252
240
198
198
230
238
230
214
212
188
178
200
162
146
140
126
112
94
62
74
166
290
390
396
384
374
376
388
370
388
376
392
370
394
382
378
388
378
388
370
386
364
384
380
372
374
386
410
406
286
126
46
34
28
54
62
50
52
54
48
50
50
44
40
44
56
122
202
292
344
374
392
412
396
398
402
396
398
404
410
396
402
410
398
412
410
414
290
118
138
176
186
138
116
126
118
114
106
154
178
176
184
214
220
214
182
168
152
168
186
206
216
206
200
200
246
280
288
316
314
304
266
240
290
278
226
244
234
224
266
308
302
262
230
244
232
248
294
270
258
252
290
290
330
268
326
342
248
312
334
292
296
276
268
278
266
260
234
224
264
236
190
210
194
236
206
176
192
182
160
152
174
174
166
164
164
158
146
120
106
112
72
62
142
320
394
398
366
384
378
382
372
384
382
370
382
374
384
368
384
366
378
376
368
378
372
380
374
372
392
324
168
98
110
98
88
74
50
46
48
48
54
52
54
60
62
64
56
66
100
128
152
198
256
342
364
380
406
418
412
416
412
400
410
418
420
432
432
278
134
140
166
162
154
132
126
162
200
200
190
188
192
196
198
212
182
198
186
198
236
200
204
260
254
218
208
232
266
284
294
292
232
206
224
244
228
242
226
266
294
276
280
268
226
276
244
204
284
292
288
262
298
296
286
300
270
248
268
286
328
278
258
284
280
272
268
266
258
244
198
200
224
210
204
200
220
180
210
240
166
160
196
216
178
206
176
142
126
120
120
132
148
114
100
68
68
170
332
402
390
376
380
384
366
388
366
378
372
378
362
374
380
358
376
366
382
360
378
372
382
380
388
400
334
252
178
120
68
48
46
46
40
52
56
64
72
76
80
82
74
70
70
66
62
54
88
154
172
180
232
274
312
366
376
374
356
340
314
276
204
162
202
144
132
146
164
176
224
264
266
296
292
274
268
296
302
256
216
216
212
240
244
242
286
278
248
230
216
210
212
220
224
232
232
216
234
236
280
298
270
262
270
242
284
254
266
326
320
246
302
290
258
270
318
308
300
246
200
242
296
296
252
264
248
242
250
226
224
276
302
260
210
206
192
168
162
170
188
222
208
166
184
198
218
212
182
136
148
142
148
136
138
140
188
134
124
86
58
76
212
324
396
370
380
360
370
370
370
368
366
374
356
382
366
376
362
374
364
360
366
378
380
368
386
364
330
210
34
4
18
28
34
46
52
64
68
72
80
86
88
82
78
84
78
70
92
120
218
206
130
122
122
108
150
198
190
168
178
168
150
140
142
208
172
188
212
252
256
294
290
256
238
280
318
326
328
310
278
242
214
206
202
244
272
280
260
254
232
226
208
212
208
202
254
258
240
292
272
272
310
272
270
294
250
290
314
284
298
386
372
262
330
302
280
302
288
336
378
382
340
408
404
360
386
350
276
250
244
278
268
292
278
238
216
214
208
182
228
246
172
158
180
174
168
232
210
148
158
110
134
152
150
116
134
148
124
114
94
88
58
40
90
228
350
382
366
364
366
364
376
352
378
368
370
366
370
370
354
374
352
380
372
372
372
378
382
402
364
258
146
54
48
38
36
40
52
64
68
80
88
94
92
88
90
98
178
292
284
284
288
286
238
214
212
208
216
244
274
262
254
260
224
228
250
252
230
260
238
226
236
224
192
182
212
260
276
252
248
244
248
248
258
244
228
248
250
268
266
252
254
232
232
266
242
266
290
282
276
298
274
286
304
302
336
340
300
326
358
290
306
376
326
296
326
272
270
320
334
416
430
334
378
346
376
290
332
336
286
288
288
264
260
338
284
268
304
230
268
284
194
186
158
150
184
240
254
244
142
190
148
180
152
114
84
88
78
76
76
76
72
68
54
50
48
132
276
382
368
368
352
374
366
366
370
364
368
358
374
350
370
354
368
376
384
370
380
380
372
394
408
374
280
120
26
22
26
38
52
70
80
82
94
96
100
100
156
254
290
304
294
272
272
256
304
322
286
276
278
330
338
306
252
240
232
208
188
210
228
234
236
218
234
228
246
266
244
270
280
252
242
234
260
246
254
242
234
264
290
286
268
276
272
250
262
298
280
294
286
294
302
300
296
306
304
324
316
286
298
316
324
306
364
330
264
328
310
320
362
322
266
294
266
230
260
312
236
210
222
206
198
250
166
182
224
216
210
196
236
230
170
168
234
156
144
154
202
254
178
172
218
200
160
104
88
88
74
68
70
72
66
76
84
80
60
56
56
78
194
316
384
372
354
368
358
366
354
370
352
362
364
358
364
380
364
380
378
376
378
380
388
380
390
392
318
190
74
46
44
46
52
62
72
90
102
110
130
174
200
246
266
250
256
294
330
302
306
276
312
346
266
244
278
216
214
202
224
218
232
252
232
244
256
258
242
240
246
234
260
280
242
272
260
244
238
246
274
276
282
276
264
256
268
262
244
268
284
270
284
276
288
294
294
296
292
310
310
332
364
300
320
348
310
330
352
312
314
354
350
346
312
296
306
298
300
292
282
278
240
256
242
206
190
192
206
174
192
238
202
228
232
174
132
190
232
154
180
200
286
200
178
158
130
94
86
80
82
86
88
80
78
70
78
88
80
72
62
54
56
56
108
216
332
366
366
348
362
346
358
364
352
360
358
370
384
372
380
374
378
378
376
384
372
376
386
398
382
210
70
34
26
30
34
52
76
96
112
132
170
174
186
222
236
248
306
356
302
306
278
314
316
224
220
262
266
244
224
274
286
282
266
244
264
268
232
254
256
256
274
268
236
250
284
280
240
222
226
290
288
278
256
236
278
282
262
256
256
266
268
280
284
288
276
264
270
286
306
312
350
356
276
300
322
332
316
310
322
314
302
298
276
272
306
268
272
288
296
334
298
290
270
254
260
260
228
240
202
194
230
192
206
254
206
208
224
192
174
184
188
202
186
164
102
76
80
90
94
92
82
128
148
110
74
56
70
68
66
74
68
62
64
62
60
116
246
336
362
358
358
338
360
352
360
350
366
374
366
380
372
366
378
374
376
376
378
380
370
382
412
270
76
50
30
44
52
64
86
110
134
204
182
206
248
296
220
264
346
356
336
350
312
262
252
266
272
284
290
282
280
290
286
242
266
280
266
222
244
308
294
290
288
240
248
254
286
282
244
238
300
310
280
312
298
284
304
302
290
290
286
286
294
284
308
296
290
286
298
282
310
302
310
300
276
290
306
264
268
304
284
272
324
302
258
264
266
232
240
276
298
254
280
262
260
274
260
232
198
194
238
186
198
228
250
190
208
242
222
218
186
210
224
210
114
72
104
134
106
94
90
88
98
126
114
106
128
144
134
114
116
96
76
78
82
62
72
88
150
242
314
378
354
352
350
354
352
338
376
368
372
374
376
376
370
366
366
370
382
372
362
392
282
110
56
44
46
50
66
98
114
132
202
190
228
264
318
258
214
284
296
264
260
244
252
246
232
240
250
236
272
254
240
228
272
244
272
274
240
230
306
292
282
274
268
268
258
284
276
284
274
310
296
298
328
282
288
288
286
272
296
298
304
302
282
300
326
320
286
286
284
292
304
306
290
274
282
276
280
270
282
280
292
272
278
248
230
252
248
252
240
224
214
232
214
208
214
236
208
216
258
236
182
180
200
216
210
194
234
288
262
220
228
222
142
62
104
180
120
84
104
86
90
92
114
104
146
146
134
132
114
120
142
126
92
64
66
66
68
96
122
160
212
344
360
356
340
358
334
374
364
368
370
358
364
360
362
372
372
382
378
378
374
120
34
38
36
36
44
66
94
108
118
176
228
254
294
292
264
208
202
176
192
200
210
258
270
248
224
240
224
232
244
196
226
230
228
234
254
236
242
248
276
260
246
264
240
280
254
242
274
266
300
288
322
298
276
296
276
288
264
270
306
272
284
282
292
308
280
260
274
274
260
262
270
278
272
248
280
300
274
270
292
284
250
260
268
244
226
244
254
244
226
222
212
208
186
174
178
198
200
224
220
228
254
284
238
250
278
270
248
266
274
286
192
70
92
168
138
80
104
92
84
102
108
98
94
110
96
92
104
104
96
162
162
110
84
82
88
88
96
92
108
58
134
314
364
334
342
348
378
366
366
374
358
366
364
368
374
376
370
378
378
394
252
122
46
32
34
48
70
86
94
98
134
214
220
244
230
260
224
192
198
218
214
212
228
258
272
248
244
258
236
208
198
222
212
226
232
246
256
244
226
228
242
232
234
246
260
258
240
226
228
278
250
268
248
262
256
268
286
256
272
262
258
258
256
262
276
278
258
278
274
246
258
252
266
272
232
244
234
246
262
274
250
244
244
250
238
216
226
236
224
208
204
202
200
210
230
206
218
228
238
274
284
270
244
176
220
232
234
246
250
256
160
60
106
176
132
90
90
88
82
92
94
96
70
78
78
68
92
120
138
134
154
140
106
94
88
68
84
88
88
98
96
56
180
342
354
336
350
374
368
368
374
360
368
378
370
372
372
376
376
404
322
50
14
24
34
42
60
78
80
80
88
108
144
152
110
78
124
182
226
218
180
170
196
214
194
198
288
274
230
250
230
206
214
214
216
236
242
232
258
248
240
240
230
248
242
252
260
200
188
234
264
270
254
242
252
248
260
248
244
230
232
256
240
232
262
242
244
256
246
248
260
248
240
214
246
262
286
252
236
258
244
234
240
248
252
236
250
250
244
240
220
206
208
258
260
230
212
210
234
212
192
178
216
182
172
212
256
278
244
218
126
116
74
188
178
128
100
114
102
108
98
78
96
106
90
74
70
72
92
106
154
162
114
74
64
58
38
36
60
102
96
102
104
168
318
344
332
340
370
372
364
370
364
370
364
364
370
372
370
388
276
58
4
12
28
46
52
62
74
82
80
90
114
120
98
76
76
90
126
150
188
238
322
318
294
244
252
264
202
172
164
188
218
212
208
192
196
214
216
208
214
232
224
222
248
220
222
242
230
224
250
258
244
242
226
244
224
230
236
232
214
222
234
222
232
240
222
222
240
220
232
244
254
246
234
224
236
254
268
242
238
238
230
250
262
276
250
230
200
206
242
204
218
220
230
222
194
176
198
222
214
208
196
180
186
194
218
284
268
238
148
132
158
160
198
108
82
120
154
162
138
110
88
96
132
106
90
84
80
90
82
94
82
50
66
44
32
30
28
58
80
88
82
148
312
340
328
326
326
358
362
360
374
364
358
374
364
358
372
378
350
198
154
152
140
138
86
56
64
70
74
80
90
98
94
82
76
84
100
104
180
304
314
278
144
128
130
148
156
176
180
180
158
148
176
214
212
196
180
176
182
194
194
210
214
218
222
216
210
226
252
266
238
222
242
210
188
222
222
216
202
202
214
206
212
234
220
222
218
216
230
230
224
230
234
232
216
218
202
234
276
238
206
220
236
224
248
238
224
204
204
230
224
220
210
222
210
206
230
260
218
188
210
208
190
186
194
188
210
210
164
108
112
116
240
156
144
190
176
220
206
124
96
96
94
100
96
98
106
112
94
76
78
70
34
44
54
28
52
56
50
84
138
148
164
232
308
338
338
306
352
370
362
360
358
364
368
364
370
364
368
324
186
136
98
68
50
46
56
64
72
80
82
80
82
74
72
84
84
92
208
292
314
334
152
126
120
120
150
166
170
178
162
152
158
160
154
190
176
184
196
176
190
184
192
180
180
216
212
194
208
214
216
208
188
216
198
180
204
200
194
198
188
190
206
222
204
194
230
216
192
216
232
216
208
220
210
202
204
200
216
270
230
212
218
206
218
214
228
212
190
218
216
234
232
210
228
208
214
238
210
190
192
200
176
176
168
174
178
156
136
112
78
88
194
266
178
248
218
176
170
136
130
124
108
90
94
94
92
114
110
86
84
86
72
48
50
40
38
62
88
112
162
208
206
174
114
152
178
230
328
358
360
358
364
360
354
370
368
358
372
358
206
76
66
56
52
60
56
58
66
72
72
72
72
74
70
88
86
114
210
312
322
360
228
64
128
174
158
134
162
174
168
162
176
168
200
174
196
190
176
180
172
170
178
170
180
184
188
192
198
204
206
196
182
176
188
188
178
184
178
186
218
192
192
214
224
184
194
216
202
198
230
232
210
220
242
232
204
190
212
222
218
214
228
216
202
198
206
214
196
190
224
224
216
212
202
200
196
204
216
194
182
194
180
172
184
152
158
156
148
134
96
98
192
242
214
222
130
104
98
80
88
72
96
126
122
98
76
90
86
94
118
126
134
134
124
80
66
84
116
162
164
174
212
220
156
134
142
162
262
344
346
370
362
356
370
362
360
364
368
372
300
212
146
74
38
38
46
54
56
60
68
66
70
74
64
86
94
116
264
322
350
356
384
118
16
90
128
184
144
132
150
160
176
174
180
172
194
206
234
180
150
176
176
166
178
174
174
176
174
156
178
182
180
188
190
178
172
180
178
206
226
214
190
200
218
208
198
212
220
196
210
234
228
204
216
228
234
200
194
214
220
188
204
202
216
216
194
188
182
192
218
204
204
212
188
180
192
202
196
198
178
168
186
164
180
196
168
146
138
146
144
108
184
282
242
154
136
130
94
86
108
132
112
96
122
136
116
116
102
72
78
84
116
132
118
120
96
70
110
168
172
166
184
210
216
182
172
156
210
304
320
352
352
362
358
358
356
360
356
356
382
256
76
6
20
34
44
52
60
66
64
62
62
62
62
78
106
148
264
344
360
370
364
390
202
58
60
92
116
156
118
132
152
168
174
168
170
186
182
222
216
166
190
182
166
164
164
178
184
184
158
160
158
168
182
166
162
168
194
186
222
256
200
200
234
206
186
224
228
206
186
218
228
208
202
216
210
216
200
206
220
214
198
200
204
206
204
198
180
180
210
198
198
198
202
192
178
174
200
188
182
174
166
168
162
210
178
174
140
136
150
168
150
204
216
192
136
136
150
110
84
110
136
122
112
146
160
142
146
158
112
96
80
66
78
74
88
112
120
154
180
198
202
212
210
204
176
138
188
286
308
306
346
360
348
348
360
350
350
360
366
254
54
16
18
26
40
46
52
60
62
58
62
60
60
82
118
174
300
348
360
368
370
358
380
308
76
30
72
100
120
120
120
132
156
172
164
160
162
188
190
226
198
188
174
170
164
172
172
170
160
166
180
166
178
172
160
162
176
184
204
218
220
192
220
240
192
192
226
210
188
204
214
208
200
228
214
198
182
194
202
208
184
186
182
178
174
178
188
178
182
226
224
194
176
168
174
162
156
172
162
156
154
152
160
206
230
212
186
168
138
146
174
142
172
184
152
116
114
106
114
120
106
106
98
108
164
184
160
146
174
170
136
148
162
184
194
180
198
208
178
170
198
192
174
148
114
130
204
296
302
302
294
344
346
358
352
348
354
360
364
272
76
54
84
84
72
48
54
54
54
58
56
54
60
86
132
232
328
352
370
366
362
366
356
380
346
86
16
46
76
106
108
134
130
124
150
154
156
162
158
198
180
172
204
194
176
178
168
160
164
178
188
166
168
178
176
166
168
188
182
180
204
194
190
224
214
176
198
210
198
222
240
212
196
222
224
210
190
190
192
194
180
180
230
204
168
164
168
178
166
160
198
200
162
160
152
160
156
152
150
166
138
144
166
162
218
206
180
158
164
160
130
142
114
156
172
138
112
116
100
120
158
164
148
136
146
174
168
140
136
154
150
136
158
192
182
170
148
142
150
152
158
132
102
94
124
180
262
298
286
288
296
288
348
354
356
346
350
350
346
362
334
308
258
204
122
62
42
54
76
64
48
46
60
90
174
288
342
372
360
364
362
358
368
360
358
384
254
42
30
46
66
86
124
164
180
132
132
144
138
138
138
156
156
154
170
164
164
166
178
182
188
188
172
176
188
178
186
188
198
188
190
196
186
202
226
198
196
212
200
194
214
214
180
188
208
198
182
174
188
186
180
172
190
226
238
184
184
200
188
156
162
168
200
172
196
186
160
132
134
138
142
140
140
142
140
198
214
172
158
166
180
180
128
84
108
144
138
132
140
138
132
114
142
160
162
178
174
166
136
142
138
134
146
152
166
154
154
164
176
162
118
88
100
158
214
274
302
292
288
296
282
298
300
344
344
356
338
346
350
344
294
128
46
24
32
54
76
96
92
66
44
56
96
156
250
322
366
360
368
360
360
368
362
360
352
366
368
348
252
38
26
40
70
90
114
146
106
114
126
136
140
136
148
154
136
144
146
126
150
184
188
176
172
178
198
186
196
202
194
194
198
190
194
188
186
194
188
208
208
194
192
202
186
174
188
202
186
164
182
186
168
156
166
182
226
186
170
188
186
172
166
166
152
168
154
238
206
150
136
170
186
166
174
184
198
198
200
198
178
150
134
164
176
154
114
106
114
132
122
110
122
150
156
146
134
134
148
150
128
142
146
152
150
162
172
174
174
156
126
86
70
114
198
258
290
290
286
278
288
274
294
286
280
304
358
344
348
350
346
350
354
308
250
230
220
168
110
72
50
46
72
122
200
266
324
362
360
364
358
358
364
358
366
358
368
362
352
366
358
362
156
44
50
62
62
66
84
106
106
96
116
140
148
130
130
140
162
148
152
162
172
184
178
176
188
180
176
194
200
198
206
186
188
190
190
176
184
180
194
194
178
182
188
184
184
204
194
182
186
188
186
168
170
184
186
188
176
186
182
166
162
208
180
150
162
158
174
184
134
122
150
136
108
110
94
92
88
86
90
90
90
82
82
96
104
106
114
106
106
90
88
90
100
124
144
164
174
164
152
156
164
174
182
194
194
170
138
96
66
78
138
206
270
290
276
280
274
282
274
286
284
280
296
288
296
352
340
348
340
344
346
324
366
346
134
60
38
46
92
150
210
260
298
338
356
362
356
352
360
354
362
366
352
368
356
358
364
346
362
350
354
338
212
116
36
38
46
50
62
98
134
150
134
100
108
116
120
138
164
176
172
174
188
198
182
170
160
170
176
168
186
194
190
182
176
180
174
180
184
192
218
210
200
210
208
196
208
216
208
198
196
190
186
192
194
192
192
214
212
186
170
172
192
180
146
122
110
92
66
52
48
42
36
38
30
32
32
30
32
32
34
42
46
56
58
62
70
70
74
82
92
114
136
166
174
148
120
148
156
156
150
154
162
146
120
88
66
54
88
168
242
280
288
274
274
272
280
270
284
286
276
296
284
288
292
298
356
330
340
342
334
348
332
338
352
288
232
242
280
310
336
352
356
354
360
350
356
360
350
364
360
346
366
356
358
364
352
360
350
356
344
342
364
332
166
42
68
124
152
212
190
164
82
70
92
96
104
112
116
124
144
142
152
168
202
192
176
158
144
156
158
174
182
172
168
172
182
206
212
222
212
226
226
226
234
226
230
234
246
246
244
244
230
218
212
228
224
230
236
282
220
190
196
198
204
174
150
138
126
116
98
70
62
54
44
40
38
40
42
46
42
44
42
44
46
50
64
86
108
126
146
160
148
166
178
174
166
162
160
152
140
124
110
90
64
58
74
118
188
250
280
282
268
272
272
278
270
284
284
276
298
288
292
290
292
296
288
348
336
338
340
338
340
340
342
346
348
368
362
354
362
352
352
362
336
352
354
348
356
352
356
358
352
356
356
364
360
348
362
348
354
338
338
360
356
298
238
250
318
260
182
74
38
58
80
86
92
90
96
104
112
108
98
98
108
136
150
148
156
154
174
186
200
206
220
232
226
240
264
266
258
260
274
274
266
268
282
296
296
296
284
284
286
266
254
254
268
272
270
274
266
266
260
248
244
234
246
250
232
226
236
226
196
182
174
148
130
116
98
86
84
82
84
84
94
102
120
142
166
178
192
204
194
184
176
176
176
170
152
108
82
66
68
78
100
140
176
232
262
282
274
264
272
268
276
272
282
282
272
294
284
288
292
294
290
292
312
298
350
332
340
346
332
348
342
332
350
340
338
352
338
348
352
344
348
346
348
350
346
352
348
356
354
346
360
350
350
364
344
354
354
342
352
350
354
342
342
340
318
196
54
8
24
44
62
68
74
76
80
82
84
88
80
88
78
70
80
80
100
122
126
126
116
120
116
142
178
206
254
282
284
280
272
264
270
272
248
224
178
182
212
232
250
264
254
262
264
262
260
268
262
258
256
254
258
264
272
252
250
240
224
230
228
216
220
212
210
216
210
192
174
172
174
166
160
166
174
182
174
162
164
166
172
168
166
154
134
112
86
80
94
136
182
222
250
252
280
280
278
270
266
268
268
282
270
284
280
272
294
284
284
288
290
296
290
306
292
304
318
348
336
332
340
336
336
344
334
334
348
344
344
342
350
344
344
350
342
348
348
336
352
348
342
360
348
352
356
342
354
346
350
352
340
348
332
338
340
338
374
260
26
12
26
28
34
44
50
50
62
64
62
66
68
66
78
86
82
76
84
136
204
254
264
256
242
230
190
186
154
164
174
212
246
272
236
172
116
82
82
76
86
100
114
128
148
172
192
192
178
188
210
240
234
214
202
218
232
234
244
218
212
210
210
210
200
196
188
178
178
182
176
178
172
174
178
178
184
182
182
184
176
158
146
132
116
92
88
94
132
198
234
260
274
288
272
286
264
268
272
270
278
268
282
268
282
282
266
292
286
288
286
294
294
286
308
292
300
314
296
322
344
334
332
338
332
336
334
330
342
336
332
352
336
340
350
336
350
350
340
350
344
340
354
342
350
342
346
352
348
356
346
346
352
336
348
342
336
354
332
352
356
130
8
24
26
32
36
42
48
54
60
72
68
68
76
84
98
112
178
234
286
292
278
284
292
288
310
306
326
312
296
270
220
196
174
206
178
168
140
132
134
132
134
130
144
150
152
154
162
168
176
182
214
222
198
174
194
208
214
214
198
192
188
188
182
178
176
178
180
182
184
190
190
190
192
186
178
156
142
134
128
92
98
94
116
138
166
222
256
276
282
280
276
260
278
268
276
274
266
278
272
280
272
282
286
268
288
282
286
292
294
296
288
308
298
300
314
296
316
310
308
334
338
324
344
334
336
348
332
332
340
336
336
340
340
344
344
348
344
342
346
340
348
348
340
356
342
336
354
338
344
348
340
352
340
342
344
336
342
332
326
216
64
14
20
28
28
36
40
54
66
74
78
94
102
120
144
206
262
294
290
276
288
290
288
306
304
326
316
322
318
326
334
328
340
294
276
240
168
174
166
180
146
170
168
148
170
164
174
164
180
180
174
174
164
192
202
218
218
222
218
214
212
194
186
182
176
164
160
172
154
134
138
116
116
108
106
104
118
140
140
174
194
220
250
260
286
282
284
278
278
280
268
286
276
276
282
276
284
272
286
272
284
286
274
292
284
290
292
296
296
288
310
298
302
314
298
314
308
310
308
308
328
332
328
336
340
332
334
334
342
336
334
340
334
336
348
334
342
342
332
346
340
338
356
340
342
348
338
342
340
342
344
336
346
336
340
342
332
348
322
242
102
58
64
74
90
106
122
134
132
142
148
150
206
214
258
292
300
294
284
300
290
296
306
308
328
320
330
324
330
328
318
336
316
326
320
306
288
238
224
172
196
180
156
180
150
164
140
162
142
146
166
134
164
168
164
148
144
162
134
162
152
140
146
144
152
144
154
136
158
170
162
200
208
212
226
240
256
258
290
286
292
302
284
294
278
278
272
278
290
272
290
278
282
286
282
292
280
298
276
292
290
274
296
286
290
288
300
304
290
312
300
306
318
300
318
310
308
310
312
318
294
322
340
326
346
340
344
360
334
328
340
318
320
328
318
330
336
332
346
346
348
356
350
340
344
346
336
328
334
328
332
346
330
354
344
346
360
340
340
340
328
320
284
288
288
304
306
286
300
282
292
294
298
306
300
310
294
282
304
296
316
322
326
338
328
344
338
344
336
318
328
314
328
312
316
322
318
338
322
334
320
308
312
288
288
276
278
268
270
282
272
302
306
308
306
298
302
278
292
270
266
272
258
274
270
284
284
292
302
280
308
302
296
310
304
304
288
300
286
280
288
270
288
274
284
284
290
300
278
304
290
292
296
290
290
276
290
280
284
290
274
300
300
310
296
310
306
294
314
298
294
304
292
308
304
306
314
320
326
304
328
320
