334
338
330
342
346
334
342
344
342
342
338
342
350
338
340
344
340
338
346
348
338
348
352
344
352
348
346
348
356
358
348
352
352
346
362
350
356
360
354
358
360
368
356
360
368
362
364
358
362
362
354
356
356
360
350
358
356
352
362
354
352
278
266
286
316
342
320
316
326
326
312
310
320
324
328
320
324
314
318
330
344
352
354
370
370
372
374
374
378
374
388
378
384
376
368
370
358
366
360
364
354
354
364
346
364
350
364
356
358
360
352
362
350
360
346
356
352
348
354
346
358
342
358
344
354
352
336
348
340
350
334
340
336
336
354
340
352
338
340
338
332
336
324
338
330
324
336
322
336
326
338
330
338
340
320
320
326
330
312
324
326
334
346
342
326
338
336
328
336
332
340
340
344
346
342
346
336
350
356
338
350
350
340
342
350
350
346
352
356
346
350
352
350
362
356
354
364
360
360
360
368
358
362
364
354
362
360
354
352
350
358
358
360
350
356
362
354
360
354
360
376
306
134
112
92
68
80
82
88
108
106
108
120
120
128
140
122
116
112
114
90
100
136
154
162
182
214
204
198
206
218
236
252
266
300
328
352
360
374
376
376
386
374
388
370
372
364
358
354
348
356
346
354
350
356
354
354
354
346
360
342
352
340
348
346
342
360
342
350
332
334
342
336
350
338
348
338
340
346
336
342
328
352
336
332
342
332
334
324
342
332
332
340
326
338
328
330
318
332
328
314
334
340
326
336
336
330
336
336
340
338
332
342
346
346
334
344
344
334
350
348
336
346
348
350
346
348
354
350
356
350
350
360
346
352
362
356
356
356
368
354
360
366
354
364
358
364
360
352
356
350
354
356
362
360
352
360
356
358
362
364
364
242
138
148
120
96
96
88
80
86
88
90
94
96
120
130
130
132
104
94
106
104
98
94
90
94
98
78
94
102
122
100
104
124
118
126
154
174
180
196
214
224
234
266
294
318
340
348
376
362
370
368
362
352
342
358
346
356
342
354
348
350
344
336
352
342
352
340
346
340
336
360
342
350
334
340
346
338
344
330
350
334
338
336
332
344
326
344
332
338
338
328
336
326
334
324
332
332
316
328
322
326
336
340
330
334
334
342
338
336
334
336
348
342
342
348
332
344
350
340
346
346
350
346
356
356
346
352
348
348
358
346
356
358
350
352
360
364
348
358
366
350
360
356
358
358
358
362
354
352
350
356
360
350
362
364
358
360
358
364
364
358
152
72
78
82
86
82
96
130
152
162
156
140
124
114
112
122
118
118
110
106
108
106
118
124
144
148
164
178
202
210
194
166
158
178
154
140
146
128
122
116
92
66
84
104
104
138
154
182
210
250
290
324
362
364
378
352
358
350
350
348
340
348
334
346
338
344
344
336
348
340
350
334
342
344
338
344
332
350
332
334
338
338
344
324
340
334
340
336
334
338
326
336
320
332
338
324
334
324
326
318
332
326
334
334
334
330
330
336
336
338
338
340
348
330
348
346
342
344
346
344
340
348
352
344
354
346
348
356
346
352
356
352
352
360
364
348
362
362
350
362
360
358
358
356
358
354
354
350
350
350
342
356
354
354
352
350
358
354
362
358
372
212
182
164
144
130
98
102
134
152
140
134
134
142
146
140
108
100
94
112
102
128
144
180
196
208
224
196
248
204
200
192
170
188
196
204
196
192
170
172
160
166
148
156
158
130
142
134
124
102
90
96
106
146
188
240
292
330
364
358
362
342
346
334
344
346
336
348
330
344
332
344
342
338
342
334
350
334
338
336
338
338
328
344
330
336
338
332
338
328
340
328
342
330
320
334
328
332
316
330
318
320
330
326
332
328
336
328
338
332
340
348
330
342
342
340
346
344
324
320
348
346
344
350
344
348
356
352
352
350
348
348
352
356
346
362
364
344
356
350
352
360
352
356
356
346
352
354
354
340
348
342
352
354
346
356
356
358
354
366
364
308
246
236
192
128
122
142
180
170
128
108
96
88
92
96
104
96
112
126
138
168
192
232
214
196
216
212
208
204
178
190
190
170
192
188
172
198
200
174
174
192
192
196
204
190
160
156
180
180
172
156
148
128
108
86
82
92
116
186
236
296
336
362
358
338
346
334
340
330
338
332
334
344
332
352
338
340
336
336
338
326
346
334
340
336
334
336
328
334
326
340
336
326
330
324
330
318
334
320
322
328
312
328
328
332
328
342
332
328
340
332
344
352
342
340
344
346
338
324
328
344
354
340
344
352
342
352
360
352
346
350
354
344
352
356
350
354
350
352
354
350
362
352
356
348
346
356
344
350
346
350
344
352
356
356
358
346
356
352
362
360
352
262
190
140
122
148
172
148
120
118
108
108
102
104
122
136
168
186
186
176
154
156
146
180
182
206
218
212
246
210
188
190
186
202
184
176
232
202
172
202
188
168
192
232
234
214
182
170
172
194
164
152
188
188
160
138
132
108
84
82
90
136
192
274
328
360
348
344
340
334
340
330
344
330
338
334
334
340
324
344
338
344
332
336
342
326
336
328
338
336
328
330
328
330
318
334
322
320
324
320
336
318
334
328
332
330
340
340
322
336
342
336
340
342
346
336
346
342
338
344
338
346
348
340
350
348
346
342
350
352
338
354
354
352
356
352
354
356
356
360
354
362
350
352
348
340
356
352
350
356
342
354
348
358
356
360
350
352
356
358
354
350
324
140
130
162
174
146
120
108
110
116
120
152
172
178
178
184
168
152
166
162
170
200
210
218
248
262
268
230
214
230
192
194
198
206
220
190
208
204
208
222
198
204
298
274
254
300
258
242
216
216
198
206
188
164
166
170
158
152
130
114
96
80
86
128
190
270
314
352
342
344
332
338
334
334
342
324
344
334
342
332
332
338
324
336
326
340
332
328
332
328
330
316
338
320
320
324
320
330
322
332
314
338
326
338
350
344
350
352
348
346
354
354
350
350
348
338
344
336
342
344
338
350
350
354
342
346
354
342
348
350
350
360
350
356
352
354
354
350
358
350
360
366
346
354
350
350
346
350
352
344
350
350
350
354
354
358
354
368
362
372
376
372
160
108
140
134
120
114
108
120
130
152
162
156
158
188
182
182
186
226
218
204
194
200
222
208
204
212
154
220
276
204
172
164
180
222
216
220
196
174
218
220
196
198
224
272
268
260
242
210
222
270
222
222
252
232
190
218
214
202
192
148
126
114
104
82
88
122
202
288
340
350
338
338
322
342
334
336
328
336
338
330
338
326
340
330
330
332
334
336
318
340
328
316
312
316
322
314
326
314
330
322
332
332
304
274
252
242
238
240
238
242
256
284
306
338
350
358
358
344
344
346
350
340
340
346
346
354
350
342
350
350
354
350
354
356
350
356
350
352
354
348
358
356
356
360
360
354
348
358
352
352
356
364
382
362
372
348
332
300
264
240
224
168
136
118
110
112
108
112
142
150
154
168
204
216
230
224
226
256
216
198
214
212
238
260
178
170
216
218
248
238
180
166
164
158
200
216
198
194
184
206
204
196
220
238
198
190
240
220
246
248
240
200
216
230
190
194
220
178
220
228
210
216
172
138
138
122
102
78
88
144
254
322
358
338
336
324
334
336
326
338
328
342
326
328
332
330
334
322
340
330
336
328
324
332
322
328
312
326
324
314
320
226
134
78
66
54
50
48
46
46
50
58
66
78
114
174
224
280
324
356
354
352
354
336
348
364
350
352
350
352
346
356
354
348
356
350
354
358
344
354
354
356
362
358
332
334
356
366
366
364
360
352
330
290
220
184
162
140
122
118
108
124
156
148
180
180
144
174
184
192
208
216
254
260
268
286
272
262
264
264
262
252
278
292
300
296
276
246
206
194
178
192
170
154
170
200
190
202
198
188
210
198
220
234
240
190
170
214
222
276
234
172
244
250
202
198
206
156
174
194
186
202
210
178
156
168
182
168
132
94
66
68
112
202
290
346
346
326
334
322
332
324
330
326
326
332
318
340
332
334
326
332
338
322
336
316
334
322
316
320
320
324
312
288
206
146
64
36
36
34
34
32
32
32
28
26
20
26
48
98
154
218
288
332
360
350
352
348
350
338
344
346
346
352
346
352
354
344
356
352
352
352
362
288
164
110
138
178
194
208
202
192
166
122
120
126
142
162
174
208
218
212
216
206
182
200
216
242
272
252
252
260
272
288
288
286
296
290
286
280
270
230
252
280
284
294
286
254
204
170
152
172
188
196
188
174
200
206
208
208
172
204
176
228
238
238
200
226
214
266
264
234
236
226
248
236
216
222
172
190
186
170
178
168
150
160
180
162
176
162
126
114
90
64
52
84
162
278
336
346
316
324
326
322
332
314
336
324
330
322
334
342
324
336
322
332
322
320
316
320
328
306
330
330
350
306
134
40
20
22
36
48
56
42
32
34
34
32
34
32
26
24
36
82
146
230
272
300
328
346
350
346
354
342
348
352
344
346
350
352
346
356
366
332
170
70
118
146
122
104
110
120
144
176
198
218
232
230
234
248
258
224
224
204
196
256
246
240
302
302
288
282
280
294
296
272
270
264
264
276
236
210
214
220
224
206
192
206
184
180
198
170
168
210
208
180
178
200
218
230
204
160
180
206
226
214
196
204
182
210
282
238
278
278
236
218
258
250
220
216
200
194
208
208
172
168
170
202
170
182
160
140
120
110
100
98
78
50
62
160
274
336
330
330
316
332
322
328
320
330
324
320
332
324
336
320
324
318
320
324
306
326
322
320
322
322
322
228
150
136
128
98
66
38
38
32
30
32
36
38
44
44
48
46
44
48
62
70
92
130
188
252
274
306
342
348
358
362
364
352
362
364
354
352
268
156
128
160
138
164
182
182
196
228
238
234
230
210
184
192
234
238
236
238
234
232
232
266
258
284
278
256
226
210
190
176
176
160
192
196
184
208
190
232
230
188
200
190
170
210
194
200
220
220
190
200
204
184
200
220
224
204
172
188
172
198
242
242
186
184
220
260
266
212
290
272
278
274
216
228
242
210
218
206
226
210
212
200
156
170
176
160
156
148
140
126
108
128
106
84
50
68
162
274
350
332
324
322
326
326
312
326
322
332
318
324
334
324
322
308
326
318
312
310
320
340
332
322
350
308
232
152
82
44
28
30
28
30
32
38
42
48
54
54
56
56
52
48
46
40
30
32
114
104
90
122
150
166
208
256
270
254
236
214
162
162
164
166
186
158
174
174
194
198
202
218
184
170
182
228
248
228
208
206
218
196
202
186
194
232
224
214
198
186
182
170
184
202
178
214
220
214
232
222
220
232
226
234
236
226
240
262
240
206
230
266
220
236
208
192
210
220
214
246
232
182
230
258
238
268
274
232
212
340
270
308
262
276
282
260
274
220
214
242
262
212
236
212
212
172
182
164
142
152
156
138
110
100
118
100
86
70
60
36
68
164
284
340
336
312
330
318
330
316
326
316
318
332
304
322
314
322
306
312
316
306
318
326
318
328
322
314
192
36
10
8
16
22
26
34
42
44
48
52
58
62
60
58
60
58
54
110
146
186
192
142
110
102
84
124
160
166
150
168
166
160
188
150
166
186
206
208
244
238
224
212
202
186
198
216
228
246
220
214
198
204
218
210
212
200
204
222
240
238
228
232
210
208
230
232
230
250
240
246
246
234
242
252
262
286
262
256
278
278
254
236
250
216
244
248
220
230
238
200
222
264
228
240
272
226
262
320
270
266
332
236
270
306
270
226
238
278
266
268
228
242
206
216
196
220
230
202
180
182
190
156
88
66
62
56
56
60
58
50
44
32
32
78
188
310
324
326
310
318
318
316
320
306
322
314
324
306
310
320
306
324
300
318
326
326
326
326
330
324
266
148
56
40
32
36
30
32
42
48
54
60
64
68
66
64
70
162
262
282
266
230
228
240
238
258
236
252
244
234
266
252
218
220
216
232
204
186
198
202
210
194
196
214
202
222
232
206
244
244
220
232
222
222
208
224
230
232
268
270
252
216
236
226
208
240
252
232
240
224
244
258
248
256
264
278
292
284
262
244
266
294
248
252
254
234
250
252
254
248
220
246
292
274
270
264
264
274
244
250
262
258
256
264
260
260
268
272
280
238
238
204
178
228
234
240
200
200
226
220
210
156
86
60
58
54
52
48
48
52
60
64
56
44
36
40
106
238
322
324
314
320
304
318
314
326
302
316
320
306
318
304
322
302
320
320
318
320
328
320
332
338
316
226
72
24
24
22
28
34
50
54
58
68
72
72
74
126
188
234
270
260
212
250
264
252
280
252
258
288
268
224
260
236
214
174
176
208
200
214
220
206
224
238
218
226
214
226
222
252
238
230
266
236
214
202
222
282
260
266
234
222
248
244
216
218
226
228
232
248
256
250
238
234
240
256
248
264
306
270
222
258
250
266
262
246
258
238
244
256
264
240
232
270
290
270
288
300
268
268
250
240
264
288
262
266
266
300
286
264
262
274
224
176
236
256
288
238
240
282
222
106
60
52
60
66
64
58
74
76
56
52
56
58
54
48
44
40
44
120
244
300
328
310
318
304
318
316
308
316
306
320
302
312
306
322
320
324
316
322
330
330
332
334
336
260
132
40
36
30
30
36
42
52
68
72
84
104
144
170
190
198
182
182
264
330
272
250
246
250
306
242
182
232
232
244
220
238
252
272
238
222
232
254
238
184
250
248
260
280
262
236
238
264
238
222
200
222
294
278
278
282
276
282
262
258
262
260
252
244
254
266
294
260
246
256
268
262
300
282
282
280
252
264
304
256
254
284
256
264
302
282
250
264
270
252
300
324
262
260
278
224
228
240
254
258
260
274
252
242
270
258
270
238
216
238
256
282
258
244
230
128
50
60
84
88
78
92
108
120
140
98
60
70
72
62
66
58
46
44
50
62
134
240
306
326
320
306
314
304
316
300
310
302
314
318
332
310
320
328
318
332
322
324
326
334
340
268
122
30
16
20
20
28
44
54
72
88
108
146
152
168
194
202
186
240
306
306
294
312
280
236
220
232
236
254
272
262
256
260
278
238
230
274
254
208
170
254
298
274
274
258
244
236
244
268
254
248
260
310
288
286
290
284
276
296
264
262
290
278
282
280
270
294
314
300
278
268
278
296
280
282
278
268
308
320
282
274
296
288
296
324
310
244
292
286
276
272
302
278
274
282
272
246
252
222
248
268
286
220
246
258
268
242
252
222
264
252
236
220
186
106
50
66
108
104
74
94
112
144
108
116
114
146
144
108
86
94
92
78
60
58
52
50
70
156
242
300
308
318
296
308
296
312
314
298
312
318
318
314
324
320
320
322
324
330
308
322
352
306
108
50
24
32
40
40
58
72
90
132
160
130
180
234
286
206
260
286
264
240
230
226
228
228
220
206
228
220
242
230
226
206
232
234
230
248
230
202
256
288
266
260
254
254
248
262
232
244
280
290
292
298
316
280
262
290
276
270
270
280
302
292
288
300
300
310
286
270
286
294
274
260
296
286
294
312
304
306
308
320
350
318
338
314
278
292
304
312
278
270
284
262
294
290
254
256
276
270
272
264
266
274
280
236
258
288
308
280
260
250
244
162
64
64
118
116
66
72
84
64
80
112
154
100
140
138
130
108
92
96
104
84
58
58
54
56
64
86
140
210
284
306
304
302
294
308
302
314
304
324
324
320
316
308
316
316
330
324
306
326
202
64
42
34
36
34
44
66
80
88
136
158
152
222
254
264
216
272
200
152
172
182
182
220
226
204
188
210
188
198
216
176
198
204
210
216
234
228
228
220
240
238
226
236
234
238
226
196
234
200
272
264
264
288
260
282
268
276
304
290
282
274
268
286
294
282
298
280
282
300
278
280
278
302
302
316
288
306
274
318
332
332
368
406
430
406
330
348
306
288
280
272
266
282
288
292
274
258
298
316
296
300
300
270
246
280
300
336
344
306
304
190
74
64
114
154
96
62
68
62
74
120
132
102
102
68
94
112
108
98
92
104
108
78
70
66
60
68
66
62
72
66
224
300
302
296
304
286
312
312
316
302
308
312
310
322
322
318
326
326
304
90
40
28
24
24
28
42
64
76
86
130
182
178
238
230
240
200
166
154
176
182
210
220
270
276
266
218
208
222
206
182
174
210
196
212
224
232
242
230
222
214
218
220
226
236
252
242
210
178
162
220
242
234
238
240
262
260
282
266
260
266
270
272
266
268
292
286
302
296
296
278
284
322
290
272
292
310
302
284
298
330
328
334
422
470
348
284
354
326
294
276
282
246
282
308
298
314
280
288
290
300
246
268
292
242
302
336
364
360
284
162
84
68
116
138
106
74
84
82
72
84
64
58
70
74
50
44
46
66
78
102
122
92
50
72
70
34
40
58
72
76
66
62
212
320
284
294
294
300
318
314
316
310
322
314
314
324
314
328
334
306
148
70
32
26
26
34
48
60
62
82
122
170
176
158
136
174
186
176
170
180
154
148
148
160
172
192
238
236
248
248
208
178
210
216
196
224
230
224
240
238
222
222
212
240
234
226
244
184
146
200
250
256
242
232
254
246
236
250
256
240
226
250
242
240
252
270
254
274
286
282
290
288
296
312
312
290
302
344
328
264
324
294
298
322
362
352
324
306
294
290
300
278
300
294
282
272
258
282
280
286
276
254
260
278
270
304
334
374
326
220
98
148
118
156
144
88
76
100
122
118
90
68
64
88
90
58
60
54
58
66
68
76
46
52
38
22
24
20
42
72
68
72
80
136
300
296
294
294
284
326
306
316
318
318
320
312
326
320
342
316
110
6
12
20
22
30
44
52
54
56
70
98
118
104
68
42
70
114
152
162
156
174
208
230
210
192
240
252
208
202
212
224
210
194
192
168
188
212
208
196
204
222
218
212
236
220
208
214
228
224
240
256
222
238
230
206
228
236
240
230
218
222
240
228
236
256
244
238
236
272
266
250
272
288
290
300
292
278
296
332
316
236
280
326
316
298
330
340
326
284
284
300
284
296
290
300
302
296
338
318
292
286
310
270
252
268
256
268
304
242
122
160
138
140
170
116
88
84
130
158
136
90
80
74
82
88
76
78
84
78
58
58
66
40
34
50
32
26
30
30
48
70
78
100
228
294
290
288
300
278
326
316
310
310
304
312
314
318
326
242
66
6
18
28
32
32
42
46
52
54
60
78
90
84
64
54
60
70
90
110
176
224
260
182
156
118
124
158
160
152
150
166
182
186
226
224
206
184
172
166
172
198
194
210
206
206
216
214
204
218
240
250
240
218
234
228
186
212
220
210
208
198
206
216
226
240
232
244
242
232
238
248
238
258
266
262
256
282
268
278
294
222
200
282
310
328
316
314
340
298
312
314
308
314
310
332
326
322
336
344
316
286
294
284
268
260
238
248
228
162
138
88
96
112
172
130
114
92
106
122
100
92
86
94
84
74
72
70
76
88
72
58
58
62
46
36
44
16
40
48
40
72
134
138
136
212
292
300
290
298
272
312
310
302
324
310
308
320
320
322
204
158
146
124
104
78
38
44
48
52
54
70
72
66
62
56
54
62
66
92
184
248
250
152
62
86
82
96
110
128
152
158
154
140
148
176
206
200
190
196
174
170
190
182
190
176
176
210
212
200
212
208
198
198
180
202
196
184
192
192
194
210
206
192
208
232
218
204
234
238
226
218
242
244
240
262
288
280
270
254
268
310
238
252
320
296
286
304
320
320
286
302
320
308
300
296
290
302
310
324
320
286
274
278
268
294
246
222
216
178
142
132
80
112
152
164
128
100
94
84
70
68
82
66
74
98
102
84
66
66
64
64
82
92
90
102
84
48
42
50
80
122
136
174
198
174
140
232
224
164
234
282
292
310
312
306
318
310
314
304
236
112
84
62
44
30
30
34
42
52
56
58
54
58
56
50
52
60
58
112
210
230
254
202
66
74
82
84
100
114
120
140
136
142
150
190
176
194
198
192
204
190
174
182
178
164
176
178
186
186
192
186
202
202
186
186
184
186
186
188
184
196
228
220
198
212
226
216
208
224
230
226
238
256
238
236
258
284
286
246
260
260
254
256
244
264
274
258
280
270
290
302
316
258
308
274
272
292
252
270
304
286
240
256
276
256
308
216
230
162
166
166
126
130
176
174
164
122
100
124
90
68
92
116
106
84
98
110
102
106
88
56
56
64
94
116
114
114
80
68
96
140
160
142
150
190
176
104
98
92
94
204
280
306
302
310
312
312
300
328
286
144
74
56
42
38
38
38
40
46
52
54
50
50
52
46
60
64
70
134
210
252
268
286
68
26
70
84
86
94
150
142
112
132
158
152
180
192
186
182
180
176
176
170
160
172
182
178
174
172
168
162
176
174
166
180
186
172
172
188
194
226
230
218
210
216
220
218
218
226
234
228
220
240
256
236
226
232
254
258
246
258
260
256
268
286
240
238
264
280
262
248
222
278
318
318
286
296
264
232
254
280
282
250
256
258
240
194
172
226
138
130
144
146
146
186
180
158
132
102
122
106
70
82
124
114
98
118
148
132
134
132
102
70
64
56
58
58
66
68
56
104
150
142
146
170
182
170
146
118
110
206
276
284
310
316
312
298
318
318
298
210
138
88
36
24
24
34
40
40
42
48
48
48
50
46
58
70
78
182
246
268
296
310
300
86
32
44
70
78
88
106
122
144
130
140
166
150
186
198
222
174
148
194
194
168
166
158
162
180
192
174
150
152
160
162
176
162
160
168
190
200
220
236
218
210
246
226
194
220
228
212
192
206
226
230
234
234
222
214
228
240
248
238
214
216
226
202
190
238
248
226
238
270
264
268
246
256
228
212
228
224
224
224
208
202
224
228
172
192
218
166
140
132
158
158
162
152
134
98
84
76
92
124
114
110
106
102
144
174
154
134
132
150
114
108
116
126
128
120
138
146
140
148
172
178
180
174
170
152
128
176
264
264
280
322
294
310
302
302
330
260
110
8
4
18
26
32
38
42
46
46
44
42
42
44
60
74
106
188
268
292
312
310
312
312
190
40
30
56
76
74
82
136
158
116
130
132
170
186
184
196
230
180
184
186
176
172
172
188
178
168
154
176
174
168
184
168
154
168
184
190
206
222
214
204
220
236
214
206
222
214
200
230
222
220
242
244
234
220
212
214
226
228
202
234
222
198
202
196
198
224
206
224
252
228
216
218
222
228
218
218
218
184
162
194
202
212
254
176
186
166
170
156
146
100
116
172
160
120
88
100
112
96
124
160
182
190
166
172
168
142
112
128
132
116
116
148
164
156
138
136
144
132
138
154
152
154
154
136
108
178
246
270
256
274
314
296
296
310
306
240
68
16
12
22
22
32
32
40
42
42
44
42
40
44
62
90
136
238
280
312
314
312
308
318
312
218
8
26
36
62
78
80
84
114
168
132
122
124
162
168
158
198
216
192
168
184
178
178
180
162
168
186
174
166
174
190
170
158
172
188
180
178
202
200
202
222
218
192
192
204
212
224
244
208
206
236
228
208
200
204
214
212
196
202
238
234
220
216
202
200
182
170
194
218
214
202
224
226
190
170
166
174
162
168
160
156
170
216
168
142
154
158
164
158
94
74
124
158
142
114
124
158
150
116
110
146
178
198
200
172
144
110
122
104
114
130
136
130
120
116
110
114
118
126
136
122
110
88
130
190
260
248
252
254
262
296
308
302
310
202
46
18
44
54
48
32
40
38
34
40
40
42
42
46
68
106
196
254
306
308
312
314
316
302
318
318
268
66
18
26
44
66
72
88
106
134
142
134
116
122
132
178
172
200
210
192
178
180
172
166
174
188
204
168
158
180
180
176
178
184
192
186
192
190
194
202
222
190
220
222
212
218
226
224
208
202
212
206
174
176
196
186
182
182
200
220
228
184
208
208
200
164
186
200
182
160
200
254
178
138
152
174
172
178
170
172
174
192
210
192
158
154
146
168
156
118
80
80
106
134
130
108
104
144
186
184
152
126
128
158
148
118
124
126
120
116
120
126
128
122
132
158
160
140
114
96
108
168
202
246
246
246
240
250
250
254
286
300
302
306
276
248
218
164
102
56
30
32
50
48
36
36
36
50
84
166
236
294
316
316
310
318
298
316
314
302
312
308
238
46
14
26
42
62
76
80
78
100
208
144
98
106
130
160
158
144
172
170
160
164
186
190
188
182
170
188
200
188
194
202
186
200
198
188
192
188
192
190
186
196
206
196
190
204
198
188
190
200
196
186
190
190
176
162
174
176
204
192
178
196
188
166
164
194
168
154
152
162
200
180
134
154
180
156
132
138
132
124
132
116
128
118
102
102
106
118
112
110
120
114
120
110
98
90
86
110
156
202
196
178
152
138
144
146
144
154
168
156
144
140
142
140
126
90
80
112
190
226
240
232
240
230
240
236
244
248
242
292
288
284
194
98
46
30
26
28
44
60
66
54
36
30
52
84
142
214
286
306
314
310
316
304
322
310
302
310
300
314
302
302
138
16
18
38
56
66
60
74
74
102
144
114
108
102
144
152
134
148
148
142
158
184
190
186
180
194
198
180
192
208
200
204
198
188
184
190
186
174
182
184
190
184
176
178
186
196
196
204
192
180
194
184
178
166
174
184
178
166
172
192
176
162
162
182
192
144
150
158
140
126
96
74
66
52
40
32
30
30
26
26
26
26
32
38
46
46
54
58
66
80
80
80
66
82
102
106
96
92
106
142
178
180
168
146
148
156
148
146
136
126
100
78
58
76
118
186
228
238
228
232
224
242
230
238
238
232
246
240
298
302
276
166
148
146
132
106
82
60
44
34
36
64
120
168
224
294
302
312
308
318
304
320
310
306
318
294
312
300
302
292
308
274
112
74
44
40
40
52
60
70
62
80
154
178
100
94
104
148
170
154
162
166
174
186
174
168
180
170
168
184
184
178
198
190
188
176
176
170
168
174
180
194
212
194
188
204
204
206
206
214
212
196
192
186
182
192
184
184
178
196
212
196
164
168
170
170
148
110
90
66
40
28
24
24
22
26
24
26
28
24
30
30
28
30
32
32
40
44
46
50
50
58
70
80
88
122
154
148
126
92
102
114
124
114
108
108
110
112
108
86
60
60
118
176
214
226
234
226
232
226
230
226
234
232
232
238
236
242
236
300
280
316
308
176
116
72
34
28
48
78
126
162
210
260
296
302
316
308
310
300
318
312
304
314
296
314
306
302
300
304
306
286
312
262
144
10
16
30
34
50
70
114
108
124
90
84
84
86
102
140
172
176
166
174
186
184
184
166
160
156
164
146
152
180
174
158
154
148
160
170
184
194
200
204
204
210
210
214
220
218
226
228
234
234
218
210
200
208
214
214
216
250
230
188
190
184
190
186
176
168
162
156
146
118
86
78
60
42
36
36
36
34
38
36
38
40
38
44
50
68
92
110
130
150
156
142
150
144
142
132
134
148
140
144
132
122
116
108
84
72
100
146
210
228
230
228
220
220
216
228
222
230
232
232
238
238
244
232
244
240
304
280
292
300
164
86
98
138
184
214
252
260
290
304
298
312
304
306
298
312
310
306
318
294
310
304
300
298
300
310
286
310
296
302
306
196
106
100
156
164
222
182
142
62
66
86
74
78
86
88
90
108
136
140
156
164
184
182
170
152
130
138
138
146
152
156
158
164
168
196
218
222
204
196
224
232
236
224
228
246
248
252
242
256
256
248
238
232
242
244
252
258
240
234
242
234
240
226
218
234
218
204
222
222
210
188
196
178
142
126
108
90
78
74
78
78
78
88
94
116
134
166
174
180
192
184
172
160
152
146
138
142
134
112
86
74
66
62
80
134
174
228
228
226
216
218
226
218
228
218
228
226
230
230
230
240
230
246
236
244
240
282
308
294
300
306
306
298
304
312
294
310
312
292
306
300
310
298
310
310
308
320
290
312
304
302
306
300
308
288
308
288
294
306
290
306
270
276
266
294
196
110
44
34
54
94
94
70
70
72
82
88
90
82
80
98
104
134
138
136
140
138
152
156
166
174
188
208
198
208
226
240
236
228
202
170
142
128
134
122
156
190
224
224
244
258
246
246
242
242
234
242
242
240
228
222
226
238
246
234
224
224
210
202
206
198
196
196
192
196
196
192
168
154
166
162
146
144
146
152
166
160
144
146
154
160
156
152
142
144
136
122
90
60
66
84
116
144
186
202
234
222
222
218
216
218
218
232
212
230
226
226
228
234
242
228
244
238
246
240
238
246
282
296
298
294
298
294
304
284
304
304
290
308
290
306
298
304
302
300
316
294
306
304
300
306
302
310
292
314
300
306
296
296
312
282
306
290
314
202
64
6
8
26
42
64
82
70
66
64
66
72
74
72
66
62
54
54
60
70
88
110
116
116
110
110
102
120
152
172
206
232
252
242
242
230
208
178
132
114
98
94
102
118
150
160
164
194
208
204
188
192
204
210
204
198
186
192
206
208
214
206
190
192
188
190
188
180
178
166
164
166
170
164
164
158
160
154
142
150
148
146
148
144
146
140
140
136
126
110
88
70
78
130
168
202
216
230
222
230
216
216
218
220
222
216
224
212
226
220
224
224
234
234
228
248
238
246
240
244
240
240
262
294
288
288
292
302
278
298
298
288
308
300
304
298
304
302
294
310
290
304
302
296
302
298
308
290
310
296
300
310
290
304
290
302
272
296
294
292
140
6
16
18
22
34
48
46
50
56
58
54
54
56
56
60
64
62
62
50
68
118
160
196
200
202
184
174
148
134
118
116
112
154
194
228
242
258
262
246
234
208
174
152
142
130
126
124
128
130
128
128
134
148
180
190
178
160
170
186
192
200
194
174
168
164
162
162
158
152
148
140
142
140
144
144
142
148
154
158
156
160
160
162
150
128
118
98
78
68
74
106
166
202
230
226
230
214
222
218
224
216
216
220
218
226
208
220
220
226
222
232
238
228
242
236
246
240
246
242
244
250
234
268
292
286
298
282
298
290
286
304
298
302
300
302
300
290
304
284
306
298
292
300
296
306
290
308
298
298
310
292
304
296
298
274
284
288
280
296
302
238
16
10
12
20
28
36
36
40
46
46
52
56
48
52
60
74
66
94
136
190
238
226
228
222
230
224
228
236
242
238
226
210
168
152
130
140
134
168
176
204
210
232
244
244
252
228
208
212
208
204
182
180
166
170
164
160
156
172
178
176
172
168
158
152
154
150
144
142
144
154
164
162
164
168
166
162
160
152
146
132
124
106
96
82
82
86
110
134
180
212
224
224
220
226
216
234
218
228
222
222
218
216
230
212
230
222
224
218
232
236
226
246
234
242
236
242
238
242
252
234
258
252
258
296
270
294
292
280
296
292
296
296
302
294
294
312
286
300
294
288
302
298
308
286
304
300
296
308
292
300
296
300
288
292
298
278
300
284
310
282
162
10
12
20
26
30
32
34
40
44
52
56
52
68
72
72
114
156
216
242
230
224
218
224
222
226
226
228
240
244
254
248
274
260
276
266
264
206
200
174
154
138
138
140
126
156
154
172
164
192
194
194
194
206
212
196
198
194
198
198
196
190
186
188
170
174
168
158
150
148
152
142
124
100
104
96
90
78
88
90
98
114
126
154
178
210
212
230
230
224
222
216
228
214
230
216
230
226
230
222
222
234
212
230
224
236
220
230
234
226
240
230
244
238
246
238
244
254
236
260
252
258
248
272
296
288
280
296
286
294
296
298
294
290
302
284
302
300
290
298
292
302
292
308
294
288
306
286
294
286
298
288
296
304
278
302
284
292
266
218
80
8
10
16
20
26
32
38
48
56
68
72
78
110
114
160
182
222
248
232
224
222
230
224
230
240
238
250
252
262
254
274
252
266
256
274
258
276
274
268
268
260
272
244
250
208
208
190
180
158
150
152
126
134
128
128
106
130
118
116
118
122
126
110
126
110
110
96
98
96
108
114
116
144
144
160
168
190
188
204
226
220
236
232
238
222
230
228
220
222
220
234
216
230
216
226
226
228
222
218
238
216
234
224
236
222
238
234
228
238
230
242
234
242
230
244
252
238
256
250
262
246
268
262
258
274
298
286
300
288
292
288
286
300
280
296
292
286
298
288
300
288
304
296
292
300
290
296
286
288
280
290
298
276
302
286
294
286
292
282
224
124
78
66
78
88
108
118
146
142
162
158
182
174
218
222
240
252
230
226
230
244
228
238
238
244
254
260
274
264
280
262
276
264
274
258
268
264
258
272
256
276
254
276
260
268
274
262
258
258
270
242
264
250
250
242
248
240
228
226
202
206
206
218
184
200
200
212
230
228
230
218
240
236
242
238
242
238
236
240
220
232
230
236
214
228
228
222
226
222
236
220
240
218
232
228
228
228
230
248
220
238
228
238
224
242
238
236
244
234
244
232
246
230
246
252
240
256
252
268
248
270
262
260
270
250
286
286
272
278
276
274
290
270
300
310
296
302
296
306
294
302
286
278
292
272
288
284
292
284
300
306
286
316
288
290
286
286
284
270
296
270
286
264
262
254
270
272
264
280
248
254
238
246
242
236
240
232
238
234
248
240
248
250
252
256
254
266
262
284
260
286
272
284
270
282
278
266
278
262
268
258
274
262
264
266
254
270
254
272
246
268
252
254
252
260
258
250
260
242
258
242
260
240
260
256
252
252
252
256
240
254
236
244
232
230
232
232
246
220
236
230
236
222
236
244
230
240
232
238
220
234
218
232
238
234
228
230
252
226
246
240
248
230
244
238
236
240
226
250
238
260
232
256
260
252
260
254
264
246
266
254
252
264
250
266
252
