344
346
338
344
336
340
348
330
342
334
336
338
348
350
342
348
356
342
354
360
352
356
356
352
348
344
336
348
354
358
348
358
352
352
368
356
360
368
364
362
368
372
366
368
370
364
364
358
360
364
356
358
358
356
358
360
362
356
364
360
336
274
274
300
322
338
308
316
320
308
304
302
310
306
304
306
296
298
292
314
328
336
354
360
364
362
372
368
370
386
372
378
376
378
376
368
374
370
374
364
360
368
350
360
352
364
350
350
362
354
360
350
362
364
362
356
344
356
346
348
344
342
348
338
352
342
350
348
340
356
344
342
342
344
350
330
348
332
332
340
334
342
334
338
334
334
340
324
336
332
328
328
328
332
318
334
326
322
330
316
332
332
344
350
338
340
336
340
342
338
334
344
348
344
352
350
342
350
358
348
354
350
350
346
352
358
350
356
352
358
362
352
354
366
354
358
370
364
362
364
370
360
364
368
360
366
360
358
358
354
362
360
360
356
362
364
356
362
362
364
378
246
120
108
86
70
80
82
92
100
98
106
112
108
128
114
102
96
102
104
86
104
128
142
136
180
182
166
160
174
188
200
216
240
280
318
334
352
346
358
372
368
380
372
378
372
360
366
356
360
348
356
352
350
354
346
358
346
354
352
346
348
340
358
346
354
348
340
342
334
348
340
338
344
334
350
342
344
344
338
350
332
338
334
334
334
324
342
336
334
332
336
336
322
340
330
324
330
316
328
318
322
334
340
348
336
336
334
336
336
344
344
334
348
354
338
352
350
342
350
350
350
342
346
348
350
354
348
356
368
356
358
364
354
358
368
364
356
362
372
358
366
370
362
368
360
366
364
356
360
356
358
362
366
364
358
364
362
360
364
368
362
206
144
144
114
96
98
88
88
96
92
96
94
104
128
122
134
124
104
100
116
108
102
102
96
106
92
102
116
142
142
112
134
128
110
118
140
142
148
164
162
162
194
232
254
288
314
346
346
366
382
372
368
350
360
344
354
348
348
354
340
352
338
346
346
344
354
340
348
344
350
344
328
350
338
346
338
336
342
330
344
336
338
340
334
344
330
338
334
336
338
320
334
334
332
336
324
330
324
328
316
322
334
340
336
338
342
336
342
350
340
346
352
342
350
344
350
344
344
352
346
344
350
350
356
356
354
360
350
356
364
354
358
362
356
352
360
366
352
360
364
356
362
356
364
364
358
366
358
354
354
358
364
354
362
366
364
368
360
370
372
334
108
78
78
82
80
86
106
140
154
162
156
142
124
112
114
122
118
120
106
110
106
110
128
144
160
172
180
204
214
202
180
158
188
184
164
164
150
142
136
116
90
86
104
92
112
120
134
146
170
212
250
310
338
366
364
364
364
342
354
340
348
338
342
350
336
348
332
344
340
334
346
338
346
340
344
344
330
342
330
342
336
332
340
334
338
330
338
336
322
340
330
328
330
330
332
322
330
318
324
324
308
326
342
344
336
338
340
332
340
342
338
344
354
344
342
352
346
344
352
344
346
352
348
352
362
348
354
358
354
352
360
358
350
362
368
354
366
360
356
366
362
366
360
360
364
360
362
356
356
352
348
360
360
356
354
352
366
358
364
368
362
190
192
156
142
116
100
110
142
146
138
134
138
142
146
128
102
98
102
110
114
146
166
206
212
242
202
230
228
196
206
176
196
194
204
200
200
192
180
172
176
168
178
182
152
154
164
160
134
110
100
86
86
112
156
208
260
332
350
368
356
350
346
338
346
336
346
336
332
340
338
344
336
342
350
334
344
330
340
334
336
340
330
336
326
336
336
326
342
330
336
326
326
326
324
332
314
326
320
314
326
316
340
328
336
340
330
340
340
340
336
354
342
340
344
348
344
354
346
332
350
342
352
356
344
354
356
354
354
354
358
356
358
356
352
362
360
354
360
362
364
360
360
358
362
354
352
360
358
344
352
348
358
360
350
360
358
362
360
368
366
300
246
236
184
128
128
150
182
160
122
108
94
90
94
100
98
100
126
134
158
188
208
234
196
210
216
210
198
186
180
198
174
184
202
176
198
212
178
172
194
196
216
234
208
180
156
176
180
176
164
160
158
148
118
100
86
86
114
154
208
282
322
362
352
352
336
334
340
334
338
332
346
346
336
342
334
346
328
336
342
334
342
328
342
330
328
342
332
336
322
334
330
320
330
318
328
320
318
328
324
326
310
338
336
324
338
342
342
332
336
346
340
350
354
342
348
344
344
340
302
346
354
346
348
352
352
348
358
362
348
358
358
350
356
356
356
358
352
358
364
360
358
360
362
352
352
358
350
354
350
356
350
354
360
354
360
350
356
358
362
368
344
254
184
140
128
154
172
136
122
118
110
110
106
112
128
150
182
194
186
166
154
140
168
186
192
226
228
244
244
196
196
192
202
214
172
226
214
184
210
216
172
176
248
270
240
232
190
192
202
194
154
194
204
174
148
148
136
104
94
78
86
114
190
264
318
358
350
348
330
342
342
338
342
336
344
330
336
338
336
340
326
342
332
332
340
332
338
324
336
328
326
334
320
332
324
322
326
326
330
312
332
322
334
338
338
334
336
350
338
332
342
346
342
348
342
346
352
342
344
350
342
344
352
352
346
352
356
344
356
356
346
358
352
358
358
352
356
356
360
354
360
366
356
360
352
346
358
358
356
360
350
358
356
362
362
364
352
356
362
360
358
362
308
130
140
170
172
140
116
108
112
114
126
164
176
180
180
178
160
156
176
176
198
218
218
240
256
274
240
206
230
218
190
196
198
224
212
206
206
206
228
224
216
264
280
250
320
276
262
228
230
230
236
214
196
200
190
174
182
162
140
122
94
80
86
112
182
248
328
356
346
340
332
344
330
338
338
334
342
326
342
332
330
334
332
340
322
342
330
328
334
328
328
310
316
320
326
332
314
332
322
316
322
336
338
332
340
350
342
348
346
338
344
342
348
356
344
344
348
338
344
344
350
346
354
360
346
350
352
348
352
350
358
356
360
362
362
362
354
354
364
354
362
368
356
358
354
358
350
356
358
350
356
354
360
360
358
362
358
370
368
378
386
358
146
114
148
128
120
112
110
124
136
156
160
154
166
194
196
190
212
232
196
180
196
224
224
180
216
184
180
266
248
174
168
170
194
230
220
214
180
200
228
192
192
216
266
248
256
232
228
220
276
220
212
264
234
188
244
212
210
218
170
162
142
120
104
82
82
120
200
282
354
346
344
334
334
338
324
336
326
334
336
336
340
326
344
326
334
334
326
342
328
326
314
328
326
312
328
324
322
316
320
322
330
350
358
346
342
326
316
324
316
316
322
332
350
360
364
356
354
356
340
348
358
346
352
352
352
354
348
354
350
356
356
356
360
356
356
360
352
358
360
358
360
358
360
356
362
356
352
360
354
354
360
364
386
368
380
356
342
308
276
244
224
164
134
118
110
116
110
118
146
156
158
182
216
218
230
228
242
256
216
212
232
238
268
238
166
198
236
234
244
202
172
170
156
184
216
204
196
196
204
222
212
228
256
210
172
224
226
262
270
218
220
224
212
188
186
200
172
218
210
208
208
172
158
160
156
130
94
66
82
158
258
322
352
338
338
328
332
322
336
340
326
332
330
338
324
330
342
322
334
322
336
334
320
332
328
324
320
326
320
310
330
318
254
210
162
130
116
110
106
102
102
108
124
144
170
224
288
320
352
370
364
360
356
354
342
358
368
350
356
356
348
362
354
358
360
350
360
362
358
352
362
360
360
372
360
354
370
374
374
370
364
364
346
314
244
202
172
148
122
118
108
126
156
142
174
178
142
178
192
202
214
224
264
262
278
290
272
260
274
264
266
262
288
292
312
302
282
222
198
182
182
196
168
168
188
210
198
222
182
212
202
208
246
256
224
172
226
228
276
266
180
242
262
232
196
216
154
174
190
176
184
188
172
164
176
194
164
132
108
90
62
54
102
204
302
348
336
332
330
320
334
330
336
324
328
336
322
334
326
334
332
322
330
326
330
312
326
328
316
324
318
324
314
242
168
100
80
38
30
28
28
28
28
34
28
24
36
50
84
132
208
256
312
350
356
360
350
354
348
344
354
344
354
360
352
352
356
354
356
354
358
356
368
334
226
140
142
194
218
234
226
214
186
136
122
124
132
146
170
206
212
210
214
196
184
204
220
244
276
258
256
264
274
292
290
288
296
288
288
282
252
212
238
280
278
278
258
218
186
162
148
188
196
200
182
192
212
202
222
190
202
200
220
250
234
218
224
216
264
270
250
260
228
228
248
238
232
198
194
190
194
188
168
148
166
198
158
184
156
128
110
96
84
78
56
76
174
306
340
336
326
336
322
328
330
320
336
326
330
328
328
332
324
330
314
330
324
316
324
318
324
316
318
348
348
360
284
146
52
32
34
44
50
48
34
36
34
32
32
28
24
26
40
94
166
246
310
330
342
360
348
350
354
352
348
350
358
348
354
354
344
358
362
360
232
84
94
138
138
98
110
110
128
154
186
202
222
228
236
238
258
222
220
210
198
274
260
254
298
308
288
278
282
286
284
258
252
244
262
262
220
204
210
210
212
198
190
200
182
196
202
188
184
220
198
186
188
218
236
238
172
156
200
218
224
202
204
194
190
294
262
272
286
280
236
258
244
218
218
212
204
214
222
186
192
176
190
186
184
152
146
130
124
110
106
100
78
56
82
178
294
338
340
328
320
330
318
328
316
322
326
322
334
318
332
328
328
322
316
320
312
320
314
318
326
320
336
302
136
62
60
72
64
56
40
34
32
34
38
38
40
40
42
44
38
42
70
102
124
162
212
282
308
332
354
368
362
366
366
354
364
368
368
370
332
190
114
142
144
150
174
186
188
220
240
240
234
222
190
192
216
240
234
242
238
234
244
266
260
282
272
244
218
206
184
172
166
160
196
192
188
216
196
244
224
192
212
184
184
220
202
208
226
222
200
218
202
196
220
236
214
206
220
190
184
242
270
226
196
234
214
302
214
286
282
286
296
244
228
246
208
226
222
216
226
216
214
154
160
164
150
146
148
142
128
112
142
110
92
66
52
72
192
288
342
326
330
318
324
324
326
328
312
326
328
324
316
318
332
312
320
306
314
320
302
322
332
328
332
332
270
214
162
104
56
34
36
34
26
34
38
46
52
52
56
56
54
48
48
42
42
34
74
138
116
152
186
214
232
284
298
298
280
258
204
166
168
164
196
162
172
172
190
196
196
214
196
166
174
214
248
232
216
202
222
194
202
184
196
230
222
222
198
192
188
174
188
202
186
226
224
224
234
226
226
232
228
244
242
244
256
272
242
210
266
260
230
248
210
204
234
232
224
256
212
218
270
252
258
310
292
214
348
318
298
298
284
268
264
290
244
240
234
268
214
222
206
208
214
210
168
150
170
166
116
80
82
82
76
70
60
54
36
22
76
204
306
334
314
318
324
310
328
318
318
314
316
324
306
322
312
316
312
304
322
306
316
332
330
320
338
312
262
128
14
12
14
24
24
28
38
46
48
50
58
60
62
60
60
58
54
48
88
114
178
140
94
82
74
78
138
160
150
154
158
150
168
162
152
172
190
198
230
238
220
218
210
190
180
204
228
250
226
216
208
206
222
214
214
202
206
230
250
242
236
234
210
216
236
238
238
254
244
254
250
238
252
260
276
294
258
270
282
280
262
252
250
222
264
244
244
258
232
214
270
272
236
284
248
244
296
296
254
300
242
222
298
280
252
222
268
270
258
220
212
210
214
210
214
228
194
196
216
192
126
72
60
50
50
52
60
52
52
52
46
36
38
100
228
328
322
320
322
322
304
318
322
306
316
310
318
312
310
318
312
318
298
332
318
328
328
326
334
346
276
166
66
22
30
26
30
30
38
46
48
54
64
66
68
64
58
76
172
260
258
242
222
220
222
220
224
226
238
224
242
256
222
222
216
224
214
188
196
206
210
204
186
212
206
212
234
212
234
250
228
226
224
228
210
230
234
232
272
274
252
222
238
230
216
248
250
238
244
230
254
260
254
266
274
284
294
296
260
244
288
286
236
268
258
252
260
268
274
254
236
280
316
294
280
280
302
262
252
270
274
276
282
266
258
280
294
292
250
250
218
166
218
242
254
220
206
248
232
174
104
62
58
56
60
60
58
52
50
62
66
60
50
46
42
52
136
250
324
320
318
316
312
320
306
320
314
312
312
308
310
302
316
314
328
326
328
326
334
334
330
346
348
270
152
44
22
26
24
28
42
50
56
64
70
72
70
74
132
218
258
298
252
218
258
246
274
274
252
266
282
252
252
266
218
196
170
194
204
202
222
208
216
234
230
224
220
222
222
242
252
230
264
246
224
202
220
280
268
266
242
224
254
246
220
226
232
234
240
258
270
264
244
238
248
270
254
288
316
262
246
260
256
286
262
256
268
250
260
274
268
240
250
288
288
310
318
280
280
258
234
240
280
268
276
254
298
264
260
260
270
254
204
234
248
286
262
246
270
188
74
50
60
76
74
74
68
104
126
74
46
54
58
54
54
48
48
36
70
138
246
306
328
306
318
308
312
306
310
312
298
320
308
312
310
334
320
328
332
322
334
338
332
334
340
302
178
76
36
34
28
36
42
46
60
70
78
88
112
150
180
204
216
182
202
300
312
246
248
216
282
296
204
202
238
238
234
208
248
268
254
230
228
248
262
204
236
258
250
282
270
242
236
262
254
224
198
220
298
298
272
286
282
288
270
264
270
270
258
256
262
278
306
272
260
270
270
278
312
282
298
284
262
296
318
256
286
288
268
298
336
288
272
290
264
276
334
300
260
288
262
244
250
248
256
264
282
262
228
270
270
268
252
212
248
262
260
246
222
172
96
52
82
98
84
86
122
154
120
112
100
100
114
90
76
84
72
60
56
62
50
74
148
258
302
318
302
306
312
296
316
310
316
300
306
320
330
336
320
328
332
324
336
328
330
330
344
342
218
64
26
18
24
20
32
50
64
76
94
120
150
160
176
180
184
200
272
312
288
298
298
270
230
220
240
250
268
274
258
264
278
272
222
260
274
234
176
220
300
284
270
266
250
246
236
274
264
258
256
316
304
284
292
290
284
302
268
262
294
288
296
284
282
304
326
306
280
276
292
300
280
298
282
284
322
322
294
300
316
318
312
350
282
250
308
296
286
284
298
284
286
300
268
254
246
250
262
300
244
246
264
262
246
264
270
268
250
236
224
188
96
44
82
116
92
70
96
82
90
94
126
102
156
144
112
94
90
102
102
68
54
54
48
54
82
142
218
294
306
310
302
308
298
308
310
296
308
310
330
322
316
330
326
328
322
326
330
320
334
348
258
70
36
22
28
36
44
58
76
96
138
156
138
178
244
260
194
280
292
278
242
246
234
228
232
210
226
234
236
244
232
222
218
248
224
250
240
208
220
290
276
260
258
258
250
268
242
242
288
288
302
296
324
280
260
294
284
278
274
284
304
292
290
304
306
324
284
278
296
300
276
270
308
298
312
318
310
310
312
358
370
366
378
316
310
304
328
316
276
276
278
278
298
270
256
258
274
290
286
276
306
298
268
258
296
312
320
290
296
262
154
60
86
144
124
66
72
78
74
110
142
126
110
96
120
136
108
92
88
106
98
72
64
64
66
70
64
82
98
182
312
298
306
300
294
306
296
306
318
318
324
326
326
322
314
320
328
336
318
310
342
260
98
50
36
38
34
46
68
84
96
152
152
156
220
272
258
228
282
182
168
184
186
194
218
218
184
206
196
198
212
208
176
210
210
216
230
234
230
226
230
246
226
232
242
232
236
204
236
210
250
280
254
290
262
278
268
274
308
294
284
274
264
284
294
286
302
282
294
308
280
280
300
306
312
314
300
290
280
326
332
332
390
400
420
328
316
356
310
290
276
266
262
298
292
310
282
288
322
314
302
288
294
248
270
300
332
368
314
274
156
54
72
116
138
96
72
78
62
76
96
88
74
84
52
58
70
82
86
108
124
100
62
86
68
46
56
64
70
68
46
152
304
298
296
286
304
294
302
322
320
322
314
314
312
312
322
324
330
330
324
312
86
16
26
28
28
32
48
68
82
92
142
176
182
240
236
234
190
182
154
176
182
208
232
282
272
244
212
220
222
196
174
186
210
196
224
226
238
236
228
212
222
226
230
232
246
240
232
182
170
212
250
238
244
240
258
260
278
264
256
254
266
270
264
266
294
286
306
300
294
280
296
324
288
280
294
322
312
288
300
334
330
338
422
424
320
328
356
302
288
286
284
270
312
306
290
298
264
294
284
256
230
292
244
280
344
370
358
300
142
96
98
122
160
108
78
90
100
98
96
72
58
76
82
60
50
44
50
64
84
92
58
48
48
34
24
26
60
76
76
80
74
238
302
304
288
296
292
296
328
314
320
316
312
320
318
324
326
320
332
338
330
166
88
36
26
26
34
50
64
68
86
124
180
174
176
162
202
184
168
170
188
170
164
162
178
184
214
238
234
250
228
186
188
222
206
212
234
224
234
246
230
226
214
234
252
220
244
216
154
184
242
254
248
236
242
256
238
252
254
246
224
246
240
242
258
274
254
270
286
282
288
292
292
320
318
300
300
350
326
284
312
278
300
312
346
348
324
296
274
300
286
290
294
286
282
266
278
304
304
292
292
284
258
264
284
280
366
312
228
112
166
130
160
164
94
78
100
144
150
94
72
72
86
100
68
70
68
70
62
60
64
46
48
38
28
20
22
44
60
68
74
128
268
290
298
288
296
296
280
330
320
318
320
318
326
324
318
330
324
336
354
200
34
16
24
24
30
42
56
58
58
76
106
134
118
72
54
88
136
178
176
160
168
216
226
206
194
262
244
202
216
216
214
200
196
184
168
204
216
206
198
220
224
210
230
234
210
214
224
230
234
254
228
230
240
206
216
232
226
230
222
224
230
232
236
260
246
234
232
272
270
250
272
286
282
288
288
276
296
322
280
210
284
332
316
300
330
342
310
300
290
302
294
308
304
336
306
342
338
304
282
306
282
254
262
250
248
234
206
114
128
116
144
166
126
98
94
136
146
124
106
96
82
72
82
78
80
88
80
56
60
66
36
30
50
18
36
38
34
70
128
120
150
266
288
294
298
284
294
282
320
324
318
324
320
312
324
318
330
330
322
164
12
6
14
20
28
38
50
56
54
62
80
94
88
66
54
56
72
100
122
180
236
264
210
168
126
156
178
164
152
160
174
190
196
232
212
190
174
170
164
184
196
202
212
198
212
220
204
208
222
242
236
212
230
242
186
192
220
210
206
196
202
212
234
238
222
240
246
232
232
246
244
254
266
264
258
284
264
278
296
208
228
300
302
320
306
328
320
286
324
322
314
324
312
322
308
330
348
320
290
286
286
278
260
238
228
220
162
138
116
70
114
170
146
104
96
102
94
74
74
70
76
96
94
78
58
66
72
72
74
76
80
80
68
34
32
46
68
104
136
186
196
154
184
282
242
232
274
286
272
306
328
318
310
320
320
314
316
328
326
208
102
102
106
100
86
44
42
50
54
56
68
76
74
64
58
56
66
74
96
198
256
262
152
72
86
84
98
112
138
162
160
148
142
156
192
208
192
188
186
162
180
186
184
190
168
200
210
202
202
218
200
200
176
194
202
188
186
186
190
208
206
192
204
228
230
198
228
236
230
224
244
248
242
268
294
284
260
254
272
290
228
256
310
278
276
298
302
308
286
296
294
290
276
284
282
286
296
316
292
252
262
268
294
290
218
216
174
168
160
126
136
154
166
154
98
112
98
68
80
102
96
80
94
114
104
96
78
56
60
74
96
116
124
114
76
64
90
138
160
144
166
206
158
100
126
98
116
252
284
286
316
316
306
318
322
318
322
318
320
310
202
156
116
84
56
40
36
42
48
56
58
62
62
58
50
56
66
62
108
212
246
264
218
66
76
92
90
110
122
128
146
140
146
158
188
176
200
186
200
202
178
172
180
172
168
180
180
184
194
196
198
198
190
184
188
182
184
180
182
190
224
226
204
212
226
220
214
230
236
222
234
262
238
232
252
278
280
242
258
254
248
264
252
254
262
258
278
264
274
298
288
278
316
268
286
268
238
286
296
262
242
274
254
274
216
228
178
146
162
164
116
184
188
172
144
108
128
126
74
82
128
124
100
106
134
120
132
124
92
66
58
58
76
70
82
68
62
106
150
148
144
168
184
166
128
110
122
230
286
274
282
314
316
318
310
320
320
312
324
312
178
40
30
26
28
36
36
40
48
50
52
54
54
56
52
58
68
70
124
222
260
274
272
64
38
82
94
98
134
120
124
126
142
158
160
194
198
188
184
180
168
176
164
162
176
178
174
170
172
154
172
176
170
174
188
174
166
186
184
208
234
222
200
220
224
216
204
230
236
222
214
240
258
228
230
236
244
248
248
260
256
246
258
272
226
224
262
258
240
236
224
292
312
288
272
268
220
238
246
260
256
222
238
234
202
148
206
180
144
130
158
160
172
172
152
120
94
100
100
100
90
104
120
108
126
176
166
150
132
142
108
96
88
90
90
88
110
122
134
152
170
178
186
176
172
148
132
194
276
276
270
282
324
312
324
316
310
318
310
326
268
192
134
74
38
28
34
38
40
46
50
50
52
54
46
54
74
72
174
252
272
292
320
286
56
34
60
80
88
146
138
108
120
132
152
168
158
192
206
224
156
158
202
180
164
162
152
166
184
188
154
152
152
160
168
168
162
164
188
196
214
238
226
206
246
232
192
216
228
208
188
210
222
222
232
246
224
210
226
234
246
232
214
212
210
194
202
232
236
224
256
276
244
242
230
234
204
212
228
210
190
194
198
196
250
224
180
212
194
160
144
128
128
168
162
140
104
84
86
82
128
168
164
150
136
154
176
160
132
128
150
132
116
148
170
170
150
152
164
144
146
170
162
166
168
142
116
182
262
268
268
268
284
324
314
316
316
300
312
318
316
186
48
8
8
22
30
40
44
46
44
46
46
46
44
54
76
94
176
268
292
318
316
324
310
158
32
36
70
84
92
160
144
112
124
128
142
178
188
186
218
222
174
186
176
174
168
178
182
168
158
162
180
164
178
178
156
160
174
178
196
218
226
206
222
242
220
206
220
222
206
240
238
212
242
248
232
224
214
214
218
218
200
242
228
204
210
194
198
208
190
208
230
212
208
210
224
218
194
192
202
164
168
192
186
226
218
158
156
154
166
160
130
80
134
170
146
110
106
156
144
110
110
160
204
222
212
188
162
120
124
110
110
122
138
144
128
118
110
112
118
130
138
138
110
94
116
194
254
254
258
268
256
274
308
312
302
308
304
308
322
198
56
14
18
24
30
34
40
44
48
42
44
44
44
58
80
118
218
274
310
326
322
318
326
328
186
6
30
46
74
82
88
114
156
130
130
118
140
170
172
174
218
216
184
170
180
174
176
168
160
174
184
160
170
180
186
160
162
182
182
170
190
202
200
222
220
200
196
204
212
226
246
218
204
234
230
202
194
202
212
206
194
202
232
234
220
218
204
202
176
182
200
212
198
216
240
204
154
160
164
160
162
164
152
150
200
208
158
158
156
162
170
136
78
78
118
136
132
118
126
154
180
168
144
130
142
176
178
140
124
128
124
122
126
130
132
124
128
148
160
144
126
96
96
146
190
242
250
244
252
248
264
258
260
302
306
306
306
314
300
138
2
4
20
34
30
34
40
40
38
40
42
44
44
60
90
176
242
302
320
318
324
330
312
326
332
252
42
18
28
52
72
80
106
148
128
140
118
118
126
148
186
178
210
206
194
178
174
166
168
178
202
192
158
170
182
172
182
178
194
194
186
188
186
194
220
196
208
226
218
212
226
222
208
200
210
210
180
174
198
186
178
180
196
218
222
176
206
204
190
162
190
188
166
150
206
232
160
140
170
194
192
176
176
180
188
198
184
176
140
132
140
152
144
112
102
102
118
124
100
84
98
136
184
204
198
172
152
138
132
138
136
140
144
148
148
144
140
152
152
122
90
102
174
212
250
244
244
242
238
244
246
252
252
266
302
300
300
314
314
272
220
202
182
136
88
42
30
38
48
38
38
38
44
66
134
212
290
316
322
318
324
308
324
318
314
316
310
212
32
18
30
50
68
80
78
86
132
148
104
102
110
148
166
154
152
180
170
158
170
190
184
186
166
176
196
196
194
200
194
194
202
192
188
186
186
192
186
194
202
194
186
196
196
186
194
202
190
188
194
194
178
166
182
178
192
178
188
190
182
162
178
198
156
158
166
166
188
158
116
134
128
96
82
80
66
66
62
68
62
68
62
64
76
82
86
106
108
108
94
88
86
84
80
92
126
176
204
206
190
166
152
160
164
170
156
140
128
106
72
62
86
162
212
248
232
236
238
240
246
238
240
236
256
256
248
288
306
302
294
298
222
160
106
76
38
26
44
62
70
54
28
34
60
106
180
262
310
316
320
326
312
326
314
310
314
312
320
314
310
120
12
18
38
64
72
64
74
80
116
124
104
104
116
156
146
144
150
144
144
168
184
184
180
180
200
186
180
198
198
192
208
188
182
188
192
180
184
186
190
200
190
186
188
198
204
210
202
186
192
190
182
170
182
186
184
170
184
194
182
162
164
184
182
142
140
132
102
72
50
42
34
28
24
24
24
26
26
24
24
28
34
36
42
46
48
54
54
56
62
68
86
106
148
168
148
100
96
120
132
136
128
122
126
120
118
110
80
48
82
132
190
222
248
232
236
232
234
240
240
246
234
244
246
246
254
250
306
292
310
306
210
86
76
80
86
90
80
66
48
32
38
78
130
192
266
308
310
322
324
312
326
316
318
320
306
318
312
312
300
322
272
106
68
46
40
42
56
68
72
64
108
198
154
96
96
112
160
170
160
166
172
182
186
168
168
170
160
168
184
170
184
192
186
178
172
174
166
172
182
196
208
204
194
206
212
210
210
216
222
208
204
200
194
196
190
194
190
204
230
218
172
180
174
182
164
118
106
88
72
62
42
36
32
28
28
26
28
28
30
32
36
36
32
38
42
46
58
68
88
102
122
122
134
160
160
154
134
142
144
142
126
120
118
122
102
80
66
100
162
220
240
240
226
228
226
234
230
238
242
236
248
240
246
244
248
252
244
320
298
300
314
314
278
188
162
88
40
28
38
72
120
166
228
278
310
314
322
318
306
322
312
318
314
312
322
312
312
300
318
314
300
320
262
138
10
18
28
38
54
78
112
122
142
86
88
88
90
106
150
174
176
168
184
196
194
188
170
156
160
152
144
164
176
162
156
150
156
176
186
198
202
210
210
218
224
224
230
230
236
238
244
248
240
228
214
220
234
236
240
250
238
216
212
210
206
210
220
202
198
210
206
170
144
144
112
82
66
58
54
50
50
52
54
56
62
72
92
128
166
170
186
194
180
164
152
148
140
142
148
136
120
106
92
74
72
86
134
202
230
236
234
226
230
226
232
226
234
238
230
242
240
244
240
246
246
244
256
242
304
304
294
290
316
242
60
38
60
112
164
206
238
272
292
312
304
320
314
306
324
306
316
322
308
318
310
316
300
312
314
298
316
302
310
320
200
94
94
146
164
224
188
138
64
64
80
80
80
88
94
94
118
130
142
154
172
188
182
164
144
132
142
142
154
162
164
172
176
194
220
236
222
198
214
228
230
218
224
248
258
264
256
260
270
258
252
246
250
254
262
268
252
240
252
244
256
248
236
236
230
212
222
218
212
204
212
202
186
182
158
134
128
132
126
122
126
132
144
162
158
168
164
176
176
170
156
150
150
146
126
92
64
60
70
94
136
166
228
232
234
228
222
226
224
240
220
234
236
230
242
242
246
238
248
246
244
254
242
256
250
300
302
298
308
296
310
298
270
288
302
302
312
308
316
300
316
316
308
318
306
318
320
304
312
312
316
308
312
312
302
316
298
300
308
306
312
280
276
268
296
204
112
44
34
60
96
100
76
74
76
86
92
90
84
82
92
100
128
130
144
146
140
150
156
166
172
202
214
216
234
242
238
236
218
184
148
124
128
114
128
166
194
206
226
254
244
248
246
238
232
234
234
232
224
214
218
228
238
234
220
214
206
204
206
198
200
194
180
190
190
188
174
174
178
174
158
154
160
160
158
154
144
148
148
146
142
138
122
102
74
84
114
156
192
216
226
246
228
228
228
226
224
222
232
218
234
228
230
238
238
244
236
252
246
244
250
242
252
254
266
256
294
304
290
300
308
290
312
308
308
310
308
314
306
312
298
306
322
298
310
312
306
312
310
316
304
314
318
302
322
306
318
300
304
320
294
310
296
326
222
68
6
6
26
44
66
82
74
70
68
68
74
74
74
68
64
56
58
60
70
90
112
126
122
122
108
100
114
136
158
192
236
260
258
258
242
220
186
152
134
108
102
110
116
130
136
168
174
186
170
172
188
208
208
196
182
182
198
200
212
204
184
182
184
182
178
174
168
156
154
156
156
156
156
148
152
152
148
154
150
154
160
154
146
138
114
92
70
70
104
156
212
240
242
230
234
220
232
222
226
222
226
236
218
228
232
232
232
240
244
236
252
242
246
252
244
254
250
254
248
262
276
280
300
304
284
300
306
298
298
300
306
302
316
304
308
322
298
306
306
306
310
304
318
300
314
314
302
320
306
318
318
306
302
304
316
284
306
302
306
176
10
10
20
26
34
48
50
50
60
60
56
58
58
60
62
72
66
60
52
98
164
206
232
236
230
224
206
180
162
154
118
118
140
178
200
234
254
262
262
256
232
212
188
182
172
148
146
140
138
136
144
140
158
180
174
160
174
188
194
192
188
170
166
158
156
152
150
146
144
150
150
156
160
162
168
174
176
172
164
162
140
120
90
76
74
82
114
158
204
224
242
236
228
242
228
234
228
234
222
226
240
220
238
232
236
230
242
244
234
252
238
248
248
244
248
246
260
242
260
264
254
276
298
288
300
294
296
298
300
302
296
312
302
308
322
296
306
298
300
300
304
314
300
310
304
300
316
302
314
308
308
306
296
306
282
296
290
298
298
306
262
30
8
14
20
30
36
40
44
48
50
58
58
52
54
70
76
74
120
180
230
254
234
236
244
236
244
238
260
254
264
258
252
204
188
154
144
138
140
160
154
192
204
220
240
238
228
236
240
246
230
222
220
216
208
190
186
196
198
188
186
178
180
170
172
170
168
164
166
176
176
162
150
146
134
118
104
92
86
82
86
90
114
152
174
202
220
238
234
240
230
228
238
228
242
230
244
224
230
238
224
238
234
244
230
240
238
230
244
238
252
246
248
248
250
260
242
266
264
256
270
266
278
296
292
294
290
296
300
286
308
294
302
310
290
306
304
304
300
298
306
294
310
308
302
310
302
310
306
310
304
300
314
288
304
300
292
300
296
316
304
198
20
10
20
30
30
36
38
38
44
54
60
60
76
78
80
134
198
246
256
238
232
234
236
242
236
248
248
270
258
272
264
284
282
282
288
270
262
240
234
184
190
162
136
134
134
142
116
142
140
142
142
156
162
146
160
158
170
168
170
172
166
170
142
138
122
112
108
108
108
96
104
98
106
118
128
138
166
192
198
218
234
232
244
234
242
228
232
228
234
238
228
236
230
242
224
232
242
230
242
234
244
230
246
244
238
250
236
250
246
248
242
250
258
240
264
262
260
264
268
274
262
284
306
292
298
296
284
302
292
294
298
292
304
296
300
294
304
316
294
306
304
298
312
302
306
306
308
294
294
308
290
306
296
296
304
296
302
278
250
110
20
6
16
22
26
32
44
52
64
74
78
82
120
134
178
212
240
260
242
238
242
244
238
240
254
250
272
266
282
268
282
276
274
286
276
282
272
284
272
282
294
276
284
266
272
244
256
232
224
214
202
198
182
186
158
170
160
138
130
142
152
114
140
144
154
166
168
176
176
204
206
228
240
236
250
250
254
232
252
244
238
240
234
246
230
240
232
234
240
232
240
228
244
224
244
248
238
238
238
250
234
252
240
246
252
240
248
238
258
242
258
260
246
262
258
268
260
270
272
260
284
258
278
302
296
286
306
290
302
300
290
292
292
304
292
296
300
292
310
300
298
308
300
310
296
308
294
296
304
282
304
300
294
298
294
302
288
308
286
258
148
88
70
78
88
110
126
150
152
172
170
190
190
234
246
254
262
240
238
250
256
244
244
254
252
270
272
292
276
292
280
280
290
276
284
268
280
262
276
280
274
278
270
278
258
276
270
270
274
266
272
266
282
264
270
278
268
268
258
270
248
274
254
254
258
260
274
264
266
246
262
254
242
248
244
252
230
250
236
234
238
238
250
232
246
230
242
242
234
240
234
256
222
244
244
242
248
246
258
236
256
242
250
252
244
252
248
260
240
256
260
250
262
258
268
262
274
272
264
280
258
272
272
264
274
300
280
280
280
276
288
288
302
286
306
308
302
314
296
298
300
294
294
284
292
286
290
306
286
308
308
308
308
306
302
288
304
286
288
294
282
290
258
266
250
276
278
272
288
266
268
254
262
260
244
250
240
246
246
256
246
256
270
270
280
276
288
284
290
284
274
280
268
288
272
292
270
292
282
280
290
280
288
272
286
272
268
274
262
278
258
262
250
266
274
266
266
262
268
254
272
258
258
260
256
258
246
258
242
256
256
252
248
250
256
240
256
250
248
246
242
252
234
254
232
244
246
240
244
246
264
234
252
252
254
256
254
260
238
258
242
250
244
248
248
252
282
246
266
266
260
264
260
268
252
268
258
254
270
252
276
274
278
262
268
