368
366
364
372
366
372
368
372
378
374
378
378
370
380
378
374
378
376
378
376
376
378
372
382
382
380
392
390
386
394
392
388
392
390
396
390
394
396
394
392
396
392
394
392
396
396
386
390
394
390
396
394
398
394
392
404
398
396
398
398
396
400
368
252
290
330
346
346
368
370
336
320
322
330
342
366
384
398
412
408
412
408
398
402
394
392
396
392
390
392
394
394
392
392
392
390
400
390
390
394
386
390
388
388
392
384
392
390
382
388
388
384
388
380
380
382
376
380
384
374
378
378
378
376
374
372
374
370
372
368
366
370
366
368
366
360
362
364
358
362
360
354
362
360
352
358
360
354
360
356
354
354
356
352
348
354
350
348
356
354
340
370
362
350
364
366
370
372
362
374
372
370
376
368
372
378
374
376
374
382
378
376
380
380
382
384
380
386
388
384
388
382
386
392
392
392
388
390
392
390
394
396
384
394
396
390
394
394
398
390
394
400
396
398
400
396
404
400
398
400
392
402
398
402
354
160
132
134
132
170
190
162
132
128
124
118
122
164
208
238
242
276
326
366
400
412
416
412
398
396
390
390
394
392
390
398
396
390
390
398
390
390
400
390
388
394
388
388
388
386
386
384
386
384
376
382
380
374
380
374
376
378
374
372
376
372
372
370
366
374
374
364
376
368
368
366
366
366
366
364
364
364
368
368
360
364
364
358
364
362
352
362
354
350
360
352
350
356
348
346
352
336
362
364
368
368
362
370
372
368
372
368
366
374
372
376
374
376
378
376
374
378
376
380
378
382
388
386
388
386
384
388
386
388
394
392
396
392
392
396
396
398
396
390
392
394
396
398
390
396
392
392
398
398
396
396
394
400
394
398
402
396
398
396
410
436
266
144
116
104
168
192
150
124
128
130
108
102
108
124
132
144
152
142
144
174
220
268
298
342
372
394
404
408
410
410
408
404
412
406
408
412
406
408
400
398
396
388
392
384
380
388
380
382
382
378
384
380
382
380
376
378
378
374
376
368
368
370
366
372
372
366
372
372
364
372
366
364
370
364
364
366
364
366
368
362
360
360
360
362
354
358
358
352
356
354
350
354
350
344
352
344
338
356
366
358
364
364
368
368
366
366
368
370
378
374
378
378
376
382
378
384
382
376
384
382
382
386
382
386
382
382
386
388
386
390
392
394
398
370
380
374
382
388
390
392
392
394
392
396
396
396
396
398
392
394
394
390
400
398
398
400
398
406
398
356
386
406
290
130
112
160
150
142
142
128
122
122
126
120
108
120
140
156
172
150
130
124
122
110
118
148
160
200
240
260
284
284
292
284
282
292
294
308
324
332
346
364
372
382
392
398
412
400
398
392
386
386
372
380
380
374
380
380
376
378
370
366
376
374
368
370
372
372
368
368
364
360
368
366
358
366
366
360
366
362
358
364
360
360
364
354
354
360
352
352
354
350
352
350
348
348
346
346
366
362
360
368
366
362
374
366
370
370
370
372
372
374
378
372
380
382
378
386
378
378
388
386
388
382
386
390
386
386
388
386
390
392
394
392
382
390
380
364
386
392
392
394
398
396
390
392
398
390
394
396
396
396
396
402
398
396
398
400
404
410
296
112
188
332
346
228
122
106
106
112
94
80
86
104
106
114
118
122
128
136
144
126
126
136
140
138
150
166
186
156
146
150
144
150
152
146
110
118
110
116
122
136
150
168
176
204
214
252
282
320
350
370
398
400
400
386
378
374
374
376
374
368
372
372
368
374
372
366
372
368
362
366
362
362
366
364
360
362
364
362
358
364
362
356
362
358
352
360
350
354
360
346
354
360
348
352
354
342
352
364
364
360
362
364
366
366
366
368
368
362
370
372
358
378
380
378
374
378
386
376
384
388
382
386
386
388
388
386
390
386
386
386
386
388
394
388
392
394
390
392
390
396
398
394
392
398
396
394
394
400
392
398
400
398
400
394
398
398
398
402
418
336
114
94
68
178
288
244
148
106
102
98
82
78
82
90
94
102
94
110
114
144
160
188
240
206
214
206
196
208
202
202
172
168
194
182
180
164
174
166
164
148
132
154
168
144
152
156
140
124
124
144
142
180
228
282
328
364
390
392
382
376
372
370
366
370
370
364
370
368
362
370
364
360
372
364
360
368
362
360
366
356
358
366
358
360
358
354
356
352
356
352
344
352
346
348
350
342
342
350
360
362
370
370
362
366
374
360
364
374
364
372
374
378
374
372
378
378
374
382
382
382
386
384
382
384
388
390
384
388
388
386
388
390
392
392
394
396
390
394
398
396
396
392
396
398
388
394
396
388
394
396
396
398
396
400
392
402
402
400
400
406
358
148
116
138
128
104
158
158
126
128
120
104
86
88
106
110
136
166
152
180
202
198
234
226
172
196
206
196
166
162
162
160
170
200
198
198
164
168
168
166
180
202
166
186
210
218
198
188
184
140
112
96
76
72
78
110
146
214
278
344
382
382
386
376
364
368
370
368
366
366
366
358
364
364
362
368
364
360
366
362
358
364
358
358
362
342
348
356
346
352
352
346
346
352
348
344
344
340
344
360
368
360
368
374
362
370
372
366
366
366
372
366
366
378
372
370
380
372
382
382
380
384
382
380
384
380
382
386
386
388
388
396
388
390
394
396
394
388
392
396
390
392
392
394
398
390
392
394
390
398
394
396
404
394
400
396
408
402
394
400
396
400
300
174
118
98
102
120
138
138
128
122
118
130
140
156
192
214
230
180
170
164
150
164
174
174
190
192
182
182
176
184
200
196
194
208
230
232
228
212
206
212
244
262
178
246
276
196
174
218
214
150
134
126
114
114
102
82
76
82
114
176
244
314
360
390
384
364
368
364
360
368
358
360
366
366
364
364
364
366
362
364
364
356
360
354
348
358
350
352
356
348
348
350
342
350
344
336
344
346
352
360
370
364
364
368
372
366
366
372
364
366
372
372
376
378
380
378
378
386
382
374
380
376
380
388
376
386
386
382
386
386
390
388
388
390
386
398
392
388
392
390
394
392
394
398
392
394
398
394
398
394
398
394
394
400
394
400
396
400
396
394
402
416
384
292
160
122
130
138
136
136
134
152
168
166
156
160
170
156
156
174
136
164
180
180
192
180
168
178
200
202
192
214
190
172
182
258
292
262
284
316
256
254
308
304
286
312
262
260
252
230
214
228
204
178
140
144
122
92
70
80
76
82
104
148
216
306
368
386
372
372
366
360
368
364
362
370
362
358
366
360
360
364
358
360
356
356
354
350
354
350
352
354
340
342
354
336
346
354
332
354
366
366
366
366
364
366
372
366
372
370
364
360
376
378
362
364
376
378
378
378
376
384
384
382
380
378
378
380
388
386
388
394
390
386
394
388
392
390
392
396
390
398
398
394
398
396
398
394
392
398
398
396
394
400
396
390
400
404
396
398
400
406
414
420
440
374
186
108
120
158
178
158
170
154
154
158
160
184
190
198
178
194
222
190
216
238
210
210
184
184
202
198
202
226
208
186
294
310
302
278
284
324
302
264
302
274
258
228
196
126
130
168
190
180
152
138
136
186
164
132
122
106
104
80
62
66
86
144
242
322
366
384
376
366
360
364
360
356
362
356
356
360
354
358
358
352
358
360
346
350
352
346
350
350
348
346
346
342
344
332
360
368
368
362
364
362
360
364
366
370
364
362
374
372
374
378
378
380
378
376
382
380
378
380
380
382
386
384
386
382
388
382
386
388
394
390
388
396
390
390
394
394
398
392
390
394
396
396
398
390
394
396
400
394
398
402
402
408
418
416
414
396
362
320
280
246
240
156
138
164
154
162
174
182
182
204
222
212
196
182
194
180
190
184
200
214
200
176
182
224
210
206
194
238
262
304
222
212
280
320
310
236
244
258
202
218
212
206
218
172
132
104
122
138
152
154
102
124
134
144
138
118
140
124
94
88
84
74
62
58
82
146
240
318
376
378
366
358
354
358
354
358
360
354
352
352
356
360
350
352
350
340
350
346
332
352
348
338
348
346
332
362
356
362
366
370
372
374
378
370
374
370
368
372
374
376
374
372
380
380
378
378
376
380
376
380
384
376
388
386
384
382
382
386
384
386
394
386
392
390
392
396
390
392
394
392
390
394
398
392
386
396
398
412
414
398
378
354
334
294
262
218
180
160
150
148
148
158
182
226
198
216
254
270
242
238
232
210
196
220
194
196
208
174
202
196
190
174
198
196
210
220
190
204
264
246
278
236
270
268
268
298
300
256
266
238
246
242
276
198
182
202
188
164
166
124
138
108
138
100
158
160
126
120
124
100
96
116
106
84
62
68
52
50
82
156
252
342
376
372
364
352
356
358
348
352
354
350
350
352
346
342
346
348
334
338
350
334
348
344
332
354
362
370
372
366
368
366
364
364
372
386
380
386
384
378
380
376
376
380
376
378
382
376
382
382
384
378
378
384
382
386
376
378
388
390
386
386
386
390
388
388
404
412
416
410
412
412
406
408
408
400
394
360
316
272
202
158
140
126
152
144
128
182
218
214
216
206
224
234
250
214
226
272
290
256
250
256
208
248
252
220
200
182
192
214
170
156
188
184
198
200
196
204
214
194
214
232
240
310
310
294
270
280
278
276
256
202
212
252
222
192
204
198
204
206
196
154
156
182
178
198
138
142
118
106
98
94
102
122
90
74
58
60
62
60
42
40
92
198
298
362
370
362
346
352
354
342
350
346
340
346
344
338
344
340
334
344
340
342
332
344
348
322
260
232
194
164
164
172
180
196
218
254
286
326
360
380
384
390
390
382
384
380
380
382
382
382
384
384
380
382
382
384
386
388
390
386
388
382
390
396
394
344
264
218
236
264
304
298
300
296
262
218
160
122
118
134
160
148
172
218
194
204
224
236
238
238
244
276
284
312
282
256
296
304
308
322
302
284
276
300
248
234
206
200
204
184
196
200
192
164
188
220
222
216
214
236
262
294
294
308
276
264
274
296
306
280
258
250
240
256
208
204
196
216
192
214
208
240
218
228
222
144
146
120
140
148
146
126
116
100
82
52
50
46
48
50
42
30
26
58
138
244
344
362
358
346
346
348
338
348
348
334
334
336
334
340
334
332
342
344
334
340
292
190
34
12
28
32
18
28
40
50
68
88
110
136
178
220
264
316
360
386
394
388
386
380
386
384
382
384
384
384
382
384
388
386
380
382
384
390
392
252
100
72
104
148
92
104
116
124
122
146
120
160
184
188
178
178
232
250
188
262
270
258
288
304
288
294
298
296
310
272
278
282
270
262
262
250
266
218
248
236
216
250
248
230
254
224
214
216
232
220
230
256
242
258
226
274
288
274
254
300
264
250
280
284
240
304
290
282
244
230
186
184
202
214
194
232
216
226
210
198
156
194
152
172
152
126
136
122
90
58
54
46
50
52
52
44
46
48
40
28
38
108
210
312
362
356
346
344
346
342
340
338
334
340
340
330
340
340
330
340
342
336
254
148
92
94
114
100
70
62
52
46
40
34
38
50
62
72
104
148
192
266
318
368
394
392
392
386
382
382
380
382
382
384
384
384
386
384
396
340
124
46
90
102
128
144
162
146
144
168
206
196
224
234
230
242
240
270
298
266
280
280
290
264
246
242
234
242
222
232
230
236
254
234
226
226
246
256
254
242
246
212
252
268
270
288
260
280
284
258
256
296
238
210
224
246
234
236
294
294
316
354
284
286
274
258
288
242
260
278
244
166
198
208
182
174
176
200
220
180
170
158
192
150
166
174
140
124
100
50
48
54
44
54
68
56
60
48
56
52
50
44
32
34
92
184
288
358
352
346
340
336
340
338
338
332
340
340
330
334
338
320
340
280
286
226
164
152
116
62
60
56
56
54
48
44
42
40
42
44
48
56
62
94
148
220
302
342
362
386
394
398
396
390
394
392
390
390
398
422
342
146
118
120
130
146
166
178
194
190
196
218
254
202
224
236
246
232
244
246
250
216
208
244
240
226
242
248
232
246
260
276
274
302
270
256
292
280
272
268
244
270
274
284
264
256
320
316
292
300
266
254
264
278
224
250
264
230
282
296
300
286
356
288
274
290
258
258
244
236
286
296
290
252
230
252
216
158
210
248
258
164
174
182
150
150
174
182
122
68
54
48
60
82
84
72
94
80
54
52
62
56
54
46
40
44
54
90
190
278
342
342
346
336
328
340
334
330
334
334
330
328
320
344
282
236
182
82
26
26
28
24
26
32
38
44
48
54
54
52
54
48
50
48
44
50
64
92
136
176
224
222
250
286
314
336
348
356
364
328
266
208
158
174
200
188
200
194
188
170
174
208
240
196
174
228
236
210
230
228
270
238
242
260
260
260
270
270
302
258
248
266
274
292
294
280
278
332
302
300
274
262
274
276
294
316
302
314
350
292
270
268
278
272
318
292
250
298
272
260
280
312
292
272
308
308
268
252
268
304
278
226
306
358
274
268
252
222
240
228
210
208
222
208
208
200
166
174
162
96
72
58
70
116
180
182
128
112
58
46
86
118
82
48
50
54
42
38
42
48
80
144
226
296
330
350
336
326
332
330
320
332
332
322
346
362
314
226
138
34
6
44
72
38
26
36
38
44
48
50
52
56
60
62
60
62
68
58
42
54
90
120
86
90
112
96
80
110
172
150
98
106
138
146
158
180
196
208
210
200
218
224
256
248
178
190
234
262
272
292
254
218
214
254
294
314
290
302
270
306
278
260
284
288
270
286
272
296
336
312
344
308
318
282
320
334
336
346
336
332
314
332
258
290
338
312
320
306
308
296
296
318
334
356
308
330
330
308
290
310
348
340
316
298
342
292
212
236
250
220
256
210
200
262
220
264
234
220
184
150
94
52
52
100
128
120
76
50
52
58
44
92
84
74
84
80
80
82
88
86
76
82
74
72
128
184
230
338
336
328
318
326
330
324
330
352
348
358
340
304
236
92
42
40
34
30
34
36
40
44
52
58
62
64
62
66
66
66
58
80
160
218
226
180
134
186
172
152
108
124
142
148
180
196
206
230
244
214
222
276
268
278
292
278
290
248
228
226
320
316
352
356
246
276
298
312
292
318
344
322
316
314
294
346
342
354
360
348
318
342
374
390
394
350
316
388
378
374
390
364
326
358
370
346
312
286
348
360
336
320
284
318
344
332
334
360
372
332
340
336
324
302
284
304
290
248
242
272
254
252
240
276
260
242
282
296
322
314
266
198
140
92
60
58
104
102
74
78
76
64
50
48
58
72
82
106
116
114
120
118
60
48
44
38
52
72
114
96
166
308
336
324
326
320
322
326
338
354
354
348
348
352
306
194
54
22
34
28
20
22
28
42
52
56
68
70
76
76
72
104
184
240
270
252
196
190
194
218
230
208
240
238
236
216
244
242
266
284
270
280
288
300
332
320
312
338
298
284
290
336
342
342
372
336
370
334
344
360
312
328
344
310
330
322
326
350
344
340
348
366
372
380
370
402
380
380
362
352
382
340
342
332
336
324
352
356
320
342
356
360
338
350
322
308
344
324
316
320
330
280
266
286
294
290
294
262
280
304
326
308
264
274
288
268
274
340
346
342
320
256
172
80
58
52
64
108
82
102
122
98
64
54
58
70
90
82
80
96
106
124
84
44
38
36
34
28
62
102
114
88
184
328
316
322
318
310
322
344
342
344
348
336
350
352
348
272
106
24
34
30
48
54
34
30
50
70
82
94
112
114
180
212
234
222
204
168
188
196
198
204
248
276
274
260
248
296
292
298
302
342
330
300
294
340
320
290
332
304
266
302
334
328
320
362
336
326
346
340
352
318
308
312
336
364
340
354
380
356
366
366
348
372
344
348
376
366
374
366
362
388
378
376
360
336
316
328
354
372
376
344
348
390
386
360
324
320
330
354
352
324
318
302
288
332
340
300
300
322
310
274
300
300
252
274
270
270
296
274
288
268
220
156
68
72
50
82
112
100
132
118
92
76
66
78
72
88
106
108
102
78
84
70
38
78
64
30
54
78
84
86
98
156
306
322
316
306
312
314
340
342
346
348
340
346
344
350
366
214
88
74
66
62
54
52
68
80
92
96
108
120
142
166
170
214
186
196
198
198
220
254
268
250
250
266
246
242
280
278
276
264
266
264
246
282
296
266
278
296
272
248
274
304
284
302
338
324
318
344
318
296
322
318
312
352
362
352
358
364
358
368
368
358
398
380
394
388
382
384
394
374
408
410
388
394
392
390
376
392
352
378
362
362
336
392
412
388
280
322
392
402
360
342
352
310
326
348
326
348
296
292
358
328
318
320
284
282
270
286
280
258
222
142
92
92
80
56
80
72
82
108
90
92
86
68
88
68
78
128
154
126
90
80
78
56
84
42
70
114
80
88
152
154
166
222
308
306
312
306
296
340
340
340
344
338
342
358
344
360
316
150
66
56
40
40
40
48
52
58
76
102
126
174
194
130
142
192
272
262
240
226
240
224
232
248
242
248
226
238
240
208
190
202
218
198
216
218
240
254
230
232
240
268
258
274
304
290
304
294
302
316
302
312
312
318
322
324
344
344
340
358
348
372
382
390
368
364
382
384
378
366
390
398
410
372
396
380
388
316
314
308
400
414
434
410
408
434
448
408
400
390
394
386
364
382
352
314
346
368
352
332
328
342
310
302
318
278
294
270
282
280
270
206
118
88
84
56
82
96
42
76
74
56
86
96
76
134
74
64
62
94
152
162
122
130
156
106
64
62
82
126
164
186
200
214
190
302
322
312
312
296
338
346
340
348
346
342
350
344
364
206
22
32
28
22
26
34
32
38
56
76
98
118
174
166
114
174
256
278
204
216
246
218
186
190
224
212
222
216
204
204
214
222
188
198
194
180
198
218
222
234
236
236
246
260
234
280
264
296
282
240
282
312
300
296
326
312
298
332
328
326
340
326
356
360
350
350
354
364
346
376
346
356
376
400
406
402
306
380
360
314
308
368
376
386
406
426
428
432
434
416
418
382
378
388
382
360
342
336
360
314
328
314
320
330
296
306
264
286
308
268
262
258
196
122
92
60
62
122
138
50
64
80
80
98
122
96
164
124
70
66
54
92
152
160
172
182
152
104
84
108
142
156
156
214
246
168
212
258
260
254
290
326
342
342
350
340
344
352
338
344
136
16
28
26
32
34
48
60
78
102
126
144
164
170
162
128
202
254
214
186
196
224
182
214
224
216
230
244
244
238
234
258
212
210
232
224
204
178
208
224
230
236
230
242
240
230
262
260
258
282
292
288
284
304
296
292
298
290
306
310
308
314
326
276
322
328
320
330
330
356
386
342
354
338
334
384
408
380
362
392
422
386
358
372
364
386
418
390
330
344
400
406
382
360
392
382
376
324
256
306
328
254
314
334
298
300
318
288
286
288
258
232
240
188
108
92
72
84
98
112
116
126
150
140
110
136
128
158
174
82
88
72
42
52
80
86
90
84
80
102
162
168
162
208
218
188
136
122
156
140
106
250
332
338
338
344
336
340
346
344
334
166
62
34
44
52
44
44
64
84
94
100
112
162
172
172
150
144
130
124
154
168
188
192
224
196
174
150
156
184
230
238
244
248
204
200
208
206
206
206
212
224
228
230
246
230
250
256
256
254
282
288
304
290
280
282
282
284
276
280
298
296
330
334
302
318
316
324
330
358
336
344
350
342
342
342
356
384
354
370
326
358
356
364
410
366
304
402
308
206
322
394
386
372
354
326
366
348
292
306
316
296
322
342
322
300
306
324
314
316
292
254
250
192
164
104
96
82
94
94
136
162
188
212
176
112
142
148
124
156
120
104
102
102
72
78
116
124
120
142
190
212
166
204
228
218
170
150
186
158
124
176
288
332
338
332
336
340
344
360
344
234
78
38
26
32
34
32
34
40
50
62
68
80
108
110
112
90
68
48
58
78
108
144
166
174
182
134
116
134
114
158
186
154
184
200
170
186
208
212
218
222
216
222
238
236
232
250
248
268
256
270
272
286
272
274
258
286
290
268
276
284
284
322
330
330
350
318
314
348
348
300
328
350
326
352
358
356
372
350
380
334
310
346
376
408
366
310
350
278
258
316
318
332
392
348
322
364
350
308
326
326
280
310
302
302
308
280
286
304
276
290
254
208
204
144
104
100
82
84
154
222
186
180
242
266
234
196
162
150
102
120
90
90
116
128
152
182
186
184
184
176
154
134
144
170
176
164
160
142
124
146
216
300
328
334
334
340
342
346
308
184
58
20
28
18
24
28
38
48
54
60
66
66
66
60
62
64
62
52
58
74
96
92
106
200
234
82
110
148
146
124
106
120
178
160
158
190
200
198
206
224
206
200
224
236
220
232
242
240
240
248
262
270
270
260
272
260
280
300
260
276
306
312
314
304
306
334
288
316
354
322
292
284
320
320
342
352
352
342
334
340
360
338
384
366
336
364
342
348
366
292
346
352
314
344
322
352
350
308
310
306
336
298
314
338
320
286
292
250
232
264
214
206
198
232
166
126
110
80
98
132
258
242
160
178
208
232
198
156
130
110
120
98
96
116
128
144
144
140
140
126
114
120
142
154
156
150
140
130
120
148
224
284
284
330
336
334
336
344
344
258
108
46
44
28
32
34
36
40
48
48
54
62
66
62
62
62
50
50
58
74
96
98
144
260
316
154
28
94
124
124
140
142
122
136
184
184
170
168
194
192
194
202
198
198
202
222
240
228
248
232
246
234
244
246
254
256
260
274
290
286
296
290
296
314
306
312
296
298
326
342
326
298
318
296
314
324
330
352
336
344
370
358
344
354
320
328
404
354
306
302
330
320
358
310
326
336
344
300
284
332
270
248
256
300
268
246
210
202
186
182
242
204
168
176
192
154
166
102
72
108
108
136
190
220
244
254
216
156
142
130
136
148
134
134
142
148
156
152
138
140
146
158
164
168
172
144
114
102
110
160
252
278
282
270
326
332
332
342
316
234
132
84
46
40
34
34
34
38
44
50
56
66
62
60
62
58
52
54
64
76
82
116
236
290
308
298
94
32
62
84
90
122
148
138
124
134
182
186
164
166
192
184
180
212
204
206
230
216
200
212
236
224
222
240
242
230
238
240
252
268
266
258
276
292
284
300
308
304
288
294
304
296
292
306
312
334
302
330
338
342
336
352
348
364
378
384
358
378
344
332
332
310
330
320
322
340
326
316
272
300
292
246
276
290
274
232
240
224
188
202
226
232
208
178
186
156
172
172
118
86
96
122
116
104
126
194
262
226
172
172
178
152
156
150
138
136
144
154
162
170
190
216
184
140
112
94
114
160
212
238
272
268
268
274
270
326
332
332
346
260
166
100
70
42
34
30
34
38
46
50
50
50
54
56
58
58
52
50
68
80
100
192
268
312
308
338
334
124
32
44
62
80
92
112
110
124
126
126
178
200
180
200
214
204
196
208
214
224
208
198
204
202
222
246
250
258
254
244
234
244
260
268
266
270
294
260
276
300
278
260
294
312
284
288
286
304
300
292
286
310
330
336
312
326
350
374
334
326
338
332
368
382
356
368
322
306
272
288
336
254
238
202
166
174
162
156
156
156
152
150
148
174
184
132
138
148
140
136
128
108
112
96
104
112
116
104
116
124
140
156
160
156
132
158
166
160
152
152
158
164
160
124
92
70
84
108
178
236
274
266
272
266
258
266
266
264
320
342
346
290
142
26
10
14
20
22
28
34
40
42
48
50
50
48
52
52
52
56
76
94
160
262
302
316
338
340
340
354
290
70
34
38
58
74
98
106
116
122
120
120
164
200
188
196
208
204
202
204
218
216
212
222
206
226
230
218
222
234
278
252
240
256
258
266
256
282
250
250
294
292
296
270
290
272
280
294
294
248
266
298
308
302
298
296
306
314
304
280
308
344
310
278
328
354
342
266
302
316
266
184
158
122
100
78
64
62
58
54
50
42
44
42
36
40
42
46
48
52
56
60
66
74
78
80
80
82
108
108
144
162
144
136
132
136
138
132
138
142
148
138
98
70
96
142
182
214
254
264
262
256
256
264
260
262
264
256
268
332
282
226
168
24
6
16
28
36
40
50
56
50
48
46
46
48
46
52
52
62
88
138
228
288
328
330
342
336
346
348
346
350
192
94
44
36
52
70
94
100
100
112
118
114
152
176
186
196
204
210
226
220
206
226
220
218
210
210
206
212
204
212
216
214
246
258
256
248
284
256
274
304
290
274
268
254
274
274
276
276
258
266
272
280
276
242
280
258
270
300
274
260
252
264
272
268
318
288
262
290
282
242
218
208
192
120
90
80
70
60
52
54
46
44
40
42
40
38
36
38
40
44
52
58
62
72
86
92
98
126
148
168
156
154
138
132
134
130
124
132
132
96
92
140
214
246
272
262
258
258
254
252
252
256
260
258
264
260
260
272
322
244
196
176
134
132
114
96
78
62
60
60
56
58
48
46
48
46
54
66
110
200
262
324
334
340
332
350
350
348
342
342
350
290
194
100
80
64
66
74
82
92
96
104
106
104
134
178
176
190
198
194
202
198
202
206
220
226
222
208
198
206
218
220
208
236
250
254
272
252
204
240
280
250
258
250
246
258
256
242
248
240
242
260
266
272
280
262
250
262
240
208
228
252
248
244
252
254
242
264
278
236
236
220
220
218
180
170
172
166
132
114
90
76
62
54
48
50
48
52
54
58
64
70
78
92
114
142
180
190
182
162
132
142
140
136
138
136
128
102
76
84
140
222
262
254
252
256
244
252
248
246
256
248
248
256
256
264
260
260
262
322
274
218
126
76
56
44
40
46
64
74
74
64
52
46
44
52
58
74
144
216
304
332
344
338
340
338
344
338
344
338
330
342
332
326
160
82
66
60
48
56
76
82
98
102
108
102
118
150
172
192
204
198
228
224
222
216
206
224
230
224
192
202
224
228
224
222
236
238
230
206
212
238
248
260
254
274
264
236
238
238
218
218
246
246
238
228
214
228
214
212
240
242
222
242
242
244
236
220
220
224
214
206
200
194
178
178
180
186
194
202
212
214
178
160
158
142
128
132
138
122
116
120
122
132
142
168
182
192
178
146
142
150
154
154
138
94
68
64
100
154
218
258
246
256
248
248
246
250
248
240
250
256
242
250
254
256
266
260
264
256
248
170
102
62
72
86
86
86
82
72
48
40
40
40
46
54
62
106
188
280
336
336
334
338
344
342
336
340
334
332
338
338
338
326
332
252
72
32
34
40
42
56
66
84
94
98
102
106
102
152
174
172
186
176
204
230
214
238
222
184
182
188
202
180
186
206
198
196
214
214
238
238
236
234
266
252
272
246
230
248
244
246
248
222
226
242
240
236
232
218
204
218
240
226
238
246
236
218
212
216
212
194
198
208
190
182
180
190
180
170
190
210
222
186
188
206
188
182
184
186
176
174
162
160
160
156
160
156
150
140
132
138
142
144
106
92
114
164
210
248
260
256
248
248
254
238
252
252
244
252
250
248
240
246
254
250
266
264
258
264
258
302
240
176
130
94
70
40
28
26
36
42
38
40
58
62
86
142
236
320
338
334
338
334
336
330
338
332
332
326
340
338
324
340
330
344
352
158
18
34
34
38
40
54
58
70
84
94
100
102
98
108
142
190
158
176
196
208
244
280
250
200
166
152
150
160
174
190
216
210
232
252
252
268
262
288
306
308
292
310
310
282
292
302
276
252
250
276
274
270
268
226
222
238
246
242
232
220
234
232
224
222
214
212
220
198
176
180
190
186
178
184
192
188
170
178
178
172
168
180
168
162
160
164
174
168
158
148
136
134
136
138
140
126
92
144
222
266
258
258
260
246
254
250
254
246
246
252
238
254
256
246
254
256
254
250
258
262
254
264
264
256
250
130
6
2
10
30
54
58
56
52
44
56
92
128
174
240
306
332
338
330
328
328
334
338
332
342
338
336
326
336
328
324
338
322
330
342
230
30
30
30
34
38
44
52
64
74
84
90
90
96
88
106
144
126
146
180
208
214
222
238
220
172
144
142
150
162
162
176
184
208
236
270
292
278
282
286
284
276
274
292
286
288
296
290
280
268
282
292
282
264
258
250
228
234
236
238
236
246
238
224
228
220
216
210
196
180
178
182
176
172
172
168
168
170
168
162
160
154
144
148
146
140
148
146
140
152
158
162
158
144
118
98
124
204
264
262
258
250
256
246
252
254
242
252
250
250
250
248
256
244
258
260
252
262
256
258
260
266
266
260
268
312
250
142
110
130
134
82
68
72
80
106
160
218
268
322
326
332
340
334
320
330
334
332
338
332
336
322
334
328
322
328
326
334
320
334
340
266
46
24
24
24
38
42
46
54
64
78
86
84
80
78
80
66
54
60
82
96
126
152
146
146
176
178
168
154
166
174
170
174
196
234
244
244
248
248
242
236
242
242
248
234
204
204
212
206
206
214
218
216
218
224
230
212
212
250
234
230
220
200
200
202
206
208
202
188
194
172
162
156
154
150
148
154
150
152
154
148
148
152
158
166
158
154
166
196
190
164
132
102
102
134
208
250
270
252
252
256
254
256
246
254
246
250
258
244
256
254
250
252
254
262
250
260
268
248
262
268
264
264
266
272
316
316
302
174
110
104
136
190
228
258
278
308
324
332
326
330
324
320
328
330
330
322
330
336
326
332
328
328
320
328
328
324
330
324
328
334
302
52
20
20
30
38
46
46
52
60
64
62
62
58
54
54
48
50
50
70
70
36
58
88
128
152
170
168
160
142
140
124
130
152
168
190
208
228
242
250
240
226
202
156
104
82
88
96
106
118
136
138
134
144
146
152
146
162
194
198
206
204
184
190
188
192
188
184
174
158
148
154
160
170
176
182
194
210
218
224
220
226
228
210
186
154
126
114
100
94
114
148
202
240
266
258
254
258
244
256
252
254
258
252
254
248
258
252
252
260
250
262
262
254
256
262
266
252
266
272
260
274
276
262
274
312
318
314
308
298
288
316
320
322
334
328
324
320
326
322
324
330
328
328
322
334
330
328
332
328
328
320
328
314
318
322
322
324
314
332
354
258
26
18
24
28
38
40
52
52
52
56
52
48
50
50
48
52
74
78
84
86
150
204
252
276
300
300
292
296
292
274
260
248
228
206
184
168
156
162
176
186
202
188
154
142
130
124
126
124
128
128
132
142
150
164
174
176
182
192
202
206
200
204
214
210
206
210
206
218
218
220
228
234
244
250
248
230
218
196
170
144
124
112
98
102
118
140
166
198
234
248
268
270
250
260
254
250
252
254
254
248
262
256
252
264
256
262
254
258
258
252
266
252
260
266
258
264
264
270
266
272
276
264
276
284
310
310
320
322
324
318
318
314
314
314
316
326
316
318
322
326
330
320
330
320
324
324
330
330
324
332
328
324
316
320
322
314
326
318
306
250
88
8
22
26
30
40
42
46
42
40
46
48
48
44
52
72
110
132
144
208
250
296
312
310
306
300
300
292
302
296
292
296
296
300
306
316
304
294
274
258
234
182
146
108
112
92
104
92
94
88
92
100
86
104
106
100
102
120
136
148
164
164
156
164
174
174
174
178
176
168
158
140
138
124
118
120
114
116
116
132
160
180
210
228
246
256
274
278
262
264
262
262
256
260
264
248
260
262
256
256
260
268
250
262
264
252
266
258
262
258
260
262
254
266
262
266
268
262
272
270
272
272
276
280
266
314
320
326
304
316
308
306
312
318
318
310
318
318
320
318
318
326
316
320
320
324
322
320
328
322
326
320
328
324
318
320
324
324
310
288
92
12
32
34
38
40
38
34
36
40
40
46
58
84
92
126
140
174
220
280
310
304
342
362
316
290
294
304
290
308
298
292
292
304
304
298
306
304
314
302
316
318
304
304
268
254
186
190
170
164
156
154
168
166
182
188
216
234
214
204
180
188
168
176
176
160
170
166
170
160
178
188
190
214
222
236
246
258
272
270
286
282
282
278
270
274
262
270
260
266
268
258
266
262
258
260
262
266
248
264
262
254
260
260
264
250
264
270
254
266
264
264
262
264
268
258
272
268
266
272
266
278
272
264
274
264
312
308
316
308
316
300
320
310
306
318
318
318
306
314
322
316
320
318
324
314
322
324
322
322
320
328
318
320
316
324
320
312
324
316
326
242
142
112
104
92
88
82
84
92
110
120
138
150
180
166
208
250
288
314
306
306
308
316
320
314
292
296
308
296
288
278
300
302
304
306
308
312
296
314
316
312
302
306
318
304
324
312
328
302
320
318
298
314
312
316
304
316
316
304
312
292
312
304
300
300
290
302
286
298
290
292
286
286
290
272
288
278
276
274
272
278
262
274
270
266
270
262
272
264
270
268
268
270
256
268
266
260
262
260
268
250
268
268
254
264
262
264
256
266
270
252
270
266
264
266
266
276
268
274
272
266
278
264
272
278
262
320
310
320
312
328
316
324
324
324
322
312
322
324
320
310
320
324
304
318
316
312
310
312
316
308
314
310
314
310
308
316
310
322
312
322
300
234
200
216
206
190
216
192
182
200
234
240
240
260
292
308
306
304
306
294
296
308
298
282
294
308
304
292
280
290
290
300
298
312
314
308
322
316
320
306
326
326
312
306
310
326
294
328
314
314
288
302
310
280
304
292
298
288
292
298
280
296
292
302
286
286
294
288
290
280
292
284
278
284
276
286
268
284
280
270
276
276
280
258
272
272
260
268
266
268
256
264
266
262
270
260
268
270
264
276
268
270
258
274
276
258
272
272
268
258
268
276
254
276
272
262
268
264
268
258
268
266
264
270
262
274
