386
388
374
384
388
380
390
386
384
390
390
394
394
402
406
402
406
408
410
406
408
410
408
408
394
400
412
398
402
410
404
402
406
414
406
414
414
406
414
416
420
416
420
424
418
426
422
420
420
420
418
416
422
410
416
416
414
414
418
418
314
246
246
288
332
338
312
330
342
340
346
358
362
358
368
374
364
370
382
396
410
424
438
442
454
446
456
448
450
434
438
424
432
414
416
420
412
422
416
424
412
428
420
424
420
424
428
420
422
410
416
406
416
402
414
410
412
412
408
418
404
422
408
420
406
412
402
406
412
388
396
382
404
390
406
396
402
404
402
412
398
406
390
406
392
386
390
384
392
374
400
384
398
386
400
388
390
396
376
392
374
376
388
390
386
394
394
390
388
394
398
396
406
400
398
398
398
402
402
400
402
398
400
392
400
406
398
404
408
410
402
404
416
408
412
416
414
416
418
422
414
422
420
414
420
414
414
414
414
416
410
418
412
416
420
416
420
418
420
418
432
250
178
166
116
90
96
102
110
116
118
126
140
138
156
176
140
156
166
172
170
180
230
260
270
282
314
342
338
362
366
386
390
410
432
440
444
436
446
430
438
430
424
418
414
420
410
420
404
424
408
418
410
416
416
412
416
410
420
402
416
400
414
406
404
398
406
416
398
412
402
410
404
414
408
394
408
394
410
390
406
388
402
398
394
400
392
404
382
404
394
398
394
394
398
390
402
378
398
386
390
372
388
380
384
388
390
384
392
392
386
396
394
396
394
396
394
394
398
398
398
400
392
404
406
394
402
408
410
404
414
414
406
412
416
412
414
412
418
410
418
416
414
420
414
418
418
414
412
408
416
410
418
416
416
416
416
420
410
422
422
390
194
168
160
148
138
144
138
132
138
138
132
136
132
158
172
168
178
140
128
154
152
150
138
122
102
136
154
116
124
122
128
156
170
202
256
300
322
340
342
362
378
398
406
408
436
430
442
434
432
416
418
420
406
420
408
418
400
414
400
408
404
406
404
400
406
390
414
396
410
396
402
406
398
404
390
406
392
404
390
398
398
388
398
390
408
382
400
396
394
394
390
398
384
400
374
394
390
390
384
386
392
374
388
388
384
390
386
390
392
390
394
392
394
392
396
398
386
398
400
388
400
404
400
398
404
408
396
408
414
408
412
414
408
408
410
412
408
418
410
412
418
410
412
412
416
416
414
414
404
416
416
416
416
420
424
410
418
418
424
428
358
106
132
124
112
114
126
156
180
182
214
208
190
184
156
170
178
172
156
144
144
140
142
162
160
150
150
144
168
198
238
252
290
274
216
158
148
172
164
174
182
158
146
178
194
220
260
292
326
360
396
406
436
430
436
414
418
398
404
408
402
406
400
410
390
410
400
404
394
400
398
392
406
392
404
388
398
390
396
402
384
404
388
398
384
398
394
390
402
388
398
384
396
378
392
386
376
388
388
388
370
396
382
380
388
388
392
384
386
382
390
394
392
394
398
390
396
400
392
394
400
400
394
404
408
398
406
408
402
406
408
412
408
412
412
410
418
406
412
416
412
414
414
418
412
416
416
408
416
414
418
408
412
414
406
412
414
422
414
420
420
400
218
264
204
188
170
144
138
188
214
214
228
224
216
200
166
158
160
160
160
140
144
144
180
180
218
228
250
284
314
280
288
294
260
288
278
250
244
242
214
224
204
160
148
196
150
154
158
150
154
168
180
216
266
336
378
410
432
420
422
400
412
394
406
402
402
400
398
404
390
400
386
400
392
400
394
396
408
384
404
390
400
384
396
394
386
398
386
398
384
392
384
388
390
376
390
380
388
372
394
372
384
380
390
388
382
388
386
388
386
384
392
400
386
396
400
398
394
390
396
390
404
404
398
404
402
404
402
406
400
400
412
402
406
414
404
406
410
412
408
412
418
404
414
408
402
416
410
412
404
410
412
412
414
410
414
412
420
414
416
422
344
310
296
244
178
172
186
230
224
200
160
140
130
132
160
160
154
142
136
140
148
192
212
252
264
278
312
294
354
358
352
304
290
296
294
310
306
294
270
274
242
228
246
278
320
258
246
256
242
220
196
174
144
130
104
116
154
218
290
372
400
428
424
408
402
398
408
390
402
386
400
396
394
396
394
404
384
400
396
400
388
398
400
386
398
382
398
382
392
384
386
394
374
396
386
388
376
390
376
376
384
366
382
378
386
380
388
388
380
390
394
386
394
394
394
382
402
396
352
390
408
398
400
402
404
404
406
402
400
408
398
406
406
400
402
410
406
402
408
412
400
414
416
410
406
406
412
406
404
404
402
410
404
410
414
418
406
408
416
414
422
394
310
264
196
192
188
232
200
186
182
142
144
128
110
122
128
124
172
182
206
242
268
318
264
268
270
276
298
302
286
314
340
308
298
294
260
272
316
306
282
298
308
300
340
354
322
290
300
312
294
284
264
272
230
204
198
158
112
98
116
164
234
316
372
422
408
412
388
396
394
388
396
388
404
380
400
398
396
396
394
402
386
402
382
398
386
390
388
386
394
372
396
382
388
382
390
380
376
386
370
390
368
386
374
382
384
390
384
384
388
386
400
402
384
398
400
390
396
390
398
400
402
400
396
400
398
400
408
396
402
404
402
402
404
408
400
408
418
404
412
414
414
412
408
406
404
412
406
404
414
400
412
410
414
410
414
412
408
412
414
416
414
370
220
188
206
222
216
160
152
166
162
142
142
152
188
220
258
274
266
232
218
220
212
224
208
230
264
258
288
306
318
324
262
276
314
258
342
258
222
268
304
300
312
344
360
360
354
334
312
330
348
276
348
358
316
308
280
236
200
146
106
84
80
130
210
304
378
422
406
402
392
398
382
398
396
392
394
390
400
382
400
382
398
388
386
386
388
396
376
398
386
386
382
386
388
368
376
366
386
376
380
374
390
378
376
382
392
384
380
388
390
382
394
394
392
392
398
400
394
400
396
400
404
394
400
404
394
404
404
404
396
406
414
400
410
414
406
410
410
412
410
414
408
402
402
396
408
408
408
408
406
412
402
412
418
408
412
412
418
406
416
418
418
174
154
202
196
178
168
150
142
144
148
180
232
242
234
236
208
212
206
172
164
186
248
262
278
312
310
334
364
366
342
312
300
304
306
292
306
316
338
342
262
250
356
364
328
376
298
268
226
318
298
344
348
336
326
308
312
302
268
198
160
136
112
82
92
128
212
296
388
408
410
396
388
398
386
396
380
394
382
392
394
388
388
382
394
376
396
384
390
388
388
394
382
392
366
386
378
374
374
376
390
384
374
390
396
390
402
404
404
402
410
408
402
406
402
394
398
390
394
400
392
400
400
400
388
398
404
392
404
404
398
408
410
408
406
410
410
410
412
406
408
418
400
400
400
400
402
406
414
400
408
412
412
412
408
420
412
428
426
434
432
428
336
208
140
126
118
134
128
138
156
198
198
180
172
178
184
178
204
252
258
266
294
308
322
328
336
316
290
294
324
296
256
250
302
358
314
322
298
288
312
344
356
320
328
336
362
350
358
306
290
308
244
204
240
250
240
242
288
294
260
208
192
172
152
134
108
90
90
138
246
336
410
398
396
380
390
384
386
392
376
388
382
394
372
388
386
384
384
382
394
376
388
374
388
384
378
382
382
386
364
390
392
396
386
358
328
306
298
296
296
298
304
324
352
386
400
414
412
400
396
398
402
394
400
398
400
406
404
398
404
410
410
400
408
408
402
416
406
408
408
408
412
412
408
410
414
408
404
414
412
408
410
416
432
428
434
412
388
352
326
286
260
248
186
122
122
138
120
134
160
172
176
152
174
214
254
272
278
308
326
308
308
324
326
316
312
268
242
236
244
280
246
240
234
232
310
316
304
302
270
308
316
266
284
320
344
344
344
278
314
298
320
230
196
254
226
160
168
222
186
202
206
164
176
172
168
154
144
126
94
78
108
216
336
400
398
386
388
378
388
378
390
372
386
384
378
386
376
388
372
392
374
384
388
378
386
374
384
366
384
378
376
332
214
146
98
74
76
74
66
68
72
80
90
102
134
188
252
312
368
404
404
408
402
390
402
414
406
400
404
406
396
408
410
404
412
402
408
412
406
406
408
408
410
408
384
396
426
430
432
426
430
422
386
352
288
234
184
152
136
132
136
138
192
224
220
230
218
172
182
206
218
238
272
312
310
320
314
316
324
310
310
306
292
282
264
234
248
286
300
320
304
234
232
220
224
290
314
264
276
268
296
316
302
344
356
306
266
326
336
346
302
268
276
244
246
258
190
214
172
216
244
220
194
188
184
166
172
164
158
136
100
88
78
88
166
302
380
406
378
386
374
386
388
372
390
378
386
372
390
374
378
384
370
386
376
390
364
384
378
370
384
364
364
322
258
188
126
56
48
50
50
46
42
46
44
38
38
40
58
106
160
226
318
378
402
410
396
400
402
392
400
398
404
404
402
406
408
404
404
402
408
402
416
348
202
148
178
252
270
268
258
258
224
162
124
118
132
162
180
198
206
206
168
180
186
234
220
184
198
218
254
278
282
324
328
332
342
314
292
314
260
264
256
206
190
250
286
288
278
250
246
236
282
254
236
252
278
276
274
272
286
338
288
308
312
328
300
238
274
306
284
270
218
256
284
250
220
228
194
204
224
206
218
210
198
172
176
198
156
138
148
150
134
112
84
64
72
142
278
396
402
382
368
388
378
382
376
382
374
374
376
366
386
376
384
370
378
378
370
382
366
378
364
392
398
412
340
160
56
30
22
38
60
50
48
52
48
48
50
48
44
38
46
88
158
250
308
344
376
408
404
400
402
398
398
404
408
394
400
410
398
410
412
410
270
116
146
184
184
132
112
114
112
122
122
162
176
172
182
216
212
198
172
162
164
180
182
216
244
218
194
212
252
276
282
310
302
264
212
236
284
234
230
226
254
264
304
304
272
226
246
224
236
282
282
270
262
278
284
300
298
264
342
258
300
336
284
278
308
256
270
266
270
240
194
202
232
198
196
204
230
202
164
194
168
138
152
184
146
170
184
154
140
130
124
120
144
100
64
58
166
304
398
386
378
374
378
376
370
386
362
384
374
380
370
378
376
360
380
364
376
366
368
362
378
370
382
364
228
134
132
118
100
84
54
48
46
44
46
54
56
60
66
66
62
64
86
104
120
156
202
296
330
352
386
406
406
414
418
404
410
418
424
428
426
268
136
140
158
148
148
132
136
174
212
214
206
196
210
204
212
216
180
210
190
220
242
204
222
272
262
224
206
232
256
270
278
266
218
222
230
222
234
252
252
288
280
254
270
244
238
296
252
234
300
298
266
276
298
304
294
284
218
216
260
306
260
240
252
270
276
254
224
244
268
232
200
194
212
186
174
190
180
204
252
182
170
202
214
212
204
152
144
140
130
120
134
136
144
124
104
54
62
182
334
382
384
366
382
358
380
370
370
372
372
374
362
378
362
372
364
368
356
358
378
372
386
378
382
402
366
280
194
130
70
44
48
42
42
50
54
64
74
76
78
78
78
72
70
70
62
48
58
128
156
132
184
228
260
322
346
334
310
292
262
224
182
162
206
136
136
152
190
196
242
276
276
306
314
298
298
332
320
268
218
214
208
236
244
262
292
266
250
232
210
194
204
196
214
240
222
222
252
244
302
296
248
274
260
254
300
244
272
360
324
260
298
290
250
302
306
292
298
262
276
316
342
312
308
310
222
222
206
248
244
304
260
236
206
184
174
164
172
210
202
172
158
172
176
210
210
166
146
128
132
154
150
136
136
186
136
132
102
84
42
72
184
336
380
376
366
368
368
370
378
354
374
360
368
366
364
368
358
370
352
388
370
378
378
376
378
368
362
282
90
6
8
22
32
38
46
62
66
70
78
86
86
82
80
84
82
72
112
150
234
236
168
138
126
108
142
178
184
172
180
182
162
144
152
206
196
214
234
254
262
286
278
232
212
252
304
306
298
276
258
232
218
216
206
240
272
268
256
244
226
224
212
222
230
218
272
256
258
292
266
274
302
276
290
300
274
308
330
296
308
412
336
286
336
288
274
288
284
390
460
380
366
452
356
356
364
352
298
266
282
264
280
312
278
234
252
254
198
282
240
176
160
166
182
186
224
254
144
162
118
142
154
138
92
104
98
98
88
80
78
64
48
42
94
236
350
388
368
372
358
372
356
364
370
358
370
358
370
350
368
356
360
372
380
366
374
378
374
388
388
324
224
96
58
42
38
34
44
60
66
74
84
92
94
90
90
96
186
302
298
282
294
296
254
232
244
232
226
252
298
288
266
274
248
242
242
244
228
256
232
218
222
218
196
202
226
246
270
252
250
236
240
258
258
246
226
238
256
268
268
264
264
232
246
270
254
278
294
276
286
302
280
294
304
310
346
326
290
328
328
280
314
370
278
298
316
256
300
314
286
346
306
286
262
326
292
240
274
260
236
286
234
200
274
280
242
274
224
260
248
178
210
148
136
152
236
246
216
156
202
186
182
130
98
84
76
66
66
74
72
72
72
68
56
48
64
148
296
362
376
356
358
366
352
366
362
368
350
364
364
356
370
352
356
378
376
372
376
382
374
382
400
392
336
190
44
20
26
34
46
62
78
82
88
98
102
98
150
240
274
294
290
268
268
260
298
336
300
292
292
324
330
310
236
222
224
210
190
220
226
236
242
224
244
236
248
262
230
270
280
242
240
236
250
234
250
246
240
278
288
282
256
276
262
240
280
294
268
288
278
292
304
296
300
298
298
312
306
308
296
320
324
310
368
304
290
322
338
348
348
280
270
266
250
254
276
256
216
210
214
196
198
182
170
180
176
202
174
220
224
162
136
206
224
144
156
162
270
200
162
192
176
124
96
86
76
78
72
68
72
66
80
88
84
68
60
58
46
80
196
318
376
352
360
354
358
350
364
364
352
366
358
368
346
378
372
370
376
376
368
378
386
376
384
394
370
268
118
48
46
46
44
54
66
88
100
110
124
162
182
238
250
244
250
292
340
300
296
262
306
350
250
218
268
228
218
194
226
230
236
262
232
246
262
250
242
234
240
240
266
262
244
282
270
244
230
240
282
272
278
260
250
266
268
248
242
266
262
266
276
282
286
288
284
276
292
312
316
380
342
278
334
336
300
328
332
308
330
334
314
288
308
310
290
310
290
300
300
278
258
268
226
220
210
226
206
178
248
224
200
246
208
170
156
218
174
180
192
232
204
178
132
94
82
78
90
92
82
114
120
96
72
66
72
70
66
66
64
62
52
54
94
198
324
366
354
356
358
344
364
352
360
356
362
354
370
376
374
370
376
374
376
384
374
376
380
388
400
296
130
40
18
28
30
46
66
86
110
122
160
172
168
208
248
224
288
352
318
314
306
316
302
230
238
270
270
256
238
282
290
288
252
250
268
262
222
254
264
262
284
272
232
254
282
276
236
216
234
294
280
278
264
252
284
280
266
264
262
268
266
286
286
294
270
254
270
294
298
324
332
312
286
294
308
324
286
306
318
286
296
310
262
272
272
242
258
278
324
312
282
288
256
274
282
240
226
206
192
210
184
196
254
216
210
270
188
186
178
192
202
198
160
86
78
106
116
92
84
74
112
152
126
84
78
100
96
86
96
88
68
70
74
58
76
132
226
316
350
374
346
354
352
350
346
344
360
364
366
372
370
372
372
372
376
372
378
376
368
372
404
362
132
68
36
40
50
60
82
104
128
194
194
194
254
302
234
232
336
358
330
334
306
260
248
264
264
282
284
280
272
272
276
248
260
288
264
224
238
312
292
286
280
244
252
246
282
292
256
252
310
300
276
318
292
276
310
294
290
298
284
296
286
284
316
314
306
290
290
282
306
300
308
282
276
296
282
252
280
280
280
284
314
264
252
260
254
228
230
258
230
242
250
228
244
244
240
202
212
252
206
180
210
224
190
178
194
260
254
204
210
218
206
90
74
138
152
94
90
86
84
84
110
108
138
164
156
156
138
130
114
96
82
70
64
64
68
98
150
220
304
370
348
346
342
354
332
356
362
368
376
364
378
370
370
370
364
370
376
376
370
376
320
112
52
46
42
46
62
92
112
120
180
210
216
264
298
276
202
256
260
246
236
220
240
242
224
230
248
218
260
254
224
224
258
234
264
264
232
228
298
292
280
268
278
268
276
274
258
290
282
302
300
324
312
264
296
284
280
262
292
304
294
288
286
302
318
288
278
272
278
282
286
292
280
272
266
292
286
278
282
300
282
258
272
230
234
240
264
260
236
218
222
218
200
186
198
210
204
238
228
184
190
218
232
238
226
264
254
262
244
256
242
120
66
144
176
108
78
86
72
80
96
110
104
124
118
94
98
88
96
156
148
102
72
76
78
76
90
102
114
80
228
348
356
330
342
346
338
364
360
372
366
366
356
358
362
366
374
378
374
378
390
206
56
50
34
32
40
58
86
102
112
148
220
234
292
288
280
218
194
168
188
198
220
268
290
268
230
242
232
228
230
192
228
222
226
230
252
244
240
232
266
244
234
252
238
264
246
244
250
256
296
276
302
278
286
288
270
288
260
282
280
262
268
268
296
308
268
260
278
256
254
262
262
270
266
240
274
262
252
274
280
256
236
250
262
234
216
228
232
212
222
204
200
188
188
184
182
208
208
242
268
264
296
224
220
264
250
244
252
282
258
150
74
132
170
132
74
90
86
80
96
102
82
78
92
80
86
116
132
108
148
146
110
96
88
82
92
98
82
100
74
56
240
352
346
336
350
332
376
368
370
368
366
366
366
370
368
370
372
368
374
396
300
140
54
32
36
44
62
84
88
92
114
186
208
216
194
222
230
204
204
222
196
188
190
220
236
244
258
256
240
212
202
222
220
226
236
240
250
244
238
236
236
232
232
252
248
258
228
208
226
266
254
256
240
262
256
274
266
254
264
246
270
246
248
258
262
262
250
272
260
244
254
244
254
256
236
250
220
250
260
248
240
240
242
238
212
234
236
248
216
208
192
212
228
246
230
220
238
226
236
232
246
220
162
194
216
244
242
238
202
120
62
136
198
168
102
86
90
82
86
76
90
86
78
72
70
80
104
114
154
168
138
84
72
74
48
52
66
98
98
108
80
148
324
346
336
340
334
370
360
374
368
364
364
370
372
374
368
376
370
392
364
84
2
18
30
38
54
72
76
80
84
96
126
140
102
62
92
150
206
206
174
190
230
264
228
216
292
264
208
218
220
212
208
206
202
228
236
234
250
242
240
234
230
254
234
236
252
190
194
238
262
268
248
244
252
242
246
248
236
212
230
240
224
236
256
226
236
250
230
244
254
248
220
214
238
274
284
254
234
248
232
240
242
258
248
240
248
216
236
226
206
208
234
258
222
182
190
208
222
186
166
176
186
170
210
262
288
252
204
116
174
146
196
166
134
106
114
122
122
116
86
88
104
106
84
76
66
82
92
114
112
70
72
52
32
32
26
54
92
86
80
132
272
336
330
332
330
332
374
364
366
368
366
370
362
360
364
364
372
382
304
80
8
18
40
56
52
60
68
74
78
88
110
116
100
78
76
88
116
128
192
256
336
306
256
206
220
228
192
170
152
158
194
208
216
190
192
202
208
192
204
226
222
224
244
228
222
232
240
242
264
248
234
244
220
224
222
226
232
218
208
220
212
218
238
224
216
214
222
218
232
234
252
242
238
208
228
230
258
238
230
222
232
248
256
262
226
206
190
218
224
206
214
210
210
204
188
222
228
202
204
222
194
178
188
198
234
260
214
146
130
154
180
188
166
128
106
158
200
146
98
90
88
102
98
90
94
96
98
78
78
74
40
42
50
34
40
44
52
70
110
118
162
288
338
336
336
312
328
370
358
364
370
362
358
366
370
364
362
374
376
274
206
182
158
142
102
58
62
68
74
78
88
92
92
80
74
80
96
102
184
304
318
260
144
144
114
138
158
176
196
198
162
126
146
186
208
194
180
176
182
192
186
202
204
198
216
214
202
220
240
256
230
212
242
200
180
224
210
204
192
194
204
204
220
224
206
228
210
206
228
230
214
214
220
212
206
208
200
248
278
220
202
218
218
214
222
232
214
202
210
226
228
210
214
222
210
228
248
220
178
192
188
182
182
186
188
174
164
144
98
104
138
234
160
154
150
142
194
192
144
118
98
88
86
98
96
112
114
86
70
76
64
32
50
48
30
60
64
80
130
186
184
172
132
194
240
270
312
320
368
362
358
364
348
362
362
356
370
358
366
340
178
98
70
54
42
42
54
62
68
76
78
78
80
76
68
80
80
86
210
298
314
346
142
120
204
174
162
166
170
174
164
166
172
174
142
186
176
184
196
172
184
182
178
174
182
206
204
202
212
204
204
192
180
204
188
178
192
188
194
198
184
186
214
224
184
192
218
198
184
222
226
210
214
226
208
198
200
206
232
240
222
226
206
200
202
218
214
180
206
226
220
230
208
214
210
196
220
206
188
196
196
178
174
154
158
164
162
134
114
86
140
208
252
192
122
108
132
118
94
86
96
114
104
94
74
84
94
100
104
108
112
110
100
66
46
64
86
132
150
176
212
214
154
124
130
134
240
334
302
368
358
354
366
358
356
362
362
360
362
374
284
136
104
74
56
56
58
56
62
66
70
72
70
72
66
90
90
118
222
306
332
372
238
46
94
120
192
166
152
172
170
166
180
172
208
190
194
200
172
164
172
172
172
172
182
178
182
184
188
198
202
196
184
184
184
180
176
182
172
200
224
192
194
214
216
184
210
210
196
206
234
220
200
228
240
230
190
194
216
214
198
214
214
216
200
196
196
188
192
214
210
214
196
192
188
196
190
200
198
168
184
182
162
194
174
152
144
156
152
126
148
238
262
234
186
122
112
80
80
100
100
78
104
132
110
94
98
72
76
98
122
146
140
136
110
76
100
148
174
164
168
208
216
168
162
150
202
302
320
308
358
358
360
358
356
368
362
352
370
372
336
224
134
78
30
30
40
54
56
58
64
66
66
66
62
82
96
116
264
332
356
368
390
198
4
72
108
104
140
200
148
158
176
174
182
176
206
206
240
186
146
178
180
164
176
166
168
180
176
154
168
176
170
184
180
168
170
188
176
204
244
202
190
214
214
190
210
224
210
194
214
232
214
198
210
228
224
182
202
218
208
194
208
210
220
200
192
178
186
208
200
192
216
202
182
180
198
196
188
178
170
178
166
172
196
174
156
130
144
162
160
208
240
212
196
126
132
128
86
92
130
126
110
108
140
120
128
142
98
80
74
70
90
74
80
86
80
124
176
180
184
202
206
206
190
154
166
262
306
306
310
356
352
348
364
356
350
364
356
352
380
310
124
10
16
34
40
48
56
62
64
62
60
58
60
78
100
152
268
340
368
366
368
386
292
100
42
78
108
120
148
144
154
168
176
166
172
190
190
208
232
182
186
178
166
158
166
178
180
174
162
164
158
170
180
160
162
170
190
194
224
248
196
216
232
194
192
230
210
184
190
218
218
196
220
214
204
194
196
210
218
200
182
194
190
188
196
184
172
200
222
206
190
180
188
184
162
166
182
170
170
152
158
158
214
218
182
170
138
138
164
198
194
184
182
148
118
128
118
100
84
106
114
100
124
178
158
142
164
160
122
126
112
132
148
144
174
198
184
176
204
210
200
180
144
124
160
266
302
298
304
306
348
360
344
346
356
352
348
354
372
292
68
6
14
24
36
46
54
56
58
56
62
58
58
70
116
188
294
358
356
378
368
362
372
366
124
16
56
94
114
116
178
146
138
166
174
160
166
186
200
220
212
200
176
174
172
174
170
162
160
170
176
170
182
172
160
164
176
178
200
214
206
192
224
226
186
206
222
206
206
230
212
196
222
228
206
188
184
188
200
186
180
206
172
162
164
170
180
166
190
224
194
172
164
158
160
158
156
160
152
142
154
156
200
224
206
188
168
166
140
138
130
168
184
166
118
104
92
90
134
152
126
104
104
146
168
148
136
154
174
140
150
190
206
198
174
160
162
156
164
160
134
110
106
126
214
284
292
286
296
292
312
350
352
346
362
348
344
364
360
334
176
96
134
122
102
58
50
52
54
54
54
52
56
78
140
228
340
356
372
364
366
366
360
372
376
212
10
34
62
98
108
104
176
204
176
152
156
160
148
178
184
178
206
196
170
176
170
162
168
186
192
164
168
178
180
174
178
194
182
180
196
184
198
228
196
174
196
200
194
224
226
188
198
218
216
200
182
194
192
190
170
202
238
210
172
178
184
176
152
162
190
184
162
162
164
156
140
138
148
154
140
150
144
166
220
186
152
156
172
174
156
100
120
170
160
128
124
130
118
116
134
162
166
166
172
166
144
130
142
126
142
154
170
156
144
146
164
168
144
110
86
108
156
230
284
294
290
288
282
302
292
294
330
362
350
348
350
344
344
356
348
312
256
202
124
60
42
60
78
78
44
46
58
94
174
288
348
370
362
368
360
364
362
352
360
366
342
126
30
36
50
82
98
124
166
216
150
138
146
150
138
154
160
146
158
160
154
158
182
188
184
178
170
182
188
184
196
192
194
190
192
194
186
200
214
190
212
216
200
204
212
196
170
190
198
182
162
178
180
176
164
174
194
236
196
176
190
200
162
160
156
176
178
190
240
172
138
132
148
156
148
146
162
174
192
216
202
166
152
170
194
174
112
90
110
134
140
128
128
138
140
130
130
130
144
158
144
138
140
146
142
148
152
160
172
164
156
136
92
84
128
202
262
288
290
286
286
276
298
282
286
302
288
344
346
348
348
342
344
354
332
184
58
30
42
70
86
102
94
66
44
58
110
172
258
332
360
368
366
360
368
362
366
362
348
366
362
354
340
110
12
28
58
96
96
88
98
154
204
136
136
142
146
150
136
150
144
132
146
176
186
176
174
186
188
186
202
204
198
202
190
182
186
188
180
188
186
202
190
180
184
188
176
178
196
200
184
174
184
182
162
158
174
192
204
170
182
184
164
166
194
156
148
154
166
216
178
140
150
174
178
154
144
160
152
150
148
144
134
106
110
122
136
124
126
124
126
116
96
92
108
126
144
148
150
146
142
136
150
160
170
182
194
190
172
142
102
68
80
132
230
282
286
280
278
284
274
290
282
280
292
284
292
288
336
354
348
340
356
344
346
352
312
280
236
198
116
66
42
50
86
138
214
280
336
360
366
360
356
366
354
362
358
356
370
360
356
364
356
370
256
94
64
62
64
64
86
98
112
124
122
152
152
126
126
136
160
164
168
174
174
186
182
174
180
170
178
188
194
196
204
186
186
188
190
172
186
180
194
204
194
192
198
188
190
206
194
186
188
186
184
172
184
188
182
184
198
188
174
160
178
204
164
150
154
142
132
110
82
84
74
58
54
48
38
38
40
40
42
50
58
58
64
70
78
80
82
88
76
90
110
136
154
152
134
152
166
158
154
156
172
172
160
134
102
74
60
98
174
254
282
282
270
274
276
270
288
282
280
292
282
288
290
294
294
336
340
350
340
344
348
332
332
370
248
58
38
62
118
178
234
282
316
346
348
368
354
356
362
350
362
362
358
364
354
360
354
356
360
346
362
360
286
164
44
26
38
52
66
94
168
160
132
96
106
114
122
128
148
170
164
172
186
208
194
174
164
162
168
158
180
186
180
166
166
172
182
184
198
202
224
210
206
218
210
204
218
230
220
214
214
206
200
200
208
204
214
238
246
186
178
178
196
178
130
106
90
70
48
42
36
34
32
32
34
36
36
36
38
36
40
42
42
44
50
64
74
88
102
120
128
146
180
198
182
144
142
150
154
142
134
124
94
70
58
68
116
186
262
282
278
268
274
278
268
292
280
278
292
286
294
286
292
288
292
314
340
344
336
338
346
342
342
348
340
352
314
290
314
332
338
362
356
354
356
350
356
358
358
362
360
354
354
360
360
354
362
354
352
362
342
342
362
354
282
88
82
136
174
240
192
166
74
70
94
102
100
112
118
122
132
128
136
148
184
186
168
148
140
158
172
184
192
186
188
190
204
236
240
234
232
248
244
242
246
250
260
266
268
262
272
270
252
234
232
252
250
248
260
274
236
222
222
218
216
214
208
198
200
196
166
134
122
106
84
72
68
56
56
58
54
58
56
66
74
94
124
160
174
194
200
186
174
172
168
172
174
156
126
102
82
64
64
78
112
164
218
272
278
272
266
268
272
266
284
278
274
290
284
292
290
292
290
294
302
290
318
328
336
348
334
340
346
336
344
346
340
356
356
354
356
354
354
352
350
344
350
356
348
350
362
350
360
358
348
362
356
352
364
350
360
344
346
362
342
360
280
264
304
272
172
58
34
60
84
90
90
88
90
100
110
108
92
86
90
106
124
136
150
140
148
156
170
178
212
238
246
268
278
270
262
268
284
286
282
282
294
278
274
282
278
292
288
266
260
262
268
272
276
276
260
274
266
262
264
256
248
252
232
234
236
226
218
218
208
198
192
172
152
140
140
140
134
142
148
166
176
166
166
172
180
176
172
176
170
154
126
92
70
80
106
154
186
206
240
262
284
272
268
258
268
274
266
286
276
276
292
282
286
284
296
288
292
304
290
308
306
294
338
336
338
340
340
342
340
342
334
344
344
338
344
342
344
360
344
346
358
346
348
354
346
356
354
350
358
350
350
352
354
354
350
354
346
344
356
334
346
336
342
230
54
4
24
44
60
68
66
74
78
76
80
82
80
80
80
74
76
68
82
124
160
172
156
144
130
122
140
150
200
240
280
292
288
252
236
218
186
162
106
104
130
160
194
216
226
238
238
222
230
244
246
240
226
228
240
252
254
240
228
226
218
222
218
208
208
196
194
200
196
186
182
182
178
170
170
176
178
174
176
172
170
160
152
132
104
86
80
116
164
194
242
262
284
292
278
280
266
268
266
272
274
262
286
276
274
286
284
290
282
290
288
286
302
288
304
304
294
314
300
326
338
346
334
336
344
332
340
336
332
352
342
340
352
340
344
354
344
346
344
342
346
346
350
348
348
350
346
354
348
344
360
346
346
354
336
342
336
342
356
340
112
6
24
26
32
42
48
48
54
62
60
68
62
62
74
90
84
92
122
204
262
288
292
298
290
292
262
258
220
200
178
170
192
214
210
146
98
74
82
96
108
110
110
116
136
144
148
158
156
162
188
230
228
190
178
202
216
226
226
202
194
194
188
186
184
178
170
166
176
176
182
186
188
190
194
190
174
170
164
144
120
96
94
90
106
132
190
232
260
294
278
276
274
266
276
266
272
268
274
280
264
284
276
280
284
284
292
284
298
290
292
304
292
308
306
294
310
308
310
306
344
332
334
336
336
334
334
332
338
332
334
336
342
340
340
348
342
346
354
346
342
348
340
348
346
338
352
346
344
354
344
346
350
340
348
338
344
342
338
348
370
246
14
22
26
34
38
40
48
50
60
74
68
74
82
82
114
154
236
276
292
286
280
282
290
286
308
308
322
322
326
324
288
272
212
224
206
178
170
154
156
136
148
144
150
166
168
170
176
190
196
192
200
196
202
206
216
220
224
214
212
202
194
196
190
184
180
186
184
178
174
164
150
142
136
112
116
96
106
114
120
146
176
210
232
260
280
278
292
274
276
278
268
276
268
280
270
278
280
266
288
278
282
284
288
292
284
298
288
290
306
290
308
306
296
310
304
308
302
316
324
328
332
342
330
336
342
338
338
336
328
342
334
328
346
338
344
352
338
346
350
338
348
346
342
350
338
340
342
342
342
338
348
342
340
350
336
340
342
330
342
260
102
12
20
24
28
34
42
54
72
82
82
108
124
154
184
254
284
296
292
282
294
294
290
312
310
324
316
324
320
318
326
316
338
322
298
274
202
184
156
180
162
160
180
136
162
150
148
142
142
146
124
144
146
152
170
172
182
170
182
182
158
156
140
146
142
122
132
132
128
122
152
146
150
172
170
204
234
242
266
272
292
284
288
286
272
284
274
284
280
278
284
274
288
274
288
288
272
292
284
282
284
288
292
282
302
294
298
308
292
310
312
302
312
306
310
302
318
314
300
334
340
332
330
338
338
344
334
330
342
328
332
340
330
332
340
340
340
340
342
344
342
348
340
342
346
336
348
338
332
352
336
338
350
336
346
342
338
342
322
282
124
42
62
72
92
116
140
168
168
174
182
192
222
254
284
296
298
294
288
302
296
300
312
314
330
322
334
324
328
326
318
334
314
318
324
316
300
266
264
224
220
222
184
208
190
188
182
196
198
190
234
222
234
256
226
220
200
208
184
188
196
174
210
218
220
238
232
242
246
268
270
276
298
284
300
298
290
296
288
290
272
286
284
268
292
280
284
286
286
290
280
296
276
288
292
276
294
282
290
284
292
302
286
306
296
294
310
296
310
306
302
306
306
312
300
314
314
300
324
304
316
324
316
320
324
334
340
340
346
342
340
346
330
336
344
328
326
332
322
324
338
326
344
346
338
362
344
346
358
338
336
334
328
336
326
336
332
342
350
334
344
314
288
296
270
282
298
298
310
294
304
296
308
322
298
314
302
308
316
300
308
312
318
322
312
334
328
338
342
330
346
330
336
334
330
330
312
330
322
320
326
310
324
312
318
312
310
322
304
330
318
320
338
316
316
306
316
312
308
316
298
322
314
304
318
310
312
304
316
298
290
302
282
290
286
278
288
288
298
278
298
298
286
302
288
296
292
288
294
280
290
280
290
298
280
302
298
300
288
302
306
290
310
296
292
302
290
300
300
296
306
316
314
300
326
322
306
326
310
306
310
290
