378
376
378
376
376
378
378
370
378
380
376
380
382
382
382
382
382
384
388
388
380
384
390
384
382
392
382
384
390
384
378
390
384
374
382
388
382
382
388
382
382
386
386
386
382
388
382
378
386
380
380
382
380
364
374
384
374
376
386
378
382
386
382
280
228
230
234
224
256
270
272
298
326
308
302
316
322
312
310
330
320
320
324
334
328
332
340
342
340
334
350
340
340
336
342
340
338
340
342
346
338
344
334
344
342
346
344
342
346
342
346
338
346
340
348
340
344
346
344
346
342
348
328
348
344
356
344
350
342
346
340
346
350
346
354
342
354
336
344
336
346
334
344
340
344
344
342
354
350
350
344
358
344
354
340
358
342
350
340
354
338
380
370
374
376
374
374
378
372
370
370
372
372
374
376
378
380
382
378
378
378
378
378
380
380
378
380
380
378
376
376
384
376
380
386
374
374
376
374
376
378
384
378
378
386
380
382
380
380
380
382
384
368
372
384
372
374
374
378
378
378
386
378
376
272
182
120
114
118
126
144
140
174
230
276
312
294
294
298
290
292
300
320
302
310
316
320
322
322
334
322
322
322
332
324
326
336
338
330
328
338
328
330
330
340
332
334
340
336
334
332
346
336
340
340
348
338
342
348
348
352
348
356
352
356
348
352
352
356
350
350
352
360
354
354
356
354
358
348
356
350
354
346
354
360
360
358
354
356
352
358
358
364
350
364
354
364
350
360
352
360
346
380
368
374
376
374
368
372
370
374
378
374
376
380
378
382
378
378
376
378
378
378
376
380
374
376
378
378
382
380
378
384
382
382
378
378
378
378
380
376
374
380
378
378
382
382
378
368
378
386
376
378
382
380
378
378
386
374
380
382
380
376
376
390
394
378
260
140
94
100
98
102
110
90
110
180
228
256
270
290
302
292
298
292
302
288
292
304
302
302
302
310
302
308
308
314
308
310
318
310
312
308
320
314
316
320
322
318
314
324
322
326
318
338
326
330
330
338
332
336
346
338
342
340
352
342
344
342
352
342
346
356
352
348
346
364
352
350
346
352
342
342
358
364
352
354
360
356
352
346
356
352
356
356
364
354
356
352
360
348
356
346
380
376
376
378
378
378
374
376
380
378
382
380
376
376
380
370
374
382
376
376
382
374
378
368
360
378
382
384
378
382
384
382
382
376
380
386
376
380
376
380
380
372
376
382
374
374
382
378
372
376
382
378
384
380
376
382
380
380
374
380
382
376
380
374
382
392
342
162
92
90
90
90
86
80
70
88
96
110
172
234
254
274
286
296
286
288
282
284
292
284
288
290
298
286
292
296
292
290
290
298
290
294
290
300
296
298
302
300
304
302
314
300
312
310
316
316
318
326
334
328
330
340
334
332
332
348
334
336
338
346
340
340
348
348
346
344
352
340
346
348
356
346
350
356
356
352
350
358
354
354
350
358
350
356
348
360
342
354
348
358
344
376
378
382
380
368
368
380
376
380
380
376
380
376
372
376
368
376
374
376
384
380
378
380
366
376
378
376
378
378
380
382
380
382
376
380
380
374
374
384
380
372
376
374
378
378
382
376
378
380
376
380
382
382
378
382
384
366
374
380
376
372
374
376
372
372
370
392
302
118
88
82
84
86
88
84
80
82
76
80
88
82
110
166
214
246
278
290
284
286
282
290
282
286
280
286
282
282
282
282
286
272
282
272
280
280
286
278
284
288
286
286
286
298
286
292
300
306
306
308
318
322
322
318
334
324
330
326
338
332
336
346
344
338
340
352
342
350
344
352
340
346
346
358
350
352
354
356
352
350
356
354
356
344
354
342
350
334
354
346
352
340
384
374
378
384
372
372
382
378
378
382
380
382
394
392
382
374
372
376
372
380
368
378
378
376
376
380
378
378
376
378
384
376
384
378
378
382
382
378
378
378
380
372
376
378
376
380
382
376
376
374
378
378
380
374
376
376
366
374
370
368
372
368
372
364
364
358
378
234
108
106
90
84
82
80
80
80
80
78
78
76
74
64
60
56
82
114
172
210
232
236
252
248
258
264
272
268
272
276
280
284
282
286
286
294
280
282
284
278
272
258
260
270
278
278
284
280
288
292
294
300
300
310
308
314
312
324
320
324
328
332
326
332
344
336
340
340
354
342
344
340
352
346
348
348
360
348
350
352
348
350
348
356
346
350
340
358
346
350
344
358
342
386
378
382
382
382
384
384
380
380
382
388
334
238
290
350
380
392
380
378
378
376
378
370
368
380
380
376
380
382
378
384
380
382
382
382
384
378
382
380
378
378
378
374
374
374
382
374
374
380
374
376
372
378
372
372
374
372
374
372
370
364
364
368
352
358
354
356
158
106
92
82
78
76
76
78
80
76
80
74
78
80
88
84
88
92
76
64
68
90
84
90
94
96
92
106
110
114
116
122
134
138
150
170
194
208
224
244
250
260
266
284
276
284
276
276
278
276
278
280
298
292
298
296
300
298
304
308
318
314
318
326
330
334
330
342
338
340
334
346
340
342
344
350
330
322
350
354
348
344
356
352
354
346
360
348
354
344
354
346
348
340
384
378
382
384
380
380
380
380
382
384
388
308
112
58
132
216
328
384
384
384
380
382
374
374
382
378
380
386
384
380
382
378
380
378
378
382
382
382
378
378
382
374
376
382
378
376
376
378
378
374
378
374
378
368
366
370
366
356
358
364
362
360
360
348
346
348
308
128
110
76
74
76
72
74
76
74
74
76
96
94
90
98
104
100
106
106
100
96
90
94
94
92
88
84
94
84
78
84
80
70
66
70
64
60
64
66
72
80
100
110
126
146
190
202
236
258
278
270
278
290
276
280
278
294
284
294
294
302
304
306
308
314
324
318
322
326
346
330
334
336
342
336
344
320
286
334
348
352
350
354
344
356
348
358
346
356
350
354
342
354
342
380
380
382
380
378
380
376
380
382
386
376
202
198
116
60
60
94
230
342
394
376
374
356
344
380
380
376
378
382
382
376
376
382
376
380
384
376
380
382
372
372
378
378
378
376
378
372
382
376
374
376
370
366
362
370
366
354
360
350
348
344
344
342
330
340
334
202
96
90
80
78
82
92
88
90
96
104
96
100
108
90
100
116
102
108
106
100
102
106
104
102
102
104
108
102
98
90
96
106
104
96
96
98
88
90
86
78
82
70
60
56
54
56
64
76
104
120
152
200
248
260
286
280
290
274
284
284
284
290
296
304
302
312
312
322
320
332
328
338
332
338
332
342
334
334
340
342
342
338
348
346
350
342
354
346
354
340
352
346
356
348
382
378
378
380
378
378
374
380
382
388
318
130
68
102
84
74
60
72
154
288
372
382
372
374
378
370
372
378
374
380
380
374
376
380
378
380
378
382
376
372
380
374
374
368
368
374
372
374
368
368
370
362
364
358
358
354
352
350
340
342
324
328
330
324
328
206
98
92
84
88
86
100
104
104
92
104
108
98
102
106
100
106
120
96
94
94
92
102
110
110
112
110
112
104
100
96
104
104
106
104
106
118
114
94
108
104
92
92
88
92
94
96
84
76
70
66
56
60
64
88
114
152
198
256
276
288
280
282
280
286
294
294
304
302
320
316
318
316
324
320
336
328
330
326
336
334
340
338
336
338
336
350
342
352
342
350
346
356
348
356
342
380
378
382
380
378
380
382
378
382
390
320
124
66
68
64
62
56
56
60
88
214
352
376
374
376
378
378
376
376
378
378
374
378
374
380
380
376
382
380
376
380
374
374
374
368
372
370
364
358
360
362
360
356
346
350
342
336
336
322
322
318
326
322
282
172
100
90
92
94
90
100
100
92
94
92
90
88
96
90
100
96
92
88
92
90
94
86
96
106
100
96
100
98
98
94
96
110
104
98
100
110
108
118
116
116
128
106
110
116
112
114
104
94
92
82
80
80
70
70
60
54
52
64
98
136
192
240
280
280
278
276
278
288
290
302
294
306
296
314
314
322
318
322
330
330
330
332
338
334
340
336
348
342
350
342
354
344
350
348
354
340
378
380
382
378
380
382
380
382
376
382
340
202
152
124
108
78
108
98
64
60
70
158
322
374
376
372
374
378
378
380
380
374
374
372
376
378
376
378
376
376
374
370
370
368
368
370
358
346
350
352
342
328
340
326
326
324
316
314
306
320
296
232
164
104
78
94
92
94
92
84
86
88
92
86
88
90
84
84
86
98
90
100
110
94
84
98
104
96
98
100
96
88
106
124
96
110
122
88
104
108
106
128
126
118
126
150
114
106
112
110
128
120
118
116
112
104
110
90
90
88
74
68
62
56
56
68
104
154
210
252
286
280
274
274
286
274
288
284
306
306
310
312
316
322
320
328
328
326
334
344
336
342
338
356
340
346
340
352
340
344
336
380
380
384
378
378
378
376
380
384
380
386
222
88
108
124
100
114
108
66
60
62
66
132
270
362
364
372
376
374
380
374
372
374
374
374
370
374
376
368
366
370
368
362
362
354
346
340
344
336
332
328
310
312
312
318
310
308
308
288
254
128
86
80
88
90
86
74
80
74
78
82
82
78
94
96
86
86
90
96
104
116
114
108
92
86
92
108
94
106
114
106
94
102
118
108
106
118
126
160
154
146
120
116
132
176
162
162
130
124
160
160
104
126
174
134
114
112
118
114
104
94
92
84
70
72
62
54
56
74
122
192
230
276
278
276
270
286
276
288
296
306
304
308
318
318
318
318
332
326
330
328
346
332
336
334
358
344
342
338
352
332
374
378
380
378
380
376
378
382
382
382
398
300
110
80
80
78
76
74
74
64
62
62
62
112
238
340
358
370
374
376
374
370
374
370
374
368
368
366
362
356
350
342
348
336
336
334
324
326
328
324
314
302
294
266
244
210
176
150
124
98
82
94
90
86
94
96
94
88
86
96
98
92
100
104
98
88
96
100
100
110
108
112
118
94
92
110
102
114
110
94
100
86
88
96
120
96
106
130
120
130
174
82
116
154
180
166
174
184
132
156
186
182
184
176
158
136
114
128
146
126
124
126
104
100
98
82
70
70
62
56
54
86
164
212
272
272
282
258
280
276
282
290
298
298
302
318
310
316
310
330
318
326
320
346
332
338
332
354
338
338
338
376
380
376
382
380
376
378
380
382
380
388
366
140
60
66
60
72
84
80
76
66
64
64
82
114
228
322
348
360
370
368
370
370
364
366
362
362
354
338
328
326
314
316
318
320
322
310
286
246
212
174
148
128
104
90
82
74
70
76
82
88
94
90
96
110
108
102
106
102
104
110
106
106
112
114
104
104
104
112
106
98
94
102
104
104
98
104
104
124
104
114
114
118
106
104
108
106
106
102
114
116
116
110
138
176
142
116
150
164
206
216
216
190
192
170
150
166
162
178
176
164
162
146
134
116
90
104
112
92
72
64
50
52
74
114
182
238
262
272
262
270
276
276
284
288
298
292
314
304
306
306
324
316
330
322
344
332
340
336
350
338
374
376
374
384
382
382
378
376
378
376
378
402
272
62
64
66
84
102
80
86
84
72
70
68
96
96
192
314
328
348
354
356
362
356
356
360
308
238
216
228
264
294
294
274
242
198
150
114
88
78
76
82
86
86
92
98
94
94
94
92
90
96
102
102
106
104
116
124
114
114
102
114
118
116
120
116
98
96
120
98
94
112
102
106
100
102
128
106
116
116
132
130
114
106
112
100
112
110
122
140
118
142
138
140
134
124
148
138
162
216
226
144
168
168
162
152
136
162
200
188
192
168
174
158
132
128
130
120
104
88
70
50
42
50
50
60
80
124
186
240
268
266
274
268
266
278
282
296
290
304
298
314
306
324
320
334
332
342
340
344
334
376
376
378
376
372
372
374
376
378
378
376
386
344
114
52
56
74
120
102
100
90
82
76
76
78
84
74
138
244
310
326
332
338
336
348
264
102
58
62
74
94
134
136
120
88
80
78
78
88
100
104
108
104
98
102
100
106
124
108
112
106
106
124
118
118
130
154
130
120
114
122
128
130
134
118
104
120
112
114
116
108
112
122
122
110
118
126
122
114
114
118
108
100
124
110
106
106
110
128
142
132
132
154
124
96
128
132
154
190
144
186
170
184
168
184
198
178
168
198
200
204
174
210
186
152
138
116
102
78
58
48
48
48
46
44
46
48
52
68
100
134
208
246
266
268
260
264
278
276
288
278
298
296
318
308
326
326
338
330
336
336
374
378
378
374
376
374
378
380
378
374
376
372
384
266
110
86
78
84
112
114
108
96
86
80
76
78
78
54
80
152
246
284
314
306
322
180
58
54
68
88
96
88
88
94
106
104
98
102
98
112
106
112
120
96
104
102
112
126
134
126
116
124
124
124
122
130
142
128
126
124
126
128
122
130
134
124
130
126
106
128
114
122
126
128
116
112
112
128
122
122
126
100
110
120
120
134
150
134
128
142
122
122
142
124
146
156
142
202
220
178
196
192
182
186
218
204
198
224
206
154
194
228
174
146
98
68
48
44
38
42
44
44
40
50
56
46
46
50
50
48
54
82
112
162
204
244
262
278
264
270
268
286
288
298
306
322
322
328
328
338
328
376
374
376
374
374
378
378
382
378
380
380
378
392
208
44
72
80
82
106
124
118
104
92
88
78
70
76
68
54
42
72
154
250
260
266
166
70
78
94
106
104
98
104
110
116
106
110
126
110
108
120
118
110
114
108
114
136
134
130
124
132
142
144
150
130
126
136
130
152
144
124
150
154
144
154
138
126
142
142
144
132
144
140
152
136
122
134
142
126
114
132
130
122
126
132
134
142
154
148
142
138
156
146
146
148
134
178
230
170
188
146
156
184
204
228
204
186
192
214
206
194
172
96
62
50
42
38
42
42
44
42
38
38
42
50
46
48
50
48
48
48
46
54
54
74
116
156
210
244
274
270
272
274
286
294
306
314
322
324
330
328
370
372
368
370
378
376
374
382
378
378
382
400
274
66
52
62
68
78
90
132
150
140
114
98
106
114
86
80
84
70
62
72
110
120
104
96
100
104
106
106
100
100
106
116
120
118
126
124
122
124
128
130
112
122
130
142
152
138
136
140
152
174
168
162
170
146
168
154
160
186
180
190
190
184
156
148
144
160
178
148
168
136
124
140
146
134
140
148
136
134
146
124
124
136
130
122
150
162
136
140
154
170
146
146
178
170
194
228
196
240
184
164
210
214
188
200
218
182
178
208
184
88
58
60
72
66
58
46
52
58
62
52
42
42
44
44
50
56
50
52
50
50
50
50
50
52
62
78
116
174
216
262
272
288
288
300
306
312
320
330
328
372
370
376
378
376
380
378
378
382
380
388
382
144
42
60
60
62
76
108
152
166
150
120
120
124
134
110
112
116
108
116
118
116
118
114
122
120
124
124
130
128
116
142
142
120
122
138
134
136
126
144
184
158
148
176
190
168
160
162
154
162
198
202
184
214
188
188
198
194
206
216
204
196
184
176
172
158
158
164
168
170
152
154
156
140
144
156
146
130
150
158
150
142
150
130
144
154
150
160
180
176
184
186
158
214
250
222
228
186
200
224
180
218
244
288
258
220
212
218
186
80
54
58
76
92
80
62
58
48
52
54
58
60
64
58
60
56
66
52
44
50
52
46
44
46
54
54
62
70
74
88
124
192
244
282
294
304
314
312
320
332
374
380
380
376
380
378
378
380
384
400
388
208
36
58
74
78
72
72
92
130
160
146
110
124
138
148
146
142
136
140
128
130
126
126
144
140
142
148
150
154
150
140
166
168
170
150
176
194
168
174
176
182
196
232
222
236
220
232
196
190
182
214
218
192
190
196
216
220
214
200
212
208
180
166
200
184
180
178
174
156
164
164
166
182
160
158
180
184
136
144
168
158
162
158
152
156
158
178
190
216
200
190
220
184
204
198
222
258
212
186
212
186
208
306
344
268
244
234
230
86
50
62
76
74
66
60
58
64
62
54
50
54
56
58
78
70
52
50
40
44
48
50
50
58
68
66
62
68
66
62
58
64
84
116
208
278
296
304
310
318
326
376
378
376
378
374
380
386
398
396
304
146
102
112
74
60
68
90
116
112
104
118
114
104
136
148
152
164
174
166
148
150
158
162
150
156
162
174
178
190
186
190
192
184
200
194
184
206
212
200
196
200
182
200
216
222
214
210
218
220
232
228
228
228
204
208
214
204
212
214
216
208
212
216
198
210
188
188
188
184
172
186
170
162
176
154
176
198
192
174
188
196
180
184
194
200
174
192
208
230
186
196
224
240
250
270
280
320
332
252
200
288
306
332
298
306
324
294
256
150
60
60
84
100
78
52
50
76
74
76
66
52
54
52
96
108
76
52
60
88
100
82
78
74
74
88
104
112
100
82
44
38
114
100
72
128
182
282
294
304
306
322
370
376
376
380
378
384
332
240
134
58
42
60
68
78
86
78
98
116
112
106
116
136
154
148
136
152
166
178
184
178
180
182
186
190
202
206
214
224
220
232
232
248
240
222
236
230
248
224
214
220
228
228
214
224
226
218
214
202
212
214
232
238
228
226
244
240
248
224
210
230
234
236
242
204
200
178
184
186
190
192
218
188
200
198
198
198
200
202
200
206
218
186
190
218
222
212
212
210
226
200
246
236
250
302
306
348
380
404
310
362
318
358
384
378
342
370
312
174
84
62
72
114
98
72
50
58
68
68
58
52
56
62
88
114
92
66
76
130
114
64
44
44
32
30
40
60
98
104
88
74
40
84
112
86
114
132
234
290
302
306
316
376
380
382
384
388
332
174
62
58
80
60
62
64
76
102
96
98
98
102
112
110
130
168
174
156
140
156
170
182
178
190
196
206
226
242
232
236
248
266
272
250
270
268
262
260
268
258
256
250
268
254
240
226
240
246
244
224
214
226
232
242
248
238
246
248
236
256
244
248
236
234
216
212
214
210
200
226
222
202
206
216
214
202
206
198
216
216
220
206
216
200
184
186
208
192
250
210
232
276
270
284
252
268
332
398
432
450
392
344
400
416
376
414
404
396
408
266
108
68
70
106
110
78
50
46
68
94
88
60
60
72
68
64
54
56
66
76
112
86
70
44
76
84
60
66
54
54
88
102
92
82
88
122
158
158
132
238
282
298
302
310
374
376
384
378
306
130
76
82
84
98
82
92
76
84
86
92
92
90
94
106
102
102
134
154
164
176
168
182
188
192
216
222
230
262
260
258
264
276
282
276
276
294
290
276
278
286
280
274
254
240
256
260
258
264
264
250
238
252
262
250
256
258
256
266
266
266
254
252
260
246
246
252
236
218
214
220
246
226
240
242
236
236
234
236
226
206
228
238
256
266
250
208
226
250
224
198
216
280
306
348
288
314
306
318
350
370
356
376
398
406
428
388
390
390
368
364
218
106
76
130
132
88
78
54
66
122
130
100
90
70
72
70
66
68
70
62
68
68
70
102
148
186
166
94
94
92
76
80
84
98
136
148
142
124
200
248
268
276
298
306
322
374
382
284
150
86
70
68
78
102
100
118
94
96
102
104
94
94
92
94
96
90
86
86
112
192
270
296
276
300
306
306
306
288
298
312
294
284
276
276
276
298
302
288
288
276
276
274
264
258
254
256
266
276
274
264
248
268
258
268
266
266
270
276
272
264
284
252
262
266
270
286
270
284
256
254
284
296
294
294
288
276
276
280
290
252
254
260
236
262
304
318
302
310
302
270
268
304
326
326
326
284
298
348
364
366
384
354
380
414
424
386
356
350
356
352
232
142
118
134
152
106
78
86
84
106
124
134
118
106
88
78
90
126
130
120
108
78
98
86
88
98
74
58
54
80
66
66
102
158
198
210
210
166
96
208
290
292
306
318
316
332
384
390
250
118
98
94
74
112
160
148
134
110
108
116
126
112
90
84
82
80
88
104
126
150
198
268
320
346
358
364
362
368
382
366
342
336
322
304
282
284
282
278
290
256
268
282
282
268
262
260
254
246
262
270
254
262
252
254
258
268
286
288
274
276
274
284
272
264
284
290
280
280
296
270
260
280
280
280
290
286
284
292
296
274
262
256
264
270
292
322
316
316
326
306
286
290
326
318
328
338
314
324
302
334
384
366
354
378
396
386
342
368
358
332
278
174
118
174
186
126
90
96
90
84
86
90
148
176
126
114
122
110
180
220
190
138
118
126
142
164
152
112
74
76
86
110
156
192
222
230
250
246
158
128
164
198
210
228
278
316
346
336
246
184
160
126
82
92
102
120
114
108
108
176
146
116
96
80
86
106
126
160
210
254
284
312
338
360
376
374
380
382
386
376
230
180
250
298
288
272
278
266
268
266
248
254
264
278
262
254
258
250
244
254
266
266
260
252
270
264
262
282
296
290
290
284
290
276
284
294
290
288
294
290
286
272
274
290
284
288
290
294
296
284
282
266
262
308
296
288
300
322
328
328
326
322
310
328
316
336
328
350
370
328
342
350
328
340
372
424
384
366
364
354
332
198
130
166
210
158
106
126
106
84
98
76
74
96
126
130
142
160
124
128
200
220
206
186
184
192
188
196
176
130
118
138
186
264
266
248
232
268
248
208
212
204
182
174
170
226
294
346
318
92
52
58
60
114
84
104
124
106
100
100
94
80
98
124
162
216
258
306
330
360
380
386
390
384
376
380
378
380
382
392
244
90
96
132
184
214
228
248
240
242
234
234
246
246
234
234
256
264
254
254
264
258
268
260
274
278
286
296
300
304
284
292
302
284
284
286
294
296
286
286
294
300
284
282
304
292
292
296
306
294
288
306
286
300
322
316
300
322
324
322
336
328
330
318
334
344
346
336
346
360
352
352
356
344
344
370
382
364
378
370
368
250
140
170
232
208
136
124
196
100
112
120
60
52
80
100
108
140
166
138
138
148
180
226
224
220
216
208
198
184
164
180
246
300
328
302
264
244
258
280
272
268
254
242
238
260
320
334
348
380
218
100
84
102
132
82
84
110
92
80
90
144
206
278
332
358
368
384
390
386
386
380
380
380
378
378
380
382
382
386
392
204
80
104
108
128
148
174
208
216
210
218
224
222
220
226
224
242
250
242
254
274
264
268
260
272
280
310
306
326
296
282
280
280
280
282
278
280
288
288
302
304
296
276
294
292
288
302
308
300
290
310
316
296
310
324
332
316
328
322
328
330
334
336
340
352
356
344
352
344
340
354
360
366
344
366
380
360
342
368
338
336
218
188
262
272
200
152
168
166
154
176
178
148
116
100
134
156
156
196
154
166
162
150
168
192
214
224
240
246
266
304
326
326
316
308
328
318
262
274
288
296
298
286
272
314
330
348
342
346
382
320
184
112
82
72
90
116
150
174
216
266
338
378
390
390
388
384
382
382
376
382
380
380
384
376
376
384
378
382
380
396
250
90
106
108
110
122
132
146
180
198
192
188
204
216
218
220
212
224
234
232
246
260
264
264
276
282
310
306
316
288
280
278
266
290
278
268
284
286
272
308
310
282
276
312
300
286
312
312
296
302
314
318
316
314
334
338
322
330
344
340
356
356
358
374
356
370
368
372
364
348
360
362
380
386
410
396
382
400
358
362
314
212
226
286
292
218
170
198
178
142
222
274
286
244
186
182
178
188
216
200
174
210
236
240
272
316
324
320
312
312
306
278
258
260
276
310
296
278
294
298
284
286
318
326
346
346
344
342
342
372
376
366
328
274
266
292
332
362
374
386
394
388
388
380
382
384
380
380
384
382
382
384
382
378
380
380
380
380
386
384
392
332
110
90
98
110
118
122
120
128
154
186
184
184
196
194
208
204
208
216
218
228
232
246
258
282
276
302
296
302
282
288
264
272
298
282
268
304
286
270
312
308
290
292
314
302
306
324
324
306
324
318
312
316
330
338
330
332
344
356
364
370
364
368
378
374
378
372
402
402
378
374
402
402
400
400
396
406
418
370
402
336
224
232
314
320
256
218
240
272
226
174
214
270
270
276
266
226
210
232
244
210
182
188
224
268
312
320
308
290
258
242
240
254
286
298
284
288
286
298
302
312
328
346
352
348
338
346
346
352
372
374
374
384
396
396
390
386
384
380
380
380
382
384
382
378
384
378
382
384
380
384
384
378
382
384
382
382
382
380
378
380
390
190
56
92
106
120
112
114
120
116
140
174
182
180
188
202
188
194
206
214
224
236
240
242
252
266
298
298
296
280
278
254
272
292
274
282
296
262
288
322
308
294
312
312
304
318
338
328
330
352
342
320
338
370
340
334
362
344
334
368
376
378
382
370
396
398
398
400
402
398
406
414
414
414
410
408
418
420
398
382
340
242
202
268
336
322
296
276
304
332
302
224
208
238
266
276
250
232
250
244
258
258
240
242
266
272
278
280
272
286
316
342
356
338
322
312
296
304
298
316
348
354
346
342
346
344
350
342
350
372
374
376
380
376
380
376
378
380
374
376
378
378
376
374
380
384
380
380
380
380
384
384
382
382
382
382
378
380
384
382
378
388
374
190
64
96
100
100
104
116
122
124
118
150
174
178
180
196
192
190
200
202
218
230
234
250
260
264
284
288
276
286
280
284
296
272
298
292
270
300
316
296
308
324
310
310
346
338
332
328
354
332
328
360
370
364
364
386
368
358
372
378
388
404
408
426
426
432
430
434
430
432
426
438
436
458
460
444
444
446
404
328
288
238
250
298
354
370
334
322
368
368
350
342
320
290
296
296
272
272
270
286
266
272
290
302
306
292
306
342
356
394
394
360
336
318
306
300
300
334
352
348
344
344
346
354
344
348
344
350
374
376
378
378
376
380
376
374
364
376
380
380
378
380
382
378
382
380
384
382
380
384
380
378
384
378
378
382
382
380
380
378
378
392
348
112
74
94
94
100
108
110
118
112
114
136
156
174
182
184
182
192
194
202
224
224
230
244
246
264
276
270
264
272
280
286
266
298
302
296
308
308
292
328
340
320
324
352
346
330
350
368
346
356
382
374
370
378
390
398
392
392
394
384
380
362
348
316
286
260
244
246
228
218
232
266
288
312
282
292
286
270
228
238
232
256
258
266
270
322
372
396
378
336
312
338
374
372
356
322
308
320
320
328
328
336
346
352
356
368
372
348
364
356
350
346
322
314
332
348
350
352
352
348
352
342
348
342
352
342
350
370
374
378
376
376
378
376
374
360
376
376
374
378
386
382
380
382
376
380
380
378
380
382
378
378
384
384
384
382
384
380
376
380
382
396
302
94
62
90
100
94
94
100
112
118
120
124
148
166
184
180
190
188
202
216
234
234
248
252
254
262
264
262
278
278
292
288
302
306
308
318
312
316
342
334
328
352
354
338
346
360
362
354
378
396
390
394
400
396
396
406
372
300
244
194
172
166
148
140
144
138
142
150
164
168
176
180
168
160
154
164
158
166
178
174
176
166
138
142
166
216
274
334
364
346
314
318
314
314
342
352
334
330
340
336
336
342
336
330
338
332
336
314
332
336
350
332
352
344
346
340
340
346
346
348
342
348
336
346
330
342
372
374
374
374
374
380
374
374
378
368
360
372
374
374
382
382
380
382
382
378
380
384
380
376
380
380
378
384
382
382
384
378
378
382
380
396
296
124
74
94
98
92
98
102
110
114
126
118
142
178
182
190
200
214
216
238
244
240
258
248
244
264
264
270
288
302
316
322
314
332
346
326
332
358
358
366
376
372
346
356
372
370
378
400
406
408
422
418
410
404
416
416
382
332
278
254
220
182
180
172
172
174
182
186
184
180
188
196
192
184
178
172
184
180
186
200
214
224
254
284
274
258
254
260
286
302
318
310
304
298
298
296
292
290
294
302
310
314
300
330
342
354
348
358
346
352
338
356
344
346
334
346
352
344
350
342
348
334
346
340
346
366
372
370
372
370
376
374
374
368
366
370
376
372
378
376
374
376
374
374
376
376
380
382
376
378
382
378
370
376
386
382
378
384
382
378
384
404
378
124
52
96
98
96
96
94
102
120
124
126
140
172
194
212
222
218
210
226
242
252
244
258
264
276
286
302
328
342
352
368
364
370
366
368
384
388
396
400
406
396
400
412
422
416
424
436
426
430
434
426
426
436
416
432
416
422
438
408
354
310
292
260
244
234
220
202
198
212
222
232
228
230
234
238
254
254
288
328
342
342
346
352
336
322
312
322
334
328
320
318
304
308
314
314
320
314
326
334
350
354
362
346
358
350
344
344
354
348
350
344
352
344
346
344
346
346
336
346
340
348
338
344
368
370
372
376
372
372
374
372
370
364
372
374
376
378
380
376
374
372
374
378
374
376
372
372
378
378
376
368
366
376
378
378
378
378
380
382
382
396
320
146
66
82
90
96
92
98
102
112
118
130
134
162
202
222
232
234
238
238
248
242
244
264
284
294
320
358
372
384
390
382
390
404
414
430
430
418
430
434
428
422
428
432
434
438
432
432
436
438
436
432
434
430
440
432
428
434
428
434
432
430
414
394
366
350
328
326
326
338
344
336
340
358
378
386
396
384
380
368
372
352
352
348
338
318
310
312
322
324
320
324
342
346
348
354
352
360
354
350
346
364
346
350
350
356
342
350
344
350
344
346
348
348
346
340
350
346
346
338
344
340
346
368
372
372
372
374
370
372
374
372
372
374
374
376
382
378
374
378
378
374
382
376
372
376
372
372
374
378
380
376
376
376
372
378
376
378
380
380
384
396
192
48
68
84
82
86
90
90
92
104
116
118
120
146
166
200
234
256
268
276
276
280
296
310
294
316
348
366
372
380
362
294
258
260
286
312
338
354
380
392
394
402
414
416
418
418
422
418
416
424
428
430
428
428
426
414
414
408
410
420
424
428
432
428
424
414
408
404
406
404
388
378
390
396
384
388
374
356
358
366
348
330
310
312
320
314
312
350
352
362
360
364
358
356
360
356
354
346
360
352
354
350
362
344
352
344
354
348
350
350
348
346
348
358
352
350
338
354
342
344
332
360
370
372
374
372
372
378
372
368
380
374
372
382
376
374
380
374
372
378
372
376
376
374
372
376
378
376
374
380
376
376
380
378
380
378
376
376
370
376
380
266
156
108
74
80
84
90
88
94
96
98
96
96
96
106
134
178
236
274
326
352
362
364
346
346
344
356
356
356
352
362
360
334
306
268
236
218
210
214
226
238
246
260
270
282
294
318
364
388
396
414
424
420
428
426
426
426
424
426
420
418
398
396
394
388
382
380
390
392
370
362
358
354
358
354
350
342
346
344
340
334
330
314
342
348
364
360
362
352
362
356
354
356
358
356
346
362
348
354
350
358
344
356
342
356
356
360
346
352
352
344
352
346
350
342
350
338
348
334
346
336
348
372
372
374
376
374
374
380
376
372
372
376
380
376
380
378
372
374
378
372
380
376
374
376
376
378
380
376
378
378
378
380
376
374
376
372
380
374
376
386
356
224
130
74
74
80
88
92
94
82
86
80
82
102
142
176
234
316
352
370
366
376
376
374
380
376
382
370
372
374
374
372
356
320
316
320
318
318
322
320
314
306
296
288
312
302
306
318
334
358
386
394
386
386
388
390
388
380
376
372
368
354
356
352
350
354
350
346
340
336
340
348
346
342
348
346
340
342
352
362
360
366
366
368
358
362
352
362
348
360
358
362
358
352
354
348
358
346
360
348
356
344
356
348
350
350
358
350
348
346
344
348
342
346
338
350
338
350
336
344
334
352
372
372
376
372
372
376
370
368
374
370
372
376
374
372
380
374
374
380
380
376
376
374
378
376
380
380
378
376
380
376
374
362
374
376
372
378
374
374
384
358
222
96
66
60
64
66
72
72
74
94
142
198
224
284
344
374
378
368
376
372
372
372
376
374
370
376
374
374
382
376
354
318
292
280
286
302
310
334
352
378
380
382
384
378
384
382
366
350
346
342
344
352
352
350
356
360
360
352
358
358
360
356
364
362
362
360
350
352
352
358
356
368
364
368
360
362
364
362
364
362
364
354
362
354
366
352
360
350
356
352
352
350
350
358
344
362
350
356
346
354
350
354
344
350
346
350
338
344
352
344
348
342
348
338
346
336
348
338
342
332
350
374
374
372
376
374
374
374
372
372
372
372
370
372
380
372
374
378
376
372
376
374
372
378
380
374
376
376
378
374
376
382
360
370
378
368
370
380
384
378
376
400
368
304
236
186
158
156
162
168
248
332
368
374
384
380
376
372
372
372
370
376
372
374
376
374
388
380
376
378
380
386
384
394
394
392
392
384
388
386
382
374
374
380
374
374
352
380
376
378
376
372
376
368
374
368
372
370
368
372
364
370
370
376
366
374
366
366
370
366
372
362
368
356
364
362
348
366
362
364
358
360
348
360
354
358
352
362
354
354
350
352
354
352
356
348
354
342
350
346
358
348
362
350
354
344
352
350
344
354
340
348
338
348
338
346
334
348
328
342
334
344
374
368
370
372
366
366
368
364
370
366
368
370
364
366
376
370
366
376
376
376
380
380
384
378
382
382
376
376
378
376
378
380
380
376
372
374
372
372
374
368
368
372
384
392
384
380
370
366
386
382
380
382
380
380
380
380
386
382
374
378
388
380
376
386
374
378
368
368
374
370
368
370
376
372
370
374
368
378
370
370
372
374
374
374
378
376
382
378
378
388
380
378
372
384
376
376
374
378
376
366
372
362
370
360
360
360
360
362
356
364
352
358
354
362
354
358
356
352
358
350
354
356
362
352
360
354
364
358
364
364
358
364
360
362
356
362
356
362
348
356
344
354
340
350
350
344
342
334
346
336
342
332
344
332
346
326
340
334
342
326
342
