338
340
332
344
336
346
344
340
348
338
342
340
348
330
364
354
340
350
340
348
336
336
338
344
348
342
360
350
350
346
348
342
342
350
340
352
344
348
352
350
358
350
360
348
356
350
352
366
360
370
358
374
366
364
374
370
372
368
376
362
368
368
362
374
372
376
352
336
306
268
236
226
184
152
184
214
244
320
358
392
390
386
392
376
374
370
366
362
362
376
368
378
380
380
384
378
382
374
378
372
376
382
376
386
384
384
382
384
380
370
380
378
378
384
382
384
378
374
372
370
376
372
378
382
368
376
376
370
374
364
372
366
374
376
376
378
368
366
362
364
368
364
372
372
366
362
356
358
354
356
364
360
366
360
360
358
352
352
352
354
360
338
340
338
340
332
344
334
348
338
340
350
340
342
342
368
352
336
338
334
344
336
344
340
348
336
354
350
344
348
342
344
340
350
344
346
350
344
358
346
358
354
350
352
348
366
366
368
368
366
360
360
362
354
370
358
370
366
366
364
356
362
358
364
366
332
276
248
170
126
148
124
128
120
96
96
86
92
104
122
180
246
302
328
370
384
376
374
366
362
360
380
376
370
380
370
380
376
370
376
376
386
372
376
374
372
382
374
378
378
380
382
376
380
372
376
378
374
380
374
378
378
378
378
372
372
366
362
370
360
374
368
372
372
366
374
370
366
374
370
370
364
368
366
358
364
360
366
364
358
362
358
358
360
356
360
356
358
358
358
358
348
342
334
344
340
336
344
338
344
332
350
334
344
344
342
342
332
344
334
344
332
338
342
340
342
338
348
336
350
340
344
344
340
348
340
350
342
348
350
346
356
344
352
346
352
356
362
370
356
370
358
366
360
366
370
364
378
358
366
362
356
354
354
354
336
296
200
200
156
98
90
96
100
104
96
96
92
92
90
80
66
68
80
98
166
240
284
332
370
384
380
384
372
380
376
368
374
370
376
372
374
376
378
374
366
372
378
376
384
376
378
378
380
374
374
376
374
380
374
372
380
374
378
370
374
378
372
376
370
370
374
370
374
368
372
370
366
372
366
368
366
366
370
360
362
362
364
366
356
358
360
356
364
352
358
356
356
360
356
358
352
352
338
332
342
330
340
336
342
338
336
340
336
348
336
338
336
336
344
332
342
330
344
332
340
336
338
340
340
348
334
350
338
344
342
340
344
340
348
340
356
350
348
356
350
354
350
352
348
354
366
354
364
356
364
360
374
360
358
364
350
360
344
314
232
160
154
132
116
138
122
104
102
100
98
96
94
94
90
94
92
86
84
86
84
76
80
92
108
140
198
250
322
360
376
378
394
384
388
392
376
384
378
382
370
374
370
370
382
374
380
380
376
384
374
380
376
382
378
366
380
370
372
376
370
378
372
378
370
370
372
370
376
378
372
374
368
376
372
370
372
368
370
366
366
366
358
366
358
366
358
360
364
358
360
358
346
358
356
360
354
354
360
330
334
334
334
344
332
332
332
340
336
334
336
332
336
332
340
336
340
336
338
338
334
342
328
346
342
338
334
344
340
340
354
344
348
350
352
358
356
362
352
366
358
362
358
354
362
350
356
346
358
356
358
368
360
366
360
370
344
356
358
348
284
182
134
102
90
94
88
92
96
92
90
88
90
90
90
92
96
96
94
92
96
96
90
94
96
96
88
80
80
110
142
176
212
242
256
280
290
310
328
346
360
368
380
388
400
398
386
398
378
386
382
380
382
370
382
372
382
378
374
380
370
374
372
378
376
372
376
372
380
376
372
380
364
384
376
366
376
370
372
372
368
366
362
364
360
368
366
354
356
354
356
360
350
366
360
356
358
356
358
350
326
340
328
340
330
316
338
346
352
340
342
332
346
340
336
340
326
346
330
342
332
342
330
340
352
346
352
346
354
344
356
348
352
354
346
358
350
360
360
360
364
356
368
352
364
366
346
356
346
360
340
364
354
360
364
368
366
344
356
328
264
192
174
166
150
114
94
84
86
88
88
88
90
90
88
88
86
86
90
90
92
100
104
108
112
122
138
134
140
144
156
134
120
106
98
100
92
100
120
122
120
136
150
168
198
226
246
274
288
338
372
378
398
390
388
378
378
380
370
380
376
376
382
378
376
374
380
376
374
380
372
382
380
372
376
370
374
374
368
372
368
372
368
366
370
364
366
360
364
360
352
362
350
362
362
350
360
360
358
356
350
326
342
334
326
318
324
258
188
200
240
296
310
354
350
348
332
338
328
330
340
328
338
326
346
330
346
344
346
352
346
350
342
352
342
348
356
346
356
352
358
352
356
356
352
358
346
352
350
348
346
346
354
342
358
348
358
344
336
290
208
118
82
80
72
76
80
82
80
84
86
86
88
84
86
86
92
98
110
112
120
126
140
144
150
150
162
152
146
148
150
148
146
142
154
146
134
128
118
128
130
130
118
108
106
106
94
88
102
110
138
146
170
218
266
308
328
370
384
400
390
376
382
374
380
378
376
378
378
376
372
372
374
372
382
370
374
376
366
374
368
368
364
364
370
366
368
366
364
366
354
362
356
356
362
354
362
360
362
360
356
360
344
330
318
322
326
328
256
120
54
54
82
116
188
248
334
344
360
324
344
328
332
338
336
346
342
354
338
356
346
348
344
346
352
342
358
348
356
354
346
358
346
352
352
354
346
344
350
344
350
334
352
342
348
352
344
352
344
316
182
94
86
86
84
80
80
78
82
80
82
78
82
84
94
104
112
122
136
142
148
152
146
148
164
142
122
142
138
140
134
146
140
150
152
154
158
158
136
138
136
146
152
142
144
142
160
142
130
148
154
144
126
112
102
116
112
128
166
212
264
320
378
386
388
390
374
382
376
376
370
372
372
368
374
368
368
374
366
378
372
366
370
364
370
368
368
368
366
366
360
364
362
356
364
354
358
358
356
358
360
360
356
336
318
328
326
320
320
224
162
116
86
50
40
34
56
122
196
296
346
366
330
350
336
348
340
346
348
346
356
340
354
344
352
348
350
350
348
352
346
358
358
354
350
344
350
344
350
346
348
350
342
350
336
346
348
348
346
356
324
180
74
54
66
68
74
76
74
74
76
78
86
100
118
138
132
136
140
140
126
144
140
132
136
134
130
138
134
162
152
148
150
142
162
178
162
186
164
156
148
150
142
148
156
162
156
156
156
152
182
170
154
150
144
146
150
142
146
126
118
110
132
170
220
292
344
380
398
386
382
376
372
370
370
372
372
374
364
372
372
362
376
370
370
370
362
370
366
368
368
364
368
360
366
358
360
362
356
364
358
356
358
352
330
326
332
314
322
284
178
86
56
70
50
40
38
40
44
44
94
178
300
354
366
338
350
340
360
344
354
344
350
352
334
358
340
356
346
350
352
344
360
346
362
348
348
348
344
344
338
344
336
344
342
336
346
338
340
330
350
350
352
312
238
124
70
54
58
68
88
100
106
126
140
146
138
132
136
128
136
146
144
140
142
144
142
140
144
144
162
140
150
156
144
166
190
194
178
174
188
160
156
160
176
184
172
176
168
196
190
202
184
176
148
156
158
196
160
162
162
160
164
154
130
112
116
152
188
254
328
382
394
382
372
372
368
376
374
370
372
366
368
366
362
368
362
376
374
364
366
362
366
362
368
366
358
366
356
364
362
358
362
356
360
328
326
324
312
322
296
202
116
68
102
66
38
38
44
42
52
54
54
94
178
300
354
362
344
358
342
358
342
350
344
348
346
346
356
344
358
350
348
352
348
356
340
354
332
348
340
336
334
332
338
322
336
330
336
338
340
346
340
348
326
290
138
86
80
76
104
118
132
146
144
142
136
134
144
140
156
148
148
160
154
142
152
154
162
158
152
156
142
142
166
154
156
172
180
182
190
194
172
164
166
164
186
182
190
188
240
210
194
220
218
174
172
196
224
180
196
182
184
184
184
186
180
164
146
136
124
134
192
288
362
390
376
368
366
364
370
364
366
368
364
384
374
364
374
362
370
372
362
364
366
366
362
368
358
360
362
358
362
358
358
362
318
326
320
320
316
316
278
176
124
130
124
82
72
54
50
52
50
58
64
52
88
176
304
364
358
350
356
340
358
342
352
342
352
346
348
354
340
352
344
352
354
362
362
342
340
328
334
324
332
326
328
322
298
284
258
236
212
188
168
136
120
114
110
130
132
142
138
150
152
142
146
148
144
154
148
144
144
154
166
160
144
146
162
162
162
160
152
148
142
152
154
160
170
170
182
176
142
150
140
158
176
172
182
218
202
184
170
172
198
200
246
238
244
272
232
226
212
236
224
254
224
180
194
176
210
206
206
148
128
172
254
334
390
380
368
366
370
374
362
368
374
368
370
362
366
370
366
362
358
368
364
368
364
360
366
356
362
360
358
364
356
318
326
320
334
314
326
326
254
106
66
68
72
68
60
62
60
58
54
56
66
58
50
108
210
286
364
350
350
344
340
352
342
348
340
350
340
344
346
338
350
312
278
276
316
336
322
328
288
272
218
186
154
138
116
112
116
104
112
118
114
136
134
134
144
144
138
134
146
142
140
140
154
148
154
152
142
158
160
160
168
148
150
158
150
168
160
154
152
162
152
142
168
164
152
172
188
174
144
192
166
196
218
206
226
216
202
214
200
232
224
238
224
228
262
236
260
258
254
248
270
272
226
248
244
242
208
232
220
192
178
152
156
216
312
382
384
368
372
366
364
358
370
370
366
372
362
370
370
368
366
366
370
362
368
362
362
366
358
364
360
358
328
326
332
354
320
342
332
358
218
66
58
46
34
40
48
60
66
64
60
68
60
64
54
60
98
218
308
364
346
352
338
340
346
336
340
332
344
324
302
174
96
66
78
106
150
170
160
150
134
114
114
112
116
126
130
130
130
142
148
144
154
140
142
142
130
150
150
154
146
146
150
142
152
158
144
142
152
162
158
162
150
150
156
170
178
156
158
174
154
136
162
180
198
160
158
178
160
150
184
198
174
188
228
196
204
210
228
228
254
266
262
230
272
282
272
272
254
294
294
320
312
270
276
290
276
242
248
260
254
230
198
188
162
144
202
302
388
388
376
360
360
366
378
380
366
372
370
366
370
366
370
364
368
364
360
368
358
362
360
354
364
334
316
336
338
334
336
334
348
318
168
44
44
42
42
46
54
62
66
70
72
74
72
66
62
70
66
96
182
260
330
338
350
328
334
326
322
342
314
180
66
64
74
92
100
106
122
122
124
130
142
148
138
138
144
148
138
140
148
144
142
140
132
140
144
146
152
154
158
154
152
146
152
156
156
152
156
146
148
158
172
158
154
166
172
174
168
178
158
148
148
158
168
168
154
168
186
166
174
178
180
186
186
212
198
218
222
216
254
254
276
268
250
254
294
290
270
318
324
334
350
322
340
296
296
344
348
312
268
290
284
206
218
202
148
104
106
200
310
384
384
376
362
378
374
368
372
366
370
366
370
368
370
362
360
368
360
360
364
352
362
352
346
324
328
322
336
330
338
336
348
334
112
24
42
38
42
62
80
78
80
80
80
78
78
76
70
70
70
62
66
108
176
268
310
332
316
316
278
232
128
108
108
116
124
132
122
134
134
142
138
142
140
146
140
148
148
138
148
150
140
140
148
164
170
174
168
168
166
174
172
182
166
162
176
176
188
170
172
186
180
180
188
184
194
184
170
180
200
180
182
174
166
184
172
160
172
192
178
180
204
186
180
192
212
202
190
214
208
224
244
240
268
276
258
282
316
306
282
320
340
358
342
360
346
328
358
352
350
314
292
230
152
118
94
84
88
76
60
92
190
294
370
394
380
366
376
366
370
370
364
372
370
368
366
368
364
358
366
356
360
360
348
350
324
332
330
338
328
340
330
340
348
278
108
78
60
54
56
70
92
92
88
86
88
92
84
74
74
74
78
86
80
68
74
128
160
162
152
116
110
134
132
132
134
128
120
120
124
140
150
150
146
146
158
148
160
156
152
176
182
180
186
188
194
200
204
182
172
178
194
192
202
194
200
200
198
200
218
208
202
194
208
220
204
196
190
202
192
178
184
176
176
180
176
182
180
178
174
196
200
210
182
206
232
226
202
186
238
238
238
230
268
226
236
222
248
262
312
318
352
344
328
344
342
368
366
356
342
340
300
218
124
86
84
90
84
84
76
82
88
78
92
162
252
334
382
384
372
376
362
372
366
370
370
360
366
358
366
360
356
364
352
362
324
332
328
336
332
330
334
324
340
330
360
216
62
62
58
62
66
90
102
100
100
114
108
100
118
110
100
108
116
118
114
116
116
110
108
128
134
128
128
128
128
136
140
142
142
144
154
162
162
160
170
186
186
182
182
190
198
208
200
212
208
192
190
192
194
196
208
222
216
230
222
212
216
212
234
230
224
220
202
194
214
200
202
192
194
184
178
196
198
184
178
194
210
180
188
186
184
190
202
188
204
234
232
188
190
216
234
236
222
212
230
242
266
232
220
254
322
356
338
304
340
326
358
338
344
330
312
222
190
200
180
140
124
100
88
90
86
88
92
82
70
72
112
192
286
358
380
382
370
358
370
364
368
360
362
362
356
366
356
362
356
318
340
324
338
324
340
328
338
336
328
358
196
30
40
50
54
60
80
108
126
124
126
124
114
124
128
128
136
128
136
142
152
150
154
164
150
142
142
144
148
146
146
156
168
176
172
172
172
186
180
184
190
206
196
188
192
194
188
208
222
212
204
200
200
214
232
212
220
218
206
200
204
210
212
230
226
230
232
222
232
218
202
220
238
198
190
204
210
214
196
192
216
228
214
212
230
196
192
226
258
210
208
244
242
244
230
258
252
248
246
256
250
246
250
246
260
314
292
314
342
332
350
320
318
344
304
192
186
168
142
136
96
88
86
94
102
90
80
94
90
80
84
82
76
88
142
234
332
370
382
374
360
366
358
366
358
362
360
358
366
350
334
328
326
334
322
336
324
336
328
342
306
128
40
58
58
62
64
84
128
148
150
140
122
102
124
130
138
140
156
146
162
166
154
154
158
174
154
154
182
176
174
186
190
190
190
196
190
184
198
202
194
210
204
208
210
228
226
220
224
224
210
218
234
224
212
212
200
190
190
194
188
204
210
220
228
230
220
220
218
214
208
218
220
220
218
224
228
250
252
198
198
212
218
224
274
276
244
232
246
272
256
230
246
284
286
242
298
304
258
276
252
268
272
260
242
276
296
316
366
350
366
378
376
356
368
280
164
166
134
122
104
102
112
114
112
90
84
86
110
122
106
106
108
76
66
66
78
114
204
296
348
378
366
364
364
366
364
362
368
358
362
336
322
336
324
330
332
330
336
324
354
198
38
36
50
56
64
72
80
106
130
138
138
116
116
124
124
140
148
168
156
160
158
168
162
170
176
166
176
196
202
208
220
222
218
220
226
212
226
224
230
226
226
232
218
226
244
232
240
228
240
230
234
240
232
208
218
226
204
208
218
220
224
234
246
222
228
210
210
228
222
220
220
206
200
222
210
232
218
224
224
262
236
236
230
244
266
280
238
254
286
260
260
314
318
304
270
278
308
320
276
268
284
300
300
312
350
324
346
394
388
368
378
412
428
368
254
190
166
138
104
114
124
128
128
120
102
88
78
124
190
154
86
74
80
94
90
96
110
110
126
176
266
324
376
364
364
358
364
356
360
366
336
322
334
324
336
326
334
332
336
354
224
112
74
54
56
68
92
108
104
100
104
110
94
102
108
120
132
158
162
158
142
168
168
158
168
170
190
212
214
214
212
212
216
210
224
226
228
230
218
222
224
224
218
218
226
218
234
234
240
242
238
236
228
228
224
238
238
234
242
252
246
272
280
240
240
240
236
254
290
248
262
256
246
274
246
252
248
266
276
286
294
234
240
292
296
282
264
260
260
298
272
296
346
312
274
262
294
348
336
322
344
324
324
360
342
344
350
378
392
398
382
388
426
370
268
240
198
162
114
116
126
124
110
116
122
104
108
108
172
224
174
152
166
196
142
86
72
84
126
174
166
144
144
286
374
364
364
364
360
366
350
330
326
334
324
332
322
340
336
346
190
104
80
70
54
54
70
104
124
116
98
86
100
116
114
120
132
130
148
148
152
162
164
168
170
172
184
204
210
208
194
200
204
200
216
218
216
220
222
216
212
220
206
212
218
204
208
210
232
230
224
200
216
232
226
232
244
242
242
250
242
246
254
260
256
260
242
266
292
314
272
278
292
290
304
308
266
274
300
290
284
308
268
298
344
306
292
322
302
346
344
316
316
332
310
338
320
360
390
356
322
364
352
330
348
364
390
384
408
406
404
412
416
380
300
250
194
182
136
116
108
114
126
136
134
100
118
154
196
220
212
198
222
260
238
106
46
88
142
92
100
158
172
128
168
314
366
368
358
364
358
358
326
334
324
324
332
328
360
318
168
42
46
46
50
52
60
78
92
100
102
102
88
90
98
112
124
130
134
156
174
170
192
222
226
234
240
254
242
236
226
208
200
202
204
196
200
214
208
210
216
212
214
198
194
194
188
190
206
218
206
198
190
208
200
198
196
214
224
234
242
230
232
236
224
232
252
234
250
268
268
266
256
264
308
294
304
326
318
308
298
318
334
336
344
330
344
344
350
356
384
404
406
396
364
314
382
410
416
400
380
372
382
364
360
378
386
388
404
414
422
410
412
418
338
274
224
148
168
122
110
112
114
130
152
130
106
168
216
208
234
212
204
222
232
218
120
70
168
250
150
74
124
172
150
182
258
366
362
364
362
356
368
324
340
324
332
324
330
238
106
24
44
52
54
52
64
76
82
84
86
90
94
86
80
78
82
84
122
192
230
252
268
286
284
266
264
268
276
286
284
282
274
244
238
230
200
184
186
192
190
190
200
192
176
186
192
196
194
200
190
182
188
202
200
206
206
206
214
220
224
220
216
218
224
224
218
228
234
248
256
242
250
280
260
274
286
276
294
318
334
322
320
334
344
336
306
346
358
352
372
394
380
348
382
394
406
402
438
436
422
386
400
394
368
384
412
412
406
412
416
424
418
404
352
296
274
214
200
144
114
108
110
120
168
176
172
212
234
236
208
274
304
258
216
208
138
130
102
86
100
130
90
132
180
214
246
318
372
360
364
356
364
354
326
340
324
336
316
190
48
42
62
48
50
48
58
68
76
78
80
82
80
82
86
84
72
68
90
130
202
260
280
268
258
240
216
194
156
138
178
232
242
242
246
248
230
210
206
192
186
182
174
178
180
182
184
192
202
182
194
192
186
202
196
206
212
212
208
194
214
212
214
200
212
210
204
212
210
218
234
250
250
262
256
248
250
266
270
288
292
298
294
298
300
290
282
338
372
372
350
368
374
340
338
346
388
424
404
364
390
432
424
384
366
400
414
408
402
436
426
408
416
426
368
288
272
260
250
194
124
116
124
100
134
180
176
188
262
252
226
222
288
378
348
310
288
270
204
148
104
108
166
196
256
292
294
276
340
332
356
360
364
360
350
334
328
336
338
226
88
56
52
46
48
50
60
62
68
74
78
78
78
76
72
72
70
82
114
160
206
232
282
280
304
292
314
264
160
110
118
156
190
188
196
202
204
212
200
196
194
198
190
184
162
166
182
176
186
182
186
198
194
190
196
192
206
202
220
214
210
206
200
208
210
204
200
196
210
214
218
222
218
248
258
242
248
252
246
246
258
274
272
262
274
286
292
270
318
330
330
338
326
340
366
364
388
378
398
392
354
382
354
382
380
332
416
428
410
406
408
406
392
406
412
316
274
274
256
234
154
122
128
134
140
182
140
164
192
248
284
272
272
264
306
404
390
358
346
322
256
230
274
300
328
322
336
340
280
234
230
268
342
366
356
366
334
330
330
244
98
42
56
52
54
52
56
68
66
66
68
70
64
66
64
58
76
110
160
210
266
290
312
322
326
332
318
344
238
66
76
100
100
136
146
158
180
160
170
186
202
200
196
178
184
182
172
168
162
158
164
170
178
196
194
200
198
212
198
212
206
226
196
194
212
214
204
206
210
216
220
218
220
228
252
254
238
242
248
224
252
266
266
256
272
270
264
266
282
280
290
298
316
326
318
336
308
328
330
382
386
396
396
406
412
404
386
400
426
404
362
402
414
416
416
356
260
280
280
260
198
142
122
120
148
146
196
184
168
200
246
310
318
304
298
294
348
394
382
376
368
334
290
344
390
392
362
352
366
332
316
298
304
356
358
360
364
346
296
174
48
38
52
44
48
48
50
60
62
66
62
64
62
56
52
66
116
174
222
284
302
338
316
342
326
340
328
338
348
182
50
84
96
96
96
118
122
134
156
168
176
186
192
184
190
186
184
172
166
170
168
174
168
160
168
186
192
198
210
206
220
222
228
206
210
210
206
226
206
214
232
226
226
222
242
238
232
230
236
262
236
238
248
240
250
266
260
266
284
268
274
264
276
296
306
300
316
292
300
342
352
358
358
370
364
366
374
384
398
406
390
394
416
430
402
416
330
274
274
282
266
192
142
150
172
186
216
272
298
240
232
270
304
326
346
334
342
368
360
336
336
340
354
370
394
390
396
376
358
374
378
356
346
356
364
356
360
352
342
246
118
90
80
64
48
46
50
48
52
58
56
58
56
58
86
138
190
246
298
328
336
330
338
330
344
324
344
330
346
346
236
64
70
78
102
98
98
114
128
136
142
160
166
182
186
200
184
194
176
170
158
176
174
156
156
158
158
180
190
196
206
228
228
216
216
218
198
212
230
210
218
250
226
206
240
246
222
222
260
254
238
244
266
242
230
254
258
270
272
284
288
284
276
266
272
272
292
304
300
298
302
324
352
354
350
336
336
338
324
378
368
364
376
414
414
432
378
294
298
284
296
280
204
146
180
252
222
178
248
330
308
288
296
312
326
346
382
344
324
358
388
388
374
370
372
344
332
404
390
356
354
350
358
352
366
356
364
356
360
324
272
184
130
82
58
44
42
46
50
58
62
64
72
68
142
240
302
316
338
324
342
328
342
330
338
338
336
344
332
346
342
290
78
68
80
80
90
96
96
108
122
126
144
156
160
172
178
176
182
196
188
180
184
176
180
170
164
162
168
182
184
194
210
214
206
218
220
208
214
226
198
230
260
232
218
244
252
228
224
252
234
226
252
262
228
224
252
260
248
270
260
256
268
292
308
296
286
302
300
290
296
308
306
310
334
326
330
326
298
324
360
336
360
388
388
414
394
372
280
252
288
322
324
234
164
192
274
278
244
216
264
272
294
344
346
354
330
336
360
326
292
330
352
338
306
298
296
316
358
354
364
334
344
354
354
356
358
360
356
368
214
74
38
42
38
42
44
46
54
58
58
54
70
126
234
306
326
328
332
336
328
342
326
342
326
344
332
346
336
340
344
344
324
112
52
82
74
70
78
92
90
104
120
128
134
142
146
166
166
180
196
182
180
186
188
184
182
174
170
172
182
192
176
196
216
214
208
200
210
224
218
216
248
240
228
240
236
234
238
244
258
238
242
274
274
236
242
280
278
256
266
262
280
300
302
302
304
298
314
330
324
308
322
326
320
326
382
338
328
336
352
348
356
376
396
372
386
360
304
268
206
268
322
348
316
218
198
320
364
336
346
338
294
284
298
322
362
340
318
342
360
354
338
340
322
324
354
386
392
390
382
358
356
362
362
358
350
362
354
360
352
282
166
92
70
68
66
60
60
60
70
100
140
206
274
336
326
336
320
340
332
336
336
336
340
330
346
330
350
330
346
332
342
350
238
56
58
72
74
74
72
86
92
102
122
126
122
136
146
158
174
166
174
182
192
186
174
176
180
182
176
168
178
188
194
208
202
210
222
204
208
196
222
244
224
232
242
226
226
250
268
262
274
252
272
270
258
284
304
270
258
276
278
292
304
292
290
298
306
328
340
342
294
248
222
208
194
180
176
192
200
208
232
258
288
324
338
366
376
310
282
234
244
330
344
342
316
240
266
358
342
348
378
378
366
362
364
378
394
374
354
364
372
348
364
396
438
436
410
386
356
356
360
366
356
370
360
364
358
362
360
352
324
284
168
98
76
60
58
72
134
226
282
316
336
334
332
328
338
326
340
326
346
332
342
336
340
340
332
344
332
348
328
350
336
364
204
50
62
70
86
84
76
74
92
106
120
120
118
128
148
152
160
168
170
168
178
180
184
184
174
178
176
178
182
178
200
206
216
210
196
202
198
230
220
216
238
240
226
246
258
244
252
264
276
276
262
272
280
276
264
276
272
284
272
280
306
322
306
322
302
244
180
144
112
104
100
110
110
114
114
120
130
132
134
130
146
178
214
232
230
226
244
244
224
226
216
316
342
286
292
314
306
330
370
374
372
352
370
404
402
406
382
378
394
428
434
444
398
362
338
354
356
366
358
368
362
360
366
358
360
356
366
318
316
298
262
240
216
218
266
308
344
324
338
324
336
330
332
334
330
340
328
340
326
346
328
344
332
340
336
342
342
336
348
334
352
286
116
66
70
86
88
74
72
76
84
96
108
120
118
124
134
152
164
162
160
168
166
168
170
160
170
178
180
174
178
190
194
206
202
202
218
210
212
220
224
266
254
246
264
278
258
264
274
280
274
284
292
282
272
274
278
286
284
268
268
278
298
302
302
296
264
220
184
154
126
110
104
106
120
126
130
138
142
142
146
148
144
148
154
166
186
194
202
176
168
222
262
324
346
304
272
276
290
302
332
360
374
378
382
386
380
386
396
394
366
354
334
348
340
362
360
364
360
360
366
352
368
358
364
356
362
362
326
328
338
334
344
342
338
338
326
328
316
334
320
338
324
338
328
340
334
334
338
332
342
328
348
332
350
332
344
332
342
342
338
342
332
234
94
56
70
90
78
74
70
70
82
96
102
122
128
118
148
156
150
166
158
160
174
160
160
166
178
172
178
174
174
190
186
202
224
242
228
228
244
248
258
260
264
278
286
286
290
314
308
294
308
314
314
304
304
312
310
314
304
310
302
298
306
310
318
314
310
324
318
298
266
208
180
182
180
190
188
178
176
168
166
162
160
156
162
172
204
236
274
306
330
310
314
338
328
302
306
328
304
292
304
322
324
342
348
342
344
348
330
326
326
346
358
364
366
358
366
356
368
358
364
362
358
364
358
362
350
338
314
334
320
334
320
334
322
326
328
328
328
324
336
326
340
324
340
326
340
332
334
336
336
344
330
344
330
346
330
350
330
342
340
348
316
218
76
52
78
82
80
78
78
76
78
84
108
124
124
134
136
144
172
180
178
172
158
152
162
174
174
164
168
192
202
204
212
254
268
266
268
272
278
284
284
292
308
318
316
320
328
322
328
326
328
328
332
328
328
338
338
348
348
348
342
350
344
344
360
346
346
362
352
356
342
288
252
238
226
226
214
214
208
206
218
228
254
272
244
268
298
314
328
332
330
356
358
362
368
364
360
362
354
346
340
330
312
316
286
296
326
350
358
360
366
356
370
358
366
360
366
362
360
368
358
368
360
362
358
360
332
318
336
318
336
318
334
318
334
318
328
326
330
328
326
334
328
338
326
342
324
342
328
340
332
340
336
332
344
332
348
332
348
330
340
330
340
262
120
68
72
88
94
84
78
76
74
84
106
118
124
128
136
154
176
200
202
182
188
178
180
178
192
206
226
236
244
262
294
308
314
318
326
334
334
322
326
328
326
332
340
334
336
338
336
332
330
332
340
338
336
336
340
346
346
352
354
356
358
360
358
354
358
350
352
354
352
346
362
382
370
360
358
342
328
334
362
366
370
364
352
338
342
350
346
354
340
336
352
338
308
306
296
292
286
296
294
316
336
348
352
350
362
350
364
352
366
362
356
364
362
368
356
368
358
364
362
356
362
354
366
332
320
330
322
336
322
336
320
332
316
334
322
332
326
334
328
330
338
330
340
326
344
322
344
328
344
332
342
334
336
342
338
342
328
346
316
336
322
222
50
52
78
96
92
82
78
74
76
82
94
108
112
118
124
132
152
176
206
216
224
238
246
264
268
248
252
262
290
316
324
322
318
290
274
262
260
266
274
274
276
284
286
296
316
324
322
318
318
316
312
316
316
316
320
324
346
358
356
360
370
368
362
360
360
366
362
348
350
368
378
360
374
372
364
358
362
372
362
340
350
354
354
352
372
350
324
322
304
304
274
280
280
290
304
318
340
342
360
348
360
350
362
356
356
358
354
364
352
364
356
364
360
362
360
358
366
352
364
358
360
354
338
322
328
324
328
324
330
326
332
320
332
318
338
320
340
324
340
330
332
332
332
338
326
340
324
344
326
348
328
346
334
342
334
338
334
332
346
332
340
164
60
68
72
78
76
84
80
72
70
80
88
86
96
98
90
94
118
168
206
230
242
228
224
204
206
198
204
192
210
226
260
264
244
228
212
190
172
168
174
178
190
198
202
218
232
238
244
236
240
244
266
300
326
348
354
346
358
356
358
376
372
366
364
358
350
354
356
350
356
360
340
340
342
350
358
354
346
346
346
350
342
336
322
312
288
284
286
294
306
326
342
344
350
342
358
350
356
348
354
356
350
362
352
362
352
360
354
364
360
356
364
354
366
352
366
356
362
362
356
364
356
324
328
316
328
320
326
326
332
326
322
328
320
332
320
332
322
340
326
338
324
340
332
340
338
334
340
328
344
326
348
328
350
332
342
324
342
338
340
350
314
124
36
64
72
82
82
70
68
68
78
80
88
88
88
84
104
124
158
218
276
280
288
284
280
272
258
262
244
236
210
204
186
188
168
168
164
160
170
180
194
210
228
228
234
244
252
260
266
280
284
280
280
306
326
332
330
326
324
324
334
336
338
336
334
330
340
340
340
336
336
332
322
316
322
326
316
314
300
296
274
282
268
280
284
302
320
328
348
334
352
336
354
342
354
352
352
356
348
362
350
358
354
356
356
356
364
352
364
352
364
358
362
356
356
356
356
366
354
360
356
360
316
334
318
332
316
334
322
336
318
332
322
324
322
328
328
322
336
326
340
322
340
324
336
326
340
332
336
338
332
342
330
346
328
342
326
348
328
346
342
354
164
74
60
70
74
76
72
70
72
80
82
88
88
78
106
144
184
294
310
328
302
320
306
316
300
308
298
296
292
290
288
274
272
248
230
196
178
148
100
98
108
122
126
132
138
144
144
170
192
216
214
216
224
248
262
288
292
302
306
300
302
298
296
286
284
276
280
266
264
272
256
264
252
272
254
272
270
280
282
300
318
322
344
340
348
334
348
340
350
350
346
354
346
356
344
362
352
358
352
354
358
350
364
352
358
354
362
352
354
366
354
362
350
364
350
364
354
360
360
350
362
318
334
310
330
316
336
318
336
318
336
316
330
320
328
324
330
332
326
336
326
340
322
340
324
344
328
344
332
338
334
336
334
332
340
324
340
326
346
332
358
230
132
104
76
54
62
62
68
78
78
88
94
88
150
208
264
316
332
320
326
318
328
316
328
312
328
304
322
302
310
298
302
296
290
280
268
254
182
114
106
106
100
98
100
106
124
152
184
202
238
226
228
210
228
216
234
226
234
236
240
236
234
248
236
248
242
268
250
274
272
288
288
302
308
314
330
322
340
330
346
332
346
344
344
346
340
348
340
356
342
356
344
356
352
350
358
352
364
348
362
350
358
354
356
358
354
360
350
364
352
364
356
360
358
354
360
350
364
350
356
350
298
322
312
330
314
326
318
332
318
336
314
332
316
330
324
336
322
332
330
330
332
328
338
326
342
322
344
326
342
324
342
328
340
334
336
340
332
344
332
346
302
298
192
74
52
58
60
64
76
88
86
88
204
292
340
322
346
316
338
336
334
328
332
332
324
334
320
332
308
326
308
330
310
318
302
314
270
204
130
92
84
92
116
150
204
258
298
298
318
310
312
314
310
308
306
318
302
322
304
318
308
320
314
326
328
326
324
322
336
324
340
326
346
330
344
334
336
336
336
340
340
350
338
354
338
352
342
348
352
350
354
348
360
350
362
352
360
354
356
356
346
362
344
362
350
358
352
360
356
362
364
352
362
354
362
348
362
352
356
358
348
368
356
326
326
308
310
306
320
320
332
320
334
318
332
316
334
320
336
324
338
324
334
330
334
334
330
338
326
342
322
338
322
344
326
344
332
342
336
340
338
344
216
52
36
46
48
56
62
84
104
134
238
334
338
342
334
342
328
344
322
350
326
340
326
336
330
334
334
328
338
326
336
320
338
318
322
234
152
128
162
200
246
294
314
338
328
336
322
334
320
332
318
330
320
328
322
330
328
324
332
326
336
322
338
320
336
330
338
324
340
342
342
344
342
352
332
350
336
352
342
348
342
346
352
342
354
344
358
344
360
354
358
350
358
358
348
362
348
364
348
360
348
356
358
350
358
354
362
348
366
354
358
356
354
352
352
362
350
366
350
354
504
502
494
480
454
428
398
370
336
318
316
322
316
324
322
334
322
338
326
340
322
340
320
338
320
332
324
334
334
334
340
328
340
324
344
330
346
322
338
322
344
332
318
292
274
224
216
242
270
320
322
356
326
348
332
346
340
344
344
338
344
330
344
326
346
324
342
324
340
332
340
334
344
340
332
326
310
326
320
354
340
356
338
348
338
346
336
336
338
334
338
324
340
324
344
328
346
328
350
334
338
332
332
336
330
338
332
350
342
352
336
352
336
350
340
350
344
344
354
344
358
344
356
344
356
342
352
350
350
362
356
362
348
360
350
356
348
354
350
352
362
350
368
352
360
348
356
344
354
354
358
370
356
360
346
356
340
354
350
352
364
