382
374
378
384
384
390
386
386
394
384
390
398
390
392
398
398
396
394
402
392
394
404
398
398
404
402
398
398
410
368
386
408
400
400
408
408
412
398
404
406
406
410
408
402
414
414
412
410
416
414
412
418
412
410
414
414
414
420
420
422
396
374
354
352
364
362
370
380
378
366
342
342
322
316
316
330
338
344
356
368
374
390
402
424
436
434
446
442
438
432
426
428
416
416
418
408
416
408
414
412
406
412
408
408
416
410
412
408
406
410
402
410
408
404
408
402
408
402
396
408
392
402
398
396
402
398
402
394
398
396
388
394
392
386
398
392
390
388
386
392
386
388
392
378
388
388
376
388
384
384
382
382
384
374
380
388
370
380
376
366
380
384
378
380
388
384
388
394
386
386
384
394
396
392
398
392
384
408
396
396
400
398
400
402
404
402
396
404
402
400
408
406
406
404
410
408
404
412
406
410
420
410
414
414
412
416
412
416
418
414
420
416
412
422
418
416
418
418
422
392
304
314
216
160
124
130
170
160
166
156
132
132
128
114
100
88
86
82
70
74
86
94
92
120
162
172
202
246
272
322
356
362
390
408
420
428
430
434
426
428
432
432
430
426
428
428
422
428
416
408
410
404
408
404
406
408
398
410
404
398
402
400
402
398
400
402
394
404
394
392
402
396
394
396
394
396
390
398
396
386
400
392
386
394
390
388
384
386
390
382
388
388
374
386
382
378
382
376
376
370
370
382
376
378
374
376
380
384
388
382
394
386
384
394
392
396
402
388
392
400
398
400
396
404
402
400
406
398
402
404
404
404
404
412
406
400
410
406
410
414
408
412
412
416
412
412
418
414
414
422
412
418
412
412
416
414
420
410
414
416
406
386
378
328
258
196
152
162
164
126
116
112
114
138
138
150
142
120
136
128
108
96
84
80
84
86
86
70
64
58
94
124
136
138
148
170
234
260
264
256
272
256
252
266
276
298
320
342
370
388
400
416
420
434
428
416
418
406
404
402
398
402
392
400
402
396
402
398
398
394
396
398
388
400
394
384
398
394
392
392
388
392
386
390
394
384
394
390
380
388
386
384
384
380
384
380
380
386
370
378
380
368
378
370
378
378
376
378
384
392
382
388
396
386
392
398
388
396
396
398
392
396
406
396
398
402
398
404
406
412
402
404
410
402
404
408
404
404
408
410
408
406
412
410
412
416
410
412
414
414
414
412
416
416
414
418
410
416
406
412
418
414
420
408
414
420
402
392
372
358
334
298
264
228
210
212
204
184
168
180
170
162
162
150
140
132
130
132
128
110
112
106
120
162
162
142
168
174
116
136
182
148
170
156
148
130
130
124
128
138
132
150
190
232
268
300
340
368
388
416
422
416
418
404
400
396
398
402
390
404
398
390
400
394
392
392
392
394
388
394
394
380
396
392
388
394
390
386
384
380
382
376
384
380
374
380
380
378
382
372
378
376
372
386
372
382
380
380
384
384
386
392
378
390
392
394
392
390
400
392
392
398
394
398
400
394
396
400
404
400
404
410
402
406
408
408
406
406
414
402
408
414
414
412
408
408
412
410
416
414
410
422
414
412
416
416
416
412
414
408
416
422
422
416
304
196
144
160
192
206
226
236
220
216
216
206
204
190
180
174
174
168
146
152
144
128
122
126
122
138
164
178
190
206
194
188
190
196
216
158
196
212
162
166
184
216
182
194
162
152
196
132
122
122
106
104
94
114
138
152
196
250
300
344
370
408
420
410
408
398
396
396
392
394
388
392
390
388
392
388
388
390
388
390
386
386
392
380
390
388
374
384
374
376
374
374
380
370
374
380
370
376
380
370
380
378
382
388
380
386
388
384
386
386
390
386
390
400
394
396
396
398
398
394
400
398
396
402
398
400
408
404
406
404
410
406
404
416
408
404
412
412
408
412
418
406
406
416
406
410
412
414
416
412
418
420
406
418
416
414
416
408
414
418
408
406
232
158
126
112
122
108
124
120
130
184
180
148
126
126
120
120
122
116
114
126
128
168
174
194
232
230
236
274
234
190
136
114
178
106
126
180
182
176
222
228
218
230
226
240
208
204
198
210
200
186
130
160
154
138
132
118
114
108
118
152
192
252
312
374
398
416
408
390
396
390
386
390
386
390
384
390
390
380
388
386
382
388
386
384
382
372
384
372
378
380
372
374
378
374
380
374
376
374
372
384
380
374
382
378
384
386
386
394
388
392
394
390
394
394
394
392
390
394
392
394
396
392
398
396
406
404
388
406
406
406
408
406
410
404
406
412
408
418
410
408
412
408
408
410
410
414
414
420
410
414
426
412
406
414
416
416
412
418
408
414
412
210
186
184
168
140
140
160
160
188
182
140
122
110
98
102
104
106
120
130
148
184
188
222
218
230
198
226
210
146
158
124
140
132
100
154
142
144
178
204
242
216
244
290
304
248
220
224
234
238
236
206
174
208
190
178
198
180
146
144
140
134
118
128
152
210
276
356
398
414
396
392
392
382
390
388
386
390
386
390
382
384
388
382
384
388
376
386
378
376
380
376
378
378
376
380
372
380
380
372
382
374
382
382
376
376
386
382
392
392
400
392
388
396
390
390
404
394
386
396
396
392
394
402
396
398
410
400
404
408
408
402
406
412
406
406
416
406
408
412
412
410
410
416
408
406
414
412
414
416
412
416
418
416
408
414
420
416
418
416
416
406
272
258
216
156
146
148
150
168
174
128
116
116
104
106
108
132
156
152
132
122
138
146
186
212
256
250
198
186
152
114
142
162
150
170
260
178
114
176
176
172
212
252
318
306
298
258
254
288
284
262
280
254
268
248
232
242
270
250
202
178
170
172
136
124
114
108
138
192
278
368
402
406
394
390
386
388
388
376
380
378
378
384
382
382
382
380
380
376
378
386
374
380
376
372
374
374
380
374
372
386
380
378
378
392
394
380
384
394
390
390
398
390
390
398
392
394
398
404
392
394
402
396
392
404
398
398
400
406
398
398
410
396
404
410
408
408
410
408
408
412
418
410
412
412
406
410
412
416
416
418
418
414
416
418
414
416
414
416
414
414
414
420
446
420
372
304
222
206
194
146
122
122
112
110
136
148
166
150
128
120
166
208
240
260
278
294
292
284
260
196
138
118
150
136
162
222
240
172
162
230
222
202
250
250
244
294
240
256
302
270
230
272
288
254
238
188
196
232
240
250
224
192
196
192
168
166
146
142
112
96
122
202
312
378
408
394
380
388
384
380
384
384
382
374
384
384
376
380
378
374
380
378
378
368
376
378
368
376
376
368
380
376
384
384
372
374
370
374
380
376
376
398
406
408
396
396
402
392
394
402
390
392
402
404
392
396
404
392
404
406
400
402
406
408
404
406
408
406
410
410
404
410
412
408
412
414
414
408
414
418
414
416
416
412
414
412
414
414
414
418
414
424
380
290
266
266
270
200
206
178
122
108
112
120
120
140
140
136
168
188
216
230
234
212
210
242
246
272
226
178
232
230
132
140
132
128
210
260
216
164
190
256
232
282
250
224
220
288
290
294
274
244
254
262
238
242
246
150
96
118
122
168
216
188
188
182
168
160
162
128
124
98
92
100
152
256
362
400
398
376
384
382
378
382
380
378
382
376
378
372
376
376
370
378
372
368
376
376
372
372
368
382
374
328
266
208
194
184
192
202
210
220
224
266
300
334
368
400
414
406
400
400
404
396
398
400
390
392
402
398
394
402
412
398
404
406
404
404
410
400
406
402
410
402
404
408
408
412
412
410
412
414
416
414
408
408
412
416
424
434
436
426
428
302
104
134
144
120
110
84
106
98
114
128
146
142
180
232
230
254
232
230
264
230
178
210
234
252
286
230
218
244
198
124
132
214
176
206
222
204
192
208
254
282
270
216
250
250
258
186
250
246
244
246
256
216
256
242
200
164
194
152
154
198
188
152
152
150
138
174
174
138
136
136
126
92
76
122
220
340
396
396
378
376
382
374
382
380
372
380
374
374
376
374
372
370
374
374
368
376
372
364
378
354
314
274
256
238
192
158
124
84
64
60
72
74
100
134
180
260
332
376
398
412
412
400
400
384
388
398
402
400
394
404
404
400
408
402
404
404
402
406
402
406
404
404
412
426
424
418
434
428
422
424
426
428
432
426
402
370
320
264
218
174
152
150
140
142
140
138
168
202
178
166
174
174
226
234
238
274
290
266
292
292
280
274
274
292
248
278
280
284
262
148
166
200
196
216
228
202
214
228
260
224
284
284
264
216
266
206
240
246
246
262
242
272
268
262
250
228
212
266
224
232
224
224
214
200
162
168
160
166
150
154
138
136
124
110
76
60
108
198
304
390
392
386
376
374
374
372
376
364
370
376
370
374
372
370
378
372
374
368
366
384
364
390
308
206
232
88
50
58
54
42
40
38
42
44
38
40
48
88
142
212
272
336
378
410
420
412
402
400
406
404
398
400
406
404
400
406
404
402
408
402
404
408
412
406
284
188
180
260
332
350
358
358
322
272
226
176
124
128
124
126
148
162
188
212
184
242
198
230
242
208
212
244
236
290
278
284
324
322
318
306
276
270
272
278
250
256
250
228
226
210
208
212
174
184
242
270
260
226
248
294
236
222
284
290
260
246
284
306
280
222
216
232
252
270
258
234
226
222
246
210
232
238
216
226
180
186
178
174
166
162
160
132
104
106
88
84
62
58
46
70
160
272
366
394
386
376
366
376
366
366
374
370
372
368
372
378
368
376
372
368
374
362
374
354
276
232
166
46
32
46
42
42
54
46
46
52
52
52
44
38
46
66
106
168
204
262
332
394
416
426
406
404
410
398
402
404
402
400
402
404
400
406
414
394
210
94
120
114
106
112
116
118
120
122
128
126
152
180
196
210
196
224
204
176
200
158
186
190
222
278
202
252
290
284
284
284
266
272
252
236
212
204
180
172
192
178
180
214
180
190
192
188
232
232
168
236
270
260
248
232
246
238
188
260
312
280
232
254
282
262
304
296
228
158
172
230
182
260
260
222
224
196
212
166
210
208
196
182
164
172
168
120
74
60
62
60
58
60
52
46
42
40
56
122
238
342
398
382
376
366
372
376
368
372
374
370
374
366
372
370
370
378
362
368
374
376
308
272
156
30
52
60
50
82
68
50
60
64
66
64
62
56
50
48
54
66
66
80
134
208
302
376
398
418
424
418
412
404
404
402
404
410
408
434
302
98
120
136
126
132
138
140
154
180
192
208
184
212
202
174
166
156
192
202
204
220
208
214
214
274
212
176
232
214
206
216
186
202
192
206
230
210
202
200
168
172
216
214
228
218
208
204
224
216
230
238
246
198
208
242
274
276
294
238
262
300
310
318
268
252
280
278
268
322
280
206
176
226
228
238
202
216
236
234
232
216
216
204
170
154
166
148
74
56
54
48
52
54
60
58
52
60
46
44
44
46
98
218
326
394
382
368
372
368
374
364
368
370
362
370
368
366
372
362
358
366
368
380
314
312
240
126
66
56
50
48
50
62
74
86
86
80
82
80
68
66
60
60
66
58
46
50
118
180
232
254
298
346
378
412
424
418
406
388
362
180
114
118
140
148
158
184
188
188
190
180
154
152
176
170
160
160
184
178
196
198
212
210
226
248
216
220
210
216
222
208
228
208
226
236
228
238
224
210
202
232
248
246
270
244
270
252
232
246
228
256
272
280
248
258
304
318
238
248
232
270
310
284
354
358
318
300
198
232
286
310
306
292
294
236
254
242
204
206
224
224
206
192
190
162
196
164
78
56
58
58
74
72
62
68
74
62
62
58
56
54
50
56
60
102
210
336
390
384
366
374
364
366
368
362
368
364
366
374
368
364
368
370
378
368
348
338
224
38
8
14
22
28
36
58
74
80
84
88
86
84
82
82
76
74
64
64
76
88
76
82
78
78
70
108
204
234
228
196
162
132
142
182
178
214
230
230
144
134
146
176
202
176
174
196
180
180
184
176
184
208
206
228
232
236
300
270
286
286
232
258
236
258
286
290
300
306
264
288
280
264
270
270
292
294
292
282
280
268
330
300
264
286
308
266
308
252
278
324
320
318
254
288
340
332
354
362
346
250
300
306
312
306
290
284
266
260
252
220
216
234
138
180
210
204
178
174
132
60
44
60
116
118
58
56
62
68
58
74
70
70
70
68
60
46
52
50
96
198
306
368
386
368
370
368
362
370
364
360
372
376
362
372
372
372
372
380
384
344
240
164
92
56
34
32
42
60
76
86
94
94
88
84
84
82
68
76
142
210
218
146
154
154
148
116
128
124
128
134
164
172
174
180
186
194
178
174
186
206
222
232
224
208
208
214
228
264
250
226
240
242
256
256
240
276
268
338
330
298
304
294
300
276
294
336
320
304
300
310
324
316
304
282
284
330
306
320
336
302
292
362
358
312
346
324
262
290
308
320
346
350
336
254
308
384
356
352
362
356
386
312
340
314
308
292
270
268
254
210
210
216
202
182
226
176
156
148
144
118
54
74
128
166
142
76
66
68
74
76
86
106
96
72
58
66
60
52
60
68
72
100
170
276
346
380
368
358
362
354
358
368
368
356
370
370
374
372
374
386
390
394
354
226
128
48
26
28
38
54
72
86
92
92
96
98
96
110
156
238
282
240
176
194
234
216
218
236
220
214
246
254
256
256
258
282
208
166
226
306
260
278
286
254
284
296
312
342
336
340
338
304
316
314
328
282
270
314
324
334
336
344
340
342
346
328
362
368
356
344
366
350
328
352
368
328
350
366
314
346
346
342
390
396
378
384
380
358
342
352
340
378
392
346
390
396
386
390
394
390
394
388
346
370
328
362
300
260
272
252
208
206
228
228
244
232
204
156
176
166
112
64
160
118
116
88
60
62
68
66
86
76
80
106
110
110
122
148
156
132
98
100
114
106
106
136
212
360
362
362
360
356
364
362
362
374
366
372
378
378
390
380
388
394
352
164
48
34
28
30
38
54
62
74
86
102
106
110
174
192
206
238
246
202
220
254
222
202
256
254
280
298
272
286
280
268
266
294
304
324
344
334
318
314
300
342
352
348
366
320
300
310
332
338
332
360
350
278
286
292
320
352
342
334
364
376
370
384
398
394
356
358
364
354
364
388
380
400
364
322
378
396
390
412
388
410
398
406
396
414
408
384
418
426
390
380
408
396
400
422
422
396
370
382
392
360
358
328
302
280
270
220
190
220
200
208
254
228
220
178
108
54
156
188
88
88
68
56
50
62
56
62
58
58
60
92
152
162
214
240
156
74
68
38
62
118
130
82
228
358
358
354
352
364
370
362
364
370
374
378
376
382
380
382
384
398
348
60
40
50
44
56
64
66
66
76
86
98
138
160
162
212
242
254
228
224
274
282
262
238
258
266
240
260
306
292
256
308
304
248
268
262
302
318
352
338
352
290
326
324
320
288
262
324
294
334
352
370
262
278
318
364
374
352
360
360
344
350
358
382
354
366
380
352
372
404
394
392
420
406
406
398
392
408
394
412
426
414
416
452
478
488
476
434
446
454
434
398
432
420
402
378
364
332
356
362
328
344
350
302
256
272
252
218
224
208
224
208
270
278
182
86
38
150
142
92
96
72
46
44
72
100
60
52
70
56
54
76
90
128
160
98
50
34
40
30
62
124
78
108
310
366
350
354
360
370
370
374
374
368
378
368
376
378
378
388
366
168
54
54
66
58
64
72
76
88
102
102
112
138
178
142
198
226
200
224
234
200
216
216
194
178
152
158
192
260
250
200
244
248
230
228
260
256
260
260
292
294
268
298
296
278
256
270
290
278
322
322
306
312
296
298
352
350
344
326
346
368
356
368
362
338
374
360
356
372
364
374
334
374
318
360
390
374
370
412
394
390
384
422
438
430
426
418
432
438
402
398
408
394
386
374
352
334
334
318
318
340
292
316
308
246
252
254
248
272
296
282
250
250
234
160
96
148
144
130
102
98
80
54
84
142
158
94
54
66
68
84
84
74
66
78
60
36
74
60
66
84
70
74
94
192
364
354
354
346
372
368
370
372
370
370
370
374
372
376
404
198
6
34
36
44
50
52
64
78
82
94
96
98
100
152
170
186
142
164
176
216
202
162
148
156
166
172
204
218
234
220
210
184
184
214
208
194
218
242
220
230
254
256
270
264
264
254
244
270
288
290
290
284
280
276
272
292
320
308
296
336
362
346
344
342
346
346
346
376
406
370
364
410
400
312
308
380
366
336
408
430
390
374
408
426
416
410
428
454
426
404
424
424
408
380
410
428
372
342
348
314
316
342
308
284
284
278
260
276
246
272
282
282
248
184
110
150
220
174
150
114
112
94
102
138
166
188
132
70
66
72
106
106
92
66
70
80
64
60
50
76
72
80
130
160
126
210
198
244
358
364
370
368
362
366
376
368
362
392
354
210
68
16
28
28
36
52
58
64
74
84
90
94
90
112
142
148
148
180
146
178
212
222
184
196
212
230
226
236
232
226
226
224
186
196
180
166
160
184
226
212
198
210
216
232
240
230
232
258
258
246
260
262
276
270
272
282
296
302
286
294
342
326
308
328
310
306
316
332
368
374
362
382
364
354
388
376
388
372
378
388
404
408
444
432
454
468
428
452
456
450
446
434
444
442
440
434
420
406
398
380
320
328
364
344
358
322
314
250
256
270
272
272
234
198
148
128
126
168
200
152
124
120
100
76
64
72
78
108
110
74
60
62
68
102
120
130
114
126
106
66
66
98
138
152
226
186
124
148
232
348
368
366
370
370
370
370
376
386
328
130
24
20
28
28
38
56
70
78
86
84
84
84
86
108
120
110
100
84
96
116
170
230
224
218
238
234
198
184
190
196
186
196
236
236
212
206
178
174
176
178
184
186
198
206
212
218
214
232
244
256
246
254
262
264
274
268
278
308
288
284
290
322
318
320
316
300
300
312
332
354
330
346
374
324
338
384
396
394
376
392
440
402
386
444
388
418
452
440
434
430
422
428
430
414
440
434
382
388
396
392
388
316
360
358
368
330
318
320
278
252
258
262
238
210
158
160
152
130
272
214
156
134
128
96
64
54
52
44
70
90
84
86
64
56
58
106
128
116
122
112
74
74
122
162
174
232
218
196
206
300
346
368
372
366
368
366
374
366
252
106
48
34
30
32
46
58
74
84
84
84
80
84
84
86
90
76
70
72
64
64
88
120
166
198
210
210
242
274
322
316
276
220
238
292
246
220
200
192
172
162
158
162
176
194
192
198
210
220
216
226
250
244
244
242
250
264
244
286
270
262
282
286
312
308
298
306
304
304
312
330
322
310
346
370
342
348
394
422
372
378
380
372
430
390
418
412
400
452
450
406
388
368
440
462
442
424
398
358
342
354
354
376
350
332
392
360
306
298
308
278
256
242
222
236
198
142
160
164
192
268
288
242
176
186
106
92
66
52
46
60
88
94
108
110
80
74
60
52
60
54
54
76
122
182
206
222
198
188
174
262
338
332
370
372
366
372
376
368
200
54
8
18
28
30
42
64
76
84
82
82
78
78
78
82
78
66
66
66
62
66
86
92
102
156
236
316
342
368
346
246
166
166
166
178
240
196
174
178
170
160
146
152
168
176
180
188
182
182
194
198
220
248
246
232
224
238
234
236
256
256
268
278
280
274
280
290
284
284
300
330
338
314
306
358
362
340
334
374
376
340
348
350
408
402
392
404
408
406
428
398
422
392
366
408
432
392
334
306
312
324
334
364
368
330
336
352
332
310
300
268
236
250
240
206
204
160
148
192
212
190
206
204
196
194
182
86
84
94
94
62
48
72
112
118
118
106
90
106
128
136
140
154
186
214
218
202
206
192
156
172
300
330
332
360
366
362
374
332
158
18
30
20
26
32
36
54
64
76
86
88
82
74
78
78
76
68
62
60
64
72
82
82
140
240
320
352
352
346
364
294
242
220
200
158
112
106
142
156
152
152
170
182
168
160
180
174
202
188
194
184
184
212
240
208
212
228
246
240
244
236
236
252
258
264
260
280
282
270
280
320
332
306
298
332
348
342
322
326
362
376
356
378
390
398
410
358
364
388
366
316
380
400
404
426
390
314
362
366
350
400
384
372
360
360
340
312
306
336
296
288
256
232
230
258
226
192
166
168
192
218
196
202
218
190
178
152
108
104
116
144
140
118
134
142
136
110
140
112
118
172
190
194
188
174
162
166
176
178
152
188
290
320
326
322
354
366
372
384
236
90
72
70
66
64
74
80
94
96
92
88
80
70
72
74
70
66
62
62
76
82
86
146
244
312
358
340
350
364
364
370
346
186
114
90
104
100
90
98
134
134
146
164
158
160
166
180
164
168
168
194
190
202
214
200
176
180
204
224
210
224
230
228
252
258
258
270
282
284
262
282
308
334
294
292
314
330
328
320
338
370
366
346
362
354
358
370
346
346
374
378
372
386
376
356
382
394
278
274
374
376
350
350
338
340
322
342
334
314
270
278
252
192
206
222
204
202
186
200
190
206
188
184
196
222
214
196
178
134
148
152
124
128
172
194
166
130
124
158
166
168
174
188
174
158
166
184
180
160
164
276
324
322
310
322
320
358
370
324
186
86
70
70
70
70
54
60
62
68
62
66
70
88
86
74
70
62
62
74
84
102
156
256
308
366
350
360
368
366
368
378
388
222
46
82
94
94
94
84
78
84
110
132
142
136
140
144
164
186
166
150
162
178
178
190
204
188
182
170
180
208
212
228
242
258
268
276
284
278
270
280
292
308
314
306
304
322
338
330
344
356
366
354
344
298
340
358
380
408
364
372
380
364
374
386
362
368
372
334
310
316
316
328
290
294
318
308
310
308
306
270
256
240
200
176
200
198
194
192
194
202
212
210
204
220
220
216
202
152
136
128
162
162
148
148
152
156
146
144
144
164
172
170
176
174
176
168
140
114
196
300
320
312
316
312
316
312
360
352
194
54
10
18
22
24
30
40
48
58
72
80
86
88
82
74
68
60
64
78
102
156
254
330
374
360
366
378
380
376
376
372
370
322
96
56
84
84
90
90
78
78
74
78
90
116
132
146
136
146
168
170
158
144
166
166
160
164
188
196
200
190
210
244
238
246
252
260
276
276
280
270
258
280
296
298
274
304
290
294
290
334
342
336
334
350
344
376
358
372
368
348
352
342
350
332
374
364
344
316
306
348
346
290
292
260
284
250
226
250
304
286
222
196
210
222
184
198
210
204
198
202
204
218
218
186
130
164
196
196
158
132
116
120
140
166
180
172
184
208
176
148
160
152
160
174
144
94
98
154
258
308
316
306
314
314
304
314
310
354
250
204
108
84
94
104
114
84
74
80
78
80
72
68
60
60
60
66
82
120
176
252
334
364
368
368
366
380
374
380
376
372
374
388
238
22
32
64
88
86
86
84
80
78
72
74
84
110
132
122
126
144
158
168
168
156
166
162
150
174
182
188
218
238
262
278
242
236
248
258
252
258
256
260
282
284
272
268
282
298
288
296
306
306
298
314
342
340
362
336
332
338
324
328
312
334
320
296
322
274
262
322
346
352
284
220
258
280
228
218
210
230
186
164
158
138
132
124
134
142
140
132
134
154
156
154
130
106
112
148
182
172
136
122
130
150
130
138
152
156
154
140
150
154
160
158
92
112
216
278
314
318
302
312
306
308
312
310
310
306
300
282
248
216
196
148
130
110
72
56
52
54
56
60
62
66
74
90
134
214
270
348
364
374
368
374
376
366
374
370
370
370
374
376
376
316
140
74
50
72
82
88
96
90
84
84
82
80
78
100
120
120
124
130
150
166
174
168
166
158
174
192
192
202
226
268
278
262
270
246
242
236
246
254
238
248
252
250
282
272
264
280
302
272
282
282
306
320
340
352
310
314
302
316
310
302
298
294
312
308
284
282
292
296
332
246
254
256
196
120
86
74
58
62
56
58
54
52
56
50
52
52
60
60
64
70
76
84
96
100
98
106
108
114
154
178
178
160
160
144
126
144
150
160
164
136
130
222
292
326
310
306
304
306
314
302
314
316
306
312
302
228
116
104
98
54
22
24
40
40
50
54
54
62
62
66
100
150
216
270
354
370
370
364
372
368
364
372
370
372
364
370
370
368
374
370
392
250
50
40
50
72
86
84
88
90
88
72
72
76
72
88
116
122
124
134
142
160
150
164
164
180
200
192
208
218
252
252
272
268
234
250
238
228
242
232
246
244
240
274
250
242
266
272
258
254
268
276
286
300
294
278
278
282
276
266
268
256
238
256
276
258
262
268
228
228
210
158
164
96
66
82
72
74
70
68
92
82
74
72
66
62
68
70
72
72
82
92
102
112
118
130
142
152
170
190
204
186
172
184
154
144
176
170
136
114
188
286
308
306
304
298
308
304
300
310
304
306
306
306
308
294
112
10
24
24
34
34
34
40
44
46
56
68
98
130
164
228
280
344
364
366
364
368
362
364
368
368
366
366
376
368
364
376
372
370
366
370
342
192
98
38
40
84
102
90
112
96
70
72
74
70
72
80
106
120
136
132
150
172
154
164
180
180
194
216
208
206
248
278
256
232
244
244
226
216
224
224
236
240
238
246
246
258
248
232
226
238
250
258
262
254
252
248
270
266
236
228
220
224
238
240
224
240
264
220
210
212
204
210
184
162
206
162
130
108
122
116
96
94
94
90
84
76
74
62
66
78
90
92
98
112
140
176
200
186
182
180
176
176
174
154
122
98
100
146
260
302
308
298
296
302
300
302
296
298
304
298
306
304
304
304
296
256
92
72
78
94
118
108
108
132
148
168
194
250
296
324
350
372
362
360
364
362
364
362
364
362
366
370
366
366
366
368
368
366
364
330
358
374
356
292
208
194
170
130
74
70
90
84
84
80
80
74
76
80
104
134
142
142
182
196
186
184
192
172
178
184
196
218
254
230
230
226
226
222
212
204
216
228
212
222
228
218
236
218
210
216
236
238
238
248
238
236
234
276
272
236
208
210
202
214
224
240
232
250
212
190
186
208
204
220
220
238
228
178
168
170
142
114
104
104
94
84
82
80
86
90
108
120
126
138
170
186
196
198
182
178
176
166
146
106
84
128
182
266
296
312
296
300
300
302
304
294
300
298
298
308
300
310
302
304
306
300
348
308
278
286
294
298
292
302
312
322
342
352
362
360
366
358
358
362
360
362
358
362
362
360
368
364
362
360
362
362
358
366
360
364
358
360
362
366
378
240
60
18
40
54
58
72
80
80
88
92
88
86
80
78
102
128
136
156
204
230
214
198
206
202
190
188
178
182
188
210
204
200
194
192
186
184
178
184
206
228
228
224
224
228
224
236
250
262
270
264
270
240
286
270
248
222
286
270
234
232
226
260
242
216
220
222
230
224
254
250
226
230
202
200
216
200
188
188
184
176
176
174
168
156
162
158
154
170
176
180
176
176
170
160
156
130
96
122
170
254
294
310
306
300
306
298
306
304
300
304
296
304
296
302
304
302
308
298
306
306
300
350
352
362
356
354
364
356
360
358
358
354
360
358
352
354
358
356
358
356
364
360
358
360
360
362
356
366
358
362
366
362
362
360
370
364
368
366
362
370
328
106
6
34
38
46
70
78
74
88
88
80
74
82
80
80
84
114
130
148
158
198
214
204
212
216
184
170
188
192
188
196
194
192
196
198
210
198
202
210
230
258
288
252
238
240
250
258
280
274
280
276
256
252
252
248
242
280
328
304
254
244
262
300
258
224
234
246
238
224
220
220
212
204
202
194
190
216
226
208
196
200
192
174
176
190
172
174
180
176
166
168
166
150
122
100
132
200
288
316
314
298
300
298
298
304
300
306
296
300
304
296
308
296
302
306
302
306
302
304
302
304
350
340
346
350
340
348
350
348
346
352
354
350
352
352
356
350
352
358
354
360
358
360
358
356
360
354
362
362
358
364
364
366
356
366
380
368
362
360
366
376
276
80
26
36
42
52
60
64
74
80
82
86
78
70
74
94
100
94
90
104
118
136
194
232
242
230
222
230
230
238
230
234
236
244
250
250
254
250
248
252
266
274
268
266
276
282
282
256
258
272
268
266
256
246
256
252
248
252
284
258
254
284
272
246
220
224
244
222
198
206
230
206
182
188
184
178
204
200
172
168
176
172
164
174
184
176
180
186
174
160
136
110
114
146
224
288
320
304
302
308
294
302
296
298
296
292
304
294
302
306
300
308
300
306
300
302
308
300
306
308
306
342
342
340
346
348
350
344
350
350
348
354
348
352
350
354
354
352
354
356
356
350
356
358
350
362
356
354
358
360
362
354
364
360
354
262
310
370
358
366
364
382
204
32
16
32
46
64
68
74
76
84
84
74
64
90
110
110
144
164
106
82
86
92
132
174
192
184
170
174
178
170
176
196
222
244
260
272
276
266
250
252
254
258
256
234
202
176
164
176
194
198
200
216
226
214
216
208
216
226
204
198
214
208
214
218
200
204
192
182
182
178
176
172
168
174
174
168
158
160
164
168
172
178
182
180
168
154
128
110
112
138
198
274
304
318
296
302
298
296
302
298
302
294
300
300
292
304
300
302
300
304
306
300
306
306
302
308
306
308
304
314
340
338
342
342
340
348
344
342
344
348
352
340
352
348
344
352
350
350
346
352
352
348
354
352
354
350
358
358
352
360
362
360
356
366
242
282
370
362
358
354
320
324
126
80
38
40
54
62
72
80
84
90
94
144
142
142
150
136
102
82
90
124
174
264
292
286
282
284
270
258
236
224
214
186
184
184
194
208
236
236
222
206
166
112
86
82
86
106
122
130
136
138
142
156
142
142
138
166
192
192
178
184
198
204
198
184
182
172
178
180
170
176
186
190
196
194
198
196
194
188
178
152
130
116
112
114
132
170
222
280
304
316
308
292
300
296
300
292
302
308
292
302
298
298
298
296
304
296
302
304
298
306
304
304
300
308
310
298
314
312
306
344
338
340
344
342
344
348
344
342
338
346
344
340
344
350
348
344
354
350
350
356
354
354
346
356
350
350
356
356
356
352
358
358
356
372
362
356
356
360
356
338
386
310
140
34
46
54
66
78
78
94
120
114
158
158
124
78
68
82
134
218
290
328
324
316
324
328
336
334
346
346
354
350
346
334
302
272
224
214
182
168
170
142
122
116
130
136
144
140
140
146
150
158
160
164
154
152
166
188
204
212
214
216
216
208
204
206
196
212
214
208
206
196
188
166
154
142
124
116
112
116
136
170
208
258
284
308
320
306
310
302
298
298
298
302
286
298
298
296
306
304
304
288
300
302
294
306
302
302
300
308
310
300
310
308
304
312
310
310
298
318
340
342
342
344
348
348
340
334
346
336
338
340
346
342
342
350
346
346
348
352
350
348
356
346
348
350
350
350
352
356
350
354
354
358
356
354
362
352
352
358
356
306
102
2
36
56
70
82
78
78
86
100
124
110
100
90
126
162
246
306
332
320
314
320
324
328
332
340
336
334
336
342
336
338
344
340
356
356
350
334
310
276
212
176
130
110
88
88
72
62
54
56
60
70
90
102
106
120
132
140
148
144
140
128
132
140
132
126
124
118
116
100
108
120
142
168
188
218
252
278
292
310
318
310
314
302
298
300
300
304
294
304
302
294
302
296
296
296
308
306
296
308
300
298
296
304
302
296
310
306
300
308
306
308
302
312
310
302
318
310
304
336
346
340
342
336
330
334
342
342
340
344
342
336
346
344
344
344
348
342
342
348
346
348
348
354
356
346
352
352
356
352
356
352
352
362
352
356
356
356
360
282
144
50
38
44
50
58
64
70
66
68
74
78
100
140
196
266
304
328
322
322
318
332
330
330
342
340
342
340
342
334
346
348
340
342
340
340
338
344
342
318
294
258
180
92
76
76
78
94
104
124
146
184
218
250
284
278
276
262
236
226
214
220
220
218
230
236
250
256
268
276
232
278
306
314
312
322
316
306
314
306
302
300
302
302
294
306
304
296
306
298
304
294
304
304
290
308
308
298
304
304
310
292
308
308
300
308
306
308
304
312
310
298
310
310
306
306
308
312
298
322
330
350
332
338
332
336
344
330
338
334
340
338
344
342
342
344
340
340
342
342
342
346
348
346
348
346
346
348
348
354
348
346
352
346
352
354
356
348
350
356
350
352
204
92
72
62
54
50
62
84
118
168
228
280
312
322
330
328
328
326
340
334
340
340
342
340
344
346
338
352
344
342
342
338
340
332
346
342
336
334
286
260
220
230
238
248
268
280
292
298
324
332
328
338
328
328
320
324
324
318
330
326
324
326
324
328
316
326
322
316
316
320
318
302
314
310
306
310
306
306
300
308
306
296
308
306
304
302
302
304
292
308
304
300
306
300
298
298
310
304
298
312
304
304
302
308
310
296
312
308
306
308
308
314
300
312
310
300
312
306
308
318
324
324
328
332
330
340
316
330
334
340
336
336
332
328
338
340
340
336
340
346
338
344
348
342
338
344
352
338
346
352
344
346
348
358
346
350
356
352
354
356
360
308
272
226
212
216
242
280
314
334
356
356
348
344
346
338
344
348
342
348
344
348
346
352
352
344
352
352
354
346
352
352
342
350
344
344
342
344
346
340
354
346
348
350
350
352
340
352
346
338
334
332
330
322
332
322
318
324
324
326
320
328
324
316
330
322
320
316
320
320
310
320
312
314
312
316
314
304
318
308
306
312
312
308
304
316
310
304
316
310
308
302
312
308
302
312
306
304
308
308
310
298
316
308
302
308
306
310
302
310
306
298
310
302
304
302
306
304
292
310
