312
316
320
312
314
308
320
318
316
320
320
334
322
322
328
324
322
320
328
332
324
336
338
330
332
324
328
326
326
332
332
340
334
338
338
328
336
340
334
342
340
342
342
348
348
348
348
338
346
344
334
340
342
340
344
338
342
336
342
338
340
346
338
338
290
298
324
338
362
352
352
346
350
352
348
352
352
348
350
344
346
346
354
354
358
356
348
362
352
350
358
350
352
346
348
344
340
340
336
340
344
342
342
336
348
330
336
346
332
340
338
336
340
330
332
328
338
332
330
330
318
332
322
320
328
318
330
322
310
328
322
318
328
314
322
316
306
320
306
312
308
302
314
308
294
302
298
296
298
298
306
304
296
300
302
298
294
298
298
292
286
320
310
322
308
310
318
318
320
318
324
324
316
326
322
326
332
322
332
324
326
328
328
332
326
334
334
332
338
330
334
336
332
342
334
340
340
336
346
340
344
346
340
344
340
350
344
344
348
340
342
340
332
342
338
342
334
342
340
340
348
338
344
358
264
110
102
90
92
128
120
148
178
178
178
180
186
184
186
198
186
166
166
200
212
232
252
264
276
286
284
290
298
322
330
334
346
350
358
354
354
356
338
348
340
338
344
332
338
330
334
340
338
336
332
340
332
326
336
320
332
330
320
334
324
326
328
322
328
320
318
320
318
320
316
312
318
312
312
308
306
306
304
302
306
308
308
300
304
310
296
304
300
302
304
292
306
300
294
300
290
292
320
316
312
318
312
318
326
318
320
316
324
316
320
330
322
326
324
330
338
330
334
328
332
330
328
336
332
334
334
330
334
336
338
344
340
342
340
346
344
338
344
342
348
346
336
346
338
342
348
338
338
334
338
342
344
340
342
348
334
344
350
340
334
198
126
140
104
80
70
64
66
64
68
74
78
114
122
100
110
106
110
98
82
76
84
70
72
80
94
92
98
100
102
124
146
160
200
236
268
276
312
324
336
358
352
354
348
348
338
332
338
324
336
334
326
340
326
334
330
326
338
324
326
326
322
326
322
328
322
320
322
314
318
318
318
316
306
314
308
302
314
302
306
304
300
310
304
296
312
300
298
302
292
314
304
292
300
292
294
298
282
312
320
314
316
318
310
324
322
322
318
320
324
320
326
332
326
330
326
336
322
308
334
328
334
330
326
342
334
340
336
334
336
334
338
334
338
344
336
344
340
342
348
338
348
340
340
348
340
346
340
334
336
340
342
334
348
342
334
340
340
352
354
306
90
82
62
66
78
84
100
146
156
136
116
106
114
118
112
112
98
90
86
86
84
88
102
118
126
134
146
154
142
134
126
124
130
116
104
118
126
120
124
134
152
194
228
264
292
328
336
352
350
338
350
330
334
332
332
332
326
332
320
330
326
322
326
318
324
322
312
328
316
314
332
314
320
312
304
320
306
310
310
302
312
310
302
306
300
298
304
300
302
298
300
298
296
294
292
296
292
284
318
316
326
318
324
320
314
326
326
314
318
326
328
324
338
328
330
332
328
314
294
334
338
328
336
334
334
340
336
340
334
338
334
336
338
332
340
334
334
344
336
342
340
338
346
340
336
342
336
338
334
330
328
344
340
334
340
334
346
344
346
348
310
164
174
132
112
92
86
112
136
128
142
122
118
128
116
104
102
94
90
108
124
142
162
154
160
178
164
160
158
174
182
146
158
164
166
156
154
132
126
120
110
88
90
100
94
110
128
158
194
248
282
324
344
350
340
330
334
322
332
326
316
334
322
324
328
314
316
312
318
324
312
324
320
312
320
310
312
308
310
312
306
306
308
306
306
302
304
306
302
308
292
300
306
290
302
296
292
296
286
322
316
318
326
316
320
322
328
324
316
322
322
322
326
326
332
326
332
328
328
334
324
336
334
328
336
330
340
336
332
334
334
344
332
340
340
336
342
334
342
342
338
346
342
338
338
334
342
338
332
332
336
332
330
340
330
342
346
338
350
352
340
250
226
202
134
102
126
154
150
118
116
118
90
84
90
100
112
122
148
150
156
152
154
168
132
152
156
146
160
158
164
168
146
158
160
138
178
166
130
134
140
138
136
134
138
116
124
130
124
106
110
118
136
188
238
292
318
344
340
322
330
316
322
326
320
330
316
318
328
324
322
312
320
322
316
320
316
318
318
308
318
310
310
310
302
316
308
304
314
302
304
310
294
304
296
292
298
290
296
290
310
324
316
336
344
328
330
324
320
326
330
328
336
342
344
338
334
326
330
324
330
332
328
338
336
336
330
332
340
330
336
338
340
346
338
348
338
344
344
338
346
340
342
342
340
336
332
340
336
336
340
322
346
338
340
346
336
340
342
348
338
354
292
186
140
108
144
170
152
108
98
104
106
120
146
160
166
174
182
170
168
146
132
124
126
140
144
138
152
148
160
180
168
164
176
170
152
182
180
152
156
162
154
168
174
164
146
140
132
124
132
112
128
138
104
100
114
152
198
268
314
336
330
320
322
314
320
314
324
322
310
324
316
314
322
312
324
312
308
320
310
312
316
306
320
310
308
316
306
310
304
300
306
308
298
296
300
296
292
292
294
324
310
288
210
184
152
138
138
140
150
160
164
170
202
246
280
322
346
344
344
328
334
334
336
338
324
332
334
332
334
330
336
338
342
338
338
344
336
344
340
338
346
338
344
340
336
340
340
340
336
338
332
336
342
338
348
346
346
348
358
350
350
362
178
104
142
162
146
110
96
110
130
142
152
160
160
162
162
156
148
162
158
148
142
142
152
158
140
138
152
134
150
178
154
146
156
182
164
178
168
156
172
184
202
200
188
204
190
170
156
156
134
128
142
126
104
108
104
96
108
142
190
264
308
344
322
322
316
306
322
318
314
320
312
324
316
310
318
310
312
312
310
314
310
316
310
312
314
302
308
300
300
306
296
304
300
290
302
292
294
304
324
304
290
224
134
88
76
40
26
28
36
28
30
36
38
58
106
168
224
288
334
344
348
338
336
330
338
348
328
334
334
334
342
338
346
340
342
342
338
346
336
338
342
340
346
352
364
348
348
346
340
346
344
356
364
350
342
330
312
290
276
250
234
158
132
144
136
138
120
126
142
150
164
164
178
174
194
204
210
228
166
140
158
156
154
174
150
134
172
160
180
194
156
148
138
142
156
190
186
172
152
182
240
214
202
208
222
210
234
222
194
208
188
154
162
158
134
106
116
104
106
94
98
140
216
282
312
340
318
310
320
316
322
316
314
316
310
314
308
320
312
306
314
308
318
308
302
312
300
302
306
292
304
302
290
304
294
290
296
290
302
324
330
322
344
316
198
88
40
44
44
52
42
42
36
30
24
20
16
32
58
128
182
272
316
338
346
338
340
336
330
340
330
344
338
340
340
336
344
340
340
340
342
346
348
330
272
248
274
298
322
324
328
318
278
238
214
176
146
134
148
142
138
118
134
148
150
192
204
192
196
182
192
198
214
244
252
258
260
248
228
190
150
182
170
160
172
190
206
192
170
170
158
160
152
132
140
170
176
156
170
158
200
194
216
256
270
242
230
262
256
260
264
226
180
196
224
174
196
194
146
142
122
106
108
94
112
156
234
308
334
328
312
320
310
310
318
306
322
316
308
320
308
314
308
304
316
308
306
306
300
304
298
294
298
296
294
294
298
294
292
294
312
316
318
318
304
154
60
40
50
58
50
50
52
42
34
34
32
36
34
30
26
28
66
122
212
278
312
328
344
334
340
338
330
338
332
342
334
334
342
336
340
338
352
276
122
74
102
110
118
130
156
162
148
146
136
144
140
168
164
204
206
178
182
168
204
224
210
234
214
196
190
210
218
244
246
254
282
260
238
244
238
194
176
190
192
194
218
198
166
170
142
136
160
166
166
152
164
174
172
180
152
162
156
194
190
212
170
184
190
206
208
160
182
178
188
202
222
226
226
246
176
178
170
142
122
112
102
94
130
198
284
328
328
318
304
318
314
308
316
308
314
308
310
312
310
310
302
308
304
298
302
300
302
298
292
306
302
294
302
290
300
324
308
320
318
312
312
248
202
168
120
70
40
38
34
26
28
32
38
44
44
42
44
44
42
56
72
106
146
204
266
296
324
340
352
350
340
344
340
344
344
352
354
320
170
88
144
146
134
140
146
168
192
208
210
244
244
208
250
242
248
224
228
252
250
272
284
276
288
296
298
282
272
280
278
278
264
274
270
244
236
224
234
270
208
182
176
174
178
164
168
164
158
172
188
156
154
166
176
186
170
138
154
164
178
174
166
174
150
168
210
180
174
206
204
210
196
178
144
142
190
160
168
170
154
142
142
146
118
88
70
90
170
252
322
322
312
312
312
316
306
312
312
308
312
302
318
310
300
310
298
294
288
286
302
300
296
304
292
298
294
286
312
314
312
316
308
320
288
222
98
22
32
22
26
24
26
30
36
38
46
52
54
54
54
50
44
42
34
30
56
102
98
138
168
202
234
282
314
316
296
270
252
218
194
172
168
202
176
188
190
210
228
218
242
240
204
196
222
250
228
264
220
280
254
250
240
250
266
276
270
246
222
224
200
198
206
180
178
210
182
204
206
190
218
192
188
196
160
182
188
168
176
202
176
172
186
156
164
176
184
164
138
160
150
160
184
180
140
132
182
182
184
192
210
180
200
210
214
214
186
166
144
136
146
136
136
152
148
162
136
108
80
54
64
138
250
318
328
302
318
308
310
310
304
314
308
304
316
304
308
304
292
300
298
294
296
300
300
292
290
290
288
308
312
306
308
318
308
328
316
190
68
20
14
26
24
30
32
40
42
48
54
58
60
58
56
54
50
58
112
154
142
112
108
124
108
76
136
160
154
152
184
168
164
180
174
184
168
164
170
180
190
188
188
206
208
188
200
214
228
226
208
202
194
202
194
194
186
196
198
204
208
204
202
184
172
198
196
196
216
220
220
220
206
208
214
214
230
226
218
234
220
186
180
196
192
204
186
160
170
180
172
178
174
150
172
182
178
176
176
150
154
174
188
196
168
214
214
194
236
180
152
172
180
160
160
138
124
134
146
146
146
108
84
76
60
70
142
266
320
312
310
304
310
308
302
306
310
312
302
308
306
306
308
296
308
302
294
300
290
294
296
276
314
304
318
304
314
322
312
324
330
274
136
66
34
34
36
28
40
44
46
56
58
64
64
60
54
100
182
244
252
222
198
212
198
194
192
184
226
164
176
238
220
196
194
186
206
168
162
182
198
220
204
190
204
192
206
228
204
218
236
210
208
210
228
202
204
214
202
234
240
230
214
204
216
192
206
232
216
226
216
214
226
220
218
226
234
248
228
218
226
214
226
214
198
184
190
194
186
182
176
170
170
188
184
184
190
170
190
216
176
190
198
190
222
206
218
184
202
204
176
172
222
206
196
186
162
126
142
130
140
140
114
106
94
92
88
62
76
176
270
328
308
306
300
308
310
300
312
306
304
308
296
308
306
292
302
298
298
292
284
298
288
322
308
314
318
304
316
314
322
314
318
292
144
50
36
28
26
36
44
52
54
60
64
68
64
94
150
208
218
218
226
242
274
270
228
216
220
250
268
242
222
256
230
226
182
184
206
204
220
206
202
214
220
204
220
206
214
218
232
234
216
252
234
222
202
200
248
246
248
222
210
220
228
210
194
208
208
210
216
212
212
212
216
210
216
226
220
252
234
188
212
234
220
200
220
208
190
202
186
184
174
170
196
196
204
186
192
206
208
192
198
202
200
230
224
214
216
216
208
260
252
180
216
238
204
162
154
200
156
132
156
124
90
72
92
84
64
52
46
82
190
296
320
304
294
314
302
302
310
298
308
302
298
296
300
300
292
296
292
294
296
280
306
320
304
312
316
308
318
316
316
318
334
304
176
52
40
30
32
38
38
46
60
64
76
88
120
146
190
184
194
162
190
270
306
238
250
238
260
264
220
212
254
218
224
216
236
254
260
218
220
228
240
220
176
260
252
260
264
264
242
228
254
230
212
198
210
270
266
244
246
244
250
228
228
230
224
218
210
226
224
240
214
208
214
230
216
222
244
234
206
204
208
228
204
196
208
182
184
184
186
180
172
190
202
208
206
194
190
192
196
182
228
230
188
220
222
240
242
200
232
268
202
192
250
252
186
150
218
190
182
138
84
58
56
58
60
58
46
40
34
38
110
232
324
310
298
296
302
304
300
304
294
296
300
292
300
288
292
296
278
296
292
304
316
312
304
316
310
316
310
308
316
316
328
288
150
28
16
20
18
26
38
52
66
80
102
136
130
136
156
204
170
194
270
288
284
290
280
254
222
210
222
226
258
274
238
268
278
262
242
256
294
258
198
168
284
304
280
270
258
252
244
252
248
234
248
252
294
276
264
258
256
242
256
250
244
248
232
246
244
232
250
252
250
242
232
226
244
236
224
226
214
218
228
218
214
212
208
208
216
208
194
192
200
216
228
218
200
196
172
158
160
234
204
206
216
228
238
216
194
208
210
168
190
260
252
220
192
238
192
108
56
42
46
54
52
50
52
50
56
54
44
34
62
154
272
322
306
294
306
286
302
296
280
300
292
298
292
278
292
294
284
294
320
304
316
310
306
308
302
312
314
320
302
306
354
268
96
44
28
34
42
44
56
72
98
132
156
118
148
202
274
204
208
274
246
244
222
228
228
226
238
218
230
232
258
260
258
242
226
262
246
258
274
244
234
288
298
274
282
258
262
258
254
238
256
284
280
286
296
312
254
236
274
272
238
246
260
260
266
240
250
254
250
248
248
234
238
242
234
232
238
228
218
218
242
228
232
230
206
220
218
190
206
194
208
208
232
242
218
222
180
182
190
172
200
202
176
176
204
178
166
192
148
162
206
216
204
180
174
108
44
50
68
80
74
62
68
96
86
64
52
50
42
38
32
82
194
290
300
302
292
284
298
294
292
288
286
288
286
286
282
294
294
318
316
292
304
298
302
308
308
316
316
320
300
270
96
42
30
36
38
38
50
66
76
92
142
134
140
202
250
256
206
246
196
150
170
188
192
212
230
230
192
228
204
200
226
204
200
224
224
236
252
260
262
254
252
274
250
244
266
254
262
222
204
240
216
312
278
280
290
264
284
274
264
298
270
268
284
266
278
266
248
256
264
256
254
250
250
240
250
254
266
248
260
252
252
248
258
248
238
228
208
232
218
212
204
222
228
220
272
244
232
244
232
202
192
180
178
198
182
174
186
176
180
174
158
148
132
84
42
52
86
128
152
112
106
120
104
92
74
70
64
60
58
60
50
50
108
220
286
306
296
294
282
294
290
282
290
284
296
290
278
300
302
314
304
296
308
302
312
320
316
314
316
340
188
60
40
30
26
26
30
48
64
82
116
156
156
168
228
212
232
176
164
150
192
198
214
226
274
272
262
226
216
224
222
200
182
212
220
214
238
252
256
264
250
236
242
236
242
248
268
278
260
214
182
178
266
248
254
258
274
300
276
320
306
304
306
290
294
298
282
302
318
316
306
326
288
298
282
268
286
268
252
256
248
272
284
284
314
300
238
258
244
248
232
234
236
236
250
252
252
252
240
242
262
214
194
218
188
178
194
188
214
204
202
184
174
116
52
48
94
94
86
108
128
134
170
150
100
78
116
92
82
70
72
72
68
66
70
126
226
282
316
296
286
294
278
292
280
282
290
284
292
320
302
314
302
314
314
306
318
308
318
324
310
150
88
46
36
26
26
44
54
62
92
140
162
174
152
164
166
200
176
166
168
190
182
178
164
174
204
220
238
236
260
250
220
180
226
240
216
248
250
246
258
264
256
244
234
254
276
256
266
250
158
164
234
270
280
264
264
292
274
296
316
308
322
288
304
312
284
318
376
336
316
334
338
298
336
328
302
324
296
304
310
292
268
308
316
288
324
288
246
198
248
238
228
240
254
234
232
216
254
234
236
276
214
216
224
204
204
178
236
266
260
202
188
134
54
56
120
140
74
48
56
78
112
144
120
118
88
108
130
92
72
78
80
78
72
62
50
60
126
204
282
296
294
280
286
284
288
290
278
292
316
306
310
316
306
318
322
312
312
336
282
94
8
22
22
30
30
40
50
52
58
104
152
140
146
104
48
54
106
142
180
176
150
142
188
188
180
156
216
266
238
266
266
228
204
200
204
192
218
240
236
232
236
248
246
230
256
270
244
250
252
228
222
268
284
272
274
244
274
286
308
320
320
288
294
346
308
292
344
356
312
320
340
310
316
356
324
334
326
304
344
356
332
318
316
286
302
312
338
304
274
294
248
252
280
290
268
226
236
258
246
244
222
218
206
222
240
192
178
214
228
248
188
112
72
54
86
138
106
66
68
68
62
70
62
68
74
64
52
56
66
74
84
100
106
74
62
58
52
54
50
98
206
294
282
286
290
274
290
278
282
310
308
300
312
304
302
316
314
300
172
38
6
36
42
36
32
40
44
52
54
62
100
110
94
76
56
50
56
80
104
130
162
230
220
182
164
154
168
208
176
166
182
208
244
226
240
220
204
196
196
198
200
214
222
236
232
238
248
246
230
238
258
280
286
272
268
294
268
282
304
304
314
286
280
298
326
284
322
358
302
294
356
354
304
328
366
350
332
328
324
332
342
386
316
250
324
344
320
318
328
292
290
262
272
256
240
236
250
248
236
224
202
202
206
178
184
180
166
176
190
242
216
152
84
102
92
104
108
86
64
84
104
100
72
58
56
70
62
44
38
38
54
64
92
78
46
44
54
36
40
56
62
52
144
288
278
286
280
286
278
268
300
306
316
302
314
304
310
330
286
194
170
154
124
104
62
40
42
46
54
66
76
72
68
62
52
52
58
72
74
126
222
254
242
88
58
68
76
86
108
148
148
156
174
180
198
234
236
224
210
198
182
202
218
206
220
208
208
244
248
226
240
244
234
252
230
258
268
266
284
280
276
284
274
282
298
302
294
332
312
288
332
350
304
316
346
366
332
314
350
356
308
346
354
228
258
328
334
336
308
310
312
284
294
272
262
270
266
270
242
232
266
234
228
216
224
198
180
160
166
172
210
176
92
102
102
116
138
178
102
70
108
128
106
80
70
62
66
64
60
60
62
56
50
60
46
42
40
26
24
20
46
70
64
60
190
276
280
272
274
276
266
310
300
308
306
304
310
302
246
102
64
52
46
30
28
26
38
42
50
64
60
56
56
54
48
52
56
62
78
156
224
260
204
90
68
82
68
78
98
102
124
150
140
142
170
184
220
238
216
224
226
196
196
202
194
194
202
204
220
220
228
242
242
232
228
214
242
248
278
272
260
280
268
280
288
266
264
326
310
268
294
352
318
302
334
352
332
332
340
374
344
324
348
388
268
302
342
366
336
314
316
310
276
304
316
316
290
268
274
276
244
214
220
220
240
228
192
208
200
166
164
138
120
74
64
88
128
136
144
82
82
92
76
66
66
78
66
64
62
60
68
70
52
46
54
46
32
80
38
20
28
30
46
56
66
116
246
278
272
276
278
260
304
302
302
312
290
320
306
190
100
80
54
38
34
38
38
42
46
52
46
48
50
50
46
56
60
58
92
202
256
242
276
122
6
60
70
68
78
94
112
114
124
154
152
164
202
194
214
206
218
206
202
190
194
196
198
204
200
206
196
198
216
220
234
232
234
240
244
272
266
278
250
258
296
266
240
298
338
274
270
352
330
282
314
362
330
304
326
362
360
328
354
370
382
318
312
380
340
342
330
348
324
314
318
342
344
282
256
258
240
264
248
250
224
242
198
210
190
166
166
138
138
112
74
100
136
130
112
90
82
68
56
62
68
54
64
88
88
66
52
58
60
60
60
60
54
52
56
14
34
40
32
56
106
104
126
248
274
274
264
278
264
304
304
294
310
318
290
192
118
78
38
20
22
28
38
40
40
46
46
48
52
46
40
62
66
74
170
228
254
266
298
302
144
32
34
50
60
70
84
100
106
118
162
174
148
168
182
200
200
192
196
216
202
188
194
188
200
204
204
186
178
184
202
198
232
238
210
238
268
256
288
264
282
286
258
280
328
302
274
334
346
284
276
360
368
302
320
368
392
336
342
390
406
348
360
392
392
360
320
360
356
304
368
324
282
296
280
296
278
250
266
278
280
252
238
218
220
164
176
138
132
138
116
104
158
174
140
100
86
102
82
58
80
98
84
74
88
96
100
94
62
46
58
74
88
96
96
56
40
42
62
88
116
172
176
132
220
280
270
266
274
260
298
298
302
300
322
224
92
6
8
16
22
30
36
38
42
44
44
44
46
42
42
66
70
98
204
264
276
308
298
312
314
226
30
28
48
58
64
74
86
104
114
122
160
158
180
162
208
216
176
208
228
204
198
190
186
204
206
210
196
188
182
194
208
206
216
218
222
238
270
274
278
326
268
278
348
316
278
312
332
270
258
320
372
322
314
352
392
360
342
388
414
376
350
382
428
332
328
376
384
350
326
318
324
292
280
286
308
314
294
286
304
268
242
244
216
176
156
202
128
122
128
142
150
170
154
152
114
86
96
86
66
66
100
96
86
110
128
130
134
110
64
50
50
74
82
96
82
62
78
116
138
126
162
188
134
114
152
108
184
278
272
304
294
322
286
146
28
8
16
20
24
28
32
38
42
42
40
42
40
40
50
66
88
162
230
284
314
304
316
306
308
318
230
12
26
40
54
62
70
78
92
110
118
120
178
176
162
158
210
216
190
202
192
192
204
212
206
198
186
198
214
200
206
220
196
196
204
220
222
256
276
296
296
260
306
328
276
276
332
288
296
304
322
362
330
316
362
378
342
360
388
370
364
340
300
352
324
326
392
366
330
338
324
332
348
304
320
306
330
308
248
264
258
244
242
304
202
182
190
158
132
134
142
152
166
148
138
98
76
66
80
118
104
90
84
92
136
160
154
142
128
118
86
74
60
56
56
64
60
92
140
136
134
158
174
136
94
86
88
198
260
264
304
308
248
98
20
38
46
48
34
34
36
38
38
38
40
40
42
40
54
82
140
202
278
300
310
314
310
304
314
296
318
278
82
14
30
46
56
64
80
88
98
114
108
126
168
156
162
170
210
222
196
200
190
194
200
192
198
214
210
192
200
204
224
200
200
220
246
218
222
242
258
258
270
324
302
250
300
342
318
328
338
312
318
330
338
344
342
348
354
362
338
360
342
304
346
326
310
344
288
308
310
328
320
342
316
284
296
294
282
258
258
232
250
264
282
188
178
142
142
136
144
102
108
174
168
122
86
104
128
94
110
140
166
168
142
162
158
138
120
140
136
110
124
142
148
130
132
140
134
146
152
162
180
160
146
126
102
164
252
260
264
294
318
286
250
232
188
124
90
38
30
38
46
38
38
34
36
46
72
130
192
278
292
312
310
310
300
316
296
314
318
308
310
200
16
24
34
46
58
70
78
86
90
104
106
116
160
206
204
220
234
240
200
192
184
184
200
224
240
208
186
206
212
210
214
216
230
248
236
246
240
266
256
290
294
292
292
316
306
298
344
336
288
302
332
312
286
326
340
326
296
332
342
328
312
328
340
314
282
262
336
308
244
270
328
274
220
238
260
256
246
238
206
200
212
280
192
156
180
150
156
144
86
68
124
162
148
122
124
166
168
110
110
142
172
188
184
166
130
106
116
104
106
122
146
136
128
124
140
136
132
160
152
154
164
146
120
164
246
262
250
258
282
176
102
52
38
30
20
22
44
60
62
52
30
30
44
70
116
194
270
286
318
310
314
304
314
296
308
320
296
312
300
326
256
74
4
28
40
52
62
66
70
78
88
98
96
110
194
210
194
178
206
200
178
182
202
212
218
204
196
214
222
222
218
230
216
226
254
234
250
242
274
262
278
264
260
318
302
268
318
320
308
294
298
312
300
302
314
286
248
264
282
296
304
282
304
308
288
220
272
314
244
210
242
260
246
212
210
258
242
240
204
204
216
228
222
228
188
168
150
166
158
116
76
80
110
134
124
100
108
186
220
188
142
134
150
170
144
120
128
122
114
122
126
130
118
112
108
102
108
126
132
134
142
136
108
136
240
256
256
240
260
248
138
120
116
104
94
90
68
56
44
32
32
66
102
148
216
270
286
318
308
310
314
306
310
308
318
292
314
306
310
296
310
310
188
54
42
36
42
50
52
64
70
82
90
96
96
130
212
176
158
168
170
176
190
212
206
200
202
214
218
214
218
234
228
222
230
244
240
248
246
258
260
294
280
264
268
252
250
288
318
296
304
284
284
300
284
262
256
254
274
256
236
222
282
278
256
232
236
284
242
218
242
240
244
260
210
218
158
104
94
92
84
76
80
86
116
106
104
100
104
120
116
114
114
114
126
110
84
72
84
148
220
216
174
160
142
128
134
134
130
120
118
120
122
116
120
140
144
128
124
122
108
92
96
176
236
242
234
254
250
246
306
268
168
150
94
50
28
28
40
72
108
154
208
256
278
300
312
310
302
320
298
314
308
318
304
316
308
308
310
296
306
304
326
262
178
34
22
24
32
38
48
50
64
80
104
112
98
108
130
194
176
158
170
190
198
210
206
210
216
202
200
208
208
202
234
222
246
244
244
246
236
250
268
278
280
278
252
264
290
308
308
304
316
304
268
266
246
244
264
250
252
230
252
252
256
228
224
250
230
172
162
166
122
108
116
94
82
34
22
22
22
24
24
24
24
20
26
32
38
44
50
58
70
92
96
94
84
90
86
80
80
98
138
168
178
172
172
152
150
156
168
160
140
130
134
146
158
140
118
100
88
142
190
228
240
234
238
236
242
240
252
304
214
52
34
52
90
134
170
202
236
258
288
288
310
300
310
300
312
294
314
312
308
310
308
314
302
318
296
312
298
304
290
306
320
268
66
26
42
34
54
56
112
106
126
92
82
92
96
94
150
182
190
198
182
192
204
216
204
194
186
196
192
178
186
218
228
208
224
202
208
210
236
254
268
278
278
270
256
262
300
286
280
294
294
300
286
278
268
246
252
250
254
274
296
250
222
232
212
222
194
134
136
110
68
42
26
22
24
28
28
26
30
28
30
30
32
32
32
34
38
44
50
52
50
58
66
76
92
124
156
148
108
82
96
110
132
146
134
144
138
134
120
118
124
116
94
72
62
74
162
208
244
228
228
226
226
232
226
250
244
238
304
292
288
262
266
286
286
296
292
304
294
316
296
308
306
304
302
310
318
296
322
302
316
300
316
294
308
308
298
304
296
310
288
314
280
230
156
188
170
216
170
160
78
68
68
78
118
174
98
84
116
160
170
172
178
192
196
206
204
194
176
172
166
172
176
180
174
192
192
212
240
244
240
232
258
282
294
306
288
286
306
300
288
306
314
292
282
284
262
284
286
312
314
288
252
260
258
252
240
260
272
238
226
234
234
166
130
110
70
44
36
40
38
38
40
36
40
38
40
40
44
56
70
88
104
122
124
126
156
166
172
144
132
142
148
134
112
102
104
104
110
112
92
60
50
82
114
174
206
232
214
220
220
220
224
216
232
234
240
238
236
290
288
300
308
288
310
300
310
294
306
284
298
310
296
308
308
320
300
316
300
308
308
306
306
304
312
296
310
292
306
286
306
290
302
300
288
288
262
178
110
52
32
48
60
74
68
142
202
86
88
90
96
100
128
136
160
174
168
186
180
162
170
160
170
184
192
206
194
218
242
262
256
244
252
250
196
170
172
196
166
160
254
302
302
302
280
276
276
276
280
284
310
320
284
266
270
286
296
266
262
286
248
260
278
276
254
238
264
216
162
128
102
80
70
66
66
68
62
68
78
94
132
166
176
198
210
198
180
166
152
148
144
152
150
138
142
134
128
128
118
88
70
78
120
182
210
226
232
214
218
216
230
218
218
230
226
232
222
230
254
234
286
302
278
300
294
298
302
294
296
292
304
286
304
296
304
302
310
306
302
314
296
312
304
318
290
314
302
312
290
294
308
290
308
290
304
302
218
32
2
4
20
40
58
68
72
60
104
96
70
78
82
78
66
64
64
74
100
134
166
166
170
168
174
176
172
208
224
222
234
240
250
248
254
250
244
212
134
68
48
54
54
80
172
222
252
244
250
250
252
248
246
248
252
248
230
242
248
272
280
276
266
272
244
258
232
236
242
240
236
234
234
210
168
160
170
158
148
146
146
156
182
174
192
196
216
222
208
190
172
160
148
144
140
134
120
112
106
90
74
64
100
160
222
216
222
218
208
218
216
226
220
220
224
226
234
216
222
228
232
236
228
288
294
294
286
302
286
302
294
300
286
308
304
292
306
298
304
294
314
288
308
306
304
300
304
306
302
314
294
306
300
316
276
302
294
302
302
166
0
14
20
30
40
56
58
64
138
178
76
58
66
64
62
62
58
56
60
58
60
90
102
104
102
98
82
82
108
132
160
206
248
264
256
252
238
222
212
186
160
132
112
98
92
76
86
106
148
178
194
200
194
206
234
232
218
208
206
210
228
224
244
228
216
224
228
224
224
224
210
204
218
210
208
182
200
204
202
182
176
178
174
182
172
166
172
182
186
176
154
148
142
142
128
96
62
48
48
58
76
124
178
228
214
218
214
212
216
210
224
216
218
218
222
232
218
230
226
230
222
220
242
230
304
276
302
282
296
294
294
298
300
304
286
306
288
300
298
300
296
302
304
294
310
294
314
294
310
288
306
296
300
286
292
298
288
304
290
324
160
2
14
16
20
46
90
68
72
132
60
40
50
50
52
56
68
64
60
56
80
132
190
238
246
248
226
222
196
166
142
112
80
100
144
200
240
264
272
276
260
250
196
162
146
130
122
114
110
112
114
120
122
130
142
178
204
194
174
194
202
206
208
216
200
192
198
198
198
192
186
178
164
170
176
170
172
174
164
170
166
162
162
152
158
160
150
154
154
144
136
132
126
104
76
60
84
120
148
172
204
216
230
212
216
216
222
214
212
228
214
218
210
218
226
216
224
226
234
226
226
230
228
234
222
284
276
282
296
280
298
290
304
292
308
294
296
298
286
298
294
312
284
308
292
304
296
304
292
298
306
288
302
292
302
284
308
282
310
310
310
90
4
14
24
58
84
86
50
42
34
44
56
48
48
54
60
68
76
110
160
218
262
242
242
238
246
244
248
252
246
256
256
236
200
154
114
92
106
128
152
198
234
248
264
264
252
256
216
186
182
178
172
154
148
148
144
150
144
146
184
204
198
202
198
188
180
168
166
162
158
160
154
152
148
144
150
148
146
156
160
166
164
166
170
174
166
158
152
140
118
86
66
56
70
120
174
214
228
226
218
224
202
216
214
220
210
216
222
214
218
206
220
222
216
220
222
230
224
226
232
232
230
218
238
234
280
296
272
296
290
296
294
290
296
286
302
282
300
296
302
286
304
296
288
302
288
292
292
310
286
308
288
304
288
302
282
294
290
274
218
106
22
14
20
34
42
30
22
34
40
44
52
50
62
78
66
98
130
188
248
268
246
236
240
236
244
240
246
238
248
244
252
248
268
256
280
260
248
208
188
134
124
94
102
96
136
166
186
210
234
246
270
274
260
264
268
254
222
204
184
182
188
182
178
168
164
158
152
160
164
154
152
166
178
174
178
186
180
178
186
178
176
170
158
146
132
102
76
60
58
64
84
134
166
210
226
222
216
212
222
206
220
218
222
210
214
220
214
222
206
220
214
214
218
218
232
222
230
224
236
238
222
234
228
236
234
278
288
290
280
294
280
292
284
298
278
298
292
292
298
290
298
286
302
280
298
284
294
274
300
296
298
302
286
294
282
300
270
290
196
66
2
14
20
20
28
34
42
56
60
74
80
80
106
106
158
168
218
262
266
240
238
244
236
246
242
248
240
254
246
262
256
276
258
280
268
276
264
272
266
276
280
268
262
246
220
168
160
118
112
92
96
82
106
116
126
144
164
172
186
196
204
206
208
206
206
210
190
180
170
180
170
162
168
164
142
120
104
96
88
78
66
62
62
64
66
74
98
130
156
168
204
220
240
224
220
218
216
230
210
222
220
230
214
214
220
216
224
204
220
218
220
214
222
232
224
230
220
238
236
222
234
232
242
226
240
250
294
274
296
272
288
284
288
282
290
300
280
302
280
296
286
298
274
294
296
288
290
292
296
280
304
280
296
282
298
270
302
286
304
260
174
90
86
100
96
122
126
154
144
164
154
194
186
228
232
254
262
250
246
248
254
240
248
240
250
244
254
248
272
266
282
262
282
268
276
270
282
272
268
276
258
276
266
284
266
278
258
278
268
262
246
238
222
190
178
158
148
126
122
92
92
86
90
80
90
96
92
86
86
84
76
76
70
80
84
88
108
120
132
134
148
150
174
184
200
218
224
238
226
236
224
230
222
224
216
222
228
210
226
220
234
218
220
220
220
226
208
226
220
222
216
224
230
224
230
222
234
230
224
230
230
246
228
242
238
242
256
276
280
288
292
288
300
284
292
272
286
270
284
290
292
292
296
298
286
298
278
288
268
292
272
302
294
300
290
296
292
276
284
272
296
268
274
238
270
256
268
248
276
252
264
262
270
264
260
258
244
252
246
248
234
250
242
248
252
260
254
276
282
288
280
274
278
268
284
270
274
272
288
264
290
268
278
258
270
258
278
274
256
262
262
272
252
274
256
274
254
270
252
262
256
240
234
226
228
204
196
188
212
200
214
212
218
232
226
242
238
244
228
246
228
244
240
236
236
234
238
222
228
216
230
218
228
218
224
232
220
232
224
232
212
224
220
222
226
210
226
226
230
216
226
230
220
226
212
238
240
238
230
238
246
220
234
228
244
248
238
254
