348
334
346
344
348
342
348
348
346
354
352
350
346
360
350
352
346
358
342
348
360
354
362
352
364
356
362
358
362
358
360
366
360
368
362
372
362
372
366
380
372
380
380
382
376
384
382
372
384
374
388
374
384
380
386
370
380
378
380
374
384
380
380
380
384
382
322
278
226
206
192
198
244
290
326
386
384
390
372
382
370
372
368
374
376
372
376
372
378
374
390
374
384
370
388
372
372
372
386
368
380
376
388
374
378
376
378
378
374
380
372
382
372
378
368
376
360
384
364
384
364
374
362
372
356
362
366
364
362
360
372
354
368
356
372
344
368
352
374
346
368
350
362
350
356
368
358
350
346
356
336
354
338
360
326
348
334
350
326
342
334
342
338
344
338
348
348
338
344
346
354
344
358
350
354
350
358
352
354
356
360
362
350
366
356
364
358
366
362
358
366
360
366
360
370
360
368
364
374
366
376
370
378
374
374
372
368
378
370
382
370
374
370
382
368
378
368
378
378
384
384
382
384
382
400
362
232
144
142
132
112
104
94
96
98
118
174
224
294
350
374
382
390
380
374
376
370
380
368
376
370
382
368
378
366
380
364
384
370
378
372
380
374
380
372
378
378
372
384
374
378
372
378
366
380
364
378
362
382
358
384
364
368
360
374
362
364
368
364
370
358
368
354
372
352
366
350
370
344
362
350
368
350
360
356
354
336
346
360
344
358
344
358
334
352
332
350
326
346
334
340
330
348
338
342
344
342
348
346
348
342
358
348
354
348
352
352
348
356
354
358
354
366
354
360
358
366
360
358
362
362
368
354
372
358
368
364
372
364
372
368
374
370
372
372
370
376
368
382
374
382
372
376
358
380
372
384
372
376
388
378
380
384
390
356
364
304
214
144
96
90
98
96
92
92
88
94
84
78
82
108
150
198
250
320
348
388
384
392
374
370
364
376
364
376
364
380
364
374
368
376
368
376
374
376
368
376
382
372
380
372
382
370
378
364
386
370
380
364
370
344
374
362
376
368
374
368
366
366
360
374
356
372
350
370
354
372
350
370
344
364
340
354
350
362
346
350
332
346
352
342
358
338
360
338
362
330
350
336
346
324
340
336
344
344
340
344
340
352
340
348
344
352
348
354
352
346
354
350
354
346
360
354
360
356
360
360
358
360
354
364
356
368
362
370
360
372
362
372
368
372
368
370
378
368
372
366
380
372
376
366
378
370
380
372
376
372
380
382
376
376
376
382
376
362
264
174
122
134
120
106
92
92
92
88
84
80
82
80
84
90
84
80
78
76
90
128
164
206
288
332
380
386
394
376
380
368
376
368
370
366
370
374
372
374
370
378
372
380
370
380
364
380
364
386
368
376
360
390
366
360
356
376
364
366
366
376
370
364
370
360
366
356
374
354
374
352
370
352
374
352
366
346
354
338
354
352
352
354
348
348
338
356
334
348
338
360
338
356
330
344
332
346
332
338
344
340
350
342
346
342
350
346
352
352
348
352
348
358
348
358
352
360
350
356
358
356
364
360
364
354
364
360
366
358
372
362
368
364
370
374
368
372
368
372
364
378
370
376
374
374
366
376
376
376
374
372
380
374
378
374
386
376
382
378
382
298
180
124
106
110
104
104
94
84
82
78
82
80
82
82
80
86
96
92
90
84
76
68
58
72
92
142
216
264
300
340
352
366
372
382
386
386
388
386
392
382
384
372
384
366
378
364
384
364
380
364
380
364
380
358
380
368
372
362
364
372
362
368
360
370
360
368
356
372
348
366
348
370
350
372
356
364
346
360
356
354
350
354
346
350
350
336
358
334
354
338
362
336
360
340
352
330
340
336
336
346
338
344
344
352
344
346
348
342
338
344
356
344
354
350
354
352
354
356
356
360
352
360
354
364
354
360
360
366
360
360
364
368
364
362
376
364
370
364
378
368
374
370
382
372
374
376
374
376
376
380
370
376
368
378
370
382
388
402
358
344
346
382
336
220
104
92
88
88
84
78
76
76
74
76
72
74
76
78
80
74
80
84
88
92
112
100
102
118
100
112
124
140
152
166
174
196
212
234
260
288
300
334
348
380
370
400
382
396
372
384
364
382
362
376
362
374
360
370
366
368
368
364
370
362
370
352
360
354
374
350
368
346
366
352
370
352
366
354
356
354
356
354
352
354
350
360
344
360
342
362
336
362
336
352
334
354
340
350
330
338
344
340
350
344
346
352
342
348
334
336
346
352
348
358
346
352
360
354
362
356
360
350
360
358
362
354
362
362
362
366
364
370
364
370
364
368
360
374
368
376
370
378
374
374
384
376
374
374
380
370
380
370
380
370
378
372
386
358
312
202
110
108
128
168
152
92
82
86
82
78
76
70
72
72
70
72
78
80
82
88
100
102
120
142
130
146
162
162
162
168
146
144
116
128
120
94
100
80
90
76
84
92
104
112
136
162
198
230
284
302
352
354
390
386
390
370
374
362
368
364
364
370
360
366
358
370
350
372
354
374
352
374
358
368
348
370
358
366
356
362
354
356
354
354
356
344
356
344
360
342
358
336
360
336
346
340
358
332
344
330
340
346
344
344
352
346
348
342
356
344
352
348
356
352
350
356
350
358
350
364
350
360
358
364
360
362
366
356
362
360
366
360
368
360
368
360
370
366
374
366
374
366
374
372
376
372
368
380
370
378
368
382
368
380
372
380
370
312
186
128
100
92
84
72
64
72
90
86
84
86
80
78
74
80
76
94
116
130
130
124
162
160
138
144
162
116
130
160
134
136
138
118
130
136
126
134
136
132
140
136
124
120
110
122
112
98
88
72
68
72
82
102
138
182
222
274
320
368
380
384
374
362
366
356
364
350
366
354
374
350
372
352
368
346
368
356
366
352
360
358
360
354
358
360
350
358
350
360
344
362
340
358
338
358
336
356
334
354
338
346
328
344
344
364
348
354
354
368
360
370
358
360
350
346
358
352
356
352
362
348
358
356
362
358
362
360
358
366
356
370
354
366
362
370
354
368
360
370
364
374
368
372
372
370
376
370
380
370
378
368
380
366
374
368
380
370
374
376
360
144
50
70
84
82
82
88
98
92
90
94
96
90
92
106
110
120
138
122
130
132
126
126
130
146
122
134
132
126
124
118
122
134
112
124
134
150
148
150
156
152
144
124
132
130
132
134
134
140
136
110
108
104
88
80
64
64
58
82
134
192
250
316
354
386
366
372
350
366
352
366
350
368
350
370
352
368
354
366
360
362
356
358
358
352
358
350
360
344
356
344
364
336
358
338
360
332
356
342
352
330
350
336
350
310
188
124
140
152
170
200
244
294
324
364
370
366
350
358
350
358
354
358
356
356
354
350
360
356
366
352
364
354
366
356
370
360
368
360
370
368
368
374
370
374
370
380
370
376
368
380
368
376
368
374
370
376
374
376
372
378
344
226
92
62
80
84
88
96
96
96
104
118
108
104
118
104
102
116
108
110
110
120
122
114
122
116
138
140
136
160
152
154
144
178
156
170
158
148
138
150
176
184
158
168
180
142
138
142
140
136
142
132
140
124
114
116
122
116
102
78
64
62
92
144
228
298
358
358
380
354
362
348
366
350
358
346
362
352
358
346
354
360
352
354
342
346
348
360
344
362
342
360
338
356
332
352
336
356
332
350
334
348
330
340
272
204
120
86
62
44
42
48
72
106
172
238
320
356
374
360
360
354
356
362
354
356
350
360
352
360
354
364
350
362
366
368
362
368
366
366
370
368
374
366
374
370
378
366
376
370
378
368
376
372
374
378
388
388
382
390
388
402
390
314
170
94
90
98
110
110
112
112
114
92
98
96
90
110
110
100
108
140
142
118
126
124
136
154
166
180
176
172
154
120
186
182
152
188
196
182
172
214
232
180
224
180
168
202
184
168
190
186
160
186
170
140
140
138
140
138
122
108
88
88
76
60
80
124
204
300
348
376
350
354
342
358
350
360
348
356
352
352
354
346
358
330
328
346
364
340
358
342
358
336
358
334
356
332
348
332
350
322
336
338
356
300
214
154
124
94
60
58
52
52
56
52
56
76
154
242
320
356
380
362
360
352
362
354
356
352
358
354
360
368
366
362
358
364
364
368
362
372
366
378
372
378
364
374
368
376
372
384
390
386
386
366
350
324
302
270
254
228
198
148
120
116
104
108
112
124
124
118
126
144
148
144
120
130
144
144
124
150
168
158
130
138
144
154
164
172
152
146
166
110
122
174
174
198
204
192
190
142
160
190
216
188
238
232
276
234
248
164
184
200
234
222
198
142
172
190
168
130
152
146
120
124
104
96
76
54
70
144
258
330
372
356
354
346
354
346
348
352
352
354
344
352
340
360
342
358
340
360
340
356
338
364
336
354
334
354
326
340
332
340
332
344
318
192
80
38
48
56
62
62
68
62
64
70
70
56
50
88
140
228
312
370
362
364
350
360
352
360
360
360
356
356
366
360
370
360
370
374
392
368
360
366
394
390
388
386
380
352
316
270
222
180
150
124
108
106
102
90
100
106
114
106
114
122
116
112
136
130
128
140
154
148
162
164
148
148
160
158
152
162
170
162
156
148
162
180
148
138
120
140
148
166
156
176
190
190
150
172
166
186
178
202
168
160
208
170
214
252
100
212
246
258
242
280
198
172
220
208
184
204
164
144
132
140
132
118
104
88
62
60
118
212
314
364
354
350
348
344
352
344
350
338
356
340
354
338
358
334
356
340
358
334
350
332
354
330
342
326
346
330
334
336
340
328
250
186
142
128
120
100
84
78
78
80
72
66
66
60
58
36
50
106
178
262
346
364
364
356
358
352
352
358
356
366
358
368
360
384
294
198
136
114
138
204
252
244
220
180
128
104
88
78
86
92
112
120
126
124
116
108
122
126
134
140
136
142
130
124
156
152
162
156
180
182
176
170
166
164
176
178
164
146
148
148
132
166
154
124
148
166
154
170
158
166
186
160
208
200
220
218
210
186
168
170
190
178
182
222
212
224
190
232
292
238
184
198
246
264
244
246
246
228
184
166
170
162
148
146
140
106
98
74
48
94
188
306
352
360
340
348
340
350
338
350
340
354
332
354
336
356
334
356
336
354
328
348
334
348
328
344
332
334
328
326
348
354
294
168
108
100
98
88
74
74
78
82
90
86
66
68
100
66
56
64
86
128
208
266
340
356
374
354
362
352
368
352
368
370
266
80
38
44
62
78
84
92
88
90
100
110
116
106
112
114
120
134
118
130
142
108
100
126
100
140
166
162
156
150
150
164
168
178
176
198
178
166
156
172
192
176
176
172
142
122
180
166
140
166
160
168
172
190
172
172
184
202
192
178
186
206
180
168
198
182
158
170
182
226
268
224
250
276
238
204
200
178
218
280
306
222
214
238
244
216
168
208
198
200
188
172
146
136
102
92
84
64
90
176
306
352
364
332
348
334
348
330
348
330
352
330
354
334
356
332
348
334
352
326
344
330
342
330
332
336
330
340
336
356
326
208
92
76
64
58
66
76
86
90
92
82
84
110
68
70
62
64
60
50
62
94
156
226
292
360
358
366
370
380
352
148
72
74
88
106
114
122
114
110
118
120
126
118
120
134
138
114
126
132
122
124
118
112
114
138
146
172
148
126
158
164
174
180
168
164
176
180
158
188
178
170
190
176
176
186
176
178
178
142
164
164
168
172
186
174
168
170
178
200
196
200
182
136
176
198
164
194
216
204
212
238
230
222
280
206
158
206
234
262
256
196
258
250
224
248
252
202
150
212
210
198
150
170
160
122
114
110
98
78
50
76
172
302
342
358
330
346
328
346
326
346
328
356
328
350
330
350
330
348
332
342
328
336
330
334
330
334
340
338
334
352
312
170
66
58
68
68
70
78
100
102
92
98
98
78
76
68
64
62
66
68
56
46
38
56
140
226
242
244
222
174
116
114
110
116
114
116
110
106
104
116
124
130
122
134
140
146
140
152
156
154
126
152
154
164
180
180
154
166
164
190
196
198
204
200
168
186
198
174
208
192
202
214
214
216
200
184
168
190
204
192
178
188
182
210
208
194
166
204
200
180
174
208
196
176
192
202
208
238
242
228
212
204
202
248
228
270
262
248
326
334
236
298
300
250
234
268
260
240
194
232
232
188
194
148
124
102
86
74
64
48
40
38
78
168
284
330
360
326
340
316
340
324
344
326
346
324
344
326
344
324
342
332
342
324
330
336
336
332
338
336
338
340
362
210
40
40
56
62
74
92
114
114
120
114
76
74
74
74
80
100
90
82
94
104
92
84
102
114
108
118
110
126
140
134
140
140
150
166
148
158
190
154
138
152
170
174
184
180
170
220
240
194
184
230
252
226
210
206
218
200
226
260
252
224
260
236
214
238
226
244
266
262
256
240
240
182
192
178
204
256
204
226
210
152
184
206
194
186
208
226
186
198
200
162
178
212
206
196
192
246
224
186
236
260
206
236
236
196
286
342
292
274
192
268
244
242
254
210
258
228
166
242
246
140
118
76
48
48
44
44
48
48
46
46
42
70
148
256
314
356
316
332
320
344
320
342
320
344
322
340
328
342
320
338
328
328
326
342
328
338
328
342
330
342
328
226
114
82
66
72
80
98
120
130
140
100
90
82
104
108
128
114
120
130
124
128
132
124
136
130
132
140
152
156
164
160
168
172
198
176
192
208
194
200
182
228
236
204
222
220
238
228
256
274
254
266
258
256
240
234
220
246
286
268
262
286
258
292
294
290
274
288
282
270
250
224
242
218
206
210
216
228
236
216
214
224
192
186
208
214
182
196
230
232
208
196
230
180
206
236
236
228
242
258
284
252
234
256
206
254
276
260
276
206
218
236
236
268
236
232
246
256
264
164
72
56
48
46
44
44
46
48
44
50
58
54
42
46
64
124
228
294
350
332
342
316
340
312
332
322
340
316
326
326
336
322
328
332
338
322
338
330
338
330
338
340
356
196
52
62
70
66
74
98
120
144
134
106
100
110
108
130
140
152
158
154
144
136
140
154
170
152
160
166
184
210
178
208
210
220
222
218
238
234
224
222
248
256
254
246
268
228
230
254
292
274
268
280
282
284
302
280
286
282
282
262
262
274
282
300
298
300
272
268
276
240
250
262
254
242
232
254
218
230
218
230
240
222
216
244
274
218
180
226
240
228
232
222
206
222
224
252
312
318
298
290
322
258
300
322
264
228
210
280
294
254
264
274
250
242
272
262
166
108
66
52
58
66
66
50
54
60
64
54
44
48
48
46
48
44
42
52
96
176
256
330
324
342
316
330
312
328
322
332
318
330
324
324
316
332
330
332
328
332
336
326
336
348
192
38
54
56
60
60
82
116
136
144
112
86
106
132
128
150
162
174
180
166
166
172
186
190
186
198
214
212
234
236
242
258
248
272
274
250
268
268
274
274
234
238
256
272
270
264
274
270
280
266
272
272
278
294
302
326
296
298
290
324
328
304
284
284
308
312
290
328
290
288
290
258
250
254
260
252
292
238
228
246
216
236
296
294
282
254
290
268
274
268
276
274
274
288
336
324
282
296
314
342
316
354
280
328
342
300
202
242
254
202
322
288
202
222
222
122
54
54
54
80
100
76
62
62
62
66
62
58
68
58
56
54
60
52
50
50
50
70
128
220
304
314
340
316
328
312
324
320
326
318
322
326
332
326
328
328
324
332
330
350
176
32
48
58
62
68
76
100
122
128
122
106
92
116
124
124
146
150
160
174
174
174
180
200
204
228
246
238
232
258
274
296
278
276
304
298
294
288
294
302
298
294
296
322
290
292
270
282
300
290
298
270
264
270
292
300
306
314
306
332
322
328
352
322
302
308
328
314
340
306
274
262
248
272
272
270
276
310
262
288
280
282
284
292
278
302
296
334
300
274
316
344
326
300
310
304
298
298
304
316
320
352
374
350
372
260
196
254
224
252
294
222
248
258
240
186
86
48
58
82
86
72
58
78
84
78
56
54
58
66
64
68
58
62
48
42
44
44
44
52
68
106
176
260
300
332
312
320
306
322
318
316
306
328
326
326
332
326
332
324
344
164
96
106
100
96
104
124
128
112
94
96
104
132
136
146
130
122
134
142
158
160
172
194
196
224
252
238
244
260
276
284
284
274
286
310
302
288
290
306
308
304
292
274
292
298
300
288
300
312
318
302
302
314
310
312
326
314
306
316
328
318
320
322
320
336
316
312
292
282
282
284
266
294
324
326
272
282
304
292
282
290
300
342
304
314
296
288
318
294
268
308
346
328
334
308
348
270
340
340
320
360
324
336
352
392
272
242
386
318
324
344
294
332
350
200
110
54
62
98
96
76
54
60
92
86
84
68
60
50
62
96
94
60
50
62
74
72
64
68
78
86
74
68
94
136
206
296
312
312
316
306
304
306
320
328
320
334
320
336
332
336
234
190
150
122
110
116
142
136
112
96
94
94
126
152
168
144
140
130
150
162
172
198
222
220
232
252
252
248
228
236
258
270
284
310
290
294
286
286
292
278
288
278
268
278
278
300
308
316
308
298
312
312
324
326
312
326
320
314
322
324
322
316
314
304
306
298
304
328
308
280
268
278
326
306
308
334
330
338
330
320
324
314
276
318
340
364
366
332
304
300
370
408
372
396
372
378
368
344
330
350
326
350
370
378
318
296
404
360
298
346
318
330
372
306
106
62
58
76
116
86
68
48
66
76
70
60
58
62
60
80
94
76
58
90
120
98
64
50
52
56
80
98
96
76
52
66
176
300
296
300
304
302
300
318
332
320
328
324
336
348
190
44
46
52
62
64
86
96
94
96
96
96
84
82
102
112
140
202
228
218
240
258
248
254
262
256
256
254
236
246
242
232
240
250
260
268
252
248
280
276
266
274
286
270
272
272
280
308
294
302
290
302
300
292
316
316
324
306
312
320
298
318
300
294
306
310
328
318
326
324
296
310
338
350
340
344
364
354
348
340
378
334
318
288
352
322
348
396
432
374
390
410
380
384
396
438
374
354
326
342
392
318
348
372
366
382
362
370
342
262
298
346
268
270
166
92
66
90
124
106
76
44
50
84
114
92
62
56
64
56
52
42
52
60
98
104
58
66
76
36
28
30
54
90
86
70
64
94
196
310
296
292
302
302
312
326
318
324
332
346
204
52
62
66
70
68
80
88
86
78
96
116
106
128
88
70
78
124
204
250
246
218
200
188
196
208
172
176
216
238
214
212
214
228
228
232
244
226
234
252
278
274
244
258
264
266
262
276
294
282
286
286
282
298
274
282
300
314
294
296
298
292
300
294
290
314
324
302
304
322
312
276
290
328
332
328
332
350
342
352
372
356
336
328
324
348
334
374
404
382
356
388
376
350
328
372
386
422
368
340
406
394
426
416
416
336
354
374
410
350
280
232
254
236
216
122
108
84
148
124
82
78
62
78
130
130
96
86
64
62
54
56
56
52
52
68
64
60
78
66
56
44
52
56
60
86
80
70
94
144
284
292
300
298
296
316
320
320
324
320
172
42
54
64
72
76
74
84
78
76
74
82
98
112
106
90
88
112
130
152
178
198
240
260
312
304
206
66
94
152
188
184
176
194
190
194
196
190
202
224
234
240
234
236
238
246
242
248
272
272
282
290
292
288
282
272
270
270
276
276
290
280
290
306
284
288
306
302
306
322
310
302
298
304
324
314
294
318
322
348
342
356
360
334
312
362
352
350
390
384
394
424
406
352
342
374
360
362
398
380
396
430
362
406
418
382
306
372
400
394
280
282
244
262
228
158
122
132
172
146
92
80
76
76
94
98
120
116
92
74
74
96
100
98
88
74
54
56
38
42
56
40
46
58
48
46
66
86
110
108
178
298
290
292
294
300
320
314
330
302
160
48
64
70
72
70
58
66
72
84
82
86
88
92
98
94
82
104
120
144
200
284
306
342
336
344
190
88
68
74
96
116
132
150
166
164
168
176
178
182
178
184
192
200
234
250
238
234
254
282
276
272
264
280
260
268
272
252
256
260
278
290
296
290
288
274
292
302
284
298
316
296
298
318
316
328
314
304
302
320
338
324
322
348
340
316
350
358
302
324
364
360
362
378
336
336
376
374
396
344
342
334
364
324
378
374
314
386
424
380
366
310
254
260
308
178
78
132
214
206
124
86
86
70
70
70
78
112
148
104
100
98
108
158
150
114
82
82
96
98
80
46
34
52
56
50
82
130
162
168
152
238
294
292
304
284
286
320
314
328
230
98
66
70
68
70
76
70
70
84
82
90
88
92
94
80
76
94
128
204
290
314
346
330
338
344
308
98
86
84
82
84
90
92
120
148
148
144
150
164
172
180
180
176
174
188
216
218
216
248
266
268
280
272
268
270
266
240
264
266
278
290
270
284
286
278
266
284
298
280
294
298
306
306
298
320
300
300
314
296
300
294
298
310
316
302
300
298
296
278
296
314
336
322
334
310
332
334
350
350
328
344
292
242
286
404
388
346
348
378
382
334
346
284
266
222
92
118
232
238
164
134
166
68
76
90
62
66
82
106
110
128
116
86
122
164
154
136
132
148
158
150
110
78
80
98
152
168
180
190
192
152
152
162
184
266
286
300
318
318
308
122
46
64
68
72
76
76
82
82
80
80
84
86
76
72
86
118
200
280
324
342
320
328
326
340
340
282
98
88
90
86
84
80
82
80
104
136
148
130
130
142
150
160
176
174
166
174
182
188
204
230
234
250
258
250
258
250
238
272
280
286
278
270
282
296
282
276
278
290
280
296
282
296
298
292
304
300
300
314
298
290
288
282
280
270
280
294
286
272
272
274
260
288
288
288
322
292
294
308
314
308
304
308
308
350
374
350
356
326
314
272
300
316
290
288
136
130
252
280
198
140
128
120
88
124
116
50
44
76
94
104
142
124
106
106
128
166
174
178
182
178
162
134
104
126
174
242
236
196
214
200
144
150
142
118
212
284
288
326
280
144
58
70
68
70
70
72
70
70
72
72
76
76
64
74
114
178
272
324
346
324
330
328
336
328
328
338
318
108
78
104
92
88
86
82
80
80
90
128
148
132
132
138
134
146
150
160
168
166
176
184
184
196
208
234
242
244
258
278
278
268
292
280
274
294
290
276
282
298
288
292
302
294
298
282
294
316
302
304
304
298
296
282
262
268
272
274
270
242
252
274
268
278
266
276
298
280
258
262
304
304
268
256
276
344
342
364
348
338
336
304
270
404
272
272
252
134
176
298
258
182
156
152
112
148
184
186
168
116
98
136
140
156
154
120
122
100
106
120
134
144
156
156
164
180
224
266
288
266
208
188
198
200
198
170
144
260
278
294
324
188
70
80
94
86
74
66
58
54
68
74
78
74
64
100
192
270
316
342
318
328
328
330
328
326
330
330
328
344
166
56
102
94
92
92
78
76
80
76
88
122
142
130
132
134
138
126
134
152
162
166
180
200
198
196
214
220
234
250
262
276
282
280
260
274
282
280
276
294
294
272
284
306
308
300
294
304
316
316
288
282
308
298
258
268
280
278
290
276
258
258
264
282
276
248
272
272
262
268
250
254
280
282
226
226
244
292
302
280
304
290
268
274
294
246
266
170
148
202
278
262
184
134
168
158
114
192
262
290
224
172
168
158
164
174
124
148
172
162
184
214
226
222
218
228
242
260
246
240
254
206
180
196
204
176
162
222
288
274
286
326
258
182
124
84
60
50
48
60
60
66
76
76
72
150
240
314
340
326
324
324
328
326
322
336
328
326
326
336
338
290
98
72
92
100
90
82
74
78
80
82
80
108
134
134
132
144
146
134
132
142
150
154
176
196
200
208
230
232
248
260
274
274
282
282
292
284
282
296
296
290
290
292
306
312
310
298
302
308
310
280
300
298
286
284
292
294
274
270
300
290
280
278
278
276
256
264
300
280
268
256
252
262
270
262
260
240
298
310
276
282
296
254
322
248
258
328
180
130
198
278
272
194
138
172
234
186
108
146
204
232
242
202
168
174
182
162
132
148
192
228
260
252
240
218
190
174
174
180
174
178
170
186
166
130
136
258
290
282
280
296
274
148
68
48
50
52
60
62
60
70
82
74
84
164
290
330
320
320
324
328
322
318
332
324
332
320
336
326
332
320
366
210
48
76
88
88
82
82
78
82
76
76
84
102
126
122
130
148
142
130
138
144
154
174
176
172
174
200
224
250
260
264
258
258
262
278
268
258
286
284
272
292
302
310
310
300
306
316
314
288
282
296
280
274
274
290
274
264
292
298
264
280
286
274
278
284
262
288
282
280
280
278
270
256
230
252
280
266
240
244
260
292
290
274
288
284
268
170
118
168
254
266
238
154
184
228
254
208
128
102
130
162
154
134
164
164
176
194
164
172
198
224
224
208
182
174
176
182
200
204
196
188
146
124
212
276
284
282
294
286
288
272
142
84
76
64
68
64
72
64
80
122
176
262
304
322
318
322
318
322
318
326
316
326
318
336
316
326
324
336
324
340
302
136
60
88
86
76
76
76
74
76
76
82
84
88
122
118
132
148
148
148
140
160
178
194
188
192
206
208
234
260
252
244
256
266
278
272
272
280
286
292
292
302
316
310
294
304
306
298
284
300
292
290
290
278
290
258
276
302
292
284
274
262
282
292
280
274
280
262
274
250
236
238
246
206
226
246
214
190
198
220
236
264
242
274
274
180
186
148
156
214
250
242
208
172
236
258
266
250
222
172
144
160
172
182
166
178
190
206
218
216
206
202
198
222
252
268
270
254
236
172
126
214
280
288
282
286
288
286
290
300
294
316
182
102
82
70
70
76
106
198
294
310
326
318
322
316
322
312
328
316
320
312
326
314
326
318
330
314
324
328
330
350
240
50
66
92
90
76
66
68
78
76
76
86
92
82
114
136
124
142
164
156
170
174
188
202
206
232
220
222
226
252
246
260
268
270
294
302
290
276
292
280
282
294
292
290
288
270
266
274
286
274
276
290
294
274
260
278
276
262
270
272
254
260
246
228
200
172
144
130
114
100
108
148
140
172
170
108
92
94
110
122
136
146
142
138
162
172
154
168
166
170
158
200
222
216
222
220
206
250
266
250
248
210
168
178
188
186
202
222
236
232
244
280
290
314
278
240
188
126
172
258
286
284
290
294
280
290
300
288
292
288
308
272
252
224
224
224
240
298
312
322
308
318
312
316
310
328
312
322
316
328
316
320
316
324
316
322
324
324
322
326
334
324
212
96
74
96
96
92
90
86
80
72
80
84
86
100
112
132
136
144
162
172
162
172
170
186
202
196
196
216
232
244
248
270
274
300
308
288
286
284
276
286
280
262
284
294
266
280
280
276
254
248
276
298
286
292
278
254
252
246
250
236
236
238
218
174
134
110
102
88
96
112
86
78
72
74
80
82
90
94
100
92
88
94
98
108
112
116
124
118
94
108
124
164
196
212
222
208
214
216
192
212
214
202
198
216
222
224
234
240
248
248
222
194
176
156
114
128
212
290
292
290
290
278
294
296
294
292
290
306
300
304
310
312
320
314
324
312
320
302
312
306
312
302
318
310
318
310
320
312
320
314
320
306
312
314
322
318
320
322
322
324
324
340
164
56
82
94
106
102
106
96
96
78
80
80
92
98
118
136
156
158
152
160
154
154
168
168
166
172
180
184
204
212
238
284
292
304
298
298
294
284
296
294
284
296
308
294
304
312
284
276
288
282
292
290
310
286
260
268
262
246
246
236
236
228
212
212
204
172
140
146
156
116
82
82
82
82
86
98
104
106
100
98
100
104
106
110
126
136
154
172
196
198
174
176
164
156
168
194
192
186
184
180
176
176
180
188
190
178
158
130
108
98
94
108
158
218
274
302
294
292
282
298
294
294
288
292
302
294
298
300
292
306
300
306
300
310
298
310
300
312
302
318
304
312
308
318
308
314
308
316
310
312
310
312
314
314
314
314
322
308
328
320
336
252
118
76
88
98
96
98
100
92
78
68
72
82
84
88
116
152
166
170
166
162
146
140
148
148
138
154
174
180
200
240
264
276
292
306
304
310
308
316
322
320
314
296
306
312
310
294
300
310
312
312
302
304
294
288
300
286
260
258
256
248
244
250
254
254
256
246
234
208
180
154
136
120
106
108
120
124
128
128
136
146
152
174
166
196
218
222
218
228
234
210
192
200
200
198
200
192
188
182
180
172
170
154
124
114
108
136
170
196
236
266
292
292
306
296
296
288
294
294
300
286
294
298
296
298
294
306
306
292
304
296
306
298
312
296
310
304
310
300
308
308
312
302
306
308
314
312
306
316
314
310
308
322
312
314
308
324
316
326
314
330
322
202
60
66
70
76
82
92
94
82
62
66
70
70
70
78
96
98
136
152
180
170
172
180
170
180
182
198
194
214
238
246
254
258
266
242
216
214
206
230
250
264
274
284
300
298
292
296
302
300
294
294
302
304
298
294
292
282
278
280
274
278
280
264
248
248
264
266
258
268
254
246
226
210
216
214
210
202
200
202
212
216
222
226
246
242
220
200
206
212
206
200
194
194
192
174
164
158
150
130
116
120
142
188
252
282
284
306
306
306
292
294
294
304
288
298
300
300
288
292
296
292
288
290
306
296
292
300
292
304
294
300
294
304
300
308
300
302
304
308
304
304
308
310
308
302
314
304
316
304
314
304
316
304
318
310
324
312
326
316
334
294
144
66
66
72
82
92
92
94
94
84
82
76
64
64
64
66
76
98
114
122
136
144
152
154
160
150
146
146
164
188
222
234
244
256
264
248
220
194
172
146
144
162
178
188
218
220
218
230
228
238
258
274
282
276
278
288
298
298
290
282
276
274
262
262
266
262
262
258
256
254
246
236
234
242
244
232
230
224
234
238
230
230
232
218
204
214
208
204
204
200
184
164
146
118
114
120
126
156
186
218
264
300
310
298
302
288
292
286
300
302
298
284
300
300
302
294
302
302
300
288
300
296
296
292
292
296
300
288
294
294
298
296
298
300
300
306
302
300
300
310
302
304
300
314
302
308
294
318
304
314
302
316
304
318
312
324
314
322
316
324
320
264
170
116
68
78
84
82
86
92
96
92
74
54
56
68
90
98
106
134
194
236
284
284
310
294
298
278
278
252
222
198
186
186
186
208
226
244
258
262
250
226
216
210
200
208
200
182
180
174
178
194
210
242
262
274
282
288
284
280
252
276
280
274
272
268
264
256
236
238
234
238
236
238
248
234
218
214
212
220
230
230
236
232
228
212
206
190
158
138
126
116
136
178
226
270
288
294
302
312
312
306
298
298
300
294
284
292
296
286
286
302
300
298
296
298
304
298
290
298
300
290
290
292
294
290
294
292
294
294
294
292
296
292
298
294
302
294
306
300
304
298
310
292
310
298
308
300
312
302
316
302
310
302
310
304
316
312
316
308
316
322
248
100
36
38
64
80
80
78
70
68
76
96
104
112
124
144
184
258
288
322
310
320
308
322
312
332
322
332
322
344
316
314
278
262
224
214
190
190
174
188
204
218
226
212
214
204
208
204
216
238
234
222
216
220
236
254
250
250
244
244
252
246
246
242
246
240
230
232
234
224
232
236
232
224
220
220
222
216
204
204
196
178
168
156
134
128
130
146
176
232
266
300
304
316
304
304
300
304
300
294
302
316
304
304
300
302
292
282
290
294
296
300
304
298
300
298
290
292
288
288
296
298
288
290
290
298
288
294
288
296
292
298
292
302
290
308
290
304
294
310
298
306
296
310
296
304
298
310
300
306
300
308
298
304
308
310
304
312
314
308
314
324
328
252
176
118
96
80
64
84
78
104
168
204
242
270
316
310
326
306
320
306
324
312
326
312
330
312
326
312
328
316
336
320
342
326
342
320
324
280
206
112
78
74
70
76
86
98
112
136
154
144
146
150
160
168
188
194
204
212
222
222
226
214
210
206
200
190
188
184
184
174
166
160
160
150
138
140
144
132
140
150
160
170
206
232
258
282
308
308
314
306
316
296
300
300
312
298
298
298
308
298
302
296
312
298
306
294
284
284
296
302
302
296
298
300
306
294
290
294
298
292
292
292
298
290
290
280
292
284
296
288
296
290
306
288
300
294
306
292
302
296
312
294
300
298
308
300
300
306
308
302
304
308
304
312
304
306
308
320
304
316
308
322
324
342
296
282
240
244
234
236
260
302
310
334
312
324
310
324
308
316
308
326
310
328
314
324
308
328
312
328
316
330
314
332
314
338
312
268
180
108
70
74
86
114
146
182
204
240
252
282
256
258
220
212
190
198
168
164
160
174
154
156
154
166
152
162
166
184
170
186
186
200
188
214
220
236
232
272
272
304
302
326
314
322
322
326
304
308
298
312
294
302
298
314
300
306
298
314
294
302
290
320
294
304
294
306
284
294
300
302
298
302
298
306
296
302
300
296
292
294
300
296
290
294
290
286
280
294
284
290
290
298
284
294
288
292
282
290
288
296
288
294
290
294
290
294
304
304
298
296
310
306
310
306
308
312
324
312
316
308
322
304
318
312
324
310
330
322
334
318
326
312
320
302
318
300
320
302
314
304
324
306
320
314
330
314
328
314
318
318
330
320
330
322
336
304
280
216
190
186
230
232
264
264
298
300
332
308
324
304
336
312
336
322
342
314
332
312
326
306
322
298
322
306
318
310
328
312
340
314
328
310
338
308
334
312
330
302
328
304
326
294
318
294
316
290
310
296
320
298
314
296
312
294
308
296
328
294
308
296
318
292
318
296
310
292
308
294
302
294
310
304
308
296
306
300
298
294
298
298
300
290
288
296
290
286
290
